59.9769440000001,20.2033270000001
59.991661,20.137215
59.994995,20.129162
60.0511090000001,20.0041660000001
60.0552749999999,19.9991650000001
60.0619430000001,20.0027769999999
60.06694,20.0083310000001
60.093048,20.0941660000001
60.0955509999999,20.102776
60.09166,20.1091650000001
60.0880510000001,20.1099970000001
60.080551,20.1230550000001
60.0686040000001,20.163609
60.06472,20.193054
60.0636060000001,20.205276
60.0599980000001,20.2119410000001
60.002777,20.227497
60.0000000000001,20.2260360000001
59.9799960000001,20.2108310000001
---
60.0541610000001,20.2630540000001
60.0813830000001,20.2049980000001
60.085831,20.2002749999999
60.090828,20.198887
60.109444,20.20472
60.1391600000001,20.215553
60.1424940000001,20.2230530000001
60.1411059999999,20.2694440000001
60.1374970000001,20.2761080000001
60.12944,20.287498
60.125275,20.292221
60.120552,20.2952770000001
60.1099930000001,20.2983320000001
60.1044390000001,20.298054
60.0574950000001,20.2705540000001
---
60.150276,19.673054
60.1530530000001,19.604443
60.121941,19.575275
60.122772,19.5627750000001
60.124992,19.5511090000001
60.128326,19.5427740000001
60.1508330000001,19.523331
60.1752780000001,19.510555
60.181389,19.5122180000001
60.2252730000001,19.535553
60.23027,19.5411110000001
60.248604,19.5649990000001
60.2524950000001,19.5716630000001
60.2549970000001,19.5799979999999
60.2566600000001,19.589443
60.255829,19.601944
60.2530520000001,19.611942
60.2438890000001,19.62722
60.1933290000001,19.666111
60.1886060000001,19.6691670000001
60.17305,19.673885
60.156944,19.6766660000001
---
60.1933290000001,20.3874970000001
60.2308270000001,20.345276
60.2352750000001,20.3419420000001
60.240555,20.3405530000001
60.246666,20.342777
60.2516630000001,20.348331
60.2655490000001,20.3661080000001
60.26722,20.3755530000001
60.266937,20.394165
60.2575000000001,20.436386
60.2530520000001,20.441109
60.248055,20.4424970000001
60.24305,20.4413870000001
60.2038880000001,20.4094430000001
60.195,20.3972210000001
---
60.2741620000001,20.277496
60.208328,20.217777
60.163887,20.1716650000001
60.1622160000001,20.16222
60.1702730000001,20.09222
60.1741640000001,20.085552
60.178886,20.082497
60.215553,20.1011090000001
60.2213820000001,20.105831
60.226105,20.1227760000001
60.2399980000001,20.1202770000001
60.2963870000001,20.0666660000001
60.3008270000001,20.061665
60.307777,20.046944
60.3105550000001,20.0369420000001
60.3105550000001,20.0252760000001
60.2172160000001,19.9141650000001
60.2116619999999,19.913887
60.192772,19.926666
60.1877750000001,19.93111
60.1841660000001,19.9374960000001
60.1808320000001,19.945831
60.1702730000001,19.9874990000001
60.154274,20.0257760000001
60.1011050000001,20.051388
60.095833,20.0527760000001
60.0897220000001,20.0508310000001
60.0855480000001,20.0444410000001
60.085831,20.021664
60.089439,19.9994429999999
60.0902710000001,19.9683299999999
60.089439,19.9577750000001
60.0852740000001,19.951385
60.078606,19.9477770000001
60.04277,19.943886
60.059166,19.9386100000001
60.08416,19.9277760000001
60.0888820000001,19.924721
60.0927730000001,19.918053
60.0952760000001,19.908054
60.0972210000001,19.894722
60.094994,19.874996
60.090828,19.8686100000001
60.0855480000001,19.8699990000001
60.080826,19.873055
60.077217,19.868332
60.0758290000001,19.8588870000001
60.0758290000001,19.8475000000001
60.080826,19.771664
60.094994,19.750832
60.126106,19.721664
60.1588820000001,19.6991650000001
60.1636050000001,19.69611
60.2566600000001,19.648331
60.262497,19.648609
60.304718,19.7488859999999
60.2926640000001,19.7828309999999
60.261108,19.776943
60.2494430000001,19.7680550000001
60.2444380000001,19.7624970000001
60.238327,19.760555
60.191383,19.7925000000001
60.1866610000001,19.7958300000001
60.184998,19.8091660000001
60.188332,19.8166660000001
60.276939,19.9308320000001
60.2827760000001,19.9352760000001
60.288887,19.937222
60.2947160000001,19.9374960000001
60.3038860000001,19.93111
60.3397220000001,19.8986090000001
60.34333,19.8922200000001
60.3419420000001,19.8825000000001
60.3361049999999,19.8780520000001
60.329437,19.874443
60.3233260000001,19.8724980000001
60.3174970000001,19.8677750000001
60.312492,19.8622210000001
60.319824,19.8389420000001
60.3221589999999,19.8342740000001
60.349159,19.7799989999999
60.3544390000001,19.782776
60.3774950000001,19.8083310000001
60.3922200000001,19.824997
60.4036100000001,19.85722
60.4036100000001,19.8686100000001
60.399994,19.90583
60.350273,20.084721
---
