41.059998,19.450554
41.251938,19.513611
41.256104,19.513885
41.274437,19.51083
41.277771,19.509441
41.287216,19.504719
41.300552,19.492496
41.30722,19.482777
41.310829,19.467499
41.309715,19.452221
41.406944,19.442497
41.57,19.519997
41.584999,19.566666
41.605827,19.584721
41.638611,19.586941
41.685268,19.570829
41.692497,19.57972
41.698883,19.584164
41.771111,19.598053
41.78833,19.600277
41.796661,19.600555
41.804161,19.59972
41.810555,19.596664
41.813049,19.593887
41.835243,19.524757
41.849442,19.488888
41.854996,19.469997
41.859718,19.449165
41.862221,19.431664
41.861938,19.421108
41.86055,19.411388
41.848999,19.367771
41.912498,19.34333
41.955551,19.346943
42.06694,19.373333
42.071487,19.374603
42.078606,19.378052
42.081001,19.380981
42.083611,19.384163
42.101387,19.398888
42.10527,19.400276
42.10833,19.398331
42.11805,19.386387
42.128883,19.369999
42.152496,19.332222
42.171104,19.300278
42.182777,19.284443
42.185555,19.282497
42.192215,19.286942
42.448608,19.519722
42.539444,19.606388
42.542496,19.608887
42.549995,19.612499
42.561104,19.610832
42.568054,19.608608
42.572495,19.609444
42.582497,19.615833
42.603333,19.633331
42.61805,19.645832
42.628326,19.657219
42.658882,19.708885
42.660553,19.713055
42.661942,19.722775
42.659996,19.726665
42.64222,19.75333
42.639717,19.755833
42.597496,19.773052
42.593605,19.773609
42.589996,19.772778
42.586937,19.770275
42.585548,19.766109
42.586388,19.759998
42.583054,19.752499
42.579994,19.75
42.546944,19.746944
42.543053,19.746666
42.504715,19.765274
42.497215,19.773609
42.486107,19.790276
42.483887,19.79361
42.48027,19.801666
42.471939,19.822498
42.512497,19.919441
42.518608,19.935276
42.561661,20.049164
42.563049,20.053333
42.563889,20.057777
42.563049,20.064163
42.560913,20.071423
42.536942,20.0975
42.529999,20.106667
42.513329,20.158054
42.511665,20.161942
42.506943,20.16861
42.433327,20.220833
42.423332,20.224163
42.368889,20.241943
42.364166,20.241108
42.356667,20.237778
42.352493,20.237499
42.33194,20.24361
42.328606,20.24472
42.32444,20.25222
42.323326,20.2575
42.311844,20.355675
42.304161,20.386944
42.278328,20.450832
42.274437,20.458054
42.264557,20.470432
42.23027,20.508888
42.214439,20.524166
42.211662,20.526108
42.04361,20.595276
41.966942,20.623333
41.963333,20.623886
41.954163,20.621944
41.941666,20.617775
41.937492,20.611385
41.931938,20.595276
41.927498,20.588608
41.922218,20.583054
41.918884,20.581108
41.906662,20.58083
41.882187,20.589642
41.874542,20.568951
41.776939,20.533607
41.75222,20.519997
41.743889,20.516941
41.727776,20.514164
41.63472,20.533886
41.55555,20.46611
41.526382,20.458054
41.522217,20.457775
41.518883,20.458885
41.515831,20.460552
41.500832,20.469719
41.497772,20.471664
41.459717,20.50861
41.411385,20.561386
41.408051,20.562496
41.403885,20.562222
41.373055,20.549999
41.350273,20.524166
41.348053,20.50222
41.347221,20.497498
41.34333,20.496109
41.331108,20.492775
41.320549,20.495552
41.304443,20.502499
41.246384,20.519165
41.162773,20.578331
41.093185,20.600613
41.090271,20.654999
41.088051,20.669998
40.911942,20.733887
40.911057,20.735119
40.907776,20.743332
40.905273,20.75333
40.904442,20.759163
40.899994,20.802498
40.901108,20.811943
40.908882,20.82111
40.92083,20.830276
40.932495,20.840832
40.935555,20.848331
40.919167,20.944164
40.914162,20.957222
40.908607,20.968887
40.906387,20.971943
40.895248,20.982445
40.893608,20.983887
40.891663,20.984165
40.855888,20.98349
40.793053,20.983887
40.715553,21.020832
40.708054,21.028889
40.698563,21.036587
40.685829,21.046665
40.676666,21.051941
40.673332,21.053055
40.661942,21.054165
40.622772,21.053608
40.618607,21.053055
40.566109,21.042774
40.561943,21.041386
40.471382,20.951942
40.468887,20.948887
40.466942,20.945553
40.464439,20.936943
40.461662,20.91861
40.463051,20.914165
40.465271,20.910831
40.462219,20.833332
40.431541,20.791924
40.394722,20.78722
40.311943,20.75861
40.309166,20.740276
40.305275,20.73333
40.281662,20.714996
40.278328,20.713055
40.273888,20.711941
40.264999,20.710831
40.255272,20.714722
40.246666,20.720833
40.227219,20.721386
40.223053,20.721107
40.101387,20.673885
40.098053,20.671944
40.094162,20.665276
40.091385,20.657219
40.085274,20.621387
40.075272,20.604721
40.070549,20.583332
40.066383,20.555832
40.064995,20.48222
40.066109,20.476944
40.074165,20.461571
40.072495,20.449997
40.068054,20.43861
40.058052,20.421944
39.993332,20.316109
39.990273,20.31472
39.924721,20.336388
39.921661,20.338055
39.891388,20.36972
39.849159,20.408886
39.84333,20.41222
39.836937,20.415276
39.82444,20.414444
39.815826,20.41222
39.804443,20.407219
39.799164,20.401943
39.788605,20.385277
39.787216,20.381386
39.787498,20.37611
39.788887,20.371666
39.812119,20.306129
39.811661,20.302219
39.808609,20.29472
39.806664,20.291386
39.803055,20.289444
39.771942,20.298054
39.739998,20.318054
39.733604,20.320831
39.729439,20.319443
39.726105,20.317497
39.72361,20.31472
39.648331,20.221664
39.646385,20.21833
39.644722,20.199165
39.645271,20.193333
39.650276,20.166664
39.656105,20.141388
39.669441,20.105
39.673882,20.09861
39.679161,20.093887
39.681389,20.090553
39.69722,20.031944
39.697495,20.021111
39.694717,20.013332
39.6912,20.010029
39.686661,19.994999
39.685829,19.990555
39.688049,19.987499
39.696388,19.982498
39.700272,19.981941
39.765274,19.983608
39.867218,19.987778
39.937492,19.937496
40.036942,19.865555
40.039719,19.863052
40.048607,19.850277
40.051384,19.84111
40.054718,19.825554
40.071938,19.764999
40.079437,19.756664
40.090271,19.749165
40.10305,19.730553
40.149162,19.616665
40.193604,19.510555
40.201385,19.495552
40.21833,19.463333
40.224716,19.452774
40.231941,19.444721
40.279999,19.401108
40.417496,19.288609
40.421104,19.28833
40.423607,19.291111
40.438889,19.318886
40.43222,19.339443
40.43055,19.344166
40.393051,19.386665
40.382774,19.396664
40.376663,19.400555
40.363327,19.405277
40.355827,19.406109
40.344444,19.407497
40.32972,19.415554
40.326942,19.418888
40.326111,19.424164
40.325829,19.433609
40.326431,19.437878
40.328049,19.447498
40.332672,19.457115
40.341942,19.470833
40.350273,19.478611
40.359444,19.480274
40.436661,19.487499
40.440826,19.487778
40.561104,19.45583
40.566666,19.451385
40.57666,19.420277
40.577774,19.414997
40.581108,19.395832
40.580826,19.390831
40.618607,19.337776
40.645309,19.307209
40.688049,19.349442
40.696663,19.35722
40.699997,19.358887
40.819717,19.404999
40.866386,19.41333
40.883842,19.452419
40.882217,19.463608
40.88166,19.46833
40.882774,19.471664
40.886108,19.478886
40.908051,19.521385
40.911659,19.521942
40.929161,19.524166
40.936661,19.523331
40.940277,19.522778
40.969994,19.51083
40.975555,19.506386
41.006943,19.461109
41.021065,19.436214
---
