16.989719,-61.73806
16.996944,-61.8291699999999
17.0169410000001,-61.876114
17.0197219999999,-61.8805619999999
17.0236090000001,-61.883614
17.0280530000001,-61.885834
17.0330540000001,-61.887222
17.094166,-61.891113
17.105274,-61.887222
17.1097219999999,-61.884171
17.163887,-61.832779
17.167221,-61.826393
17.1633300000001,-61.794449
17.158333,-61.784172
17.137218,-61.7441709999999
17.0936090000001,-61.674171
17.0902750000001,-61.6702799999999
17.084999,-61.668892
17.0458300000001,-61.666389
17.040554,-61.667503
17.027496,-61.682503
17.0244410000001,-61.686668
---
17.5472220000001,-61.731117
17.541111,-61.73278
17.5405540000001,-61.738892
17.5494420000001,-61.7519449999999
17.5838850000001,-61.815559
17.5886080000001,-61.834724
17.586666,-61.839447
17.5827750000001,-61.842781
17.5808300000001,-61.847504
17.5830540000001,-61.853058
17.592499,-61.856674
17.688889,-61.873894
17.698608,-61.875282
17.7038880000001,-61.873062
17.7227750000001,-61.8502809999999
17.724998,-61.845558
17.7247200000001,-61.839172
17.7005540000001,-61.7872239999999
17.6972200000001,-61.7836149999999
17.653053,-61.7433399999999
17.6491660000001,-61.74028
17.6447220000001,-61.73806
17.6249960000001,-61.7316739999999
17.608608,-61.7291719999999
---
