39.6111070000001,45.2663880000001
39.5469440000001,45.3199840000001
39.5383220000001,45.3260960000001
39.535271,45.3308260000001
39.4936070000001,45.457497
39.4944310000001,45.4724810000001
39.502213,45.4969409999999
39.506653,45.5077670000001
39.5172120000001,45.5283280000001
39.5338750000001,45.5583270000001
39.5486069999999,45.5905460000001
39.5547030000001,45.607773
39.55999,45.6266560000001
39.57972,45.7252660000001
39.5805440000001,45.7322010000001
39.57972,45.740822
39.5766530000001,45.755272
39.5691530000001,45.7833330000001
39.5619280000001,45.8005450000001
39.5563740000001,45.811371
39.549721,45.819984
39.545273,45.823044
39.455544,45.829987
39.449425,45.829987
39.442757,45.8291630000001
39.4374849999999,45.8266530000001
39.3480380000001,45.8555530000001
39.2799840000001,45.9780430000001
39.2708210000001,45.9922100000001
39.2636110000001,46
39.250832,46.008881
39.2452700000001,46.0099950000001
39.2363820000001,46.003609
39.2266460000001,45.9899830000001
39.219437,45.9822010000001
39.2066500000001,45.9719240000001
39.188881,45.966927
39.1827700000001,45.9672090000001
39.1663820000001,45.970261
38.936104,46.107216
38.909981,46.1236040000001
38.841148,46.1782460000001
38.871933,46.0747150000001
38.887215,45.950829
38.9036030000001,45.841103
38.9513780000001,45.6074910000001
38.9655460000001,45.5386050000001
38.970543,45.518593
38.9849620000001,45.4772640000001
38.998047,45.4394229999999
39.008324,45.427528
39.019707,45.423882
39.0258260000001,45.424988
39.060822,45.4210970000001
39.1605380000001,45.3488770000001
39.1688770000001,45.3422090000001
39.198318,45.3099900000001
39.1997150000001,45.3030400000001
39.1986010000001,45.296097
39.1938710000001,45.2844310000001
39.1877590000001,45.2747120000001
39.1866460000001,45.2677690000001
39.194984,45.225815
39.2141490000001,45.146103
39.217484,45.1419300000001
39.221657,45.1399920000001
39.2405400000001,45.1422200000001
39.2536090000001,45.141373
39.2855529999999,45.130547
39.3122020000001,45.1158220000001
39.373047,45.0630420000001
39.4163820000001,45.004433
39.417004,45.0000000000001
39.42054,44.974709
39.428879,44.958878
39.435822,44.9502720000001
39.4766460000001,44.9277729999999
39.5358280000001,44.9080430000001
39.546654,44.9047090000001
39.5644380000001,44.901375
39.60582,44.8885960000001
39.621651,44.8719330000001
39.623047,44.864998
39.630814,44.8130420000001
39.645821,44.8163760000001
39.681656,44.803055
39.6844410000001,44.8013840000001
39.6980440000001,44.7899860000001
39.7063830000001,44.778862
39.709698,44.7893980000001
39.712769,44.7991640000001
39.724991,44.85833
39.7247090000001,44.8827670000001
39.7211,44.8963780000001
39.7183230000001,44.9205400000001
39.721375,44.933044
39.7263720000001,44.951935
39.7324910000001,44.969147
39.7508320000001,44.99749
39.753006,45.0000000000001
39.7652659999999,45.0141530000001
39.7744370000001,45.0280460000001
39.778328,45.039986
39.779984,45.054153
39.77887,45.0619280000001
39.774155,45.0736010000001
39.7680440000001,45.083321
---
40.9691510000001,45.22916
40.979431,45.206379
40.9911,45.194988
40.997768,45.1958200000001
41.004711,45.2047080000001
41.0041620000001,45.212608
40.990269,45.2369380000001
40.983051,45.2452700000001
40.9769400000001,45.2452700000001
---
41.0305480000001,45.025829
41.0330510000001,45.009991
41.050541,44.9877700000001
41.0647090000001,44.9805490000001
41.08194,44.9841610000001
41.0888790000001,45.00111
41.0891610000001,45.0174900000001
41.0849910000001,45.0302700000001
41.066669,45.051659
41.0527690000001,45.0588799999999
41.0422210000001,45.0541610000001
41.0352710000001,45.045269
---
41.816093,46.639709
41.8191530000001,46.644707
41.862488,46.7541660000001
41.8638840000001,46.760818
41.860268,46.7649920000001
41.855263,46.76693
41.8444370000001,46.7688830000001
41.8327640000001,46.769981
41.8266530000001,46.769981
41.8199840000001,46.7688830000001
41.8074870000001,46.7688830000001
41.7966540000001,46.7708210000001
41.789162,46.7788700000001
41.7691500000001,46.806931
41.7347110000001,46.8616640000001
41.6838680000001,46.9405360000001
41.618599,47.0213780000001
41.565536,47.0841600000001
41.573044,47.100548
41.576653,47.1130449999999
41.5780490000001,47.1277620000001
41.576653,47.135818
41.574158,47.1416630000001
41.5647130000001,47.156647
41.5611040000001,47.1605380000001
41.4333270000001,47.253052
41.424706,47.258881
41.419716,47.2608180000001
41.4033130000001,47.2636110000001
41.3902660000001,47.2624970000001
41.3769380000001,47.2602770000001
41.370827,47.2602770000001
41.359154,47.2611010000001
41.3311000000001,47.2658310000001
41.3224950000001,47.2716600000001
41.3186040000001,47.275551
41.3122020000001,47.2855529999999
41.2719350000001,47.3710939999999
41.213051,47.564713
41.2110980000001,47.571663
41.2102740000001,47.5805440000001
41.2108150000001,47.587769
41.215271,47.5994340000001
41.2299800000001,47.6244280000001
41.2341540000001,47.6369320000001
41.2355499999999,47.6433260000001
41.2355499999999,47.659714
41.210541,47.721375
41.1977620000001,47.7508320000001
41.1963810000001,47.7586060000001
41.196091,47.76693
41.1988680000001,47.7960970000001
41.2077640000001,47.8591540000001
41.217766,47.9049840000001
41.219704,47.910812
41.226372,47.9199909999999
41.2361070000001,47.926102
41.24221,47.9263840000001
41.24749,47.925262
41.256386,47.9197160000001
41.259995,47.915825
41.2688830000001,47.909981
41.273598,47.9080430000001
41.2791599999999,47.9072039999999
41.2908330000001,47.9083180000001
41.35582,47.9583210000001
41.460274,48.066093
41.467766,48.0744320000001
41.477768,48.096375
41.482758,48.1152730000001
41.488319,48.149994
41.4922100000001,48.1861040000001
41.5005420000001,48.225548
41.5024950000001,48.231377
41.509163,48.2488710000001
41.5702670000001,48.370827
41.5791630000001,48.385818
41.5891490000001,48.3997120000001
41.6047060000001,48.4161000000001
41.6133190000001,48.42305
41.6391530000001,48.436928
41.767212,48.5313800000001
41.8357700000001,48.583954
41.8244320000001,48.613045
41.7861100000001,48.6727680000001
41.7827610000001,48.6777730000001
41.7377620000001,48.724991
41.679436,48.780823
41.596931,48.8583300000001
41.5669330000001,48.8788759999999
41.5538790000001,48.8874970000001
41.5302660000001,48.8966600000001
41.5258260000001,48.899437
41.5144349999999,48.910812
41.4436040000001,48.9863820000001
41.437759,48.9972080000001
41.433594,49.0108180000001
41.4283220000001,49.0224840000001
41.4216540000001,49.032204
41.4141460000001,49.0399860000001
41.2777710000001,49.1361009999999
41.2683260000001,49.1405490000001
41.2627720000001,49.141373
41.250542,49.140831
41.2383190000001,49.1402659999999
41.2211,49.141373
41.1516490000001,49.154984
41.061104,49.1927570000001
41.039162,49.206383
41.0183260000001,49.222214
41.006386,49.232491
40.9872060000001,49.2513890000001
40.849709,49.398041
40.8399890000001,49.4124910000001
40.8344350000001,49.423882
40.831383,49.439423
40.831383,49.4630510000001
40.8283310000001,49.4786
40.8236010000001,49.491096
40.8169330000001,49.5005420000001
40.794991,49.524994
40.7874909999999,49.5324940000001
40.778603,49.537766
40.773041,49.5386050000001
40.7663880000001,49.5372090000001
40.7519380000001,49.5280460000001
40.72998,49.517212
40.7122120000001,49.511101
40.6991580000001,49.5083240000001
40.693047,49.5080410000001
40.682487,49.5105440000001
40.67804,49.5133290000001
40.6627660000001,49.5280460000001
40.6316530000001,49.5677720000001
40.625259,49.577209
40.6224900000001,49.5827640000001
40.5805440000001,49.7041630000001
40.577492,49.7197040000001
40.5647129999999,49.8049930000001
40.562485,49.8286060000001
40.5652620000001,49.8569340000001
40.5691530000001,49.8763810000001
40.581657,49.9186020000001
40.5858150000001,49.9302750000001
40.5894320000001,49.973038
40.5859760000001,50.0000000000001
40.5755540000001,50.0327680000001
40.4936070000001,50.231377
40.4902730000001,50.236107
40.40332,50.3338780000001
40.3874969999999,50.347488
40.3747099999999,50.3563840000001
40.3702700000001,50.3588870000001
40.3555529999999,50.363609
40.3338780000001,50.3672100000001
40.262215,50.374992
40.2680510000001,50.3547130000001
40.279716,50.3438800000001
40.304436,50.3136060000001
40.30777,50.3088839999999
40.3105470000001,50.303322
40.3291630000001,50.2624970000001
40.330551,50.2566600000001
40.3386,50.219986
40.3572160000001,50.133049
40.35833,50.124161
40.348877,49.9608150000001
40.3222200000001,49.847481
40.212769,49.5716629999999
40.2099840000001,49.5666660000001
40.174164,49.5177689999999
40.160538,49.5
40.1505360000001,49.4880450000001
40.059708,49.4269410000001
40.053879,49.4249880000001
40.048325,49.425545
40.043877,49.4283220000001
40.014992,49.455269
39.964989,49.4499970000001
39.899712,49.426659
39.7472080000001,49.396935
39.6916500000001,49.3922200000001
39.686104,49.382484
39.6291499999999,49.3222200000001
39.6249849999999,49.3188860000001
39.6147160000001,49.313324
39.5005419999999,49.2808230000001
39.49527,49.281662
39.4852680000001,49.2849880000001
39.4808200000001,49.287491
39.472755,49.2938770000001
39.461372,49.3049930000001
39.434433,49.339989
39.427773,49.349152
39.4247060000001,49.3538820000001
39.413872,49.376381
39.39222,49.407204
39.3838809999999,49.4136050000001
39.378319,49.4141460000001
39.350266,49.3955460000001
39.321381,49.351662
39.3290790000001,49.3407750000001
39.336937,49.324997
39.3413700000001,49.3130420000001
39.3433230000001,49.2972110000001
39.3422090000001,49.2902760000001
39.337769,49.278603
39.3313830000001,49.26915
39.319443,49.258041
39.3102650000001,49.252213
39.2955400000001,49.2441560000001
39.2794270000001,49.238045
39.0566560000001,49.203049
39.0430530000001,49.202209
39.0374909999999,49.2036059999999
39.030823,49.2033159999999
39.0247120000001,49.201935
39.0166630000001,49.194427
38.9880450000001,49.161377
38.9847110000001,49.1566470000001
38.977211,49.1405490000001
38.973312,49.128036
38.9647060000001,49.0880359999999
38.963608,49.0811
38.9638750000001,49.0722200000001
38.966927,49.0602650000001
38.970543,49.056099
38.975266,49.053596
39.001389,49.051659
39.0066530000001,49.053596
39.0086060000001,49.05999
39.011375,49.073318
39.0152660000001,49.1024860000001
39.0169300000001,49.1085970000001
39.0227580000001,49.1185990000001
39.029984,49.1269379999999
39.042496,49.1372149999999
39.0524829999999,49.14222
39.062759,49.1472170000001
39.074715,49.1497120000001
39.0816570000001,49.149994
39.0933230000001,49.148041
39.0974810000001,49.144707
39.1011050000001,49.1405490000001
39.1769410000001,49.049431
39.182213,49.0383220000001
39.188599,49.010544
39.1894229999999,49.0027690000001
39.1880420000001,48.987488
39.1844330000001,48.974991
39.1785960000001,48.964989
39.1744310000001,48.961372
39.1652680000001,48.9555440000001
39.113602,48.932487
39.058594,48.9302750000001
39.0474930000001,48.9333270000001
39.0433199999999,48.9366460000001
39.0327610000001,48.949997
39.028603,48.953316
39.0222170000001,48.953873
39.0163880000001,48.952492
38.95694,48.935265
38.9513780000001,48.9330440000001
38.9058230000001,48.9113770000001
38.9010930000001,48.9086
38.8924870000001,48.901932
38.8808140000001,48.890831
38.8736040000001,48.882484
38.7458270000001,48.8666530000001
38.569153,48.8719330000001
38.465271,48.878593
38.4554670000001,48.8810540000001
38.442406,48.8882830000001
38.4499970000001,48.847214
38.4508290000001,48.839432
38.4510960000001,48.8308260000001
38.4477620000001,48.7894290000001
38.443314,48.7780460000001
38.424164,48.7422100000001
38.3891530000001,48.6663819999999
38.3891530000001,48.659424
38.3924640000001,48.6302190000001
38.3952639999999,48.623047
38.405823,48.61055
38.4169390000001,48.599152
38.4672090000001,48.568604
38.475548,48.5619280000001
38.621651,48.4419330000001
38.624702,48.436928
38.6260990000001,48.429993
38.6258240000001,48.422211
38.623322,48.408043
38.6177600000001,48.3894350000001
38.60582,48.3619310000001
38.600822,48.3424840000001
38.6011050000001,48.3336029999999
38.603325,48.327766
38.6061020000001,48.322762
38.6636050000001,48.2477650000001
38.6672060000001,48.2436069999999
38.671928,48.241096
38.685547,48.2419360000001
38.707207,48.249718
38.7138750000001,48.2502750000001
38.719986,48.249428
38.727768,48.243874
38.732758,48.2327580000001
38.7505420000001,48.1847080000001
38.760277,48.1527710000001
38.761932,48.1458210000001
38.7722170000001,48.123604
38.7836000000001,48.103043
38.820824,48.0366519999999
38.8313830000001,48.024155
38.835541,48.020821
38.845818,48.0169300000001
38.8569340000001,48.013878
38.8691560000001,48.0124969999999
38.8874970000001,48.010818
38.8944400000001,48.0111010000001
38.900536,48.0122150000001
38.9058230000001,48.014153
38.9513780000001,48.071381
38.9563830000001,48.082207
38.9683230000001,48.14415
38.969147,48.1852650000001
38.9713750000001,48.2247090000001
38.976646,48.2608180000001
38.97855,48.266621
38.981659,48.2760930000001
38.989983,48.2913820000001
38.9997180000001,48.3049930000001
39.0077670000001,48.312485
39.026375,48.3238750000001
39.038048,48.326935
39.051659,48.327766
39.057213,48.326096
39.112488,48.293877
39.12027,48.2863850000001
39.125824,48.2760930000001
39.1280360000001,48.2699810000001
39.1319270000001,48.2569430000001
39.1366580000001,48.2361070000001
39.1388780000001,48.2299800000001
39.147484,48.214706
39.2088780000001,48.1349950000001
39.2130510000001,48.131653
39.246094,48.122765
39.2513890000001,48.1213680000001
39.2636110000001,48.11998
39.275826,48.12249
39.28054,48.1252590000001
39.3011020000001,48.1430440000001
39.309151,48.150269
39.315819,48.1594240000001
39.3333210000001,48.189156
39.337769,48.2008290000001
39.3399890000001,48.214989
39.3413700000001,48.238884
39.343597,48.253052
39.350266,48.27887
39.3852160000001,48.359787
39.3946040000001,48.3559800000001
39.421371,48.342209
39.4255450000001,48.3388750000001
39.4408190000001,48.321938
39.472755,48.283875
39.4947129999999,48.250832
39.5263750000001,48.2124939999999
39.573318,48.159157
39.6399920000001,48.087494
39.6524890000001,48.0774920000001
39.6602710000001,48.06971
39.6708300000001,48.0569310000001
39.6833270000001,48.0383220000001
39.6991580000001,48.014153
39.711937,47.9927600000001
39.719231,47.976662
39.6811070000001,47.8191530000001
39.677216,47.806656
39.6708300000001,47.7974930000001
39.6627660000001,47.790276
39.6385960000001,47.7766490000001
39.628876,47.7630540000001
39.515266,47.5424960000001
39.5000000000001,47.4669270000001
39.496384,47.4544300000001
39.4705430000001,47.3916630000001
39.4283219999999,47.340828
39.4202730000001,47.333603
39.401375,47.3222200000001
39.3936000000001,47.3149950000001
39.3769380000001,47.292213
39.3719330000001,47.2816620000001
39.3422090000001,47.207497
39.3383260000001,47.194984
39.3372120000001,47.1880420000001
39.337494,47.170273
39.333054,47.1588750000001
39.304436,47.099709
39.243607,47.044991
39.232201,47.0419390000001
39.204987,47.0411000000001
39.200272,47.0380480000001
39.192215,47.030823
39.1894229999999,47.0255510000001
39.1583180000001,46.9613720000001
39.154427,46.9488680000001
39.154427,46.93998
39.165825,46.9194340000001
39.168053,46.913315
39.1688770000001,46.90554
39.1688770000001,46.8966600000001
39.1674960000001,46.8747020000001
39.1630480000001,46.8544390000001
39.161095,46.848328
39.155266,46.8383260000001
39.0933230000001,46.765266
39.081383,46.753609
39.075829,46.7516560000001
39.0644380000001,46.7505420000001
39.052773,46.74749
39.0474930000001,46.7455370000001
39.0394290000001,46.738319
38.9769289999999,46.652206
38.915825,46.5724950000001
38.875587,46.5403750000001
38.9494250000001,46.4974900000001
38.95443,46.4955370000001
38.9597170000001,46.494713
38.965828,46.4944310000001
38.991653,46.4988710000001
39.008041,46.505547
39.017487,46.5119320000001
39.032204,46.5202640000001
39.0441590000001,46.5235980000001
39.0658190000001,46.519707
39.0816570000001,46.515831
39.1205370000001,46.5002750000001
39.124985,46.4974900000001
39.1285930000001,46.4936070000001
39.131653,46.488884
39.1366580000001,46.4774859999999
39.142769,46.458321
39.1527710000001,46.435547
39.1638720000001,46.4238819999999
39.168053,46.4210970000001
39.1777730000001,46.417206
39.188881,46.4152680000001
39.201378,46.4161
39.2066500000001,46.4186020000001
39.211655,46.4219280000001
39.2141490000001,46.4255450000001
39.2163850000001,46.431107
39.2185900000001,46.4444270000001
39.2185900000001,46.452209
39.217484,46.4599840000001
39.2155460000001,46.46666
39.203606,46.496094
39.1894229999999,46.5377660000001
39.1894229999999,46.5455400000001
39.217209,46.6160960000001
39.2199860000001,46.620827
39.2247090000001,46.62249
39.2294240000001,46.620537
39.2536090000001,46.5813830000001
39.2691500000001,46.557487
39.3785930000001,46.4038700000001
39.389709,46.3924870000001
39.398331,46.3866580000001
39.4136050000001,46.381653
39.4249879999999,46.380547
39.4383240000001,46.382484
39.442757,46.385818
39.4486010000001,46.395264
39.450829,46.4008260000001
39.451653,46.4077609999999
39.4577640000001,46.4486010000001
39.4669270000001,46.4944310000001
39.4683230000001,46.500832
39.472755,46.5119320000001
39.4758150000001,46.516663
39.480263,46.5199810000001
39.538605,46.546387
39.544434,46.5480500000001
39.549988,46.5469440000001
39.5644380000001,46.5413820000001
39.5724950000001,46.534431
39.576096,46.5305399999999
39.5819400000001,46.5199810000001
39.6249849999999,46.364441
39.628036,46.349991
39.626656,46.335815
39.6236040000001,46.3230439999999
39.619713,46.3111040000001
39.617493,46.30555
39.6144410000001,46.3008190000001
39.596657,46.2563860000001
39.594994,46.250275
39.5941470000001,46.2430500000001
39.5941470000001,46.227211
39.5961000000001,46.2110979999999
39.598038,46.2041630000001
39.6072160000001,46.189713
39.689423,46.067772
39.7005389999999,46.056099
39.7047120000001,46.0530400000001
39.7230380000001,46.04332
39.7455370000001,46.03054
39.762772,46.0185930000001
39.769981,46.010818
39.773041,46.0061040000001
39.774994,45.9991610000001
39.777489,45.9838710000001
39.778603,45.960274
39.7880480000001,45.9263839999999
39.7952730000001,45.908875
39.805817,45.886658
39.811371,45.8760990000001
39.8236010000001,45.8566589999999
39.834435,45.844704
39.8491520000001,45.8291630000001
39.861382,45.8191530000001
39.86554,45.816376
39.8844380000001,45.807213
39.899712,45.802216
39.9105380000001,45.799988
39.925262,45.7938770000001
39.937485,45.7841570000001
39.9436040000001,45.774437
39.953316,45.7510990000001
39.9583210000001,45.7297060000001
39.961372,45.705269
39.9677660000001,45.618317
39.969437,45.611382
39.9719240000001,45.605553
39.9780430000001,45.5958180000001
39.982491,45.592766
39.994987,45.593597
40.0041660000001,45.599991
40.0077670000001,45.6038820000001
40.014435,45.613602
40.0216600000001,45.638039
40.0258260000001,45.6819310000001
40.0260930000001,45.7136080000001
40.024437,45.763611
40.0199810000001,45.8244319999999
40.016106,45.8477710000001
40.0136109999999,45.873047
40.014435,45.888039
40.017487,45.900826
40.0205460000001,45.90554
40.024437,45.909424
40.033333,45.9161000000001
40.112488,45.9738770000001
40.116936,45.976929
40.1222080000001,45.979424
40.2136080000001,46.0019379999999
40.2202610000001,46.0027689999999
40.225548,46.0019379999999
40.2305370000001,45.9997180000001
40.239159,45.9938740000001
40.268593,45.962494
40.272217,45.9583210000001
40.273872,45.9516530000001
40.265549,45.9205400000001
40.2634510000001,45.9061510000001
40.2652660000001,45.8885960000001
40.269707,45.8758240000001
40.3758240000001,45.662766
40.391106,45.638039
40.4533160000001,45.5402760000001
40.460541,45.532494
40.6080400000001,45.413605
40.6433260000001,45.391106
40.648331,45.3891530000001
40.6591570000001,45.386932
40.665268,45.3866580000001
40.671097,45.3883290000001
40.675819,45.3913730000001
40.717766,45.4188770000001
40.7222140000001,45.4219279999999
40.729149,45.429153
40.738319,45.443604
40.7422100000001,45.4555440000001
40.7630540000001,45.5233150000001
40.776375,45.5741580000001
40.778603,45.57972
40.787766,45.594147
40.801384,45.6038820000001
40.8063740000001,45.6063770000001
40.828049,45.6152730000001
40.84388,45.620827
40.856659,45.6233220000001
40.862206,45.6222080000001
40.8719330000001,45.61805
40.8755419999999,45.6141590000001
41.001656,45.368317
41.0000000000001,45.3536000000001
41.000542,45.344994
41.001656,45.336937
41.056656,45.101379
41.062759,45.09137
41.0755540000001,45.082207
41.0852580000001,45.0777660000001
41.101105,45.073318
41.107773,45.074158
41.1130450000001,45.076653
41.1160959999999,45.0813830000001
41.11776,45.087769
41.119713,45.11055
41.1185990000001,45.1283190000001
41.1172030000001,45.136375
41.114998,45.171928
41.114998,45.1799930000001
41.116936,45.1947100000001
41.118317,45.201096
41.1208270000001,45.20665
41.1269380000001,45.2163850000001
41.130547,45.220543
41.135818,45.2227550000001
41.1419299999999,45.2227550000001
41.1516490000001,45.2183230000001
41.1597140000001,45.2113720000001
41.17305,45.193047
41.1986010000001,45.15387
41.2010960000001,45.1477740000001
41.2027660000001,45.140831
41.2036059999999,45.131927
41.2233120000001,45.046944
41.2970500000001,45.0229420000001
41.3163760000001,45.051384
41.376656,45.141373
41.404984,45.186104
41.4469380000001,45.2552720000001
41.4516530000001,45.2666630000001
41.455544,45.27887
41.458878,45.2919390000001
41.461098,45.3066560000001
41.463608,45.3286060000001
41.462494,45.3366550000001
41.458878,45.3505479999999
41.381927,45.6111069999999
41.3485950000001,45.7169270000001
41.3205410000001,45.719704
41.316933,45.715546
41.30777,45.7091600000001
41.301926,45.707497
41.2958300000001,45.707497
41.2902760000001,45.708603
41.285271,45.7108150000001
41.2774890000001,45.717766
41.260277,45.7480470000001
41.234428,45.7960970000001
41.226372,45.8130420000001
41.2127689999999,45.850822
41.206093,45.869713
41.1974870000001,45.8955460000001
41.189156,45.922493
41.179153,45.966103
41.1736070000001,45.996941
41.1702730000001,46.0313800000001
41.1702730000001,46.0477680000001
41.1719280000001,46.062202
41.175819,46.082497
41.1819310000001,46.100548
41.1999970000001,46.1280360000001
41.2024920000001,46.133881
41.203873,46.140266
41.2066500000001,46.227211
41.2066500000001,46.2352680000001
41.2055440000001,46.243317
41.1999970000001,46.2541660000001
41.183868,46.2680440000001
41.1727680000001,46.279984
41.162766,46.2941590000001
41.1299900000001,46.340828
41.116936,46.3597110000001
41.104156,46.378319
41.05555,46.4838710000001
41.0480499999999,46.5016560000001
41.046097,46.508606
41.0499880000001,46.5208210000001
41.1005480000001,46.62249
41.1461030000001,46.6633150000001
41.154984,46.669991
41.2116550000001,46.697205
41.255272,46.7108150000001
41.2613749999999,46.7108150000001
41.3122020000001,46.693871
41.3166660000001,46.6908190000001
41.3202669999999,46.686928
41.364998,46.6210940000001
41.3794330000001,46.593323
41.3869320000001,46.55304
41.3952640000001,46.5061040000001
41.397217,46.4991610000001
41.481659,46.333878
41.485268,46.3299870000001
41.598595,46.23333
41.6249850000001,46.216103
41.669159,46.197762
41.6858220000001,46.1944270000001
41.6980440000001,46.1944270000001
41.724991,46.198044
41.7444310000001,46.208046
41.748871,46.211372
41.761063,46.224541
41.763878,46.2363820000001
41.764992,46.2519380000001
41.764153,46.2608179999999
41.7597200000001,46.2838750000001
41.755829,46.2977680000001
41.753319,46.3138809999999
41.7541660000001,46.321381
41.7591629999999,46.3319400000001
41.7733150000001,46.3505480000001
41.825829,46.4088750000001
41.8377690000001,46.42054
41.856659,46.433327
41.866936,46.4383240000001
41.897057,46.4517520000001
41.8936,46.505272
41.887497,46.5563740000001
41.8855440000001,46.563324
41.882484,46.5683290000001
41.8719330000001,46.571381
---
40.606098,45.528881
40.6324880000001,45.5730510000001
40.648331,45.588329
40.653881,45.5874900000001
40.6630520000001,45.572491
40.665371,45.5553400000001
40.665539,45.5174900000001
40.6580390000001,45.5013890000001
40.63694,45.4919400000001
40.6169400000001,45.4991610000001
40.60722,45.51305
---
