21.008888,-73.123611
20.9833300000001,-73.141113
20.975555,-73.147781
20.972221,-73.151672
20.968887,-73.162231
20.936108,-73.310837
20.924721,-73.4527889999999
20.9249990000001,-73.466949
20.9338870000001,-73.524734
20.940277,-73.5566709999999
20.9466630000001,-73.588623
20.94722,-73.59584
20.9463880000001,-73.601959
20.9430540000001,-73.612503
20.9152760000001,-73.662781
20.9177740000001,-73.66806
20.926941,-73.680557
20.9305530000001,-73.6838989999999
20.9355550000001,-73.685837
20.9997220000001,-73.7022249999999
21.0819440000001,-73.655563
21.101665,-73.640564
21.1833310000001,-73.536392
21.1858330000001,-73.5316769999999
21.1869429999999,-73.527237
21.194164,-73.422226
21.172497,-73.349731
21.1661110000001,-73.341675
21.163055,-73.337234
21.1491659999999,-73.306671
21.1341630000001,-73.2611239999999
21.13583,-73.255844
21.175552,-73.154724
21.1874960000001,-73.1380619999999
21.2666660000001,-73.086395
21.2713850000001,-73.0836179999999
21.292221,-73.0752869999999
21.316666,-73.070282
21.3191640000001,-73.06723
21.326385,-73.0533449999999
21.332497,-73.031403
21.332497,-73.024445
21.331387,-73.017792
21.325832,-73.0088959999999
21.3216630000001,-73.006119
21.3116650000001,-73.002502
21.3047220000001,-73.0030669999999
21.1749990000001,-73.0213929999999
21.1694410000001,-73.023346
21.1438870000001,-73.034454
21.139442,-73.037231
---
21.4811099999999,-72.929459
21.4808310000001,-72.936401
21.4819409999999,-72.9508359999999
21.4811099999999,-72.956955
21.4580540000001,-73.011124
21.452499,-73.019455
21.4491650000001,-73.023346
21.4349980000001,-73.038071
21.4441639999999,-73.047501
21.5013890000001,-73.0675049999999
21.5077740000001,-73.0675049999999
21.5124970000001,-73.0650019999999
21.5180550000001,-73.056396
21.5305520000001,-73.019455
21.540554,-72.978058
21.5136110000001,-72.922501
21.510555,-72.918335
21.5033300000001,-72.9113919999999
21.498333,-72.910843
21.49361,-72.91362
21.489719,-72.9169459999999
21.4836080000001,-72.924728
---
22.351665,-72.762222
22.3369410000001,-72.74057
22.331944,-72.738617
22.3263850000001,-72.737503
22.3216630000001,-72.74028
22.309998,-72.75029
22.291943,-72.768341
22.284164,-72.781403
22.2830539999999,-72.787506
22.309719,-72.810837
22.313332,-72.814178
22.347775,-72.860291
22.3558310000001,-72.874725
22.3602750000001,-72.885559
22.362499,-72.8997339999999
22.366386,-72.988892
22.3602750000001,-73.011124
22.355553,-73.020569
22.3491630000001,-73.028625
22.341942,-73.0425109999999
22.3391650000001,-73.053894
22.3391650000001,-73.060562
22.340553,-73.08168
22.359722,-73.156113
22.3616640000001,-73.161957
22.365833,-73.1644589999999
22.370831,-73.164734
22.3769420000001,-73.1636199999999
22.428333,-73.1400149999999
22.443607,-73.08168
22.4419439999999,-73.0675049999999
22.4324990000001,-73.0230559999999
22.3822210000001,-72.829178
---
22.5786090000001,-73.616394
22.579998,-73.6230619999999
22.5997200000001,-73.62056
22.613888,-73.6044459999999
22.614719,-73.598343
22.611664,-73.594177
22.60611,-73.593338
22.601387,-73.59584
22.588333,-73.6044459999999
22.57972,-73.610291
---
22.5972210000001,-73.4652859999999
22.5975000000001,-73.4711149999999
22.6122210000001,-73.551392
22.6152760000001,-73.547501
22.6188890000001,-73.5383449999999
22.6199990000001,-73.532227
22.620277,-73.5188899999999
22.6188890000001,-73.497787
22.6166650000001,-73.484726
22.613609,-73.472229
22.606941,-73.464447
22.6019440000001,-73.462784
---
22.5366630000001,-74.3822329999999
22.5374980000001,-74.386124
22.5486109999999,-74.3880619999999
22.555553,-74.387787
22.5677760000001,-74.385284
22.5763850000001,-74.379456
22.580276,-74.376114
22.665554,-74.284454
22.6624980000001,-74.280014
22.6533320000001,-74.275558
22.6477780000001,-74.277512
22.599998,-74.316116
22.546108,-74.370285
22.5388870000001,-74.377792
---
22.5516660000001,-73.836945
22.490276,-73.858902
22.469444,-73.867508
22.3455540000001,-73.977234
22.3344420000001,-73.9947359999999
22.324444,-74.0130619999999
22.295277,-74.104172
22.2522200000001,-74.151672
22.2474980000001,-74.155014
22.239719,-74.161667
22.223053,-74.180557
22.220554,-74.1838989999999
22.170555,-74.2763979999999
22.173054,-74.281403
22.2169420000001,-74.276672
22.295277,-74.178345
22.396664,-74.039734
22.4655530000001,-73.921402
22.4688870000001,-73.910843
22.488052,-73.886948
22.5122180000001,-73.867783
22.5230520000001,-73.863892
22.529442,-73.863892
22.5441670000001,-73.8697359999999
22.562775,-73.8786159999999
22.570274,-73.885559
22.577499,-73.892502
22.5847210000001,-73.899445
22.599442,-73.921402
22.5986100000001,-73.9275049999999
22.594997,-73.9383389999999
22.5902750000001,-73.96167
22.589165,-73.974731
22.5897219999999,-73.9819489999999
22.59333,-73.993622
22.6022190000001,-74.0147249999999
22.618053,-74.035278
22.6224980000001,-74.037781
22.6719440000001,-73.9839019999999
22.681664,-73.9719539999999
22.694721,-73.950012
22.7088850000001,-73.924728
22.7297210000001,-73.857788
22.731388,-73.8519589999999
22.7286110000001,-73.8491669999999
22.72361,-73.847229
---
22.6574970000001,-74.0888979999999
22.6719440000001,-74.15834
22.673611,-74.164169
22.6863860000001,-74.204178
22.714443,-74.272507
22.803333,-74.343613
22.819443,-74.347504
22.826385,-74.3469539999999
22.8349990000001,-74.343903
22.8430520000001,-74.305283
22.84111,-74.299454
22.808331,-74.218903
22.718887,-74.022781
22.7163890000001,-74.017792
22.7086110000001,-74.024445
22.6633300000001,-74.0736239999999
---
23.066387,-73.7777859999999
23.067497,-73.7847289999999
23.084999,-73.811111
23.0880550000001,-73.815292
23.0969430000001,-73.813614
23.101944,-73.78334
23.103054,-73.770569
23.1027760000001,-73.6963959999999
23.102219,-73.688614
23.100555,-73.682785
23.0958329999999,-73.672791
23.092777,-73.668335
23.0888859999999,-73.665009
23.0705530000001,-73.728897
---
23.4169430000001,-75.528625
23.4133300000001,-75.5252839999999
23.408333,-75.523056
23.4044420000001,-75.525009
23.4041629999999,-75.531677
23.409443,-75.541122
23.4111100000001,-75.547226
23.4219439999999,-75.589737
23.4199980000001,-75.616394
23.421665,-75.622223
23.434998,-75.640839
23.4388890000001,-75.644455
23.448055,-75.64917
23.453053,-75.651123
23.4558300000001,-75.650848
23.4569440000001,-75.638062
23.4555550000001,-75.623901
23.439163,-75.5655669999999
23.436943,-75.560287
23.431389,-75.551117
---
23.104164,-75.016403
23.1036110000001,-75.008896
23.1047210000001,-74.967514
23.1027760000001,-74.96167
23.0869410000001,-74.925293
23.0041660000001,-74.8502809999999
22.9999999999999,-74.847504
22.9649960000001,-74.841125
22.901108,-74.83223
22.865555,-74.8277889999999
22.860832,-74.830566
22.8583300000001,-74.835281
22.856667,-74.840561
22.856388,-74.847504
22.8580549999999,-74.853348
22.948608,-74.9005579999999
22.9672200000001,-74.910004
23.006107,-74.9258419999999
23.0238880000001,-74.9358369999999
23.0602760000001,-74.963058
23.0680540000001,-74.969177
23.07111,-74.9722289999999
23.074165,-74.976669
23.0788879999999,-74.9866789999999
23.079998,-74.993057
23.0844420000001,-75.035568
23.085552,-75.0505679999999
23.085552,-75.065002
23.0888859999999,-75.084167
23.096497,-75.092117
23.100832,-75.10112
23.1136670000001,-75.1237869999999
23.116831,-75.1292879999999
23.142832,-75.168617
23.154163,-75.163284
23.1564980000001,-75.161285
23.159496,-75.156944
23.150166,-75.13195
23.1458300000001,-75.127609
23.1431640000001,-75.126122
23.1373330000001,-75.123947
23.1353320000001,-75.126282
23.136166,-75.1337809999999
23.1404970000001,-75.1429439999999
23.1406650000001,-75.1447909999999
23.1376650000001,-75.143616
23.135498,-75.1416169999999
23.1238310000001,-75.126617
23.121998,-75.123947
23.1063330000001,-75.090454
23.104664,-75.082779
23.1094440000001,-75.0730589999999
23.111942,-75.068344
23.137997,-75.0858459999999
23.1647189999999,-75.1075129999999
23.2702750000001,-75.108063
23.3311079999999,-75.121124
23.346107,-75.126678
23.355274,-75.131393
23.363888,-75.136673
23.3980520000001,-75.179459
23.4897190000001,-75.2572329999999
23.630276,-75.3033449999999
23.667774,-75.3075099999999
23.664997,-75.303894
23.6466640000001,-75.2863919999999
23.629997,-75.274734
23.3483310000001,-75.109451
23.3299980000001,-75.100006
23.3249970000001,-75.098068
23.2711110000001,-75.084732
23.2599980000001,-75.0825039999999
23.2536090000001,-75.0822299999999
23.2352749999999,-75.084167
23.228886,-75.0855559999999
23.209721,-75.0855559999999
23.176109,-75.078903
23.154999,-75.072784
23.145275,-75.0688929999999
23.140831,-75.066116
23.130554,-75.055008
23.1124990000001,-75.030014
23.106388,-75.021393
---
23.49472,-75.805557
23.500275,-75.8050079999999
23.568054,-75.909729
23.5802760000001,-75.9344479999999
23.5849989999999,-75.944458
23.589165,-75.955841
23.599442,-75.991119
23.646942,-76.032501
23.6519430000001,-76.033066
23.672497,-76.028625
23.6752780000001,-76.020279
23.6741640000001,-75.996124
23.6263890000001,-75.918625
23.4997220000001,-75.771957
---
23.664719,-74.791672
23.644997,-74.811401
23.6394420000001,-74.819733
23.6519430000001,-74.843063
23.6619420000001,-74.8822329999999
23.666943,-74.911392
23.666664,-74.918335
23.6586070000001,-74.931396
23.6569440000001,-74.936951
23.66111,-74.939453
23.6761090000001,-74.945282
23.685276,-74.9486239999999
23.6933330000001,-74.935013
23.6958309999999,-74.930283
23.716663,-74.8511199999999
23.717777,-74.838348
23.7183300000001,-74.801956
23.7174990000001,-74.796951
23.6947210000001,-74.7780609999999
23.6838870000001,-74.781952
---
23.9727750000001,-76.321671
23.9730530000001,-76.327789
23.9761090000001,-76.331955
23.9802740000001,-76.335007
23.9847220000001,-76.3377839999999
24.0799979999999,-76.3961179999999
24.084164,-76.3986209999999
24.089722,-76.400009
24.101665,-76.401398
24.1133310000001,-76.398346
24.1141660000001,-76.392227
24.1124990000001,-76.3861239999999
24.1002770000001,-76.377228
24.07222,-76.363892
---
23.954166,-74.496948
23.956665,-74.527786
23.9691659999999,-74.541397
23.98,-74.537231
24.032219,-74.523621
24.039165,-74.5230559999999
24.051666,-74.523621
24.076111,-74.5302889999999
24.10083,-74.526947
24.105553,-74.52417
24.1211089999999,-74.511124
24.1236079999999,-74.5063929999999
24.1411090000001,-74.4664
24.142776,-74.460846
24.138611,-74.458344
24.080555,-74.425568
24.0755540000001,-74.423615
24.0419430000001,-74.435287
24.03722,-74.438065
23.958332,-74.486954
23.954441,-74.49028
---
24.1480520000001,-77.952225
24.148331,-77.958344
24.154163,-77.9669489999999
24.1577760000001,-77.970566
24.1813890000001,-77.973892
24.1880530000001,-77.9736179999999
24.193607,-77.97168
24.2524990000001,-77.851669
24.253887,-77.845566
24.254166,-77.8386229999999
24.2547190000001,-77.806122
24.2533300000001,-77.800293
24.2488860000001,-77.799179
24.242775,-77.800003
24.231388,-77.8088989999999
24.1755520000001,-77.885834
24.149998,-77.9466709999999
---
24.2233310000001,-77.941681
24.225555,-77.995834
24.2411080000001,-78.0172269999999
24.2452770000001,-78.01973
24.250832,-78.019455
24.2533300000001,-78.0150149999999
24.2797200000001,-77.938614
24.279442,-77.931122
24.277222,-77.9275049999999
24.2730520000001,-77.924728
24.2674979999999,-77.9233399999999
24.2611080000001,-77.923065
24.2258300000001,-77.936676
---
24.2088850000001,-76.474731
24.2177770000001,-76.5036159999999
24.2763860000001,-76.5447239999999
24.281387,-76.5466769999999
24.2874980000001,-76.547226
24.2902760000001,-76.545288
24.2913860000001,-76.5425109999999
24.2911110000001,-76.5363919999999
24.2888870000001,-76.531403
24.2822190000001,-76.523056
24.2236100000001,-76.4664
24.218609,-76.464447
24.213055,-76.464737
24.2099990000001,-76.468903
---
24.0283320000001,-77.728058
24.0291630000001,-77.721954
24.031109,-77.716675
24.0402760000001,-77.707779
24.0491640000001,-77.702225
24.120552,-77.6666719999999
24.1930540000001,-77.63945
24.1991650000001,-77.6383359999999
24.209442,-77.6341709999999
24.212776,-77.6300049999999
24.216389,-77.619446
24.21611,-77.611954
24.213886,-77.606674
24.2058300000001,-77.6002809999999
24.1822200000001,-77.582504
24.173885,-77.57695
24.1291660000001,-77.551392
24.119442,-77.547501
24.113888,-77.546112
23.9277759999999,-77.516953
23.9216650000001,-77.516678
23.861111,-77.5197299999999
23.8297200000001,-77.524445
23.824165,-77.526123
23.753609,-77.55278
23.7497220000001,-77.555847
23.7391660000001,-77.5669559999999
23.736664,-77.571671
23.733055,-77.58223
23.727219,-77.605286
23.7274970000001,-77.612793
23.7427750000001,-77.773056
23.7469440000001,-77.774445
23.778889,-77.748611
23.7822190000001,-77.744736
23.7805520000001,-77.738892
23.760284,-77.681816
23.7663690000001,-77.669647
23.7794420000001,-77.668625
23.8227770000001,-77.5888979999999
23.836666,-77.5736239999999
23.8427770000001,-77.572784
23.847221,-77.575562
23.8488879999999,-77.58168
23.849163,-77.5888979999999
23.8480529999999,-77.595001
23.8444440000001,-77.605835
23.817776,-77.6441799999999
23.776665,-77.696671
23.7761080000001,-77.703613
23.781944,-77.72084
23.786942,-77.730286
23.878609,-77.808334
24.0730550000001,-77.876678
24.1602750000001,-77.8525089999999
24.269444,-77.7164
24.284721,-77.701126
24.288055,-77.6972349999999
24.294998,-77.68251
24.296108,-77.676392
24.2944410000001,-77.670288
24.28722,-77.663071
24.2522200000001,-77.6341709999999
24.2480550000001,-77.632782
24.2302740000001,-77.6366729999999
24.2261090000001,-77.6400149999999
24.22472,-77.652786
24.2202760000001,-77.662781
24.213886,-77.6708369999999
24.1608310000001,-77.733337
24.1388850000001,-77.7550049999999
24.134163,-77.757233
24.0302770000001,-77.7416689999999
24.02861,-77.735565
---
24.308052,-77.796677
24.310555,-77.801682
24.31472,-77.8047329999999
24.3197210000001,-77.806671
24.3241650000001,-77.804169
24.332775,-77.793335
24.345833,-77.77417
24.3477750000001,-77.7711179999999
24.3541640000001,-77.760284
24.3597220000001,-77.7441709999999
24.3644410000001,-77.7269589999999
24.3697200000001,-77.703339
24.3691640000001,-77.695847
24.3655550000001,-77.692505
24.3472209999999,-77.68251
24.3411100000001,-77.683899
24.337219,-77.686951
---
24.1497189999999,-75.289734
24.144165,-75.2900089999999
24.1438870000001,-75.296951
24.1522219999999,-75.3336179999999
24.158333,-75.3419489999999
24.1600000000001,-75.34639
24.150833,-75.428619
24.145832,-75.438339
24.1224980000001,-75.462509
24.129444,-75.5033419999999
24.1325000000001,-75.507782
24.139721,-75.515015
24.1555519999999,-75.525848
24.1605530000001,-75.516678
24.1816640000001,-75.4727779999999
24.288055,-75.4630579999999
24.290833,-75.4675139999999
24.2944410000001,-75.47084
24.344166,-75.506393
24.360554,-75.518066
24.38361,-75.530014
24.467276,-75.580231
24.476276,-75.583733
24.4826110000001,-75.585068
24.488441,-75.587395
24.505775,-75.594902
24.5084420000001,-75.596565
24.552277,-75.633057
24.55661,-75.637398
24.621944,-75.691116
24.6249960000001,-75.695557
24.642498,-75.723068
24.643887,-75.737503
24.645832,-75.7444459999999
24.6502760000001,-75.7547299999999
24.653332,-75.759171
24.6583329999999,-75.760834
24.663055,-75.758347
24.6950000000001,-75.739456
24.697498,-75.734726
24.698608,-75.728622
24.696388,-75.715012
24.6941640000001,-75.710007
24.6822200000001,-75.6841739999999
24.6549989999999,-75.637512
24.651943,-75.633057
24.643887,-75.626678
24.63472,-75.6236109999999
24.576777,-75.600677
24.568443,-75.6013409999999
24.5529420000001,-75.596512
24.54361,-75.5935059999999
24.429996,-75.523895
24.369442,-75.476669
24.365833,-75.4727779999999
24.3505550000001,-75.451401
24.3461070000001,-75.4411159999999
24.3405529999999,-75.431671
24.322498,-75.405563
24.3152770000001,-75.3983459999999
24.311665,-75.3950039999999
24.223053,-75.3194579999999
24.213886,-75.314728
---
24.986664,-77.4658359999999
24.9869420000001,-77.473343
24.9919429999999,-77.541397
24.994999,-77.5466769999999
25.011944,-77.5577849999999
25.0211110000001,-77.561401
25.027496,-77.561401
25.0333329999999,-77.55307
25.0563890000001,-77.518341
25.062775,-77.5055689999999
25.0755540000001,-77.455566
25.076942,-77.449448
25.0774990000001,-77.435837
25.07972,-77.358902
25.076942,-77.330002
25.0605550000001,-77.2700039999999
25.054443,-77.260559
25.049442,-77.258621
25.0433310000001,-77.258057
25.0399969999999,-77.262222
25.0169410000001,-77.341125
25.0099980000001,-77.431122
25.0080530000001,-77.436401
---
25.1802750000001,-78.044724
25.178608,-78.038895
25.173885,-78.0283359999999
25.152496,-77.990845
25.1497190000001,-77.986389
25.146111,-77.982788
24.9916650000001,-77.945557
24.8561100000001,-77.8863979999999
24.8469430000001,-77.881668
24.834164,-77.873337
24.794441,-77.8427889999999
24.7794420000001,-77.829178
24.764999,-77.8147279999999
24.7583310000001,-77.806671
24.7327770000001,-77.7736209999999
24.619999,-77.743347
24.528889,-77.7216799999999
24.506664,-77.716675
24.500275,-77.7164
24.494164,-77.7172239999999
24.4833300000001,-77.72084
24.473331,-77.725281
24.456387,-77.7383419999999
24.4538879999999,-77.743057
24.4499970000001,-77.760559
24.443607,-77.8047329999999
24.425552,-77.853348
24.4230539999999,-77.857788
24.419167,-77.861389
24.4144440000001,-77.863892
24.402775,-77.8666689999999
24.390274,-77.865845
24.3805540000001,-77.8619539999999
24.3758320000001,-77.864182
24.36861,-77.871399
24.277222,-78.0113979999999
24.272778,-78.0213929999999
24.2713850000001,-78.034454
24.2730520000001,-78.040283
24.275833,-78.044724
24.280277,-78.047501
24.290554,-78.0508419999999
24.333332,-78.063065
24.354721,-78.068619
24.3597220000001,-78.070847
24.3724980000001,-78.079178
24.3797190000001,-78.0863949999999
24.385555,-78.095291
24.459164,-78.214172
24.489441,-78.280838
24.5038870000001,-78.311111
24.508888,-78.320847
24.5222210000001,-78.343613
24.5347209999999,-78.360291
24.562775,-78.390839
24.6136089999999,-78.440567
24.61972,-78.439728
24.708885,-78.325562
24.711388,-78.320847
24.711109,-78.3147279999999
24.7067200000001,-78.309006
24.697498,-78.299454
24.683609,-78.292511
24.6786080000001,-78.290558
24.6675000000001,-78.2880709999999
24.6558299999999,-78.2877809999999
24.644997,-78.291397
24.621944,-78.3047329999999
24.602219,-78.328339
24.59222,-78.3325039999999
24.5863880000001,-78.3313899999999
24.5830540000001,-78.3275149999999
24.581387,-78.3216709999999
24.561943,-78.248611
24.5599980000001,-78.235565
24.5611080000001,-78.229446
24.5630530000001,-78.2241669999999
24.5663870000001,-78.2202909999999
24.5975000000001,-78.19278
24.610554,-78.1930689999999
24.6161079999999,-78.194458
24.722775,-78.2566679999999
24.721107,-78.266678
24.7049980000001,-78.261948
24.679996,-78.260284
24.674721,-78.261948
24.6705550000001,-78.265015
24.670277,-78.271957
24.6738850000001,-78.275558
24.721107,-78.3058469999999
24.7608300000001,-78.2950129999999
24.7716639999999,-78.291397
24.776386,-78.288895
24.7916640000001,-78.2752839999999
24.8347209999999,-78.2358399999999
24.8572200000001,-78.2105559999999
24.858887,-78.205002
24.867775,-78.199448
24.917221,-78.177231
25.023052,-78.156677
25.03611,-78.155563
25.057777,-78.1611179999999
25.0674969999999,-78.1652829999999
25.1144410000001,-78.1880649999999
25.173885,-78.21167
25.1849980000001,-78.214447
25.1974980000001,-78.213623
25.202774,-78.211945
25.2019420000001,-78.205002
25.203609,-78.191956
---
25.340275,-76.410278
25.343281,-76.349701
25.319574,-76.3287809999999
25.2977280000001,-76.323204
25.28722,-76.313065
25.146111,-76.1322329999999
25.135277,-76.121674
25.1311070000001,-76.118896
25.1163859999999,-76.113068
25.105,-76.110565
25.080276,-76.109177
25.0666659999999,-76.110001
24.846107,-76.13945
24.6899990000001,-76.168335
24.7152750000001,-76.216125
24.7936099999999,-76.320282
24.8008310000001,-76.327515
24.8136100000001,-76.335846
24.818607,-76.3377839999999
24.8249970000001,-76.3380579999999
24.8658330000001,-76.2111209999999
25.0091630000001,-76.145004
25.015274,-76.14389
25.0647200000001,-76.143616
25.077221,-76.145004
25.1044429999999,-76.151947
25.1277770000001,-76.1633449999999
25.140831,-76.1716769999999
25.1444440000001,-76.175003
25.153889,-76.1874999999999
25.1633300000001,-76.208069
25.172222,-76.24556
25.178055,-76.254456
25.253609,-76.314453
25.270554,-76.3255619999999
25.2841640000001,-76.333069
25.293888,-76.336945
25.2983320000001,-76.339737
25.302498,-76.3425139999999
25.318333,-76.355835
25.321663,-76.366394
25.324997,-76.3783419999999
25.3280530000001,-76.3986209999999
25.3508299999999,-76.5069579999999
25.352497,-76.513062
25.3577770000001,-76.522781
25.363609,-76.531403
25.3702769999999,-76.539459
25.373886,-76.5430599999999
25.3861079999999,-76.5522309999999
25.3933300000001,-76.559448
25.406666,-76.575562
25.4161110000001,-76.587784
25.422222,-76.59639
25.426666,-76.6069489999999
25.429996,-76.618896
25.43222,-76.632507
25.4416659999999,-76.715836
25.5591659999999,-76.735291
25.544441,-76.678345
25.4894409999999,-76.680283
25.398331,-76.53334
---
25.701111,-77.828339
25.712498,-77.8383479999999
25.774441,-77.8880619999999
25.7794420000001,-77.890015
25.785,-77.8880619999999
25.786388,-77.8749999999999
25.781944,-77.864456
25.775276,-77.8564
25.719997,-77.819458
25.715832,-77.816956
25.7102780000001,-77.8155669999999
25.7055549999999,-77.818069
25.702221,-77.821945
---
26.26722,-77.568619
26.3186070000001,-77.581116
26.324718,-77.58168
26.335552,-77.575012
26.3361090000001,-77.57251
26.335831,-77.566391
26.306942,-77.537231
26.3008310000001,-77.536957
26.2961080000001,-77.5394589999999
26.2722210000001,-77.5591739999999
26.2688870000001,-77.5633389999999
---
26.6894420000001,-77.908615
26.6424980000001,-77.938065
26.6483310000001,-77.946945
26.6527750000001,-77.957504
26.654442,-77.9636229999999
26.658607,-78.013336
26.658886,-78.021118
26.635277,-78.2375029999999
26.6341630000001,-78.243622
26.6238860000001,-78.298889
26.610832,-78.366119
26.5566640000001,-78.546402
26.5305520000001,-78.602783
26.4961090000001,-78.678345
26.4924960000001,-78.6891779999999
26.489719,-78.708618
26.489719,-78.723068
26.4905550000001,-78.7300109999999
26.4974980000001,-78.753342
26.4997220000001,-78.758896
26.50861,-78.772232
26.5425,-78.8191679999999
26.549164,-78.827225
26.67083,-78.9686129999999
26.695274,-78.978897
26.6413880000001,-78.874451
26.616943,-78.840012
26.6002770000001,-78.820282
26.585831,-78.797791
26.5836110000001,-78.718903
26.5838850000001,-78.704178
26.584999,-78.6980589999999
26.5905530000001,-78.681671
26.5955539999999,-78.672226
26.6094440000001,-78.6569519999999
26.6136090000001,-78.653625
26.683887,-78.602783
26.695274,-78.599731
26.7016640000001,-78.600281
26.734165,-78.5188899999999
26.693054,-78.376114
26.68972,-78.363892
26.68861,-78.349457
26.6883320000001,-78.3272249999999
26.6938860000001,-78.310837
26.7105520000001,-78.246124
26.708611,-78.198624
26.702499,-78.1272279999999
26.7013850000001,-78.120285
26.7022210000001,-78.1064
26.7247200000001,-77.9836119999999
26.7294430000001,-77.966675
26.731941,-77.961945
26.735275,-77.957779
26.7424960000001,-77.950562
26.7513890000001,-77.9444579999999
26.7452769999999,-77.9172359999999
---
26.90583,-77.696945
26.9030530000001,-77.661957
26.90583,-77.6355589999999
26.9108310000001,-77.606674
26.9141650000001,-77.602509
26.9144440000001,-77.5972289999999
26.9130550000001,-77.591125
26.9074969999999,-77.5736239999999
26.896664,-77.5466769999999
26.8913880000001,-77.536957
26.8688890000001,-77.508057
26.8628620000001,-77.500839
26.836388,-77.472778
26.785831,-77.420837
26.668053,-77.303619
26.663055,-77.301682
26.6233329999999,-77.2777859999999
26.6205520000001,-77.275009
26.6183320000001,-77.2694549999999
26.607498,-77.226395
26.579998,-77.156403
26.548885,-77.089737
26.539997,-77.076401
26.520832,-77.051392
26.5172200000001,-77.047791
26.508888,-77.042236
26.497776,-77.039734
26.359722,-77.027786
26.3063890000001,-77.050003
26.3099980000001,-77.053619
26.310276,-77.059723
26.308887,-77.073059
26.306942,-77.078613
26.286388,-77.109726
26.2619440000001,-77.143341
26.2552759999999,-77.151398
26.239441,-77.1644589999999
26.2286110000001,-77.168335
26.1977770000001,-77.173889
26.074718,-77.188614
26.027222,-77.189728
25.9569440000001,-77.1874999999999
25.929443,-77.188339
25.8980520000001,-77.1930689999999
25.891941,-77.1944579999999
25.884163,-77.200562
25.880833,-77.204727
25.8791660000001,-77.218063
25.8813860000001,-77.2314
25.8836100000001,-77.236954
25.889442,-77.24556
25.9166640000001,-77.268616
25.934444,-77.279175
25.9588850000001,-77.289169
25.973053,-77.2961119999999
25.9808310000001,-77.302505
25.983887,-77.3069459999999
25.9877780000001,-77.3180689999999
26.0263860000001,-77.398056
26.076111,-77.307785
26.143608,-77.2227779999999
26.146942,-77.218903
26.247776,-77.22612
26.4061090000001,-77.2325129999999
26.415833,-77.231949
26.4416660000001,-77.2258449999999
26.4441640000001,-77.2211149999999
26.445553,-77.208069
26.452221,-77.200012
26.5202750000001,-77.154449
26.536388,-77.1480559999999
26.543331,-77.147781
26.548885,-77.148895
26.553055,-77.151947
26.55611,-77.156403
26.5683330000001,-77.1816709999999
26.577499,-77.202515
26.5808300000001,-77.214737
26.583332,-77.227783
26.5847209999999,-77.273056
26.588333,-77.2927859999999
26.5975,-77.330002
26.602219,-77.340561
26.605274,-77.345001
26.610832,-77.346115
26.6405530000001,-77.349731
26.8172190000001,-77.490845
26.856388,-77.5255579999999
26.8594440000001,-77.5300139999999
26.864719,-77.539734
26.8663859999999,-77.5458369999999
26.8666650000001,-77.553345
26.8663859999999,-77.560562
26.8574980000001,-77.59584
26.8583300000001,-77.631958
26.8599970000001,-77.654175
26.8611110000001,-77.6608429999999
26.864998,-77.672501
26.8822210000001,-77.7238919999999
26.9008329999999,-77.789734
26.9041629999999,-77.801956
26.9102750000001,-77.834732
26.9044420000001,-77.893616
26.9030530000001,-77.906677
26.8977780000001,-77.950287
26.9158330000001,-77.916946
26.919441,-77.9061129999999
26.9283330000001,-77.8408359999999
26.9291650000001,-77.82695
26.9144440000001,-77.735001
---
