21.473328,91.886932
21.477772,91.8774720000001
21.483883,91.869431
21.491104,91.862488
21.5011100000001,91.857483
21.513054,91.8544310000001
21.690552,91.843872
21.70166,91.8452610000001
21.7066610000001,91.8466490000001
21.7299960000001,91.856934
21.7436070000001,91.863312
21.751942,91.868866
21.7552759999999,91.881088
21.754719,91.886932
21.7341609999999,91.936371
21.683025,91.947243
21.642773,91.978317
21.630829,91.9813690000001
21.623886,91.9822080000001
21.611664,91.9822080000001
21.5891650000001,91.979431
21.518887,91.96582
21.513885,91.9641570000001
21.506386,91.9577640000001
21.5000000000001,91.9499969999999
21.476662,91.8974910000001
---
21.8027760000001,90.4866490000001
21.8038859999999,90.477768
21.8072200000001,90.470825
21.812496,90.46666
21.820553,90.4674840000001
21.822773,90.469986
21.816109,90.4899750000001
21.8144420000001,90.4927520000001
21.811665,90.495255
21.8074990000001,90.4955290000001
21.8052750000001,90.493591
21.803608,90.49054
---
21.819443,90.418594
21.8208310000001,90.414703
21.823608,90.4127660000001
21.8266640000001,90.414429
21.8291630000001,90.416931
21.850273,90.452774
21.8477750000001,90.4552610000001
21.8449970000001,90.4547119999999
21.8288840000001,90.44693
21.8230510000001,90.4433140000001
21.82111,90.4396970000001
21.8199960000001,90.4324800000001
---
21.713882,89.11998
21.715271,89.1146999999999
21.722496,89.107483
21.7688870000001,89.0733180000001
21.896942,89.0416559999999
21.9030490000001,89.041367
21.9113850000001,89.046646
21.914719,89.0505370000001
21.913609,89.056091
21.9105529999999,89.060257
21.9063839999999,89.0633090000001
21.894997,89.0672150000001
21.8835640000001,89.069122
21.856106,89.078873
21.8190710000001,89.0827710000001
21.7862720000001,89.0895610000001
21.7730520000001,89.126648
21.76722,89.1352690000001
21.7538870000001,89.14415
21.7488820000001,89.1463780000001
21.7352710000001,89.148605
21.723606,89.1483310000001
21.719715,89.145264
21.717495,89.1397090000001
21.714161,89.126648
---
21.891663,90.748596
21.8955500000001,90.742203
21.8977740000001,90.7402650000001
21.9013859999999,90.7394259999999
21.918327,90.7388760000001
21.921108,90.741089
21.922497,90.744431
21.9219400000001,90.748871
21.9130519999999,90.7594300000001
21.9063839999999,90.762207
21.9022180000001,90.762207
21.898331,90.761108
21.8955500000001,90.7588810000001
21.8919410000001,90.7530520000001
---
21.721661,91.826935
21.7252730000001,91.8236080000001
21.7319370000001,91.8227690000001
21.7624970000001,91.823044
21.8886070000001,91.8327640000001
21.893608,91.8341520000001
21.898052,91.8366550000001
21.90583,91.8430480000001
21.921108,91.8558200000001
21.928051,91.863037
21.9249950000001,91.8672030000001
21.9205510000001,91.86998
21.9152720000001,91.8722080000001
21.9125020000001,91.8722379999999
21.896942,91.87915
21.8794399999999,91.8844300000001
21.8599970000001,91.887772
21.8427730000001,91.886383
21.8374979999999,91.8847200000001
21.747494,91.8486020000001
21.7255520000001,91.8369290000001
21.7222179999999,91.8327640000001
---
21.9052730000001,90.639984
21.908329,90.632751
21.9111060000001,90.6308140000001
21.919163,90.6305390000001
21.93055,90.633331
21.94194,90.640549
21.9508289999999,90.650543
21.9549939999999,90.660538
21.955551,90.665543
21.9530490000001,90.6683200000001
21.9466630000001,90.669708
21.939438,90.6680450000001
21.9366610000001,90.6660920000001
21.929996,90.658035
21.9272190000001,90.6558230000001
21.921383,90.652771
21.913609,90.6502690000001
21.9077720000001,90.646378
21.906105,90.643875
---
21.9408300000001,90.684982
21.941383,90.6805420000001
21.9441600000001,90.6785890000001
21.9499970000001,90.675262
21.954716,90.675262
21.9583280000001,90.6763759999999
21.963329,90.6805420000001
21.972771,90.6905360000001
21.9674950000001,90.7005460000001
21.9649960000001,90.7022090000001
21.9605520000001,90.7027739999999
21.954716,90.699142
---
21.854717,90.513611
21.85722,90.5061040000001
21.859161,90.5033260000001
21.861385,90.500824
21.9249950000001,90.5152739999999
21.9355510000001,90.5197140000001
21.945274,90.5288700000001
21.980549,90.5838780000001
21.981384,90.5883180000001
21.944439,90.6030430000001
21.9366610000001,90.602478
21.933605,90.6008150000001
21.91333,90.586655
21.855831,90.5224910000001
---
21.8374979999999,90.324432
21.8386080000001,90.3205410000001
21.8441619999999,90.3163760000001
21.85833,90.312195
21.870552,90.3116460000001
21.8794399999999,90.312195
21.90583,90.318878
21.920273,90.3230440000001
21.97805,90.3549800000001
21.993328,90.368317
21.995548,90.3708190000001
21.9977720000001,90.378311
21.9972149999999,90.3833310000001
21.9949950000001,90.389984
21.993328,90.3930510000001
21.989437,90.3944400000001
21.98555,90.3938750000001
21.8636089999999,90.3449860000001
21.8449970000001,90.336105
21.8405530000001,90.3311
---
21.8988840000001,90.406937
21.8997190000001,90.402771
21.9044420000001,90.398041
21.9105529999999,90.3947140000001
21.926941,90.393326
22.0202750000001,90.40416
22.029999,90.409149
22.036942,90.416382
22.041386,90.426376
22.042221,90.4302670000001
22.0408330000001,90.433594
22.0191649999999,90.459717
22.014442,90.464706
22.0061070000001,90.4702610000001
21.983604,90.4805450000001
21.9697150000001,90.4847109999999
21.9649960000001,90.4849850000001
21.9574970000001,90.483322
21.941662,90.474991
21.9055520000001,90.433044
21.899441,90.4108120000001
---
21.9663850000001,90.3416600000001
21.969162,90.3397060000001
21.973885,90.3391570000001
21.9811060000001,90.3405460000001
21.9919400000001,90.344147
22.004719,90.350266
22.048054,90.373596
22.049721,90.3760830000001
22.0505520000001,90.3802640000001
22.049164,90.384155
22.046944,90.386383
22.04361,90.3880460000001
22.0349959999999,90.386658
22.024441,90.383041
22.009998,90.374146
---
21.988049,90.5174870000001
21.9891620000001,90.513611
21.9994390000001,90.500275
22.007774,90.494431
22.0361100000001,90.4794310000001
22.040276,90.4794310000001
22.075275,90.485809
22.078884,90.486923
22.0863840000001,90.493591
22.1374970000001,90.561646
22.150829,90.5822140000001
22.1561050000001,90.591095
22.1661070000001,90.609711
22.1638830000001,90.6121980000001
22.1583290000001,90.610535
22.0363850000001,90.564697
22.02972,90.561646
22.0205540000001,90.5563660000001
22.0038870000001,90.5449830000001
22.0016630000001,90.54248
21.9911040000001,90.523605
---
22.1605530000001,90.5138850000001
22.1627730000001,90.511383
22.1674960000001,90.511383
22.1711079999999,90.512207
22.173885,90.5141600000001
22.1794399999999,90.5277710000001
22.1761050000001,90.5291600000001
22.1686060000001,90.524429
22.162216,90.516937
---
22.1127740000001,90.9333190000001
22.1138840000001,90.929153
22.11694,90.9222110000001
22.119164,90.9197080000001
22.124718,90.9163820000001
22.131939,90.9147030000001
22.136108,90.9155430000001
22.204716,90.9322050000001
22.2061040000001,90.935806
22.208885,90.9472050000001
22.2094380000001,90.952209
22.20694,90.9541630000001
22.199162,90.955826
22.14555,90.9572140000001
22.13694,90.9563749999999
22.1297190000001,90.9535980000001
22.124439,90.9505460000001
22.114441,90.9408110000001
22.1127740000001,90.937485
---
22.1802750000001,90.9824830000001
22.180828,90.9780430000001
22.184162,90.9760890000001
22.187775,90.9752660000001
22.224438,90.970825
22.240829,90.9719240000001
22.2474940000001,90.974991
22.249718,90.9769290000001
22.25861,90.9871980000001
22.2591630000001,90.9916529999999
22.2566640000001,90.9941410000001
22.253052,90.9949800000001
22.2261050000001,90.996643
22.1861080000001,90.986099
22.1824950000001,90.984985
---
22.219994,90.9460910000001
22.2205510000001,90.9422
22.225273,90.937195
22.2336040000001,90.936096
22.237495,90.9366460000001
22.34972,90.964706
22.3561060000001,90.968323
22.3574980000001,90.9719240000001
22.357773,90.9763790000001
22.356384,90.979706
22.3549960000001,90.98082
22.342773,90.9883120000001
22.329441,90.992203
22.316109,90.9924770000001
22.2869420000001,90.9885860000001
22.2802770000001,90.9858090000001
22.261665,90.9755400000001
22.2236060000001,90.9516600000001
22.2213819999999,90.949417
---
22.368053,91.0008240000001
22.371941,90.995529
22.3766630000001,90.990814
22.385273,90.98526
22.397495,90.9835970000001
22.411942,90.9874879999999
22.414162,90.989975
22.4099959999999,90.9952550000001
22.4013860000001,91.002487
22.3869400000001,91.0119320000001
22.379719,91.013046
22.3755530000001,91.0124970000001
22.3691640000001,91.00943
22.368053,91.0058290000001
---
22.3083310000001,90.640274
22.348331,90.6361080000001
22.3644409999999,90.63443
22.3758280000001,90.632202
22.4197160000001,90.616089
22.42194,90.613876
22.42305,90.604431
22.4247170000001,90.601089
22.427494,90.599152
22.435272,90.598328
22.4413830000001,90.6013790000001
22.4499970000001,90.6074830000001
22.451939,90.61026
22.4522170000001,90.6147
22.4455490000001,90.620819
22.39555,90.6510930000001
22.386662,90.6552580000001
22.3724980000001,90.6594239999999
22.360554,90.6611020000001
22.356384,90.6602630000001
---
22.4044420000001,91.027206
22.40583,91.0227659999999
22.4074969999999,91.0202640000001
22.4105530000001,91.0186
22.4147190000001,91.0180510000001
22.442772,91.026932
22.448605,91.0305480000001
22.452774,91.0361020000001
22.4536059999999,91.040543
22.4524960000001,91.0444340000001
22.45055,91.0480350000001
22.440273,91.0522
22.4336050000001,91.053864
22.420551,91.0544280000001
22.4138830000001,91.051376
22.409439,91.046097
22.404995,91.0361020000001
---
22.391106,91.189148
22.3924940000001,91.185532
22.3952750000001,91.1835940000001
22.4313850000001,91.1685940000001
22.4502719999999,91.1652680000001
22.458328,91.1663820000001
22.4613840000001,91.1685940000001
22.460552,91.1719210000001
22.4544409999999,91.190536
22.453049,91.1938630000001
22.4236070000001,91.2127689999999
22.4197160000001,91.2133180000001
22.4155500000001,91.2124940000001
22.4122159999999,91.2105410000001
---
22.424164,91.004166
22.4247170000001,90.9997100000001
22.426384,90.996094
22.428608,90.9938660000001
22.434162,90.989975
22.437496,90.9885860000001
22.4408299999999,90.9877620000001
22.453884,90.9885860000001
22.4655490000001,90.995819
22.4736060000001,91.0022130000001
22.475552,91.0052640000001
22.476383,91.009155
22.4747160000001,91.0122070000001
22.4680520000001,91.0099950000001
22.428329,91.009155
22.424995,91.0074920000001
---
22.4247170000001,90.6494290000001
22.427773,90.6474910000001
22.4349940000001,90.645828
22.4477729999999,90.645538
22.4669380000001,90.6502690000001
22.478607,90.6555480000001
22.4624940000001,90.6669310000001
22.458607,90.6672059999999
22.437775,90.665268
22.4349940000001,90.66304
---
22.0838850000001,91.027206
22.1719400000001,91.051651
22.184162,91.0535889999999
22.284164,91.062195
22.3322180000001,91.063034
22.345551,91.062485
22.3894390000001,91.063873
22.5074999999999,91.0730440000001
22.5188870000001,91.075821
22.521664,91.077774
22.5255550000001,91.0833279999999
22.525829,91.088043
22.5244410000001,91.0913700000001
22.520275,91.0961
22.5116649999999,91.100815
22.409161,91.14415
22.32111,91.173874
22.290554,91.1799770000001
22.2647210000001,91.1794280000001
22.248051,91.1780400000001
22.218605,91.1746980000001
22.2030490000001,91.1710970000001
22.1869390000001,91.1638790000001
22.178329,91.1574860000001
22.161385,91.1416630000001
22.1547160000001,91.1341550000001
22.1149980000001,91.082489
22.108608,91.0738830000001
22.0922199999999,91.0477600000001
22.086941,91.038879
22.0841640000001,91.0316620000001
---
22.345551,91.5130460000001
22.346386,91.5036010000001
22.348331,91.496094
22.353329,91.486099
22.362217,91.475266
22.4038850000001,91.4466400000001
22.433052,91.4297030000001
22.472218,91.408325
22.4827730000001,91.4052580000001
22.4980510000001,91.402771
22.511108,91.402771
22.523609,91.4052580000001
22.6174960000001,91.42804
22.623886,91.4316560000001
22.6247180000001,91.4358060000001
22.620552,91.447205
22.6055530000001,91.4599910000001
22.513611,91.522766
22.505276,91.5277710000001
22.5000000000001,91.5303500000001
22.4922179999999,91.5341490000001
22.4449960000001,91.5563660000001
22.435272,91.559982
22.420551,91.5638730000001
22.402496,91.5683289999999
22.389717,91.5688780000001
22.381664,91.56749
22.3747180000001,91.564697
22.3666650000001,91.559143
22.361385,91.554428
22.355553,91.545822
22.347775,91.529709
---
22.6088870000001,91.317764
22.610275,91.3144230000001
22.6283299999999,91.3047030000001
22.6299970000001,91.307755
22.6341629999999,91.323044
22.6363830000001,91.3399810000001
22.6333310000001,91.34137
22.6299970000001,91.3394320000001
---
21.987217,90.6713710000001
21.9916610000001,90.639984
21.9927709999999,90.6361080000001
21.9944380000001,90.633606
22.0272220000001,90.6030430000001
22.034164,90.601089
22.0383300000001,90.6008150000001
22.13694,90.6191410000001
22.1561050000001,90.6238710000001
22.173885,90.6305390000001
22.2205510000001,90.6497190000001
22.2236060000001,90.651382
22.2280500000001,90.656372
22.2361070000001,90.662491
22.2513890000001,90.670822
22.258331,90.6735990000001
22.269718,90.6763759999999
22.3413850000001,90.683319
22.3924940000001,90.6847079999999
22.4455490000001,90.676651
22.5022200000001,90.665543
22.512775,90.6619260000001
22.544163,90.6474910000001
22.553051,90.6427610000001
22.5572200000001,90.6372070000001
22.5601270000001,90.6297450000001
22.563885,90.614151
22.5699960000001,90.5999909999999
22.6052740000001,90.556931
22.627495,90.5516510000001
22.6397170000001,90.5508120000001
22.6611060000001,90.5530400000001
22.6774940000001,90.555817
22.75111,90.5747069999999
22.766941,90.5830540000001
22.7719420000001,90.587769
22.7755550000001,90.5938720000001
22.777496,90.6013790000001
22.778332,90.609711
22.7813869999999,90.640549
22.7830540000001,90.658035
22.783333,90.6669310000001
22.782497,90.670822
22.78083,90.6741490000001
22.7752760000001,90.679977
22.771664,90.6819310000001
22.740551,90.692474
22.727219,90.6966400000001
22.6966630000001,90.7027739999999
22.6841620000001,90.7038730000001
22.671661,90.705261
22.6552730000001,90.710815
22.6486049999999,90.7147060000001
22.553886,90.7941440000001
22.5213850000001,90.828873
22.515274,90.8366550000001
22.5000000000001,90.8595660000001
22.491661,90.866653
22.4833300000001,90.8713680000001
22.457218,90.8774720000001
22.436661,90.87886
22.320274,90.8660890000001
22.3166659999999,90.86554
22.2461050000001,90.851089
22.231106,90.8474880000001
22.1572190000001,90.827209
22.1358299999999,90.8202670000001
22.0736080000001,90.773041
22.068607,90.7688749999999
22.064442,90.7638850000001
---
22.685829,90.51944
22.7402730000001,90.49498
22.746384,90.4919280000001
22.754719,90.4860990000001
22.756664,90.4830470000001
22.7586100000001,90.470825
22.761108,90.462494
22.764442,90.4566500000001
22.76722,90.4547119999999
22.863052,90.465546
22.866665,90.4672090000001
22.868885,90.469711
22.8705519999999,90.4772030000001
22.882496,90.5505370000001
22.882217,90.587769
22.8702740000001,90.641663
22.8649980000001,90.6608120000001
22.853886,90.683594
22.846943,90.6910860000001
22.839996,90.693863
22.835831,90.6930390000001
22.828609,90.6908110000001
22.812775,90.682205
22.8077740000001,90.6785890000001
22.805553,90.675812
22.7963870000001,90.656372
22.792496,90.645828
22.7880520000001,90.626373
22.7838230000001,90.565437
22.783195,90.5416180000001
22.751226,90.5444410000001
22.7194400000001,90.5472110000001
---
22.946663,90.6660920000001
22.946663,90.6611020000001
22.949162,90.632751
22.933605,90.6552580000001
22.9308280000001,90.657211
22.918884,90.663879
22.914719,90.6636050000001
22.912495,90.6611020000001
22.9122160000001,90.656097
22.948883,90.5174870000001
22.951107,90.5091550000001
22.95583,90.505264
22.963608,90.5041660000001
22.978329,90.5083310000001
22.9836040000001,90.5124970000001
23.019997,90.542755
23.0249980000001,90.548035
23.0394400000001,90.566086
23.0402759999999,90.5708310000001
23.039719,90.5747069999999
23.036942,90.5819400000001
23.0338860000001,90.5874939999999
23.02972,90.5927580000001
22.9619410000001,90.6586
22.9563830000001,90.662201
---
23.006943,90.4738770000001
23.0075000000001,90.4694370000001
23.0097200000001,90.4674840000001
23.013054,90.4660950000001
23.024441,90.463882
23.039246,90.4636000000001
23.0474970000001,90.4599910000001
23.0591620000001,90.463318
23.0624960000001,90.506653
23.061943,90.510818
23.059998,90.5130460000001
23.056664,90.514435
23.0486070000001,90.5138850000001
23.043053,90.5097200000001
23.028881,90.49054
23.010277,90.4794310000001
23.007774,90.4774780000001
---
23.0469439999999,90.525543
23.048332,90.522766
23.0511089999999,90.5208280000001
23.054718,90.5219270000001
23.062218,90.5335999999999
23.065273,90.541092
23.065273,90.5449830000001
23.0627750000001,90.547485
23.0583310000001,90.54776
23.0533290000001,90.54332
23.0486070000001,90.5335999999999
23.047218,90.529709
---
23.3324970000001,90.558868
23.315273,90.5847170000001
23.309719,90.5891570000001
23.3024980000001,90.590271
23.301941,90.5858150000001
23.3088870000001,90.5630340000001
23.3336070000001,90.525543
23.3083310000001,90.5083310000001
23.3061070000001,90.5058290000001
23.306385,90.500824
23.348606,90.4422000000001
23.353329,90.4371950000001
23.3586080000001,90.433594
23.3788830000001,90.421097
23.383053,90.421646
23.3847200000001,90.4246980000001
23.3847200000001,90.4297030000001
23.382774,90.451935
23.381664,90.456375
23.3769420000001,90.471375
23.3586080000001,90.5166630000001
23.3516620000001,90.529434
23.3482490000001,90.533302
23.343887,90.5408170000001
---
23.4819370000001,90.6805420000001
23.482773,90.676651
23.489437,90.664429
23.501389,90.651657
23.5041659999999,90.6502690000001
23.5066640000001,90.652206
23.5075000000001,90.6613770000001
23.5063860000001,90.6663819999999
23.5005530000001,90.684982
23.497215,90.6919250000001
23.493885,90.692749
23.489437,90.6922000000001
23.486938,90.6905360000001
23.4844400000001,90.6885830000001
23.482773,90.684982
---
23.5644420000001,90.5691530000001
23.569164,90.5641480000001
23.5733300000001,90.5633090000001
23.576942,90.5644230000001
23.5827750000001,90.568054
23.584442,90.5711060000001
23.5852740000001,90.575272
23.5852740000001,90.5802760000001
23.583885,90.584152
23.5813870000001,90.586655
23.5777740000001,90.5874939999999
23.574997,90.584991
23.56472,90.573608
---
26.4652689999999,88.5727690000001
26.4708310000001,88.606934
26.420271,88.6808170000001
26.3919390000001,88.6941380000001
26.3332600000001,88.7039790000001
26.2935100000001,88.735764
26.240141,88.857147
26.2351700000001,89.0204770000001
26.26742,89.0466770000001
26.2817900000001,89.0413440000001
26.334049,88.9761430000001
26.34354,88.9620590000001
26.354481,88.932152
26.360741,88.9145740000001
26.3750800000001,88.907494
26.3927100000001,88.9091570000001
26.400749,88.912643
26.4248790000001,88.9248279999999
26.4458200000001,88.9387820000001
26.43955,88.9546130000001
26.3876990000001,89.067207
26.3829590000001,89.074257
26.2982290000001,89.0904390000001
26.1784,89.120811
26.159269,89.1296770000001
26.148149,89.140266
26.0658800000001,89.2530140000001
26.02483,89.319908
26.017031,89.342773
26.0056400000001,89.504356
26.015631,89.5482180000001
26.06896,89.6024169999999
26.099319,89.5952610000001
26.121611,89.581123
26.1311610000001,89.5740510000001
26.1375010000001,89.5670010000001
26.150261,89.561684
26.161461,89.559868
26.22747,89.6017230000001
26.2325310000001,89.6297910000001
26.2278000000001,89.638603
26.189461,89.6493
26.1624950000001,89.677475
26.159439,89.681656
26.1588860000001,89.688034
26.1591610000001,89.694977
26.162773,89.7172090000001
26.1586070000001,89.7341460000001
26.156384,89.7391509999999
26.1474949999999,89.745255
26.0888860000001,89.77887
25.9991610000001,89.829987
25.906166,89.8490140000001
25.8744389999999,89.8305510000001
25.8524970000001,89.8180540000001
25.8344420000001,89.808319
25.823051,89.8072050000001
25.8161090000001,89.808319
25.69194,89.8461
25.6536060000001,89.8616490000001
25.6405530000001,89.864426
25.6049960000001,89.8633120000001
25.576664,89.8599850000001
25.515543,89.851379
25.438328,89.829437
25.4238849999999,89.8255460000001
25.37318,89.8159180000001
25.3669400000001,89.815536
25.3632349999999,89.8165510000001
25.3608280000001,89.8172150000001
25.3066640000001,89.8330540000001
25.2961079999999,89.8377689999999
25.288609,89.8452610000001
25.285831,89.8563690000001
25.285275,89.862762
25.286385,89.870255
25.290554,89.881927
25.2933310000001,89.8869320000001
25.3038859999999,89.8988800000001
25.3066640000001,89.9038699999999
25.308887,89.9097140000001
25.3099980000001,89.9172060000001
25.2952769999999,89.9660950000001
25.2608299999999,90.0391540000001
25.2136080000001,90.1691440000001
25.1541629999999,90.3833310000001
25.148884,90.4124910000001
25.1472170000001,90.4383090000001
25.153049,90.4566500000001
25.159718,90.464706
25.1624949999999,90.469711
25.1747170000001,90.523315
25.1736070000001,90.535812
25.166386,90.59082
25.148331,90.8341520000001
25.148605,90.848038
25.1505510000001,90.86998
25.160553,90.9638820000001
25.1622160000001,90.970535
25.172771,90.9997100000001
25.1836050000001,91.0374910000001
25.1922190000001,91.069153
25.193607,91.076096
25.1963840000001,91.105545
25.1954779999999,91.171577
25.2069400000001,91.251663
25.2077710000001,91.257767
25.2047160000001,91.268875
25.1827740000001,91.311371
25.140831,91.470261
25.138607,91.4822080000001
25.1380500000001,91.488312
25.1447180000001,91.6972050000001
25.149162,91.699707
25.153049,91.703049
25.159439,91.711105
25.167217,91.7494200000001
25.1833310000001,91.9330440000001
25.1883280000001,92.020828
25.1877749999999,92.0408170000001
25.1869390000001,92.0469360000001
25.177494,92.093597
25.17083,92.1152650000001
25.139996,92.1930390000001
25.079441,92.3324890000001
25.0305520000001,92.406372
25.0205540000001,92.4113770000001
25.0136110000001,92.4124910000001
25.001942,92.4116520000001
24.985271,92.4108120000001
24.9724960000001,92.4166560000001
24.9669380000001,92.420532
24.964611,92.423141
24.9630510000001,92.426376
24.9613840000001,92.4349820000001
24.9608270000001,92.4444270000001
24.957771,92.4513850000001
24.9299960000001,92.4830470000001
24.92083,92.4880370000001
24.9138830000001,92.4899750000001
24.906353,92.4916690000001
24.883053,92.4947050000001
24.8787880000001,92.493835
24.8759800000001,92.491898
24.872219,92.486099
24.8666840000001,92.474701
24.850254,92.439148
24.848309,92.4339450000001
24.8404200000001,92.4017330000001
24.8446309999999,92.3907170000001
24.851995,92.384209
24.858578,92.383041
24.8824959999999,92.342484
24.9049950000001,92.293594
24.907772,92.275543
24.9036060000001,92.255264
24.896385,92.2480319999999
24.891941,92.2455290000001
24.886383,92.244705
24.860828,92.245819
24.842495,92.250549
24.833607,92.256378
24.8297200000001,92.2599949999999
24.82444,92.262207
24.8183290000001,92.263611
24.812218,92.2638850000001
24.7952770000001,92.2613830000001
24.7738880000001,92.256653
24.742493,92.2485960000001
24.575554,92.194427
24.5652730000001,92.191086
24.5563850000001,92.185532
24.552498,92.1822050000001
24.5461080000001,92.1738740000001
24.5266630000001,92.140823
24.522774,92.137497
24.5138850000001,92.1324770000001
24.496941,92.1302640000001
24.4844400000001,92.1302640000001
24.437218,92.137497
24.414162,92.135269
24.4052730000001,92.1302640000001
24.3933300000001,92.121368
24.3866619999999,92.1130370000001
24.319439,91.989426
24.31805,91.9827580000001
24.319439,91.977478
24.3233260000001,91.973038
24.349442,91.94664
24.3447190000001,91.9358060000001
24.334995,91.923599
24.3311040000001,91.9202579999999
24.3266600000001,91.917755
24.320549,91.918045
24.2947160000001,91.929703
24.288605,91.9313660000001
24.2755510000001,91.9324800000001
24.269993,91.931656
24.1769370000001,91.9063720000001
24.156937,91.899994
24.149715,91.8924870000001
24.148331,91.885803
24.1497189999999,91.880249
24.151939,91.875519
24.1544420000001,91.7519230000001
24.0966640000001,91.5935670000001
24.0902750000001,91.568024
24.0869410000001,91.546326
24.088329,91.5204930000001
24.090553,91.4821620000001
24.0911060000001,91.4757690000001
24.1080510000001,91.4293980000001
24.110828,91.411636
24.109718,91.3972020000001
24.1069410000001,91.38414
24.10194,91.3732910000001
23.9711070000001,91.269714
23.966663,91.2672120000001
23.907772,91.237762
23.896385,91.2363740000001
23.8833309999999,91.2374880000001
23.8727720000001,91.2419280000001
23.858608,91.2502750000001
23.853329,91.252487
23.8463860000001,91.2533260000001
23.840832,91.252777
23.8302760000001,91.250549
23.7638850000001,91.2227629999999
23.7561070000001,91.216385
23.7527770000001,91.2122040000001
23.7508320000001,91.2066500000001
23.7497180000001,91.1991420000001
23.75111,91.186646
23.7508320000001,91.1733090000001
23.7483290000001,91.16832
23.7449950000001,91.1641540000001
23.7366600000001,91.1586000000001
23.7316630000001,91.156937
23.7197150000001,91.1563720000001
23.640553,91.1594240000001
23.6224980000001,91.1644290000001
23.517776,91.2052610000001
23.5124970000001,91.2074890000001
23.508053,91.210266
23.504444,91.213882
23.45166,91.2547150000001
23.3733290000001,91.2822110000001
23.297218,91.299988
23.23666,91.3130340000001
23.2099949999999,91.316086
23.1902730000001,91.3197169999999
23.1336059999999,91.330551
23.115551,91.335541
23.1049960000001,91.3399810000001
23.0913849999999,91.3486020000001
23.0869410000001,91.3516540000001
23.075829,91.3621980000001
23.0691640000001,91.3699800000001
23.0647200000001,91.379425
23.064163,91.392212
23.0661090000001,91.3980410000001
23.0694430000001,91.402206
23.0794410000001,91.4052580000001
23.0913849999999,91.4058230000001
23.097496,91.40416
23.129719,91.391373
23.1358300000001,91.389709
23.181107,91.3810880000001
23.20694,91.377472
23.2124939999999,91.378036
23.2238850000001,91.3797
23.2338830000001,91.382751
23.263332,91.3927610000001
23.266666,91.396942
23.267498,91.4044339999999
23.266109,91.4166560000001
23.261944,91.426086
23.2469409999999,91.447205
23.2224960000001,91.4730380000001
23.2180520000001,91.4760890000001
23.162495,91.492752
23.0030520000001,91.546646
22.9983290000001,91.5494230000001
22.9872169999999,91.559982
22.9836040000001,91.5635990000001
22.9461059999999,91.609421
22.94305,91.6136020000001
22.994717,91.724991
23.036942,91.778595
23.078331,91.8133090000001
23.0872190000001,91.8183290000001
23.097775,91.820541
23.158886,91.8047030000001
23.1949960000001,91.795258
23.226662,91.7819369999999
23.2305490000001,91.77832
23.243885,91.7697140000001
23.2500000000001,91.7680510000001
23.2566640000001,91.767212
23.268608,91.7677610000001
23.274166,91.7686000000001
23.2841639999999,91.771652
23.3124960000001,91.7836
23.330276,91.7933200000001
23.343052,91.801376
23.4102750000001,91.844986
23.4336050000001,91.880814
23.4358290000001,91.8866580000001
23.440273,91.9063720000001
23.4419399999999,91.921371
23.4419399999999,91.9280400000001
23.4444389999999,91.9330440000001
23.4966620000001,91.9644320000001
23.501663,91.966095
23.5119780000001,91.9673609999999
23.562775,91.9630430000001
23.583332,91.960266
23.599998,91.9541630000001
23.6422200000001,91.943314
23.6672169999999,91.937485
23.6738850000001,91.936646
23.690273,91.939697
23.722771,91.945816
23.7277720000001,91.947479
23.7322160000001,91.9499969999999
23.733051,91.9574890000001
23.7316630000001,91.962769
23.72805,91.966385
23.7233280000001,91.969437
23.7013850000001,91.977478
23.648052,92.026382
23.6452750000001,92.0305480000001
23.6452750000001,92.037201
23.649162,92.0646970000001
23.651661,92.069717
23.6908300000001,92.1097110000001
23.73682,92.17485
23.7066610000001,92.203049
23.7194400000001,92.2686
23.7163850000001,92.272766
23.705273,92.2833250000001
23.696106,92.2888790000001
23.689438,92.2899780000001
23.5729180000001,92.299789
23.456104,92.323318
23.36742,92.358109
23.339718,92.3702550000001
23.2933310000001,92.3869320000001
23.289547,92.387863
23.2799259999999,92.3869779999999
23.248329,92.365814
23.234161,92.3510890000001
23.2236060000001,92.3486020000001
23.177773,92.352478
22.94194,92.3746950000001
22.935829,92.376373
22.7563860000001,92.4705350000001
22.747494,92.4763790000001
22.7444380000001,92.480545
22.736938,92.500824
22.7311060000001,92.509155
22.7219390000001,92.514709
22.715828,92.5163880000001
22.596943,92.5330510000001
22.5847210000001,92.5330510000001
22.574718,92.529984
22.570274,92.527481
22.560276,92.524155
22.5541650000001,92.524155
22.547218,92.525269
22.357773,92.568604
22.3222200000001,92.5783230000001
22.175552,92.596939
22.136108,92.5952610000001
22.0661089999999,92.5849910000001
21.9822160000001,92.6008150000001
21.9649960000001,92.606094
21.921108,92.615265
21.8955500000001,92.61998
21.8819389999999,92.6216430000001
21.8758280000001,92.6216430000001
21.865829,92.618591
21.861385,92.6160889999999
21.8577730000001,92.612762
21.8488850000001,92.608032
21.8438870000001,92.606369
21.7949980000001,92.5991520000001
21.666386,92.5986020000001
21.6472170000001,92.5994260000001
21.634163,92.6002660000001
21.469994,92.6180420000001
21.414997,92.6308140000001
21.3727720000001,92.6413730000001
21.34972,92.6480410000001
21.3272210000001,92.655258
21.312218,92.662201
21.2969820000001,92.669342
21.2933310000001,92.6660920000001
21.256943,92.6235960000001
21.2505530000001,92.607483
21.2497180000001,92.6002660000001
21.251942,92.595535
21.2549970000001,92.59137
21.25861,92.588043
21.2683300000001,92.5830540000001
21.3780520000001,92.537491
21.469994,92.3863830000001
21.474163,92.376923
21.473328,92.3630370000001
21.4713820000001,92.3572080000001
21.4144400000001,92.260818
21.3580510000001,92.222214
21.300552,92.2049870000001
21.2188840000001,92.2058260000001
21.143608,92.207489
21.140553,92.2116550000001
21.13694,92.214996
21.125828,92.2252660000001
21.117496,92.231659
21.113052,92.2341460000001
21.05431,92.261932
21.0319400000001,92.256378
21.0272219999999,92.2558290000001
20.9830510000001,92.255554
20.966938,92.257217
20.934719,92.260818
20.919163,92.263321
20.9066620000001,92.2686
20.868053,92.291092
20.8311080000001,92.3097080000001
20.7741660000001,92.3302760000001
20.7641639999999,92.3333280000001
20.7513890000001,92.3338780000001
20.74416,92.3316649999999
20.7413829999999,92.329987
20.7388839999999,92.327484
20.7380489999999,92.323608
20.739162,92.3197170000001
20.7413829999999,92.317215
20.756107,92.3033140000001
20.764442,92.29776
20.9019390000001,92.2224880000001
20.9330520000001,92.207489
21.06694,92.123032
21.122219,92.075272
21.13583,92.0649869999999
21.158051,92.050262
21.1719400000001,92.045822
21.18055,92.045258
21.19305,92.045822
21.228607,92.0488740000001
21.253609,92.0524750000001
21.277775,92.049988
21.292221,92.0460970000001
21.328884,92.026932
21.3686070000001,92.0019380000001
21.4013860000001,91.978592
21.4094390000001,91.971924
21.4505500000001,91.9552610000001
21.466385,91.973038
21.4961050000001,92.0047150000001
21.635273,92.0363770000001
21.6602750000001,92.039429
21.701385,92.0277710000001
21.704163,92.026382
21.70583,92.0230410000001
21.703049,92.020828
21.6799960000001,92.015549
21.671661,92.0160979999999
21.668327,92.0174870000001
21.661663,92.014999
21.657219,92.00972
21.648331,91.9897
21.6488840000001,91.9849849999999
21.651939,91.9791560000001
21.6541630000001,91.9766540000001
21.680092,91.9619140000001
21.733505,91.946365
21.7558100000001,91.9545820000001
21.791615,91.95018
21.7744410000001,91.9013820000001
21.862774,91.9152680000001
21.9227710000001,91.9022060000001
22.1027760000001,91.856934
22.1161080000001,91.8430480000001
22.1158290000001,91.839157
22.1172180000001,91.8358150000001
22.1219410000001,91.8311
22.130276,91.825821
22.13694,91.82222
22.1536060000001,91.816376
22.1936070000001,91.8113710000001
22.2294390000001,91.788589
22.2316630000001,91.7861020000001
22.237495,91.7827610000001
22.2549970000001,91.773041
22.2624970000001,91.7708280000001
22.319996,91.761108
22.353329,91.7588810000001
22.3686070000001,91.756104
22.3855510000001,91.750275
22.4047160000001,91.741928
22.4727710000001,91.7088780000001
22.488327,91.699997
22.53722,91.669434
22.5541650000001,91.658325
22.6741640000001,91.56749
22.7024960000001,91.5441440000001
22.789997,91.4558260000001
22.7130510000001,91.3347170000001
22.6591610000001,91.2510990000001
22.6544420000001,91.2558290000001
22.6455500000001,91.2605440000001
22.637775,91.262207
22.62944,91.261108
22.6222190000001,91.258881
22.616108,91.2555540000001
22.5872189999999,91.2324830000001
22.5855520000001,91.228867
22.577496,91.1255340000001
22.577496,91.111923
22.5911060000001,91.0419310000001
22.579529,91.007759
22.574718,91.0008240000001
22.571384,90.9947050000001
22.568329,90.9827580000001
22.5697170000001,90.9688720000001
22.571663,90.961655
22.578331,90.948318
22.5822180000001,90.9435879999999
22.6855509999999,90.833603
22.6911050000001,90.8294370000001
22.7322160000001,90.7994230000001
22.756943,90.7816619999999
22.7655530000001,90.7763820000001
22.8230320000001,90.7508320000001
22.8605539999999,90.748032
22.8716620000001,90.7458190000001
22.922497,90.723312
22.925552,90.7219240000001
22.948883,90.7072140000001
22.9916610000001,90.6797030000001
23.0316660000001,90.643875
23.0416640000001,90.6305390000001
23.048332,90.626648
23.058609,90.6238710000001
23.063332,90.6238710000001
23.1891630000001,90.6385960000001
23.2083280000001,90.643875
23.3174969999999,90.6297000000001
23.3188860000001,90.626648
23.3277739999999,90.615814
23.367218,90.5949860000001
23.370552,90.5935970000001
23.378609,90.5930480000001
23.454994,90.597488
23.462772,90.5986020000001
23.4744380000001,90.6066440000001
23.4844400000001,90.6258090000001
23.4877740000001,90.6363830000001
23.4877740000001,90.641373
23.484718,90.658035
23.4755519999999,90.6888729999999
23.4763829999999,90.692749
23.478329,90.6963650000001
23.482773,90.7013850000001
23.4958270000001,90.712494
23.5047190000001,90.7166600000001
23.513332,90.7174840000001
23.5449980000001,90.7166600000001
23.549164,90.711929
23.552219,90.7049870000001
23.551403,90.6916959999999
23.524998,90.6977540000001
23.5161090000001,90.6963650000001
23.5124970000001,90.694977
23.5072210000001,90.6910860000001
23.517673,90.666374
23.5125080000001,90.6476900000001
23.501934,90.645721
23.489716,90.6030430000001
23.4902730000001,90.5986020000001
23.497215,90.5961
23.533886,90.586655
23.546665,90.586655
23.5538859999999,90.5891570000001
23.5791630000001,90.6058199999999
23.5841639999999,90.611099
23.597965,90.593826
23.586662,90.560806
23.5758290000001,90.4736020000001
23.5622180000001,90.4847109999999
23.558052,90.4899750000001
23.5527760000001,90.49942
23.549164,90.5158230000001
23.546665,90.573608
23.5419429999999,90.578598
23.5377770000001,90.579437
23.520275,90.579437
23.4477730000001,90.575272
23.439163,90.5747069999999
23.4352719999999,90.573608
23.383884,90.5502620000001
23.3847200000001,90.5458220000001
23.396107,90.485809
23.4133300000001,90.397491
23.4191630000001,90.374146
23.4291610000001,90.3347170000001
23.4358290000001,90.310806
23.4144400000001,90.3088680000001
23.3266640000001,90.4235989999999
23.3233300000001,90.4294280000001
23.306385,90.471375
23.2999990000001,90.4896999999999
23.297497,90.507492
23.2967640000001,90.526718
23.294163,90.554153
23.2924960000001,90.562195
23.289719,90.5699920000001
23.2838860000001,90.5802760000001
23.24305,90.6055450000001
23.222218,90.6124880000001
23.214439,90.613876
23.1894380000001,90.6147
23.125275,90.6005400000001
23.1105540000001,90.5961
23.089996,90.578598
23.0761070000001,90.5638730000001
23.07222,90.5580290000001
23.07111,90.549713
23.072031,90.4931260000001
23.0716630000001,90.458603
23.0705530000001,90.4502720000001
23.0649990000001,90.4466399999999
23.0558320000001,90.445816
23.048332,90.447205
23.0436130000001,90.4492260000001
22.964718,90.481659
22.8805499999999,90.4730379999999
22.8792550000001,90.4648280000001
22.770189,90.4243999999999
22.7494389999999,90.4561
22.6944390000001,90.495255
22.5344430000001,90.5813750000001
22.520554,90.58638
22.4791600000001,90.5994260000001
22.4644390000001,90.603592
22.432352,90.5903850000001
22.3711090000001,90.6169280000001
22.353886,90.6177520000001
22.336109,90.6169280000001
22.3105550000001,90.614151
22.294998,90.6108090000001
22.274441,90.603317
22.2097170000001,90.5641480000001
22.2038840000001,90.559982
22.187492,90.5276180000001
22.1722240000001,90.4959490000001
22.143948,90.49086
22.0761070000001,90.4463650000001
22.0716630000001,90.4405360000001
22.0705530000001,90.4316560000001
22.0738870000001,90.425262
22.0905530000001,90.3944400000001
22.0955510000001,90.3891600000001
22.1036070000001,90.3880460000001
22.1116640000001,90.389709
22.1516610000001,90.4058229999999
22.2072180000001,90.4063720000001
22.2324939999999,90.4055480000001
22.260555,90.4013820000001
22.2177730000001,90.3883210000001
22.20916,90.386658
22.2038840000001,90.3905490000001
22.1641620000001,90.3963780000001
22.081387,90.3710940000001
22.075275,90.368042
22.0658300000001,90.3583220000001
22.056385,90.348602
22.051388,90.3435969999999
22.0463870000001,90.3391570000001
22.0352750000001,90.331375
22.00222,90.3172150000001
21.9822160000001,90.309982
21.966663,90.3055420000001
21.90583,90.291656
21.8974950000001,90.290543
21.8752749999999,90.2841490000001
21.8622170000001,90.2794340000001
21.849163,90.2724910000001
21.844719,90.2674870000001
21.806107,90.2113800000001
21.8008310000001,90.197479
21.798885,90.189697
21.7983320000001,90.1708220000001
21.8016620000001,90.154709
21.8122180000001,90.1155400000001
21.8599970000001,90.0247040000001
21.8669400000001,90.021927
21.9386060000001,90.028046
21.945827,90.029984
21.952217,90.0336
21.9887730000001,90.059036
21.9822160000001,90.052475
21.9799960000001,90.045258
21.9811060000001,90.0358120000001
21.9911040000001,90.006943
21.9944990000001,89.999985
22.0000529999999,89.996628
22.0253410000001,89.991928
22.124439,90.0391540000001
22.1308290000001,90.042206
22.135273,90.046646
22.141941,90.059708
22.1441610000001,90.066666
22.147495,90.0727690000001
22.153049,90.07666
22.1597180000001,90.0799870000001
22.1627730000001,90.0730439999999
22.159996,90.066666
22.14444,90.0438690000001
22.1405530000001,90.038879
22.135273,90.0338750000001
22.0389330000001,89.9794620000001
22.031158,89.9772190000001
22.0225070000001,89.977203
22.014721,89.978302
22.0003170000001,89.9824680000001
21.9839170000001,89.984695
21.976681,89.9824680000001
21.9716640000001,89.978027
21.9694400000001,89.9705200000001
21.970551,89.9616389999999
21.9730490000001,89.9541630000001
21.9766620000001,89.948593
21.9916610000001,89.9355320000001
21.9977720000001,89.9322050000001
22.0372200000001,89.9158170000001
22.051109,89.911102
22.0588870000001,89.9102630000001
22.0680540000001,89.9105380000001
22.075829,89.912201
22.1013869999999,89.915268
22.127773,89.915268
22.1447180000001,89.914154
22.199997,89.896103
22.21944,89.8866580000001
22.2305490000001,89.8797000000001
22.2369380000001,89.8771970000001
22.244717,89.87442
22.2602770000001,89.872208
22.2694440000001,89.8724820000001
22.2838860000001,89.8758090000001
22.354164,89.9094240000001
22.3669399999999,89.9160920000001
22.3894390000001,89.931091
22.4038850000001,89.9452510000001
22.4272160000001,89.9705200000001
22.4324910000001,89.9744110000001
22.4503100000001,89.984787
22.483751,89.9999999999999
22.4689329999999,89.981659
22.46484,89.9766390000001
22.4336050000001,89.943039
22.3902740000001,89.9094240000001
22.3147200000001,89.8599850000001
22.286663,89.847763
22.2672200000001,89.841095
22.2547190000001,89.84166
22.2188840000001,89.8516540000001
22.2016600000001,89.8574830000001
22.189716,89.8608090000001
22.1716610000001,89.8658140000001
22.1649970000001,89.8669280000001
22.145275,89.8691410000001
22.1019400000001,89.870819
22.0955510000001,89.870819
22.0849950000001,89.868866
22.0761070000001,89.864426
22.07222,89.8610990000001
21.988884,89.8474880000001
21.9777720000001,89.8461
21.971661,89.846375
21.953606,89.851379
21.9438860000001,89.8566440000001
21.93055,89.86554
21.918884,89.875534
21.9055520000001,89.8841550000001
21.899441,89.885818
21.8933300000001,89.8861080000001
21.888329,89.88472
21.884441,89.881653
21.881107,89.877472
21.8363840000001,89.820541
21.833607,89.815811
21.827774,89.798325
21.8258290000001,89.7836000000001
21.783886,89.6988680000001
21.70166,89.5811000000001
21.7022170000001,89.574997
21.708607,89.560806
21.7113840000001,89.556641
21.714996,89.5530400000001
21.7238850000001,89.5472110000001
21.7402730000001,89.5408170000001
21.8002740000001,89.5216520000001
21.8133320000001,89.520264
21.8283309999999,89.524429
21.8327750000001,89.526932
21.8405530000001,89.533051
21.8622170000001,89.5547030000001
21.8699950000001,89.561096
21.878883,89.565536
21.8933300000001,89.5708310000001
22.0816650000001,89.598038
22.257221,89.603867
22.32444,89.620819
22.3147200000001,89.6094210000001
22.263885,89.577209
22.2102740000001,89.549988
22.2008290000001,89.5463710000001
22.195274,89.5455320000001
22.1824950000001,89.5483250000001
22.177219,89.550812
22.1686060000001,89.556641
22.157497,89.5674900000001
22.1441610000001,89.576096
22.1388850000001,89.5785980000001
22.125553,89.580826
22.1136090000001,89.5802760000001
22.0018040000001,89.5504910000001
21.9916610000001,89.54776
21.9858280000001,89.5388790000001
21.98555,89.5322110000001
21.9905509999999,89.523315
22.0008320000001,89.5186
22.063931,89.5340420000001
22.0978600000001,89.524994
22.140839,89.5102840000001
22.1969410000001,89.487198
22.215549,89.4863740000001
22.2211070000001,89.486923
22.2316630000001,89.489151
22.2405510000001,89.493591
22.2508320000001,89.4963680000001
22.256386,89.497208
22.2624970000001,89.4969330000001
22.2738880000001,89.4927520000001
22.2913859999999,89.4758150000001
22.2869420000001,89.4736020000001
22.228607,89.4619290000001
22.2230490000001,89.4613800000001
22.2169380000001,89.4616550000001
22.2108270000001,89.4633180000001
22.131939,89.4924770000001
22.1101070000001,89.5026020000001
22.0891080000001,89.5131
22.064442,89.518875
22.0322630000001,89.4876709999999
21.9533270000001,89.51944
21.9130519999999,89.516937
21.907497,89.5163880000001
21.7755550000001,89.466095
21.762218,89.459427
21.7161060000001,89.421371
21.712772,89.4174800000001
21.7102740000001,89.4127660000001
21.7091600000001,89.405548
21.709438,89.392761
21.7113840000001,89.3880460000001
21.7144390000001,89.3838809999999
21.7180520000001,89.380264
21.72694,89.37442
21.736382,89.369141
21.7424930000001,89.367477
21.769444,89.3630370000001
21.806107,89.362198
21.829441,89.3630370000001
21.8397180000001,89.3658140000001
21.8441619999999,89.368042
21.852497,89.373306
21.855831,89.3774720000001
21.8597180000001,89.380539
21.8641620000001,89.382751
21.8741650000001,89.385544
21.88583,89.385818
21.899441,89.3836060000001
21.9286080000001,89.374695
21.9388850000001,89.3699800000001
21.9641610000001,89.357758
21.9686050000001,89.3547060000001
21.9672160000001,89.349716
21.761387,89.295822
21.672218,89.2933200000001
21.6666640000001,89.2927550000001
21.6466639999999,89.2602689999999
21.6424940000001,89.249146
21.6413840000001,89.2419280000001
21.6408309999999,89.228592
21.641941,89.2163850000001
21.646942,89.2074890000001
21.650551,89.203873
21.65583,89.2016600000001
21.661942,89.2013850000001
21.6713830000001,89.204987
21.688049,89.21582
21.69833,89.2185970000001
21.723606,89.21666
21.787498,89.1899720000001
21.78611,89.160263
21.783886,89.1563720000001
21.783886,89.149429
21.784996,89.14415
21.78722,89.139435
21.8041650000001,89.107483
21.806942,89.1033170000001
21.810555,89.0997160000001
21.81583,89.0974880000001
21.896664,89.078873
21.96398,89.0881420000001
22.0145910000001,89.0895610000001
22.0530450000001,89.0612870000001
22.07111,89.0569310000001
22.0774960000001,89.0566410000001
22.094162,89.058319
22.1154750000001,89.063004
22.1152730000001,89.065262
22.132774,89.0863800000001
22.14333,89.097214
22.148605,89.096375
22.189892,89.0747830000001
22.194527,89.071518
22.199978,89.063339
22.211105,89.052475
22.252777,89.0208280000001
22.261665,89.014999
22.276386,89.0072170000001
22.32444,88.993317
22.394161,88.9877320000001
22.4001390000001,88.987518
22.405319,88.988892
22.8658290000001,88.933319
22.8730509999999,88.925262
22.9608270000001,88.8647
22.966663,88.862762
22.972771,88.8624880000001
22.996662,88.8630370000001
23.0827750000001,88.8688660000001
23.0877760000001,88.870255
23.096107,88.8758090000001
23.102219,88.88443
23.107773,88.8941500000001
23.109997,88.8997190000001
23.123329,88.9158170000001
23.19194,88.9835970000001
23.1958270000001,88.9866490000001
23.2013850000001,88.9871980000001
23.2083280000001,88.986099
23.211941,88.9824830000001
23.2138820000001,88.9769289999999
23.2441600000001,88.84166
23.2444379999999,88.828873
23.2427710000001,88.8224950000001
23.2394370000001,88.818329
23.234161,88.81694
23.229717,88.814697
23.226383,88.8108060000001
23.2247160000001,88.804153
23.225273,88.798035
23.2433280000001,88.7338710000001
23.2452740000001,88.7288669999999
23.248051,88.724701
23.251663,88.7211
23.2569430000001,88.718597
23.273331,88.712204
23.279442,88.7102660000001
23.308609,88.7113800000001
23.3133319999999,88.713608
23.3502730000001,88.739151
23.450829,88.786377
23.4702720000001,88.792755
23.487217,88.794434
23.49416,88.79332
23.499439,88.791092
23.5030520000001,88.787491
23.503609,88.7813720000001
23.5000000000001,88.7772060000001
23.484993,88.7730410000001
23.473328,88.763611
23.469994,88.7597200000001
23.467216,88.7547150000001
23.4669380000001,88.74942
23.6022190000001,88.586929
23.605831,88.5833280000001
23.6411060000001,88.568054
23.6522180000001,88.5638730000001
23.766525,88.5768740000001
23.847622,88.597855
23.8576580000001,88.600616
23.8623960000001,88.6028439999999
23.8662949999999,88.6058810000001
23.872986,88.6139370000001
23.8743860000001,88.6280980000001
23.873829,88.6342160000001
23.8925060000001,88.687241
23.916454,88.732773
23.9197960000001,88.7366490000001
24.036034,88.759186
24.040554,88.756378
24.043194,88.751434
24.0602760000001,88.725815
24.0755540000001,88.7049870000001
24.0791629999999,88.701385
24.0844420000001,88.6988680000001
24.090553,88.6985930000001
24.1217060000001,88.707336
24.141106,88.701385
24.1472170000001,88.699707
24.1527750000001,88.7002720000001
24.1713830000001,88.708328
24.1802750000001,88.713043
24.1838840000001,88.7169340000001
24.1847190000001,88.7244260000001
24.184441,88.7305450000001
24.1861360000001,88.7367480000001
24.1887660000001,88.7463530000001
24.209648,88.7529140000001
24.2141230000001,88.7529140000001
24.220982,88.750534
24.241669,88.7420810000001
24.2611080000001,88.732758
24.280552,88.7216490000001
24.3027759999999,88.706375
24.309578,88.697433
24.3202709999999,88.6741489999999
24.311665,88.6713710000001
24.3077739999999,88.6683200000001
24.3002740000001,88.6611020000001
24.294163,88.652206
24.31361,88.524994
24.3174970000001,88.508331
24.3208310000001,88.4977569999999
24.3409000000001,88.462662
24.411942,88.3655400000001
24.450829,88.284424
24.4649959999999,88.2427520000001
24.4688840000001,88.2260890000001
24.504444,88.1352690000001
24.5086100000001,88.125534
24.519444,88.114151
24.523888,88.1110990000001
24.6772190000001,88.0444340000001
24.6841620000001,88.04332
24.6897160000001,88.0438689999999
24.819996,88.1366580000001
24.8402750000001,88.160812
24.8436090000001,88.1647030000001
24.8516619999999,88.1710970000001
24.857773,88.1705320000001
24.8874970000001,88.1638790000001
24.891941,88.160812
24.903049,88.149429
24.9058300000001,88.145264
24.9130520000001,88.1377720000001
24.9183270000001,88.1352690000001
24.921383,88.1377720000001
24.924164,88.1427610000001
24.949757,88.194031
24.955193,88.208847
24.955273,88.217484
24.954323,88.221344
24.9483300000001,88.229706
24.92083,88.2599950000001
24.9049950000001,88.2680510000001
24.8880500000001,88.276932
24.8741650000001,88.3055420000001
24.867496,88.332214
24.86694,88.338318
24.870274,88.3424840000001
24.937496,88.3961030000001
24.94194,88.398331
25.023052,88.4380340000001
25.069443,88.4599909999999
25.07972,88.462769
25.141106,88.4613800000001
25.1472170000001,88.4608150000001
25.1533279999999,88.459152
25.169716,88.452484
25.1824950000001,88.4491420000001
25.1877749999999,88.4508210000001
25.190552,88.4555510000001
25.192772,88.4613800000001
25.1988830000001,88.479706
25.20055,88.4863740000001
25.198051,88.6202550000001
25.197495,88.646652
25.1952739999999,88.7049870000001
25.1758270000001,88.888885
25.1644400000001,88.9330440000001
25.1655500000001,88.9408110000001
25.168327,88.9455259999999
25.1722180000001,88.9488680000001
25.278053,89.0063779999999
25.28833,89.0094300000001
25.293888,89.0099950000001
25.3008310000001,89.0088810000001
25.3052750000001,89.005829
25.309441,88.9958190000001
25.3097189999999,88.9824830000001
25.3052750000001,88.9455259999999
25.306942,88.933594
25.308331,88.92804
25.3263850000001,88.8824770000001
25.3322180000001,88.8735960000001
25.335831,88.8699800000001
25.362495,88.844437
25.3669400000001,88.84137
25.401661,88.821655
25.407219,88.820541
25.418327,88.8311000000001
25.4263839999999,88.8374939999999
25.4308280000001,88.839706
25.4541629999999,88.841095
25.467773,88.8388820000001
25.47916,88.834427
25.482773,88.830826
25.5105550000001,88.799713
25.5177760000001,88.7666630000001
25.492218,88.719147
25.484993,88.7119290000001
25.489437,88.6516570000001
25.504719,88.556641
25.585552,88.4572140000001
25.5938870000001,88.4505460000001
25.6049960000001,88.4460910000001
25.6113849999999,88.445816
25.61694,88.446365
25.632217,88.4505460000001
25.6494410000001,88.452209
25.655552,88.451935
25.6661070000001,88.44693
25.801662,88.279984
25.810829,88.267487
25.8149990000001,88.2574920000001
25.8147200000001,88.2505490000001
25.809719,88.2302700000001
25.8047179999999,88.2197110000001
25.7961080000001,88.204712
25.7838860000001,88.1774750000001
25.7794420000001,88.1658170000001
25.7783320000001,88.1583249999999
25.77861,88.151932
25.7816660000001,88.1474910000001
25.789719,88.140549
25.8355520000001,88.1105350000001
25.9152720000001,88.095535
26.097496,88.157761
26.148605,88.181366
26.152496,88.1844180000001
26.195827,88.2861020000001
26.212772,88.3344270000001
26.217216,88.3461
26.2233279999999,88.355255
26.227219,88.3583219999999
26.2386050000001,88.3594210000001
26.2455480000001,88.3583219999999
26.2508320000001,88.3558200000001
26.2627749999999,88.3522030000001
26.269165,88.351654
26.279999,88.3535920000001
26.2844430000001,88.356094
26.2963869999999,88.3655400000001
26.325275,88.3963780000001
26.35722,88.4736020000001
26.356106,88.5091550000001
26.355831,88.5224910000001
26.359718,88.525543
26.365551,88.5260930000001
26.375332,88.5253140000001
26.4063839999999,88.514435
26.449013,88.4960780000001
26.4522930000001,88.494293
26.458546,88.4865110000001
26.461105,88.483322
26.4652710000001,88.4733120000001
26.472496,88.445526
26.489437,88.3780360000001
26.4891620000001,88.371094
26.4847179999999,88.368866
26.4788820000001,88.368317
26.457771,88.362762
26.4533270000001,88.3602600000001
26.4516599999999,88.3535920000001
26.4552729999999,88.349716
26.473885,88.3377690000001
26.4847930000001,88.3351589999999
26.48666,88.3347170000001
26.5805510000001,88.374985
26.625275,88.401093
26.629162,88.4041600000001
26.631939,88.4091490000001
26.6299969999999,88.4141540000001
26.6261060000001,88.418045
26.620274,88.4199830000001
26.60194,88.4199830000001
26.5905530000001,88.418869
26.584442,88.4191440000001
26.5705530000001,88.421646
26.5594409999999,88.4260860000001
26.5549960000001,88.429153
26.551388,88.4330440000001
---
22.1205520000001,90.1516570000001
22.115551,90.1458280000001
22.0616650000001,90.095261
22.0394400000001,90.0805510000001
22.0269430000001,90.0733180000001
22.0049970000001,90.0669400000001
21.9959390000001,90.0633700000001
21.9917740000001,90.0613710000001
22.0352750000001,90.0927580000001
22.0658300000001,90.118591
22.103329,90.1574860000001
22.111942,90.1674800000001
22.1124950000001,90.1769260000001
22.109997,90.1844180000001
22.108608,90.1927489999999
22.1094400000001,90.2010960000001
22.1113850000001,90.209152
22.114441,90.216095
22.124439,90.2247010000001
22.130276,90.227768
22.1766620000001,90.2383120000001
22.1852720000001,90.239426
22.1927720000001,90.237762
---
