51.262032,4.309677
51.290123,4.327703
51.307682,4.290481
51.317215,4.283055
51.3442,4.280181
51.355434,4.260985
51.375145,4.252368
51.376595,4.279674
51.362495,4.346944
51.359993,4.358889
51.357498,4.388055
51.357773,4.407222
51.359161,4.418611
51.361938,4.428055
51.364441,4.431666
51.375275,4.437778
51.378883,4.436388
51.398331,4.417777
51.410828,4.401388
51.416939,4.396667
51.450272,4.393888
51.452774,4.397499
51.479439,4.481944
51.480827,4.486666
51.48555,4.539721
51.484993,4.545555
51.482773,4.549444
51.479439,4.550833
51.474998,4.549999
51.462776,4.544999
51.458885,4.543333
51.452499,4.538055
51.443886,4.535277
51.43972,4.535277
51.432495,4.537222
51.426666,4.541944
51.425827,4.546944
51.42305,4.644722
51.423332,4.650555
51.427757,4.671388
51.430832,4.673055
51.433609,4.670833
51.440826,4.668611
51.44416,4.671111
51.464439,4.69861
51.469444,4.705555
51.496666,4.757222
51.502777,4.769166
51.503609,4.781111
51.503052,4.788333
51.499443,4.806944
51.492218,4.825833
51.48111,4.845555
51.477493,4.84611
51.461388,4.844722
51.429993,4.832777
51.414444,4.853055
51.398605,4.929999
51.399437,4.93611
51.401382,4.940277
51.409996,4.955555
51.43055,4.989444
51.437775,5
51.446388,5.009444
51.454163,5.012777
51.471664,5.015277
51.475555,5.016944
51.48111,5.023611
51.487221,5.035555
51.486664,5.041389
51.471664,5.073333
51.466942,5.080277
51.446106,5.09611
51.434998,5.104444
51.43055,5.103333
51.427216,5.10111
51.415276,5.089444
51.412773,5.085833
51.406944,5.08
51.403328,5.077777
51.398888,5.076666
51.395271,5.077222
51.391663,5.07861
51.385826,5.083055
51.320831,5.139999
51.318604,5.143888
51.315826,5.155
51.314438,5.168056
51.31916,5.189166
51.32,5.194444
51.319717,5.201111
51.313889,5.223332
51.310555,5.233611
51.308327,5.237499
51.304718,5.238889
51.262283,5.238974
51.262215,5.329721
51.265549,5.4
51.266106,5.406111
51.266937,5.411388
51.282776,5.467777
51.286942,5.475555
51.294998,5.485833
51.296104,5.497222
51.295273,5.504444
51.294441,5.510833
51.291107,5.520833
51.272499,5.550278
51.269722,5.553333
51.263885,5.557777
51.220711,5.568334
51.203606,5.644722
51.189995,5.754167
51.165833,5.834444
51.15638,5.849171
51.151108,5.855
51.148338,5.855111
51.14222,5.851388
51.139442,5.848332
51.114998,5.818055
51.025833,5.776944
50.989998,5.764166
50.959999,5.758055
50.880272,5.657499
50.876938,5.65
50.863052,5.640555
50.858887,5.638888
50.850273,5.6375
50.846664,5.638055
50.839722,5.640833
50.824715,5.651667
50.822495,5.655555
50.811386,5.683611
50.808815,5.69394
50.805832,5.701944
50.785828,5.705
50.781952,5.70556
50.774437,5.701388
50.760559,5.691911
50.757774,5.69861
50.759438,5.737222
50.760277,5.742499
50.76944,5.7975
50.760826,5.870555
50.753883,5.898918
50.756104,5.926389
50.757271,6.011798
50.72361,6.054722
50.656387,6.167222
50.623604,6.268611
50.621384,6.270833
50.618607,6.271667
50.615829,6.270555
50.589165,6.247777
50.497772,6.264722
50.498055,6.309444
50.496384,6.317499
50.489716,6.333888
50.484161,6.344444
50.448326,6.371111
50.443329,6.37361
50.440552,6.374444
50.323174,6.398204
50.312775,6.349722
50.283607,6.280833
50.232498,6.173333
50.22361,6.165555
50.221382,6.163888
50.154442,6.139722
50.127846,6.134414
50.131943,6.12
50.159164,6.033889
50.160828,6.031111
50.166107,6.02861
50.181252,6.026256
50.18222,6.021944
50.181389,6.013888
50.171387,5.976388
50.16861,5.969722
50.10611,5.891666
50.104164,5.889444
50.098885,5.886666
50.080551,5.883055
50.077217,5.883055
49.986938,5.834444
49.962494,5.791389
49.957771,5.777499
49.956108,5.774722
49.95166,5.770833
49.907494,5.747777
49.834999,5.734444
49.795273,5.746666
49.79277,5.748055
49.791107,5.750833
49.789993,5.764999
49.78083,5.790277
49.719719,5.869444
49.709885,5.87615
49.662773,5.899166
49.640549,5.900277
49.571663,5.863055
49.550278,5.837777
49.549164,5.834167
49.545044,5.80788
49.54583,5.792222
49.543053,5.702222
49.535828,5.631944
49.526382,5.593333
49.511108,5.530555
49.508888,5.514444
49.504166,5.4775
49.506104,5.473055
49.508888,5.470277
49.517776,5.463611
49.52166,5.465278
49.530548,5.473888
49.534164,5.47611
49.537773,5.475555
49.541107,5.474166
49.599998,5.437778
49.606941,5.427221
49.613327,5.415
49.621384,5.398611
49.622551,5.392305
49.656662,5.331111
49.802498,4.996666
49.804718,4.984444
49.802216,4.959167
49.79361,4.944722
49.790833,4.935277
49.789444,4.924444
49.788887,4.912777
49.789719,4.906666
49.797218,4.873055
49.80722,4.863889
49.992775,4.820833
50.06916,4.838888
50.095551,4.853333
50.126389,4.880555
50.129166,4.883333
50.131104,4.8875
50.136108,4.894444
50.140274,4.894722
50.154716,4.882777
50.16861,4.832503
50.167221,4.819166
50.165833,4.814722
50.135551,4.763055
50.090828,4.696944
50.083328,4.693055
50.071106,4.688055
50.067215,4.687778
50.061943,4.693889
50.05555,4.697499
50.041939,4.694444
50.001938,4.679722
49.996384,4.673611
49.947495,4.510555
49.938889,4.464167
49.938606,4.458333
49.940552,4.445833
49.945007,4.430007
49.949165,4.413333
49.969719,4.317222
49.964439,4.248055
49.962494,4.231111
49.959602,4.215261
49.976387,4.183055
49.979881,4.174179
49.978371,4.149238
50.009995,4.147222
50.137215,4.171389
50.237495,4.194444
50.283051,4.165
50.355553,4.038333
50.35643,4.033177
50.345276,3.983889
50.339996,3.889722
50.353882,3.774722
50.395271,3.676944
50.433327,3.671667
50.440826,3.670555
50.44416,3.668889
50.456383,3.660555
50.45887,3.657728
50.461662,3.654444
50.490044,3.620155
50.495827,3.607778
50.518883,3.518055
50.511383,3.456666
50.509438,3.4525
50.494995,3.372777
50.495552,3.367222
50.523048,3.298611
50.525551,3.295555
50.53833,3.28
50.541664,3.278611
50.660271,3.243055
50.668053,3.242222
50.727219,3.197778
50.746666,3.187222
50.75705,3.182874
50.780548,3.164722
50.783607,3.162222
50.78833,3.154444
50.789993,3.149722
50.790833,3.143333
50.791664,3.116389
50.780273,3.050833
50.777222,3.041667
50.769844,3.026988
50.770554,3.02
50.769165,3.008611
50.7575,2.960556
50.741386,2.943055
50.703049,2.898056
50.713379,2.867503
50.755554,2.781944
50.816109,2.650555
50.925827,2.597777
50.995827,2.5975
51.09111,2.541667
51.092499,2.550833
51.095551,2.560277
51.213333,2.863055
51.249718,2.955277
51.276382,3.02
51.311386,3.095277
51.318329,3.112778
51.324165,3.131667
51.336105,3.179722
51.373856,3.370866
51.309998,3.373611
51.276939,3.379444
51.273605,3.380833
51.268677,3.388324
51.246109,3.434166
51.244438,3.439167
51.242493,3.451944
51.241943,3.465833
51.243332,3.483611
51.248055,3.520833
51.250549,3.524167
51.263054,3.524444
51.274162,3.5225
51.277496,3.520833
51.281387,3.520278
51.285828,3.521111
51.28833,3.524722
51.303886,3.595555
51.304718,3.600833
51.304161,3.608055
51.29277,3.669167
51.264999,3.782777
51.26194,3.793056
51.259438,3.796389
51.237221,3.790833
51.233055,3.790833
51.223053,3.793889
51.220276,3.796111
51.216942,3.806389
51.205826,3.890277
51.205276,3.8975
51.205826,3.903611
51.214439,3.9525
51.25222,4.062222
51.278885,4.127777
51.294167,4.161388
51.300552,4.173055
51.330276,4.214999
51.340553,4.228333
51.350426,4.238898
51.336239,4.255836
51.317043,4.26356
51.301125,4.280649
51.290276,4.309444
51.287498,4.312499
51.283882,4.313055
51.267651,4.300079
51.263184,4.302375
---
