-54.458618,3.354167
-54.451118,3.346111
-54.440002,3.341666
-54.43306,3.341666
-54.426949,3.343055
-54.416115,3.347777
-54.411118,3.351388
-54.406395,3.355
-54.399727,3.366944
-54.39167,3.388333
-54.38945,3.396667
-54.385559,3.413333
-54.383614,3.433333
-54.384171,3.443889
-54.398056,3.478889
-54.402229,3.483611
-54.40834,3.484722
-54.414726,3.483611
-54.42556,3.478611
-54.435837,3.4725
-54.445557,3.465555
-54.448891,3.459444
-54.452225,3.444167
-54.45195,3.399167
-54.452507,3.388611
-54.453896,3.379167
-54.462784,3.361389
---
