-7.435833,72.439972
-7.436666,72.436371
-7.43473799999998,72.432541
-7.41416600000002,72.4272
-7.30416700000001,72.3836060000001
-7.29888899999992,72.3752590000001
-7.29638899999992,72.3730320000001
-7.27416699999998,72.3585970000001
-7.271389,72.356934
-7.26777800000002,72.356934
-7.26527800000002,72.3591460000001
-7.26222200000001,72.3652650000001
-7.26083399999993,72.3722080000001
-7.31388900000002,72.424988
-7.32444499999997,72.4327550000001
-7.33166699999992,72.4347080000001
-7.34666700000002,72.4369200000001
-7.36027799999999,72.4369200000001
-7.42333300000001,72.4313660000001
-7.42666600000001,72.4327550000001
-7.42888799999992,72.434982
-7.42750000000001,72.4383090000001
-7.38138900000001,72.4791560000001
-7.37833299999994,72.4805450000001
-7.37416599999995,72.4802700000001
-7.27333399999998,72.4669339999999
-7.26916699999992,72.4619290000001
-7.266389,72.4599910000001
-7.23638799999992,72.439697
-7.23305499999992,72.4383090000001
-7.230278,72.440262
-7.230278,72.4438630000001
-7.23444499999999,72.4488680000001
-7.28555599999999,72.489975
-7.29138899999998,72.4930420000001
-7.29527799999994,72.4941410000001
-7.30305499999992,72.4944310000001
-7.38194399999992,72.4871980000001
---
-6.65888899999999,71.344711
-6.65666700000003,71.3433230000001
-6.65249999999992,71.35054
-6.65166699999992,71.3652650000001
-6.65472199999994,71.3647000000001
-6.65666700000003,71.361923
-6.65888899999999,71.3483279999999
---
-6.392222,71.2622070000001
-6.38861200000002,71.2613830000001
-6.38222200000001,71.258606
-6.37805599999996,71.259155
-6.37166599999995,71.2619320000001
-6.36666600000001,71.266098
-6.36749900000001,71.2697140000001
-6.37083299999995,71.2702640000001
-6.38638900000001,71.2702640000001
-6.38999999999993,71.2691499999999
-6.39194500000002,71.266388
---
-6.208889,71.344986
-6.20777800000002,71.3413699999999
-6.205556,71.339157
-6.20194400000003,71.338043
-6.19583299999994,71.3385930000001
-6.18138899999997,71.3461
-6.17666599999995,71.35054
-6.17499999999995,71.3533170000001
-6.17416699999995,71.356934
-6.17416699999995,71.360809
-6.17638899999997,71.363037
-6.18055499999997,71.362488
-6.204722,71.349991
-6.20694400000002,71.3477630000001
---
-5.441667,71.7791600000001
-5.44027699999992,71.773315
-5.43638800000002,71.7630460000001
-5.43472200000002,71.7605440000001
-5.43138900000002,71.7599950000001
-5.42972200000003,71.762772
-5.42972200000003,71.7663880000001
-5.43694399999993,71.781937
-5.44027699999992,71.7824860000001
---
-5.36333400000001,72.2141570000001
-5.35972199999992,72.21138
-5.35444499999994,72.2077640000001
-5.35055499999993,72.2069400000001
-5.34805599999993,72.2086030000001
-5.34833300000003,72.2119290000001
-5.35805499999992,72.2160950000001
-5.36222199999992,72.2163850000001
---
-5.335556,72.2211000000001
-5.33194400000002,72.2202610000001
-5.32777800000002,72.221649
-5.31583299999994,72.2280430000001
-5.31416599999994,72.23082
-5.31583299999994,72.2335970000001
-5.31972200000001,72.2324830000001
---
-5.29388899999998,71.74054
-5.29333300000002,71.737198
-5.28916600000002,71.7366490000001
-5.28527700000001,71.737198
-5.27111099999996,71.74054
-5.26833299999998,71.7422030000001
-5.26638899999995,71.74498
-5.26555599999995,71.748596
-5.26777799999996,71.751099
-5.291111,71.7422030000001
---
-5.25777799999997,71.86499
-5.25527899999997,71.8630370000001
-5.252501,71.863876
-5.25055600000002,71.8666530000001
-5.24972200000002,71.8702550000001
-5.25,71.8744200000001
-5.253334,71.8805390000001
-5.25611099999998,71.882202
-5.25694499999997,71.8797000000001
-5.25777799999997,71.8694310000001
---
