18.3838880000001,-64.667236
18.3913879999999,-64.699173
18.3955540000001,-64.7002869999999
18.4002760000001,-64.6972349999999
18.4283330000001,-64.668335
18.441109,-64.6525119999999
18.4450000000001,-64.640289
18.4524990000001,-64.611679
18.458054,-64.575012
18.4572220000001,-64.56778
18.455276,-64.562225
18.451942,-64.558334
18.4469409999999,-64.556946
18.4405520000001,-64.556946
18.425831,-64.561951
18.421387,-64.563614
18.4183310000001,-64.5675049999999
18.4138870000001,-64.57695
18.3838880000001,-64.6608429999999
---
18.4313890000001,-64.4364009999999
18.434998,-64.43779
18.4405520000001,-64.438614
18.4530530000001,-64.438339
18.503609,-64.415558
18.5061070000001,-64.412231
18.5099979999999,-64.3255619999999
18.5061070000001,-64.3222349999999
18.5016630000001,-64.323624
18.4969440000001,-64.326675
18.4941640000001,-64.3305659999999
18.43861,-64.422501
---
18.7386089999999,-64.305008
18.7291640000001,-64.292511
18.7211070000001,-64.2783359999999
18.7133330000001,-64.2719569999999
18.7088850000001,-64.26973
18.7033309999999,-64.2691799999999
18.696388,-64.2700039999999
18.6950000000001,-64.275284
18.691944,-64.278061
18.693333,-64.283066
18.7033309999999,-64.295288
18.7105520000001,-64.302505
18.7191660000001,-64.315842
18.7236100000001,-64.335007
18.7236100000001,-64.367233
18.7255550000001,-64.388062
18.7291640000001,-64.4002839999999
18.7358320000001,-64.408066
18.7419429999999,-64.407227
18.7411079999999,-64.4013979999999
18.7424960000001,-64.3961179999999
18.743889,-64.3841709999999
18.7424960000001,-64.357224
18.743053,-64.351395
18.748608,-64.3297269999999
18.748333,-64.3169559999999
18.746109,-64.3114009999999
---
