4.68305400000014,115.261383
4.61166600000001,115.282494
4.59860999999995,115.282494
4.58277700000002,115.27832
4.57388900000001,115.272774
4.56444399999992,115.2686
4.54111,115.264427
4.45416599999993,115.272491
4.44860900000003,115.27388
4.43888800000008,115.278053
4.43083200000001,115.2836
4.42305500000009,115.289146
4.41027700000012,115.302757
4.399721,115.314423
4.393055,115.321381
4.36833200000007,115.344711
4.35999899999996,115.350807
4.35166500000003,115.355553
4.34694400000001,115.357758
4.33611000000013,115.36026
4.32916600000004,115.36026
4.32083299999999,115.355553
4.314165,115.348602
4.31194299999999,115.343323
4.31138800000008,115.33638
4.31555500000007,115.320541
4.37416600000012,115.113602
4.37888700000013,115.104156
4.38222100000013,115.10054
4.39138800000006,115.096367
4.41333300000002,115.090271
4.64583299999993,115.029427
4.65666600000009,115.026657
4.72444300000001,115.020538
4.75333299999994,115.020828
4.82021000000003,115.029129
4.81055500000002,115.032211
4.80638800000003,115.034988
4.80027700000011,115.04248
4.79833200000013,115.047211
4.79833200000013,115.052757
4.80305400000003,115.061653
4.84944300000006,115.124687
4.85555500000009,115.132202
4.85972099999998,115.134987
4.9032400000001,115.145782
4.84916600000008,115.1922
4.80499800000013,115.223038
---
4.88694399999997,114.982758
4.89579500000013,115.018433
4.84666600000003,114.991928
4.83916599999992,114.986366
4.83166600000004,114.979431
4.82194399999997,114.962196
4.81722200000007,114.945824
4.81166600000006,114.91748
4.8111100000001,114.904427
4.8102770000001,114.87915
4.80972100000008,114.866653
4.80638800000003,114.856369
4.80083200000001,114.848877
4.75166600000006,114.788879
4.74749900000006,114.785263
4.73860999999999,114.780548
4.73305399999998,114.77916
4.72083300000014,114.777771
4.70916600000004,114.779984
4.7008320000001,114.785263
4.69388800000002,114.791656
4.58083199999999,114.815536
4.49583200000001,114.825821
4.47388799999999,114.829163
4.44638700000007,114.834717
4.43749900000006,114.84082
4.43472100000008,114.844147
4.4327760000001,114.848877
4.4319430000001,114.85582
4.43333200000006,114.862198
4.35527700000006,114.866928
4.14694400000013,114.80748
4.14222099999995,114.805252
4.12694399999998,114.793053
4.05305399999997,114.709152
4.046944,114.70166
4.02972099999994,114.669983
4.02222199999994,114.649986
4.018888,114.641098
4.01749899999999,114.634987
4.02027699999996,114.623032
4.02166599999998,114.618317
4.02444400000013,114.613602
4.02777700000007,114.609993
4.03388799999993,114.608871
4.05333200000007,114.609421
4.05805399999997,114.607483
4.2000000000001,114.47554
4.25638900000013,114.399986
4.32694400000008,114.329987
4.33999900000003,114.329163
4.42916600000001,114.311371
4.43722099999997,114.306641
4.49749900000012,114.263893
4.52166600000004,114.246094
4.53194300000001,114.235809
4.56694400000004,114.188309
4.57249900000011,114.179977
4.57777700000003,114.164993
4.5800000000001,114.15332
4.59053799999998,114.095078
4.59138799999999,114.101646
4.59416599999997,114.139977
4.59416599999997,114.160538
4.59277699999996,114.179703
4.58999899999998,114.190536
4.5816660000001,114.203049
4.59194399999996,114.283867
4.59277699999996,114.289978
4.59555400000005,114.300812
4.69111000000004,114.520264
4.69583200000011,114.52916
4.70750000000004,114.544983
4.71777700000001,114.555252
4.72944400000011,114.564148
4.74777699999999,114.579987
4.76222100000012,114.592758
4.80305400000003,114.633881
4.82277699999997,114.655258
4.83249999999993,114.666092
4.84749900000003,114.685532
4.87138700000014,114.716927
4.8858330000001,114.736649
4.99638700000003,114.913597
5.005833,114.931374
5.01749899999999,114.954163
5.02166599999993,114.963608
5.03722099999999,115.00943
5.04749900000007,115.040268
5.05027700000005,115.051376
5.05305399999997,115.069153
5.05222099999997,115.082207
5.04749900000007,115.098038
5.04527700000006,115.102768
5.04138799999998,115.105553
5.03666600000008,115.104713
5.03305399999999,115.101379
4.96888800000005,115.041656
4.90472100000005,114.9897
4.8924990000001,114.981369
---
