42.802498,27.894997
42.785271,27.898605
42.774155,27.899441
42.707222,27.898331
42.702766,27.896938
42.701111,27.893055
42.701111,27.888054
42.708054,27.80555
42.713051,27.777493
42.714165,27.766388
42.712494,27.736938
42.709717,27.728886
42.631653,27.6325
42.556389,27.514996
42.54805,27.506386
42.535828,27.495831
42.48082,27.450554
42.476944,27.448605
42.469994,27.44833
42.464165,27.450829
42.449432,27.464993
42.431107,27.50555
42.431107,27.51083
42.433327,27.514164
42.445,27.530273
42.448875,27.553883
42.44722,27.616665
42.41832,27.679165
42.399994,27.704163
42.398331,27.700272
42.394997,27.698051
42.387772,27.698887
42.368889,27.703888
42.262497,27.750832
42.246101,27.759995
42.227219,27.780552
42.164162,27.85722
42.133606,27.899162
42.103043,27.938889
42.072495,27.968609
42.0411,27.996941
42.033051,28.004166
41.998055,28.022221
41.990273,28.021381
41.982216,28.013054
41.984154,27.971104
41.994713,27.903606
42.005547,27.869717
42.005547,27.864441
42.001938,27.834721
42.001389,27.830273
41.977486,27.70583
41.958321,27.638054
41.953331,27.628609
41.935555,27.595551
41.913048,27.581661
41.909431,27.580555
41.907776,27.576664
41.907219,27.57222
41.907776,27.566666
41.910553,27.556107
41.976944,27.441109
41.993607,27.413052
41.995827,27.41
42.008041,27.394997
42.010544,27.391937
42.039986,27.373055
42.059166,27.365555
42.062218,27.364162
42.064995,27.361664
42.089432,27.313332
42.093323,27.304993
42.098885,27.292217
42.100548,27.287777
42.102219,27.282494
42.109993,27.233051
42.089989,27.070271
42.085831,27.043053
42.081383,27.031384
42.003323,26.962221
42.006943,26.935555
42.006943,26.93055
41.973053,26.621384
41.939438,26.572777
41.935966,26.568083
41.934708,26.566383
41.928925,26.560593
41.898643,26.575294
41.871384,26.565826
41.851662,26.558331
41.83416,26.547218
41.830826,26.544994
41.828049,26.542217
41.826935,26.538052
41.826111,26.528332
41.824158,26.477776
41.824158,26.467773
41.824997,26.446663
41.823875,26.391388
41.823044,26.38166
41.821938,26.377499
41.819153,26.374722
41.79332,26.350277
41.786652,26.345551
41.774712,26.339993
41.753052,26.332771
41.748878,26.331944
41.741379,26.332222
41.738319,26.333611
41.727486,26.342773
41.719997,26.350262
41.714432,26.355827
41.711052,26.361095
41.707764,26.309715
41.708054,26.294167
41.709991,26.277222
41.715828,26.264996
41.737267,26.236961
41.740028,26.234772
41.7435,26.222759
41.748055,26.177498
41.748322,26.171944
41.746666,26.163052
41.739159,26.138611
41.71666,26.08083
41.711937,26.074444
41.697495,26.066109
41.685822,26.065826
41.660271,26.068604
41.628876,26.099159
41.627213,26.10305
41.628609,26.117493
41.63221,26.129719
41.63221,26.13472
41.629433,26.137215
41.54332,26.181664
41.536942,26.183884
41.439438,26.198051
41.354713,26.139996
41.321106,25.987778
41.319443,25.97916
41.311104,25.905552
41.309166,25.886662
41.309708,25.881104
41.336098,25.814159
41.317772,25.653049
41.32222,25.567776
41.32,25.559441
41.313042,25.549995
41.289444,25.503609
41.250542,25.344994
41.249161,25.335831
41.24305,25.285
41.24305,25.279716
41.252769,25.243889
41.254433,25.239441
41.301453,25.190826
41.305275,25.185833
41.31749,25.163052
41.362572,25.061192
41.370438,25.036507
41.411942,24.903889
41.411942,24.898888
41.404999,24.819443
41.402496,24.817497
41.378326,24.812496
41.352219,24.809444
41.370552,24.767776
41.430275,24.612499
41.43222,24.608887
41.437492,24.603333
41.489441,24.567497
41.503326,24.564442
41.551941,24.46611
41.546387,24.307777
41.548607,24.304722
41.57,24.269444
41.570549,24.263885
41.57,24.253887
41.567772,24.245552
41.554993,24.215275
41.543785,24.199993
41.541107,24.157219
41.550827,24.101665
41.551109,24.0975
41.549995,24.09333
41.541107,24.080276
41.524437,24.064999
41.520828,24.063053
41.51722,24.063053
41.485275,24.066387
41.441109,23.978886
41.440552,23.974442
41.451942,23.886387
41.436661,23.796387
41.408607,23.738331
41.378052,23.63583
41.377495,23.631107
41.380829,23.598053
41.391663,23.551109
41.397217,23.538887
41.409439,23.440552
41.406105,23.29472
41.404716,23.285275
41.399719,23.273888
41.377495,23.231388
41.374992,23.228333
41.366943,23.226387
41.353333,23.230274
41.349716,23.229443
41.346382,23.227219
41.336937,23.214722
41.329163,23.201111
41.324715,23.189442
41.322777,23.180832
41.320831,23.119999
41.320549,23.094444
41.335548,22.975555
41.342125,22.935604
41.344719,22.942497
41.35305,22.955555
41.358604,22.960831
41.366104,22.964722
41.374161,22.966663
41.476387,22.959164
41.59861,22.951664
41.626106,22.951664
41.634438,22.952499
41.641663,22.956387
41.665833,22.986942
41.690826,23.011387
41.699997,23.018608
41.71666,23.02972
41.720551,23.031387
41.728333,23.032776
41.734718,23.029999
41.762215,23.014721
41.765274,23.012775
41.767494,23.00972
41.770271,22.999722
41.771942,22.972221
41.773605,22.967499
41.77861,22.961941
41.807777,22.942497
41.879166,22.899441
41.885277,22.895832
41.934715,22.878052
41.941666,22.875832
42.026939,22.828609
42.027771,22.817497
42.065277,22.685833
42.103333,22.609444
42.148605,22.521111
42.150833,22.517776
42.279442,22.407776
42.323883,22.365276
42.335274,22.410831
42.363052,22.459442
42.399162,22.519444
42.402222,22.522221
42.423332,22.536388
42.427498,22.538055
42.479164,22.558052
42.487495,22.558887
42.510277,22.549442
42.515549,22.544441
42.531105,22.522499
42.564995,22.472221
42.568886,22.464165
42.599442,22.44722
42.81472,22.440277
42.818604,22.44083
42.821663,22.442219
42.82666,22.44833
42.873055,22.514164
42.87722,22.520832
42.878609,22.524998
42.892776,22.585831
42.896111,22.603886
42.894722,22.614998
42.884995,22.654999
42.880829,22.66222
42.889717,22.73333
42.891663,22.741943
42.893608,22.745552
43.101662,22.966389
43.133049,22.990555
43.141663,22.99361
43.192772,23.004997
43.210548,22.940552
43.228607,22.907497
43.230827,22.904442
43.282219,22.84972
43.284996,22.847221
43.288055,22.845554
43.291664,22.845276
43.325829,22.834999
43.328888,22.833054
43.336388,22.824997
43.385826,22.766666
43.387497,22.761944
43.399994,22.724163
43.401382,22.718609
43.415833,22.669167
43.430832,22.628052
43.46833,22.550552
43.472496,22.543331
43.480827,22.536388
43.709442,22.414165
43.725555,22.406666
43.826942,22.367222
44.006943,22.416943
44.009438,22.420277
44.057777,22.536942
44.063889,22.552776
44.117493,22.614719
44.121666,22.614998
44.169998,22.619164
44.211937,22.650276
44.214439,22.653332
44.224716,22.676388
44.224701,22.681435
44.218887,22.686386
44.212219,22.696941
44.113609,22.907497
44.108604,22.921665
44.104439,22.945274
44.103607,22.951385
44.100632,22.997444
44.099442,23.003609
44.092773,23.021942
44.084442,23.03722
44.076111,23.044167
44.06916,23.046108
44.060555,23.044441
44.056664,23.042774
44.044716,23.032497
44.017799,23.003407
44.01416,22.995831
44.011665,22.987499
44.011383,22.98222
44.012276,22.959431
44.002838,22.919857
43.998886,22.906944
43.988052,22.88472
43.981667,22.879719
43.90506,22.843243
43.888283,22.840687
43.86821,22.847618
43.853256,22.857471
43.848328,22.863331
43.842499,22.875275
43.836105,22.894444
43.81694,22.966942
43.802177,23.063602
43.802177,23.071457
43.808327,23.138885
43.811104,23.147499
43.81823,23.162109
43.831383,23.198608
43.838661,23.224499
43.846321,23.255142
43.849243,23.269009
43.85083,23.283607
43.856171,23.418224
43.855232,23.427147
43.851105,23.446663
43.83773,23.50703
43.835381,23.516003
43.825523,23.528042
43.819328,23.539352
43.806938,23.570274
43.798607,23.601665
43.796104,23.612499
43.794998,23.629719
43.78833,23.774166
43.744164,23.987499
43.720627,24.067982
43.699913,24.116077
43.689911,24.155617
43.684715,24.179996
43.684441,24.185833
43.685272,24.195553
43.689438,24.224163
43.694443,24.257221
43.697495,24.286388
43.697495,24.307777
43.696632,24.319706
43.69416,24.343052
43.695549,24.352497
43.698051,24.360832
43.699715,24.364719
43.719719,24.405277
43.736382,24.43861
43.74472,24.457775
43.760277,24.497219
43.762215,24.506386
43.761108,24.52861
43.759163,24.562496
43.753883,24.598331
43.749161,24.613331
43.718384,24.686932
43.715271,24.705555
43.714165,24.722775
43.712776,24.79361
43.712219,24.881386
43.71019,25.022751
43.687485,25.224716
43.678055,25.261944
43.672493,25.275272
43.652222,25.314442
43.636932,25.339439
43.62999,25.348885
43.624718,25.363049
43.622765,25.375275
43.622437,25.380711
43.623322,25.396111
43.624718,25.416111
43.626778,25.430229
43.630112,25.440952
43.639206,25.463852
43.6436,25.53194
43.662209,25.609161
43.69043,25.681339
43.694077,25.731377
43.695122,25.739246
43.701111,25.760551
43.705544,25.772495
43.713051,25.786942
43.778824,25.878262
43.792213,25.8825
43.799103,25.887238
43.801941,25.89027
43.844719,25.938049
43.852219,25.947495
43.949715,26.085278
43.968323,26.111664
43.979156,26.128609
43.986382,26.144161
44.030823,26.301941
44.04332,26.381943
44.044434,26.391388
44.043129,26.413036
44.041306,26.438416
44.049431,26.478611
44.071938,26.671104
44.095276,26.79472
44.115555,26.840832
44.131989,26.890205
44.136124,26.913403
44.147339,27.036427
44.140831,27.111111
44.12999,27.165833
44.124435,27.187492
44.122208,27.199715
44.119987,27.222775
44.121666,27.237778
44.124985,27.250549
44.132149,27.272713
44.105553,27.278889
44.102219,27.279716
44.088051,27.29055
44.080544,27.299995
44.024155,27.396111
44.021935,27.399998
44.020554,27.416943
44.01944,27.475826
44.023598,27.614162
44.025269,27.623333
44.030266,27.629719
44.0336,27.631943
44.040276,27.64222
44.043053,27.650555
44.042496,27.656109
44.040833,27.660828
44.035271,27.673882
44.032776,27.676941
44.029999,27.67944
44.020821,27.684715
43.993607,27.698353
43.977219,27.706944
43.971657,27.711662
43.966942,27.717773
43.961098,27.730827
43.959717,27.736382
43.95916,27.747215
43.964165,27.806107
43.965828,27.820271
43.969162,27.833328
43.977486,27.852776
43.984154,27.86805
44.004433,27.914444
44.005547,27.918884
44.002769,27.927773
43.987221,27.944717
43.978882,27.951664
43.972771,27.95472
43.958878,27.957771
43.951653,27.958328
43.938332,27.962215
43.871666,27.991108
43.859154,27.997215
43.8536,28.001942
43.839165,28.029716
43.831657,28.047218
43.801659,28.133053
43.785271,28.181942
43.769997,28.235554
43.764435,28.257771
43.750275,28.403889
43.744164,28.484997
43.747765,28.583244
43.733047,28.576382
43.689713,28.57
43.600822,28.572777
43.597488,28.57333
43.588326,28.578606
43.579987,28.585548
43.57222,28.593884
43.566666,28.598328
43.557487,28.603611
43.551102,28.605827
43.543877,28.606384
43.536385,28.606384
43.532219,28.605553
43.523331,28.602219
43.511101,28.596661
43.495544,28.588329
43.458321,28.561382
43.448318,28.553883
43.437775,28.54166
43.425819,28.525555
43.393326,28.479443
43.385277,28.453331
43.389435,28.431389
43.396378,28.412216
43.400551,28.404716
43.407776,28.394722
43.413322,28.381943
43.414986,28.376659
43.421097,28.34166
43.422211,28.330273
43.421654,28.299721
43.404999,28.152493
43.403885,28.148331
43.398041,28.1325
43.39193,28.121941
43.369713,28.093327
43.360268,28.085548
43.349152,28.080273
43.322777,28.071663
43.284714,28.055275
43.276932,28.051388
43.225822,28.015831
43.167213,27.945
43.041382,27.888882
43.032494,27.88583
43.014153,27.886387
42.924988,27.896381
42.894722,27.903606
42.887497,27.90416
42.855553,27.901665
42.841103,27.879166
---
