9.78638599999994,98.0302729999999
9.792776,98.0155490000001
9.79638700000004,98.0122070000001
9.80666500000007,98.0088810000001
9.81305299999997,98.0083310000001
9.81833100000006,98.0097200000001
9.82666399999994,98.0155490000001
9.83472100000012,98.0213780000001
9.83833100000004,98.0249940000001
9.83749800000004,98.0297090000001
9.82749699999994,98.0463710000001
9.82472000000007,98.0505370000001
9.81361000000004,98.060257
9.80777500000011,98.0613710000001
9.80166400000002,98.060532
9.79693599999996,98.057724
9.79083300000002,98.051926
9.78805399999993,98.04776
9.78638599999994,98.0358120000001
---
10.006943,98.2899780000001
10.006388,98.2849880000001
10.0069710000001,98.283615
9.926109,98.1777650000001
9.922775,98.174149
9.87666300000012,98.155823
9.84166499999998,98.141937
9.83833100000004,98.138321
9.83916500000009,98.1319270000001
9.85249700000008,98.1160890000001
9.85749800000013,98.114151
9.86416400000013,98.114151
9.91610900000001,98.1158140000001
9.93860999999993,98.126648
10.002777,98.1658170000001
10.01111,98.1716460000001
10.017776,98.178589
10.05472,98.238876
10.056665,98.2438660000001
10.05722,98.257217
10.0574990000001,98.2830510000001
10.055832,98.2885889999999
10.053053,98.2927550000001
10.0483320000001,98.2933200000001
10.010277,98.2933200000001
---
10.038332,98.181931
10.1455540000001,98.1674800000001
10.18611,98.1760860000001
10.1888870000001,98.1802670000001
10.1899990000001,98.1985930000001
10.169998,98.2360989999999
10.165833,98.238876
10.0477770000001,98.193039
10.0402760000001,98.186646
---
10.395277,97.895538
10.3972210000001,97.8922120000001
10.4091639999999,97.890274
10.466942,97.8927610000001
10.4794430000001,97.89415
10.4849970000001,97.895828
10.4883310000001,97.8994290000001
10.490831,97.9035950000001
10.488886,97.907211
10.469164,97.9277650000001
10.447498,97.9408110000001
10.4427759999999,97.942749
10.4358350000001,97.941345
10.406387,97.9260860000001
10.4030530000001,97.9224850000001
10.4002760000001,97.9183200000001
10.3969440000001,97.907486
---
10.4802760000001,98.203598
10.481941,98.191086
10.484163,98.186096
10.5075000000001,98.1824800000001
10.5116650000001,98.185257
10.5224990000001,98.195251
10.524443,98.200272
10.5291650000001,98.216385
10.5316660000001,98.227768
10.5313870000001,98.234711
10.529999,98.238876
10.520061,98.2288210000001
10.4972190000001,98.228592
10.491108,98.227768
10.4869420000001,98.2249910000001
10.4813859999999,98.216385
---
10.780277,98.518051
10.7805540000001,98.511108
10.7819420000001,98.505554
10.7877770000001,98.4969330000001
10.791943,98.4944310000001
10.833048,98.498001
10.8766630000001,98.487488
10.883053,98.486923
10.886387,98.49054
10.883888,98.5080410000001
10.8824980000001,98.513611
10.859163,98.5460970000001
10.854998,98.548874
10.8502750000001,98.550812
10.8066650000001,98.5480350000001
10.796387,98.544144
10.786943,98.532761
10.781666,98.523605
---
10.840832,97.8885960000001
10.8436090000001,97.8858180000001
10.849998,97.8866580000001
10.880907,97.891327
10.884443,97.8885960000001
10.889166,97.8866580000001
10.908333,97.8952640000001
10.9261089999999,97.912491
10.9294429999999,97.9160920000001
10.9294429999999,97.9216460000001
10.9219439999999,97.942474
10.91861,97.9460910000001
10.91361,97.9480290000001
10.9074990000001,97.9472050000001
10.8966659999999,97.944138
10.880831,97.9391479999999
10.8766630000001,97.936096
10.8611090000001,97.9238740000001
10.858332,97.919708
---
10.8366640000001,98.2633210000001
10.826942,98.2674870000001
10.8158320000001,98.269989
10.725277,98.2838440000001
10.7066649999999,98.282211
10.6916660000001,98.2691500000001
10.68972,98.264435
10.687498,98.2319340000001
10.692221,98.2313690000001
10.727497,98.2299800000001
10.733053,98.2313690000001
10.737219,98.234146
10.736385,98.237762
10.767498,98.239151
10.8224980000001,98.241364
10.8274970000001,98.239426
10.8644430000001,98.2141570000001
10.9219439999999,98.1574860000001
10.9233320000001,98.1519319999999
10.92222,98.1463780000001
10.9147210000001,98.1399840000001
10.8977780000001,98.1219180000001
10.8847220000001,98.106934
10.8822190000001,98.102768
10.8747200000001,98.089157
10.874165,98.0844269999999
10.8811090000001,98.0774840000001
10.88611,98.075546
10.8908329999999,98.0774840000001
10.9738859999999,98.1380460000001
10.977221,98.1416630000001
10.9788860000001,98.173309
10.9555530000001,98.205826
10.9477770000001,98.2122040000001
---
10.9605539999999,98.4313660000001
10.9647200000001,98.428864
10.977749,98.429764
10.989441,98.4291530000001
10.9958310000001,98.4299770000001
10.9991650000001,98.433594
11.0063880000001,98.44693
11.007776,98.452774
11.0049989999999,98.4569400000001
11.0000000000001,98.458878
10.9799980000001,98.4535979999999
10.9713860000001,98.4485930000001
10.9644430000001,98.4413600000001
10.9619430000001,98.4371950000001
---
10.941387,98.502777
10.949165,98.4838710000001
10.983887,98.470535
10.989441,98.4719239999999
11.006397,98.488525
11.020554,98.5083310000001
11.023888,98.511932
11.0286100000001,98.5141599999999
11.039721,98.5172120000001
11.05361,98.5174870000001
11.0708310000001,98.513611
11.076942,98.514435
11.085831,98.51944
11.0872190000001,98.524994
11.0841639999999,98.5291600000001
11.07583,98.5347140000001
11.0711100000001,98.5366520000001
11.0655540000001,98.5380400000001
11.013611,98.54776
11.0000000000001,98.5474850000001
10.9647200000001,98.5405430000001
10.953053,98.5380400000001
10.950554,98.533875
---
11.211388,98.250549
11.2494410000001,98.2358090000001
11.262499,98.231094
11.274443,98.2613830000001
11.277777,98.272217
11.2763880000001,98.2777710000001
11.245552,98.3010860000001
11.239998,98.300812
11.2291640000001,98.2980350000001
11.225554,98.2944340000001
11.212498,98.2561040000001
---
11.443054,98.1941380000001
11.4469430000001,98.1766510000001
11.451109,98.166931
11.453331,98.1655430000001
11.516388,98.191925
11.6855550000001,98.239975
11.7933310000001,98.2680510000001
11.79611,98.272217
11.798054,98.277206
11.799442,98.2830510000001
11.798609,98.289154
11.7955530000001,98.2933200000001
11.7830540000001,98.301651
11.7547210000001,98.3144230000001
11.744997,98.3186040000001
11.733887,98.321106
11.7269420000001,98.321106
11.7213860000001,98.319443
11.6461110000001,98.295532
11.626387,98.287491
11.613886,98.2858120000001
11.5180550000001,98.27916
11.5133320000001,98.281372
11.5077759999999,98.282486
11.4816650000001,98.2808230000001
11.445553,98.2124939999999
11.4436090000001,98.2074890000001
---
11.5588870000001,98.4291530000001
11.5624980000001,98.4255370000001
11.598608,98.4122010000001
11.6047190000001,98.411652
11.6108720000001,98.4133150000001
11.667498,98.37915
11.677221,98.374985
11.6888870000001,98.373032
11.781387,98.369141
11.78611,98.371368
11.7899990000001,98.381363
11.8019429999999,98.445526
11.8024980000001,98.5280460000001
11.8002760000001,98.5399780000001
11.7966650000001,98.5433200000001
11.788332,98.548874
11.7786100000001,98.5527650000001
11.771666,98.5527650000001
11.704998,98.550812
11.6169410000001,98.54776
11.610554,98.5469360000001
11.6058310000001,98.5447080000001
11.581942,98.5266570000001
11.5661090000001,98.4983220000001
---
11.771666,97.482758
11.782505,97.464706
11.7844430000001,97.4605410000001
11.7922210000001,97.4472050000001
11.795277,97.4430390000001
11.798609,97.439697
11.8033310000001,97.4377590000001
11.8052769999999,97.4497070000001
11.803053,97.4616550000001
11.8002760000001,97.4658200000001
11.783609,97.4838710000001
11.779444,97.4866490000001
11.7744430000001,97.4871980000001
---
11.62833,98.0855410000001
11.630552,98.0808260000001
11.6480540000001,98.0563660000001
11.6563869999999,98.0508120000001
11.6613860000001,98.0497280000001
11.6830540000001,98.0330510000001
11.7266640000001,98.020538
11.82472,98.000275
11.844164,98.0008239999999
11.850275,98.0016630000001
11.854998,98.003876
11.858332,98.0072170000001
11.859163,98.0122070000001
11.8555530000001,98.015823
11.63722,98.089432
11.6311090000001,98.089981
---
11.835831,97.6627660000001
11.840832,97.653595
11.844164,97.6502689999999
11.8463080000001,97.649475
11.870552,97.6349950000001
11.876108,97.6338810000001
11.8816639999999,97.635269
11.887777,97.6430510000001
11.9011100000001,97.664429
11.894999,97.672211
11.8858320000001,97.676926
11.8797190000001,97.677475
11.842497,97.6699830000001
11.8369430000001,97.6683200000001
---
11.8486080000001,98.265549
11.849998,98.259995
11.852776,98.2558290000001
11.856941,98.253052
11.863884,98.2516940000001
11.869442,98.2510990000001
11.881941,98.2500000000001
11.9019430000001,98.2510990000001
11.907221,98.2602690000001
11.906942,98.2658230000001
11.8874990000001,98.28804
11.881109,98.2885889999999
11.870831,98.2849880000001
11.8566650000001,98.2783200000001
11.852497,98.275543
11.8497199999999,98.271103
---
11.91972,98.250549
11.920553,98.245819
11.923332,98.2416530000001
11.9269430000001,98.2380370000001
11.9302350000001,98.236679
11.9352760000001,98.2324830000001
11.943609,98.227203
11.9497200000001,98.226379
11.956108,98.227203
11.97583,98.2424770000001
11.980276,98.251663
11.976942,98.2552640000001
11.9719430000001,98.257217
11.9422210000001,98.2686
11.93611,98.2691500000001
11.9269430000001,98.26416
11.9211100000001,98.256378
---
11.8838880000001,98.493591
11.8861099999999,98.481659
11.8883320000001,98.476654
11.8944440000001,98.4691470000001
11.90361,98.4658200000001
12.0038870000001,98.439423
12.0094430000001,98.4383090000001
12.095831,98.426376
12.101387,98.427765
12.111387,98.438583
12.0883310000001,98.464157
12.084721,98.4677580000001
12,98.5189970000001
11.996386,98.557755
11.99472,98.5633090000001
11.990553,98.573044
11.946943,98.66304
11.9419420000001,98.664993
11.9330540000001,98.6599880000001
11.884443,98.5000000000001
---
12.1386110000001,98.138321
12.1394420000001,98.1333310000001
12.16111,98.074707
12.1638870000001,98.070541
12.1714420000001,98.0660250000001
12.2030530000001,98.038589
12.2072200000001,98.0361020000001
12.2127760000001,98.034714
12.218887,98.034149
12.2416650000001,98.039429
12.276388,98.0533139999999
12.281111,98.0555420000001
12.283333,98.060532
12.284164,98.0802760000001
12.282221,98.114151
12.2813870000001,98.1205290000001
12.27861,98.124695
12.1483329999999,98.142761
12.1419430000001,98.141937
---
12.370275,98.6358180000001
12.3705520000001,98.626083
12.3723390000001,98.6211700000001
12.3738860000001,98.6197050000001
12.3788850000001,98.6191410000001
12.3822190000001,98.622757
12.3833330000001,98.628311
12.380552,98.639709
12.376942,98.6430510000001
12.372219,98.6408230000001
---
12.349535,98.6288150000001
12.3552280000001,98.650452
12.354443,98.668594
12.346109,98.681091
12.3405530000001,98.68248
12.3311100000001,98.6724850000001
12.328331,98.6683200000001
12.323053,98.659714
12.318888,98.6497190000001
12.3183310000001,98.6433260000001
12.3191640000001,98.609421
12.328886,98.5597080000001
12.351942,98.541092
12.359488,98.5397800000001
12.3705520000001,98.5408170000001
12.3855550000001,98.5466460000001
12.40111,98.558868
12.4072210000001,98.56694
12.4091640000001,98.5719300000001
12.3871139999999,98.604904
12.365478,98.607559
12.352951,98.617805
---
12.281942,98.0055540000001
12.29138,97.9876400000001
12.337498,97.937485
12.3438870000001,97.93692
12.3561080000001,97.9385830000001
12.36083,97.9405360000001
12.3799969999999,97.949417
12.3847220000001,97.9586030000001
12.405277,98.010544
12.416388,98.076935
12.400831,98.10498
12.3961110000001,98.1055450000001
12.371943,98.100815
12.3605540000001,98.09166
---
12.400831,98.4969330000001
12.40111,98.4896999999999
12.405277,98.47998
12.408888,98.476654
12.4177760000001,98.4719239999999
12.422884,98.472107
12.4941640000001,98.4838710000001
12.504999,98.486923
12.5091650000001,98.4896999999999
12.5124990000001,98.493317
12.513887,98.4988710000001
12.513054,98.505264
12.5066660000001,98.5130460000001
12.5024990000001,98.5158230000001
12.416388,98.5147090000001
12.407499,98.5097200000001
12.402222,98.501099
---
12.491386,98.246933
12.49222,98.2433170000001
12.5059830000001,98.2330780000001
12.509722,98.228867
12.513887,98.226089
12.51861,98.224152
12.5255549999999,98.224152
12.5480540000001,98.229706
12.5513880000001,98.233047
12.560276,98.252487
12.5558320000001,98.264999
12.5202770000001,98.2919310000001
12.5147210000001,98.2930450000001
12.50861,98.2922060000001
12.5044440000001,98.289429
12.5024990000001,98.2858120000001
---
12.5366649999999,97.8499910000001
12.539442,97.845825
12.5436780000001,97.8445590000001
12.5511090000001,97.8383180000001
12.578331,97.8197170000001
12.5833320000001,97.8177640000001
12.587219,97.8191530000001
12.5980530000001,97.8374940000001
12.597219,97.842484
12.5708309999999,97.8647
12.5666659999999,97.8674770000001
12.56111,97.8672030000001
12.5399990000001,97.853592
---
12.3149990000001,98.344437
12.324165,98.319992
12.3319420000001,98.306641
12.3355539999999,98.3033140000001
12.3580530000001,98.308594
12.3684830000001,98.312317
12.391666,98.323318
12.41222,98.3308260000001
12.4299980000001,98.3338780000001
12.4505540000001,98.3341520000001
12.456108,98.333054
12.4991650000001,98.3183290000001
12.581942,98.304153
12.5936090000001,98.3021999999999
12.6247200000001,98.299423
12.631664,98.299423
12.63722,98.301651
12.6711100000001,98.3219300000001
12.664999,98.3641510000001
12.6633320000001,98.3699800000001
12.6463870000001,98.3949890000001
12.606386,98.447205
12.6027760000001,98.450546
12.586109,98.4616550000001
12.5763870000001,98.465546
12.5708309999999,98.4669340000001
12.5000000000001,98.4677580000001
12.4791640000001,98.4672090000001
12.473886,98.4658200000001
12.459442,98.4591520000001
12.4552760000001,98.456375
12.3716640000001,98.3997190000001
12.3636090000001,98.3938750000001
12.325554,98.3616490000001
12.32222,98.3580320000001
12.3169420000001,98.349426
---
12.7641660000001,97.865265
12.7686100000001,97.8438720000001
12.7724190000001,97.83728
12.7833330000001,97.833603
12.789442,97.8330540000001
12.819443,97.8441470000001
12.820276,97.8491519999999
12.8166660000001,97.852768
12.8074990000001,97.858032
12.798054,97.8621980000001
12.768888,97.87442
12.7641660000001,97.872208
---
12.941387,98.2980350000001
12.973743,98.284485
12.9994410000001,98.2827610000001
13.010277,98.2802730000001
13.0519430000001,98.2669370000001
13.0830540000001,98.2569430000001
13.097498,98.2508240000001
13.1080529999999,98.2474820000001
13.1294420000001,98.241364
13.146666,98.2374880000001
13.195553,98.2363740000001
13.2086090000001,98.2371980000001
13.213331,98.239426
13.2163870000001,98.252777
13.215832,98.2577670000001
13.207499,98.2633210000001
13.083609,98.304153
13.0416660000001,98.304153
---
13.781666,97.9183200000001
13.7847209999999,97.9147030000001
13.7927760000001,97.9094240000001
13.816109,97.9113770000001
13.8552760000001,97.9147030000001
13.859163,97.9172060000001
13.8616640000001,97.9219210000001
13.860554,97.9272000000001
13.858887,97.930817
13.8588730000001,97.9279940000001
13.851664,97.9347080000001
13.811388,97.931366
13.7830540000001,97.9210970000001
---
13.8944440000001,97.9230350000001
13.8969440000001,97.9208219999999
13.9058319999999,97.9160920000001
13.920277,97.911102
13.9252760000001,97.9094240000001
13.9341640000001,97.913605
13.9390810000001,97.91835
13.935276,97.9216460000001
13.930277,97.923309
13.9058319999999,97.924423
---
14.0636100000001,93.375259
14.075275,93.3724820000001
14.144444,93.3805390000001
14.148609,93.382751
14.1516650000001,93.3863830000001
14.1494430000001,93.3908230000001
14.1458320000001,93.393875
14.140833,93.395828
14.1379680000001,93.395279
14.096109,93.400818
14.090832,93.4002690000001
14.081387,93.397217
14.0727750000001,93.3927610000001
14.066666,93.3852690000001
14.064165,93.3805390000001
---
14.1336099999999,97.8002620000001
14.1358320000001,97.7960970000001
14.143332,97.7899780000001
14.1491660000001,97.7888790000001
14.155277,97.7891540000001
14.1777760000001,97.799149
14.1799980000001,97.803864
14.1803130000001,97.8110050000001
14.1799980000001,97.814148
14.174166,97.825272
14.1538870000001,97.8199920000001
14.1491660000001,97.8183289999999
14.140833,97.8133090000001
14.1344429999999,97.8063660000001
---
14.8991659999999,93.721649
14.8992210000001,93.7203830000001
14.8922210000001,93.718323
14.888054,93.716095
14.853886,93.6899720000001
14.8472190000001,93.6833190000001
14.8483310000001,93.679153
14.853331,93.678589
14.8774970000001,93.686096
14.890833,93.6922
14.8980540000001,93.698318
14.9124980000001,93.71666
14.9102760000001,93.7211
14.904444,93.722488
---
15.497219,97.66304
15.5008319999999,97.660263
15.5411090000001,97.65387
15.547777,97.65332
15.5783309999999,97.65416
15.5763870000001,97.665268
15.564533,97.664993
15.553331,97.6674800000001
15.5274980000001,97.6699830000001
15.521387,97.669708
---
15.787498,94.7799840000001
15.787777,94.7677610000001
15.7952770000001,94.7424770000001
15.801388,94.7349850000001
15.8094429999999,94.7294309999999
15.815275,94.728043
15.9252760000001,94.7955319999999
15.946386,94.8149870000001
15.9480530000001,94.8205410000001
15.9436090000001,94.8230440000001
15.923498,94.8258670000001
15.880276,94.8383180000001
15.874441,94.8394319999999
15.868887,94.838593
15.8091640000001,94.8141479999999
15.8008310000001,94.8094180000001
15.7972200000001,94.806091
15.7916660000001,94.7977600000001
---
15.8680530000001,94.4158170000001
15.9691639999999,94.3830409999999
15.9816650000001,94.381088
15.9872190000001,94.381927
15.995831,94.3866580000001
16.003052,94.3927610000001
16.006107,94.3966520000001
16.012775,94.411102
16.0158310000001,94.42276
16.0258290000001,94.448868
16.0280530000001,94.4535980000001
16.03722,94.464996
16.054996,94.4813689999999
16.062218,94.487488
16.0869410000001,94.502487
16.1258280000001,94.5305480000001
16.1791610000001,94.571106
16.213051,94.5974880000001
16.219715,94.604431
16.240551,94.6324769999999
16.24416,94.643051
16.245029,94.6480260000001
16.245274,94.6494289999999
16.241661,94.6524810000001
16.2327730000001,94.6574860000001
16.206383,94.668045
16.184441,94.670822
16.137218,94.6608120000001
16.1324960000001,94.6594240000001
16.1144409999999,94.6513820000001
16.0133320000001,94.5863800000001
16.00972,94.583328
---
16.230827,97.5574799999999
16.231937,97.5455320000001
16.2402730000001,97.5205379999999
16.2558330000001,97.502213
16.2672200000001,97.4927520000001
16.311665,97.4680480000001
16.316109,97.4658200000001
16.3222200000001,97.464706
16.4419400000001,97.4483180000001
16.448051,97.4485930000001
16.481663,97.4622040000001
16.485828,97.464706
16.4888840000001,97.468597
16.4911040000001,97.4733120000001
16.50333,97.5038759999999
16.5061069999999,97.515549
16.505333,97.5186310000001
16.483604,97.6008150000001
16.4819370000001,97.60582
16.4763830000001,97.6138760000001
16.4652710000001,97.616653
16.447216,97.617203
16.246105,97.5763850000001
16.2411040000001,97.574707
16.2336040000001,97.569153
---
18.8652730000001,93.708038
18.8686070000001,93.727768
18.8711090000001,93.7324830000001
18.874996,93.743591
18.8727720000001,93.748032
18.8674960000001,93.7500000000001
18.7427710000001,93.7574920000001
18.7316630000001,93.7558290000001
18.717495,93.7502750000001
18.700272,93.740814
18.692219,93.73526
18.681107,93.7258150000001
18.674995,93.7180480000001
18.669994,93.7086030000001
18.6680529999999,93.7030490000001
18.667496,93.6830440000001
18.6683270000001,93.6772
18.6711080000001,93.666931
18.678608,93.6466520000001
18.683052,93.6374970000001
18.6861080000001,93.633606
18.7711110000001,93.5438690000001
18.782497,93.533325
18.837498,93.4960940000001
18.841942,93.493317
18.8524970000001,93.4894260000001
18.869717,93.4844210000001
18.873886,93.4869229999999
18.875275,93.493042
18.875275,93.506104
18.875275,93.5188750000001
18.8758280000001,93.545532
18.8766630000001,93.552475
18.8871800000001,93.6380770000001
18.873051,93.6563720000001
18.870831,93.660812
18.8674960000001,93.6710970000001
---
19.230274,93.8152620000001
19.231663,93.8216550000001
19.240551,93.8422090000001
19.2546580000001,93.8703920000001
19.2049939999999,93.896652
19.0755540000001,93.9474789999999
18.965271,93.9855350000001
18.958607,93.9860990000001
18.948051,93.9838710000001
18.9211080000001,93.9711
18.862495,93.9422000000001
18.8644410000001,93.9191440000001
18.899162,93.8580320000001
18.904995,93.849991
19.014721,93.702774
19.060555,93.66832
19.073608,93.66748
19.127495,93.641937
19.2186050000001,93.570541
19.3008310000001,93.503876
19.312775,93.4947050000001
19.326385,93.486649
19.341385,93.4799800000001
19.3538859999999,93.4777680000001
19.3661080000001,93.4777680000001
19.3863830000001,93.4833220000001
19.400829,93.4905400000001
19.408886,93.4960940000001
19.4163860000001,93.502487
19.4194410000001,93.5063780000001
19.427219,93.520538
19.4286080000001,93.527771
19.4299960000001,93.541931
19.4269409999999,93.552475
19.4027750000001,93.6091460000001
19.3988840000001,93.612762
19.3577730000001,93.636108
19.353329,93.638596
19.3474960000001,93.6399840000001
19.3419420000001,93.6391600000001
19.338051,93.636108
19.3349950000001,93.632202
19.3208310000001,93.645264
19.29583,93.66832
19.2494389999999,93.7419280000001
19.2341610000001,93.7794340000001
19.231342,93.7909240000001
---
19.2686080000001,93.794983
19.271664,93.7910920000001
19.279163,93.7844239999999
19.4391630000001,93.6663820000001
19.4474950000001,93.660263
19.481937,93.64415
19.48666,93.642761
19.5111079999999,93.650818
19.516109,93.6524810000001
19.5569420000001,93.679703
19.5605550000001,93.6827549999999
19.5624960000001,93.6883090000001
19.561108,93.6935880000001
19.5491640000001,93.7374880000001
19.4677730000001,93.897491
19.4286080000001,93.9616550000001
19.4208300000001,93.9683230000001
19.3991619999999,93.9758150000001
19.3938870000001,93.976379
19.3693540000001,93.967285
19.3605539999999,93.9627690000001
19.3097190000001,93.916382
19.3005520000001,93.904434
19.277775,93.8616490000001
19.273331,93.8513790000001
19.2686080000001,93.801651
---
19.74305,93.508041
19.7774959999999,93.4583280000001
19.7866629999999,93.4466400000001
19.799442,93.4377590000001
19.809719,93.433594
19.9266620000001,93.396103
19.9452740000001,93.3924870000001
19.951385,93.3924870000001
19.955273,93.395828
19.95583,93.401382
19.9505770000001,93.4199069999999
19.943607,93.4347080000001
19.896942,93.486649
19.889439,93.493317
19.88055,93.498596
19.8699950000001,93.502777
19.851387,93.5063780000001
19.757221,93.5202640000001
19.747494,93.516937
19.7444379999999,93.5130460000001
---
19.8233300000001,93.0219270000001
19.824997,93.0180510000001
20.0608290000001,92.9088749999999
20.067776,92.908325
20.0827750000001,92.909149
20.086662,92.912491
20.0872190000001,92.91832
20.08366,92.925781
20.079441,92.935257
20.0772210000001,92.939697
20.068329,92.9516600000001
20.06361,92.954437
19.8855510000001,93.0238800000001
19.8744390000001,93.027481
19.868328,93.027481
19.8277740000001,93.024429
---
28.3438870000001,97.8138730000001
28.346664,97.827209
28.352219,97.8369290000001
28.356384,97.839981
28.366386,97.8438720000001
28.370274,97.8474880000001
28.374439,97.859146
28.3816640000001,97.891663
28.3813860000001,97.8988800000001
28.3763850000001,97.908875
28.2783320000001,98.0188750000001
28.2727740000001,98.0208280000001
28.265831,98.0213780000001
28.260277,98.0202640000001
28.230274,98.008041
28.223885,98.0077670000001
28.2186050000001,98.0097200000001
28.214718,98.0130460000001
28.2094379999999,98.023041
28.1563150000001,98.136215
28.150829,98.1433260000001
28.1469420000001,98.1466520000001
28.1374970000001,98.1522060000001
28.1202740000001,98.1572110000001
28.1133310000001,98.157761
28.0138850000001,98.1474910000001
28.0027769999999,98.1449890000001
27.8399960000001,98.195816
27.7513890000001,98.2302700000001
27.696941,98.2633210000001
27.635273,98.2910920000001
27.629719,98.2930450000001
27.580276,98.3027650000001
27.566387,98.3035890000001
27.5499990000001,98.3094180000001
27.5419430000001,98.3163760000001
27.535553,98.324432
27.533054,98.329437
27.5294420000001,98.3405460000001
27.5280530000001,98.354156
27.5294420000001,98.3688660000001
27.536663,98.3847200000001
27.546387,98.397491
27.5536080000001,98.404984
27.557499,98.4086
27.5702740000001,98.416931
27.585274,98.423035
27.596386,98.4255370000001
27.632774,98.426086
27.6724970000001,98.458878
27.650829,98.5333250000001
27.605274,98.646103
27.5391650000001,98.699707
27.534164,98.6977540000001
27.5227740000001,98.6952510000001
27.472496,98.6860960000001
27.4661060000001,98.6855319999999
27.382217,98.701096
27.3774950000001,98.7038730000001
27.3741650000001,98.722763
27.372498,98.7283170000001
27.3683280000001,98.731934
27.363052,98.7338710000001
27.356663,98.7349850000001
27.3291630000001,98.7366490000001
27.322773,98.736374
27.3172190000001,98.7349850000001
27.2605550000001,98.7152710000001
27.2458270000001,98.7091520000001
27.2311060000001,98.6944270000001
27.226105,98.692474
27.2141609999999,98.6908110000001
27.201939,98.69165
27.1327739999999,98.710815
27.0055540000001,98.7385860000001
26.894161,98.760544
26.791664,98.7777710000001
26.6427729999999,98.7785950000001
26.6363830000001,98.77832
26.6058310000001,98.7755430000001
26.4261050000001,98.7458190000001
26.3627739999999,98.7266540000001
26.2519419999999,98.701096
26.2433280000001,98.7072140000001
26.1952740000001,98.731094
26.189163,98.7322080000001
26.177219,98.730545
26.1347200000001,98.7099910000001
26.130276,98.7072140000001
26.1097179999999,98.6830439999999
26.1030499999999,98.674988
26.0983310000001,98.664429
26.0980530000001,98.6569370000001
26.0997199999999,98.651382
26.1044430000001,98.6486050000001
26.1174960000001,98.647217
26.123886,98.6474910000001
26.1399959999999,98.651932
26.146942,98.651382
26.151661,98.6488800000001
26.152775,98.6424870000001
26.1374969999999,98.591095
26.127495,98.5708310000001
26.123051,98.568054
26.0833320000001,98.575272
25.9988819999999,98.6008150000001
25.988605,98.6052550000001
25.984718,98.608597
25.953884,98.6552580000001
25.905273,98.7091520000001
25.896664,98.7152710000001
25.8905530000001,98.7163850000001
25.8774950000001,98.7163850000001
25.865551,98.7147060000001
25.855553,98.710815
25.8513870000001,98.7080380000001
25.8080519999999,98.6477659999999
25.802776,98.638046
25.8011090000001,98.631927
25.8013879999999,98.626648
25.8033290000001,98.621094
25.820831,98.587769
25.826664,98.578873
25.8397180000001,98.562485
25.8422200000001,98.557755
25.846386,98.5474850000001
25.848606,98.535263
25.845551,98.5308230000001
25.801662,98.4866490000001
25.7980539999999,98.4830469999999
25.7936100000001,98.4802700000001
25.7694440000001,98.4794310000001
25.7588880000001,98.476379
25.6911050000001,98.438583
25.5919420000001,98.383041
25.5694429999999,98.361374
25.5516620000001,98.3266600000001
25.5497210000001,98.3205410000001
25.548885,98.3138730000001
25.5497210000001,98.30748
25.554718,98.2980350000001
25.5930520000001,98.227203
25.6152730000001,98.191086
25.579998,98.1652680000001
25.5622180000001,98.169434
25.550274,98.168045
25.4102750000001,98.1355440000001
25.3899960000001,98.124695
25.3144420000001,98.0694430000001
25.306942,98.0621950000001
25.219715,97.9513850000001
25.216663,97.9463650000001
25.214161,97.9410860000001
25.207497,97.9172060000001
25.208328,97.911102
25.210827,97.906372
25.2202720000001,97.9010930000001
25.235828,97.8944400000001
25.245274,97.88916
25.2491610000001,97.8858180000001
25.25861,97.873032
25.2655530000001,97.858032
25.26833,97.8463750000001
25.2591630000001,97.8333280000001
25.2555540000001,97.829712
25.2469410000001,97.824158
25.24194,97.82222
25.2088850000001,97.814697
25.1702730000001,97.8060910000001
25.137497,97.7894290000001
25.094997,97.761108
25.0877760000001,97.7541660000001
25.0647200000001,97.725815
24.9813840000001,97.7227630000001
24.918884,97.7366490000001
24.8344420000001,97.689423
24.8227730000001,97.6713710000001
24.761944,97.5785980000001
24.746662,97.556931
24.7430499999999,97.5524750000001
24.738049,97.5505370000001
24.7319370000001,97.550262
24.727314,97.5541690000001
24.7199940000001,97.560257
24.714718,97.562195
24.702496,97.5646970000001
24.6763840000001,97.568329
24.6569400000001,97.568054
24.57111,97.562485
24.559162,97.561096
24.5369420000001,97.556641
24.4766619999999,97.543045
24.446941,97.653595
24.4441600000001,97.665268
24.4408300000001,97.6691440000001
24.4369390000001,97.6724850000001
24.375275,97.7127690000001
24.2636070000001,97.7586060000001
24.257496,97.7599950000001
24.1636090000001,97.74942
24.1588859999999,97.747482
24.135273,97.7363740000001
24.118053,97.724701
24.110828,97.7177580000001
24.0980530000001,97.7010960000001
24.0888860000001,97.6883090000001
24.053051,97.6441500000001
23.95916,97.541656
23.9505500000001,97.5363770000001
23.9449960000001,97.5352630000001
23.939716,97.5355380000001
23.9349940000001,97.538315
23.9316640000001,97.5422060000001
23.9291610000001,97.5469360000001
23.9241640000001,97.5630340000001
23.9211079999999,97.581375
23.8983310000001,97.623871
23.891941,97.631927
23.8838840000001,97.6385960000001
23.8794400000001,97.641098
23.869164,97.645538
23.851704,97.6499790000001
23.8838840000001,97.6919250000001
23.9227710000001,97.764709
23.9805490000001,97.865265
24.00972,97.8933110000001
24.0169369999999,97.9002690000001
24.026661,97.912491
24.081615,98.040588
24.084106,98.0466920000001
24.0890960000001,98.0644840000001
24.11945,98.1877290000001
24.125305,98.2207789999999
24.1349560000001,98.4465940000001
24.1310270000001,98.5140840000001
24.1256980000001,98.5446170000001
24.123177,98.5493620000001
24.098557,98.5825040000001
24.0921210000001,98.5905760000001
24.124264,98.837463
24.1279640000001,98.849075
24.133347,98.858719
24.136173,98.862854
24.146061,98.874969
24.1600690000001,98.890732
24.141293,98.900116
24.125736,98.906494
24.1196100000001,98.9076230000001
24.114014,98.906265
24.1052930000001,98.9010470000001
24.0979459999999,98.8939060000001
24.0784,98.86969
24.0625800000001,98.848755
23.9980090000001,98.754852
23.9858280000001,98.7274780000001
23.9747159999999,98.6852570000001
23.9722180000001,98.679977
23.9680519999999,98.6772
23.816387,98.687485
23.7747189999999,98.8013760000001
23.7730520000001,98.8069310000001
23.76722,98.8155360000001
23.7586100000001,98.821381
23.7530520000001,98.823044
23.637775,98.852768
23.5541650000001,98.8066410000001
23.5416640000001,98.8060910000001
23.5355530000001,98.8069310000001
23.484718,98.821381
23.480827,98.8247070000001
23.478329,98.8294369999999
23.4780500000001,98.8361050000001
23.483604,98.853043
23.486107,98.858032
23.4874950000001,98.864151
23.486107,98.875259
23.483604,98.879974
23.475826,98.8863830000001
23.4663849999999,98.8916629999999
23.44305,98.9041600000001
23.422771,98.912766
23.417217,98.9147030000001
23.404995,98.916931
23.327221,98.924698
23.2841639999999,98.9210970000001
23.1891630000001,98.9274750000001
23.108608,99.089157
23.1030500000001,99.105255
23.10194,99.111099
23.1002730000001,99.2016600000001
23.1007000000001,99.2234950000001
23.1027760000001,99.2283170000001
23.108887,99.236923
23.114162,99.2463680000001
23.116386,99.251663
23.118885,99.26416
23.1341630000001,99.3497159999999
23.1349950000001,99.356369
23.133884,99.362488
23.0913849999999,99.498596
23.0897180000001,99.5038760000001
23.0869410000001,99.5083310000001
23.0830540000001,99.512207
23.079163,99.515549
23.073463,99.518158
22.9494399999999,99.5633090000001
22.938049,99.566376
22.9319380000001,99.565811
22.926941,99.5638730000001
22.922497,99.5610960000001
22.9197160000001,99.5569310000001
22.9152720000001,99.5466460000001
22.913609,99.540817
22.9116629999999,99.5274810000001
22.9122160000001,99.5141600000001
22.91333,99.5080410000001
22.869995,99.4424740000001
22.716938,99.34082
22.703049,99.348328
22.6033289999999,99.3849950000001
22.5902750000001,99.3863830000001
22.5836070000001,99.386658
22.5099980000001,99.38472
22.503887,99.38443
22.4933280000001,99.3805389999999
22.480827,99.3722080000001
22.4691620000001,99.362488
22.4544600000001,99.348373
22.4369390000001,99.330826
22.4130520000001,99.3047030000001
22.4036060000001,99.292755
22.4013860000001,99.287766
22.1652720000001,99.1633150000001
22.159161,99.162766
22.1545140000001,99.1675420000001
22.1447180000001,99.1777650000001
22.114441,99.2324830000001
22.1105540000001,99.2497100000001
22.0930520000001,99.3594210000001
22.0938870000001,99.374146
22.1019400000001,99.403046
22.110828,99.416092
22.121384,99.434708
22.1358299999999,99.465546
22.108887,99.5880430000001
22.089996,99.651932
22.084721,99.6677550000001
22.076385,99.6844180000001
22.07444,99.6866460000001
22.0397190000001,99.7091520000001
22.070831,99.735809
22.0736080000001,99.741653
22.075275,99.749146
22.0605550000001,99.8922120000001
22.0527760000001,99.943314
22.050173,99.957451
22.048885,99.9644320000001
21.9774930000001,99.990814
21.9697150000001,99.991089
21.9583280000001,99.9905400000001
21.951939,99.989151
21.9172169999999,99.9747010000001
21.8919410000001,99.959152
21.8597180000001,99.9469300000001
21.853607,99.9449770000001
21.824997,99.941925
21.8174970000001,99.9424740000001
21.733883,99.9736020000001
21.717216,99.9816590000001
21.709438,99.9863740000001
21.69944,99.996643
21.696106,100.002213
21.6944390000001,100.008614
21.686108,100.084152
21.634163,100.141373
21.5911060000001,100.110527
21.586384,100.107208
21.5833320000001,100.106087
21.57972,100.106644
21.526108,100.116379
21.519718,100.118317
21.5075,100.122482
21.5047190000001,100.123871
21.461105,100.16748
21.4413830000001,100.193314
21.435356,100.203918
21.432552,100.212753
21.4769400000001,100.282761
21.5161090000001,100.338593
21.5213850000001,100.34166
21.528332,100.346939
21.5333329999999,100.354713
21.5374980000001,100.367477
21.5388870000001,100.37886
21.530277,100.423027
21.5286100000001,100.429977
21.502777,100.453873
21.48666,100.458878
21.46944,100.466927
21.461662,100.475807
21.4591599999999,100.481369
21.4583280000001,100.484993
21.4513850000001,100.560257
21.4508290000001,100.568047
21.451107,100.57193
21.456104,100.588593
21.4769400000001,100.639709
21.5088880000001,100.717209
21.513332,100.725273
21.5799980000001,100.796097
21.5847210000001,100.799423
21.590553,100.801933
21.5969430000001,100.803307
21.608051,100.808319
21.6430510000001,100.8311
21.650272,100.840553
21.766666,101.092758
21.771385,101.105263
21.7705189999999,101.12056
21.639439,101.165543
21.630276,101.168587
21.6122169999999,101.170258
21.6047170000001,101.170822
21.598885,101.16832
21.572636,101.148239
21.544163,101.161377
21.5374980000001,101.162773
21.5333329999999,101.162773
21.5305520000001,101.161652
21.4908290000001,101.127197
21.466385,101.101929
21.4644389999999,101.099716
21.400829,101.005257
21.3958280000001,100.997482
21.319717,100.867752
21.3136100000001,100.857208
21.3061070000001,100.843597
21.3024980000001,100.834717
21.300831,100.827766
21.298332,100.808594
21.298332,100.787491
21.2999990000001,100.776657
21.3027760000001,100.766663
21.314137,100.736473
21.314137,100.73172
21.307709,100.722603
21.2952770000001,100.718048
21.2327730000001,100.703873
21.2222180000001,100.702477
21.19194,100.701393
21.181385,100.699997
21.1786080000001,100.698593
21.128052,100.671921
21.0577740000001,100.627762
21.0516620000001,100.621368
21.0408330000001,100.606934
21.0363849999999,100.598877
21.0330540000001,100.580551
21.031109,100.560806
21.0269430000001,100.548027
21.0252760000001,100.545532
20.954441,100.521378
20.94944,100.519989
20.887775,100.513321
20.8791620000001,100.516663
20.871109,100.525543
20.868607,100.531372
20.8669400000001,100.53804
20.868607,100.549713
20.872772,100.566673
20.88055,100.584427
20.8872180000001,100.603317
20.8899960000001,100.617752
20.8915410000001,100.633614
20.887478,100.642059
20.8833310000001,100.646103
20.8772200000001,100.648331
20.870552,100.647217
20.8630520000001,100.642212
20.8566630000001,100.636383
20.8404540000001,100.617867
20.833885,100.604713
20.820553,100.576103
20.813885,100.561653
20.810555,100.5522
20.8052749999999,100.531937
20.803886,100.520264
20.805832,100.496933
20.8130530000001,100.462196
20.818329,100.44165
20.8280530000001,100.38443
20.8277740000001,100.372208
20.826942,100.368874
20.8219410000001,100.361366
20.771664,100.290543
20.7524990000001,100.263611
20.7455479999999,100.253883
20.6966630000001,100.211929
20.6894380000001,100.20694
20.635273,100.175262
20.620552,100.170258
20.5447200000001,100.149429
20.4894370000001,100.141373
20.4027750000001,100.126083
20.399719,100.125259
20.383053,100.117477
20.3683280000001,100.107758
20.3486060000001,100.09137
20.3472179999999,100.089432
20.3488409999999,100.081322
20.3499980000001,100.075546
20.3833309999999,100.019989
20.4130520000001,99.9871980000001
20.418884,99.9849849999999
20.4302750000001,99.983597
20.44083,99.9780430000001
20.4538840000001,99.966095
20.4552730000001,99.959152
20.4347189999999,99.883606
20.432217,99.8777620000001
20.427219,99.86998
20.421383,99.863312
20.4047160000001,99.851379
20.376663,99.838882
20.367496,99.8363800000001
20.358887,99.8327640000001
20.3536070000001,99.8297119999999
20.3444400000001,99.82222
20.3363840000001,99.809143
20.331387,99.7974849999999
20.328053,99.77916
20.3108290000001,99.673599
20.311943,99.6663820000001
20.32333,99.6110989999999
20.347496,99.5341490000001
20.3527760000001,99.522766
20.3088870000001,99.502213
20.211384,99.5530400000001
20.2066610000001,99.5552519999999
20.199718,99.555817
20.193607,99.5552519999999
20.159161,99.542755
20.1494410000001,99.5388790000001
20.147217,99.533875
20.145618,99.515732
20.1199950000001,99.4897000000001
20.117218,99.4855350000001
20.100273,99.459717
20.0952760000001,99.450546
20.0919420000001,99.4383090000001
20.068054,99.3383180000001
20.066109,99.3255460000001
20.0674970000001,99.3130340000001
20.075275,99.299713
20.0783309999999,99.2958219999999
20.0861090000001,99.2897030000001
20.095829,99.2783200000001
20.10722,99.2619320000001
20.117218,99.243866
20.125553,99.202209
20.128052,99.183868
20.128052,99.1702580000001
20.1252750000001,99.158035
20.102776,99.0855410000001
20.0974960000001,99.0763850000001
20.0908320000001,99.068878
20.0483320000001,99.0430450000001
20.0372199999999,99.0408170000001
19.9277729999999,99.0224910000001
19.9208300000001,99.0230410000001
19.896107,99.0266570000001
19.8913840000001,99.02887
19.879719,99.0383150000001
19.866108,99.039154
19.8483310000001,99.0372010000001
19.842773,99.0361020000001
19.8288840000001,99.0297090000001
19.7869420000001,99.003326
19.7833330000001,98.9997100000001
19.7805520000001,98.995529
19.7711110000001,98.9458160000001
19.7705540000001,98.896103
19.781666,98.886108
19.8144419999999,98.8422090000001
19.8163870000001,98.8369290000001
19.81472,98.8313750000001
19.7419400000001,98.6491550000001
19.709717,98.5205380000001
19.6936679999999,98.4760280000001
19.6958270000001,98.391098
19.695274,98.3472140000001
19.694439,98.332764
19.689716,98.3230440000001
19.689995,98.2422030000001
19.726383,98.215271
19.754997,98.1810910000001
19.7611080000001,98.173309
19.7830540000001,98.139435
19.8086089999999,98.0808260000001
19.8099980000001,98.0686040000001
19.8099980000001,98.0547030000001
19.8074990000001,98.0499880000001
19.8033290000001,98.047211
19.798332,98.045532
19.723328,98.0280460000001
19.710552,98.02832
19.698605,98.0305480000001
19.67194,98.039703
19.6588859999999,98.039703
19.6480520000001,98.0374910000001
19.6438870000001,98.0349879999999
19.6402740000001,98.0316620000001
19.6038860000001,97.969147
19.5991630000001,97.9594270000001
19.575829,97.9099880000001
19.5736080000001,97.9049840000001
19.5701750000001,97.86908
19.5216640000001,97.866379
19.401939,97.7924800000001
19.3958279999999,97.792206
19.3624950000001,97.8019260000001
19.3572199999999,97.803589
19.289997,97.834152
19.2071000000001,97.841812
19.1677740000001,97.840546
19.1066630000001,97.8374940000001
19.1011090000001,97.8363800000001
19.096943,97.8338780000001
19.089996,97.819443
19.0711100000001,97.7883150000001
19.0652730000001,97.780273
19.0333330000001,97.7488710000001
19.0297200000001,97.7455290000001
18.9388850000001,97.678864
18.934162,97.6772
18.9280510000001,97.6783140000001
18.9236070000001,97.6808170000001
18.9158290000001,97.68692
18.8905530000001,97.7174840000001
18.8883290000001,97.7219240000001
18.869442,97.7447050000001
18.8655509999999,97.747757
18.685272,97.7810970000001
18.671661,97.781937
18.6349949999999,97.780273
18.6047170000001,97.77887
18.5747180000001,97.7766570000001
18.569996,97.774704
18.5694430000001,97.76915
18.5724980000001,97.7519379999999
18.574165,97.7466430000001
18.5738870000001,97.7397000000001
18.562218,97.652771
18.5561069999999,97.6297
18.5544429999999,97.624146
18.5141640000001,97.5580290000001
18.5,97.5447080000001
18.4961050000001,97.506653
18.4927710000001,97.458603
18.4949950000001,97.44693
18.4972149999999,97.4424740000001
18.500275,97.4385830000001
18.5558320000001,97.3697050000001
18.5605550000001,97.3672030000001
18.579655,97.3622890000001
18.5830540000001,97.3599850000001
18.57222,97.349991
18.5624960000001,97.346375
18.5508310000001,97.345261
18.5441630000001,97.3458250000001
18.538887,97.3474880000001
18.5349960000001,97.3505400000001
18.5280530000001,97.3583220000001
18.5249980000001,97.362198
18.5202750000001,97.3710939999999
18.5138850000001,97.378586
18.498051,97.3910980000001
18.488884,97.3961030000001
18.4105530000001,97.4374849999999
18.3961070000001,97.4441380000001
18.385551,97.4477540000001
18.373608,97.4499970000001
18.3669400000001,97.4505460000001
18.342495,97.4494170000001
18.335831,97.4499970000001
18.3266640000001,97.454987
18.282497,97.4944310000001
18.275829,97.5013890000001
18.267776,97.5138850000001
18.2649990000001,97.524704
18.2661090000001,97.531097
18.2686080000001,97.535812
18.275829,97.54248
18.291386,97.5463710000001
18.3086090000001,97.548599
18.3188860000001,97.5513760000001
18.3230510000001,97.5538640000001
18.327774,97.563599
18.327774,97.577209
18.325554,97.5949860000001
18.3205530000001,97.61026
18.309441,97.626648
18.290276,97.6430510000001
18.2802770000001,97.647217
18.273609,97.647766
18.265831,97.641937
18.2630540000001,97.637772
18.261387,97.6322020000001
18.2552759999999,97.624146
18.2516630000001,97.620819
18.242771,97.616653
18.2366600000001,97.6163790000001
18.231384,97.6180419999999
18.2213820000001,97.6222080000001
18.212494,97.627197
18.1749950000001,97.652481
18.128609,97.6871950000001
17.977493,97.750275
17.972218,97.7519379999999
17.9669380000001,97.752213
17.9544409999999,97.7447050000001
17.9508290000001,97.7413640000001
17.9472160000001,97.737488
17.935551,97.713318
17.9324950000001,97.7094270000001
17.928883,97.7061
17.9158289999999,97.699142
17.881939,97.6866460000001
17.870552,97.685532
17.8644409999999,97.6866460000001
17.8538860000001,97.690262
17.703327,97.77832
17.684162,97.793869
17.626942,97.847214
17.619995,97.854706
17.5689660000001,97.9238740000001
17.5283319999999,97.9688720000001
17.415829,98.05304
17.313885,98.118866
17.257774,98.179428
17.235828,98.2055510000001
17.173885,98.2727660000001
17.1408309999999,98.3044280000001
17.050552,98.374695
17.052776,98.4005430000001
17.0533290000001,98.423599
17.015831,98.4616550000001
16.941105,98.511108
16.883884,98.543869
16.8547170000001,98.549988
16.7852750000001,98.5149990000001
16.784164,98.508881
16.7802770000001,98.4985960000001
16.777496,98.494705
16.7738880000001,98.491364
16.745827,98.4797059999999
16.740829,98.478043
16.734993,98.477768
16.7297170000001,98.4794310000001
16.722771,98.4860990000001
16.6852720000001,98.5224910000001
16.6308290000001,98.563599
16.4649959999999,98.6602630000001
16.460274,98.6624910000001
16.4491620000001,98.665268
16.381939,98.6680450000001
16.284996,98.6896970000001
16.2811090000001,98.692749
16.274719,98.713318
16.2763860000001,98.7158200000001
16.3530499999999,98.7885890000001
16.402496,98.827484
16.4386060000001,98.8649900000001
16.4019389999999,98.916656
16.3988840000001,98.920258
16.3911059999999,98.9263760000001
16.3858300000001,98.9280400000001
16.3791620000001,98.9283140000001
16.268608,98.918594
16.254166,98.913315
16.1461070000001,98.8610990000001
16.1377750000001,98.856094
16.134163,98.852768
16.1086079999999,98.8238830000001
16.1036070000001,98.814987
16.10305,98.808029
16.104164,98.802475
16.106663,98.798035
16.1202739999999,98.791092
16.1227720000001,98.7869260000001
16.123886,98.7810970000001
16.1302760000001,98.7049870000001
16.12833,98.692749
16.1244389999999,98.68248
16.117218,98.6760859999999
16.046108,98.6316530000001
15.9658319999999,98.61499
15.722775,98.5652620000001
15.6983320000001,98.5688779999999
15.6618799999999,98.575577
15.6438880000001,98.5708310000001
15.6169409999999,98.565536
15.604998,98.5649870000001
15.5916650000001,98.565536
15.5552770000001,98.5713810000001
15.5330540000001,98.5769350000001
15.4833320000001,98.5894320000001
15.4716639999999,98.595535
15.458332,98.5963750000001
15.4463860000001,98.595825
15.4169430000001,98.5935970000001
15.382774,98.5894320000001
15.362776,98.5836030000001
15.3530519999999,98.579987
15.3366640000001,98.5699920000001
15.32972,98.563599
15.3299980000001,98.558868
15.341942,98.5594180000001
15.3480530000001,98.5583190000001
15.3530519999999,98.556641
15.3608300000001,98.550812
15.3663860000001,98.542755
15.3872200000001,98.5036010000001
15.387777,98.497482
15.363609,98.4258120000001
15.3599970000001,98.4224849999999
15.354719,98.421646
15.2841639999999,98.4202580000001
15.2711110000001,98.397766
15.2211090000001,98.239151
15.220831,98.2322080000001
15.221664,98.2266540000001
15.226778,98.2054750000001
15.2044430000001,98.2030490000001
15.074999,98.2010960000001
14.9938470000001,98.2161560000001
14.9680539999999,98.233322
14.9636100000001,98.2358090000001
14.9358310000001,98.2491459999999
14.9208320000001,98.2549900000001
14.9016649999999,98.2555540000001
14.8958319999999,98.2549900000001
14.876663,98.248032
14.871386,98.246933
14.8166660000001,98.259995
14.806942,98.26416
14.719997,98.320267
14.709997,98.330551
14.656942,98.385269
14.64851,98.39502
14.6427760000001,98.404434
14.638887,98.4136050000001
14.6338880000001,98.422211
14.61722,98.438873
14.605831,98.4477540000001
14.578331,98.4680480000001
14.4866640000001,98.51944
14.446943,98.5408170000001
14.386387,98.5691530000001
14.381941,98.5713810000001
14.3266639999999,98.6108090000001
14.3191640000001,98.6169280000001
14.316109,98.6202550000001
14.217497,98.7597200000001
14.1849980000001,98.8072050000001
14.1313860000001,98.8866580000001
14.102221,98.937195
14.0999980000001,98.94136
14.083609,98.971649
14.0747200000001,98.9760890000001
14.0108320000001,99.003326
13.9347210000001,99.0363770000001
13.773609,99.1277620000001
13.7697200000001,99.130814
13.727781,99.1739650000001
13.6652759999999,99.1702580000001
13.634722,99.1691440000001
13.578054,99.1769260000001
13.541666,99.1883090000001
13.473886,99.2088780000001
13.462776,99.211655
13.418331,99.216095
13.405832,99.2172090000001
13.2347200000001,99.213882
13.2161080000001,99.2127689999999
13.206665,99.208603
13.203581,99.203384
13.1991650000001,99.160263
13.196665,99.14888
13.189999,99.1347200000001
13.1799980000001,99.123871
13.1758310000001,99.1208190000001
13.1711099999999,99.120255
13.068888,99.1116490000001
13.055832,99.112198
13.0508310000001,99.1141509999999
12.741665,99.2355350000001
12.7319410000001,99.2397
12.7236080000001,99.245255
12.665276,99.305252
12.574434,99.4362340000001
12.4988860000001,99.428864
12.3369430000001,99.445816
12.3258300000001,99.4483180000001
12.2986090000001,99.4555510000001
12.1883320000001,99.49971
12.145832,99.5644230000001
12.1413879999999,99.5713810000001
12.136665,99.573318
12.131109,99.57193
12.101664,99.5633090000001
12.015833,99.5566410000001
11.8919430000001,99.5813750000001
11.8813860000001,99.584717
11.8724980000001,99.589432
11.8344420000001,99.626648
11.831665,99.6308140000001
11.8291650000001,99.649994
11.8291650000001,99.6569370000001
11.826942,99.6616520000001
11.820553,99.660812
11.7500000000001,99.640549
11.7336080000001,99.6358180000001
11.63722,99.5691530000001
11.630552,99.5619200000001
11.6277750000001,99.5574800000001
11.626387,99.5519260000001
11.5683310000001,99.465546
11.3499980000001,99.358322
11.2788870000001,99.324432
11.176664,99.265549
11.1594430000001,99.2544400000001
11.099165,99.2133180000001
11.0474990000001,99.174149
11.041388,99.1663820000001
11.0333330000001,99.1535950000001
11.0302720000001,99.144135
11.0241660000001,99.128036
11.016666,99.1147000000001
11.0099980000001,99.106644
10.9580540000001,99.0488740000001
10.8222200000001,98.935257
10.7765270000001,98.8979190000001
10.7752760000001,98.875259
10.7747210000001,98.868866
10.773333,98.8633120000001
10.7705540000001,98.8591460000001
10.767221,98.8555450000001
10.733887,98.8260960000001
10.729998,98.823044
10.6822200000001,98.7872009999999
10.672775,98.7827610000001
10.6302759999999,98.773605
10.6169410000001,98.77388
10.6094420000001,98.779984
10.6002750000001,98.791931
10.5897200000001,98.8022
10.523054,98.8247070000001
10.5166660000001,98.8238830000001
10.464165,98.802475
10.455832,98.796936
10.442221,98.7824860000001
10.436386,98.774704
10.428886,98.768326
10.409721,98.7594300000001
10.378054,98.748871
10.3486080000001,98.742752
10.2649990000001,98.7083280000001
10.195831,98.6797030000001
10.059443,98.5999909999999
9.99388700000003,98.560806
9.98555399999992,98.554977
9.98221999999993,98.5516510000001
9.98166500000002,98.5466460000001
9.98444200000012,98.54248
9.98805200000004,98.5388790000001
10.006109,98.529434
10.0199989999999,98.522766
10.156942,98.507217
10.2299980000001,98.506943
10.2436079999999,98.514435
10.3461090000001,98.533875
10.3516640000001,98.5324859999999
10.4197200000001,98.5113830000001
10.43222,98.5030520000001
10.434443,98.4983220000001
10.43861,98.4955290000001
10.4491650000001,98.4922030000001
10.671665,98.4569400000001
10.6780550000001,98.456375
10.7227750000001,98.458038
10.7344419999999,98.4602660000001
10.7349970000001,98.46666
10.730553,98.4902650000001
10.7291640000001,98.496094
10.7269420000001,98.500824
10.7191640000001,98.5141599999999
10.6988870000001,98.5213780000001
10.6947210000001,98.5241550000001
10.6924970000001,98.5288700000001
10.6938880000001,98.5347140000001
10.6966649999999,98.5388790000001
10.727221,98.5641480000001
10.846109,98.627472
10.9141650000001,98.7080380000001
10.918331,98.710815
10.952497,98.718597
10.959442,98.718597
10.976942,98.7155460000001
10.992775,98.710815
11.1363870000001,98.694138
11.137777,98.699707
11.16222,98.7241520000001
11.177776,98.736374
11.182499,98.738312
11.264999,98.7583310000001
11.271111,98.7577670000001
11.326664,98.7308200000001
11.352497,98.7163850000001
11.3749980000001,98.701935
11.5558320000001,98.7216490000001
11.561943,98.7224880000001
11.6669430000001,98.743591
11.680832,98.74942
11.6847210000001,98.752213
11.7088870000001,98.8266600000001
11.7080540000001,98.8330540000001
11.6997200000001,98.87442
11.6952759999999,98.8841550000001
11.6891650000001,98.8847200000001
11.6883320000001,98.8897090000001
11.693888,98.8910980000001
11.700275,98.890549
11.7113880000001,98.8808140000001
11.7311100000001,98.851654
11.733887,98.8474880000001
11.766943,98.784988
11.69722,98.707489
11.677498,98.692474
11.6755540000001,98.687485
11.6863860000001,98.66304
11.691942,98.6547090000001
11.723886,98.609421
11.7469430000001,98.5994260000001
11.751665,98.597488
11.8019429999999,98.604706
11.8066650000001,98.6069340000001
11.916388,98.66304
11.9588870000001,98.718048
11.9630530000001,98.7211
11.976109,98.7219240000001
12.0138870000001,98.7208250000001
12.044722,98.700272
12.1686680000001,98.6546250000001
12.199413,98.710426
12.224465,98.7058720000001
12.2419249999999,98.686516
12.224465,98.637169
12.1938880000001,98.5972140000001
12.208902,98.5494840000001
12.2457209999999,98.533165
12.2635610000001,98.5343020000001
12.2949980000001,98.568054
12.3047460000001,98.6390690000001
12.316133,98.6838530000001
12.340046,98.7035900000001
12.370032,98.679298
12.3858320000001,98.644714
12.3980540000001,98.628586
12.417498,98.6063690000001
12.421665,98.603592
12.4280550000001,98.6030430000001
12.468609,98.604706
12.553053,98.6197050000001
12.5633319999999,98.6233060000001
12.608053,98.6488800000001
12.6908320000001,98.6808170000001
12.8686080000001,98.6369320000001
12.8733310000001,98.634995
12.8774970000001,98.6322020000001
12.888054,98.621643
12.9111100000001,98.5961000000001
12.920277,98.59137
13.090275,98.5847170000001
13.154165,98.5838780000001
13.167221,98.5847170000001
13.1727750000001,98.5833280000001
13.1824990000001,98.579437
13.190832,98.573883
13.2349970000001,98.5266570000001
13.237776,98.5224910000001
13.256388,98.4930420000001
13.284721,98.474701
13.3549980000001,98.458603
13.361387,98.458328
13.4077760000001,98.4491420000001
13.474165,98.431091
13.478886,98.428864
13.5211490000001,98.4038239999999
13.6338880000001,98.323608
13.6841640000001,98.2866520000001
13.778332,98.251663
13.859163,98.2491459999999
13.9441640000001,98.2358090000001
13.9616640000001,98.2324830000001
14.023333,98.2144320000001
14.028599,98.211288
14.058609,98.1888730000001
14.0591640000001,98.185532
14.04361,98.181656
14.0301760000001,98.1800990000001
14.021111,98.179153
13.937777,98.1877590000001
13.894999,98.1960910000001
13.6619430000001,98.198029
13.541943,98.1833190000001
13.53722,98.181656
13.5308319999999,98.1744229999999
13.530554,98.169144
13.5366650000001,98.1424870000001
13.539721,98.1388850000001
13.761389,98.082489
13.7869430000001,98.0774840000001
13.7916660000001,98.079163
13.795553,98.089157
13.795832,98.0944370000001
13.7941650000001,98.0994260000001
13.8074990000001,98.1024780000001
13.9058319999999,98.1035920000001
14.0483320000001,98.083603
14.17861,98.089432
14.1811100000001,98.0849910000001
14.1961100000001,98.0733180000001
14.211943,98.06192
14.250555,98.035538
14.2844430000001,98.014999
14.2977770000001,98.008041
14.3558310000001,97.9830470000001
14.3608300000001,97.981369
14.673332,97.8771970000001
14.7174970000001,97.8541560000001
14.78861,97.8280490000001
14.881962,97.7972560000001
14.9219440000001,97.798599
15.1047190000001,97.811371
15.146387,97.8119200000001
15.1588879999999,97.810532
15.185555,97.798325
15.2022210000001,97.7813720000001
15.210831,97.7697140000001
15.2522220000001,97.742752
15.330832,97.7352600000001
15.3588869999999,97.736099
15.4266640000001,97.779709
15.5108320000001,97.7644349999999
15.765276,97.721375
15.7680550000001,97.725266
15.7727760000001,97.726929
15.778887,97.7272030000001
15.8427750000001,97.72554
15.8505539999999,97.723602
15.8849980000001,97.7094270000001
15.910555,97.6930390000001
15.946665,97.641373
16.0022200000001,97.594437
16.0455509999999,97.574158
16.0561070000001,97.5705410000001
16.061943,97.569443
16.068607,97.568878
16.0741649999999,97.5699920000001
16.0818480000001,97.5755460000001
16.0855520000001,97.593323
16.0877760000001,97.598038
16.0944400000001,97.6052549999999
16.1027760000001,97.61026
16.1116640000001,97.6144260000001
16.116386,97.6163790000001
16.1266630000001,97.6188660000001
16.2566640000001,97.6488800000001
16.2674979999999,97.6508180000001
16.2869420000001,97.6502689999999
16.309441,97.6380460000001
16.332775,97.626648
16.34333,97.6233060000001
16.3552740000001,97.6210940000001
16.367218,97.6202550000001
16.4241640000001,97.622482
16.488327,97.6338810000001
16.4924930000001,97.6363830000001
16.5394400000001,97.677765
16.54583,97.6849820000001
16.560764,97.7372890000001
16.563885,97.737488
16.567776,97.7344210000001
16.5699960000001,97.72998
16.572773,97.719437
16.5730510000001,97.713043
16.5722120000001,97.7040100000001
16.549999,97.6658170000001
16.532497,97.5833280000001
16.5336070000001,97.5777740000001
16.534996,97.5594180000001
16.5363849999999,97.508331
16.5244410000001,97.410263
16.5222210000001,97.405548
16.519165,97.4016570000001
16.494995,97.378036
16.5255550000001,97.357758
16.8447190000001,97.204712
16.9003940000001,97.2143100000001
16.899719,97.186096
17.0558320000001,97.1649930000001
17.123886,97.150269
17.251942,97.061646
17.292774,97.010818
17.3199960000001,96.969147
17.3586080000001,96.9191440000001
17.371109,96.90387
17.378052,96.897217
17.38694,96.892212
17.4499970000001,96.8780360000001
17.404995,96.842209
17.34444,96.879425
17.246941,96.868591
17.239716,96.8621980000001
17.231384,96.8572080000001
17.1988830000001,96.8430480000001
17.186108,96.8447110000001
17.180828,96.8463750000001
17.1463850000001,96.861099
17.12833,96.870819
17.111664,96.882202
17.090553,96.896378
17.076942,96.90387
17.042774,96.9127660000001
17.0305520000001,96.912201
16.9233280000001,96.875259
16.9211080000001,96.870529
16.9219400000001,96.8647
16.9191630000001,96.837769
16.9058300000001,96.8091430000001
16.903049,96.806641
16.89534,96.8126370000001
16.893051,96.817215
16.875275,96.8405460000001
16.86694,96.845825
16.8469430000001,96.847488
16.8413849999999,96.846649
16.836662,96.8449860000001
16.7313839999999,96.7972110000001
16.722496,96.793045
16.7038840000001,96.7777710000001
16.69305,96.768051
16.6822170000001,96.7583310000001
16.6077730000001,96.6824800000001
16.560276,96.6269230000001
16.547775,96.6119229999999
16.542221,96.6033170000001
16.5352750000001,96.5891570000001
16.508053,96.5013890000001
16.501389,96.4691470000001
16.5008320000001,96.4622040000001
16.4983290000001,96.4094240000001
16.501389,96.3797000000001
16.503609,96.3752590000001
16.5463870000001,96.3033140000001
16.555553,96.292206
16.5974960000001,96.264709
16.7013850000001,96.228867
16.7311060000001,96.222763
16.7419360000001,96.221024
16.750275,96.2202609999999
16.760555,96.223038
16.7713850000001,96.2324830000001
16.7770960000001,96.2403410000001
16.7827760000001,96.249146
16.7886090000001,96.264709
16.7933310000001,96.274155
16.7999990000001,96.2813720000001
16.804718,96.2830510000001
16.8102760000001,96.2838750000001
16.814163,96.2744290000001
16.813053,96.260544
16.8037340000001,96.241928
16.766388,96.1958160000001
16.7244380000001,96.199417
16.6822170000001,96.2072140000001
16.591385,96.2274780000001
16.585552,96.228867
16.5466770000001,96.2479710000001
16.534443,96.254715
16.5061000000001,96.2708890000001
16.4652710000001,96.300537
16.461983,96.3031160000001
16.460342,96.3048100000001
16.458328,96.307205
16.457798,96.312302
16.3897170000001,96.2683259999999
16.347496,96.182755
16.3519400000001,96.084717
16.3830679999999,96.0068049999999
16.3411060000001,96.066086
16.334995,96.0736079999999
16.32972,96.0755460000001
16.31694,96.0758210000001
16.3122180000001,96.074158
16.3008310000001,96.065536
16.2558330000001,96.0219270000001
16.2169380000001,95.9711
16.2147180000001,95.9663850000001
16.2111049999999,95.9480290000001
16.210552,95.9410859999999
16.2113840000001,95.9352570000001
16.217495,95.9341430000001
16.225273,95.9396970000001
16.234161,95.9272
16.2386050000001,95.889709
16.2361070000001,95.8849950000001
16.14444,95.7533260000001
16.1151580000001,95.732193
16.0458300000001,95.6913600000001
16.0355529999999,95.6888730000001
16.0113870000001,95.6880340000001
15.998608,95.688583
15.9872190000001,95.6874849999999
15.9736080000001,95.6819310000001
15.9655530000001,95.6763760000001
15.9577750000001,95.670822
15.9177759999999,95.6369320000001
15.9002760000001,95.620255
15.801109,95.5224910000001
15.794443,95.515549
15.7758309999999,95.4930420000001
15.7436080000001,95.4494169999999
15.729719,95.428589
15.71472,95.4016570000001
15.7105540000001,95.3916630000001
15.709997,95.3785860000001
15.7197190000001,95.3055420000001
15.7244420000001,95.2905430000001
15.7274970000001,95.286652
15.733332,95.285538
15.786665,95.27832
15.793331,95.277771
15.829998,95.277771
15.8349970000001,95.279434
15.8386100000001,95.2824860000001
15.8505539999999,95.298035
15.8572200000001,95.3049770000001
15.8716640000001,95.3174900000001
15.87583,95.3199920000001
15.9688870000001,95.3599850000001
15.9891640000001,95.3649900000001
15.99472,95.3658140000001
16.043053,95.3669280000001
16.1394390000001,95.362762
16.1447180000001,95.3608090000001
16.14222,95.356094
16.1224980000001,95.3349910000001
16.1152730000001,95.328873
16.1061060000001,95.3247070000001
16.0994420000001,95.3252720000001
16.094162,95.327209
16.0755540000001,95.3430480000001
16.0666659999999,95.3477630000001
16.0466650000001,95.3497160000001
16.02861,95.3494260000001
16.0166660000001,95.3491520000001
16.0002749999999,95.346375
15.990831,95.3433230000001
15.9647200000001,95.329712
15.8936639999999,95.287994
15.888832,95.2841569999999
15.8869979999999,95.281822
15.8636090000001,95.263611
15.8616640000001,95.258041
15.8627760000001,95.2460940000001
15.864443,95.241089
15.8680530000001,95.2380370000001
15.8805520000001,95.236099
15.8902759999999,95.2394259999999
15.9367760000001,95.260765
15.9481090000001,95.265091
15.9567760000001,95.267929
15.959942,95.2686000000001
15.9969429999999,95.2744290000001
16.002777,95.2733150000001
15.9461100000001,95.2383120000001
15.937777,95.2335970000001
15.933054,95.231934
15.88722,95.220261
15.8716640000001,95.216934
15.8527760000001,95.217209
15.831387,95.2241520000001
15.8202760000001,95.2272030000001
15.8136099999999,95.2280430000001
15.7952770000001,95.223602
15.786386,95.219437
15.7827760000001,95.2163850000001
15.780832,95.210815
15.776665,95.17804
15.776665,95.1719210000001
15.777498,95.1660920000001
15.783054,95.151657
15.7883320000001,95.1436
15.7949980000001,95.1366580000001
15.802498,95.1305390000001
15.8158320000001,95.123032
15.833609,95.1191410000001
15.9849970000001,95.101089
15.9902740000001,95.1005400000001
16.0202750000001,95.101089
16.03722,95.1030430000001
16.0588870000001,95.1066440000001
16.06361,95.108032
16.0680540000001,95.110535
16.0824969999999,95.123032
16.0913850000001,95.13472
16.104523,95.156952
16.1119419999999,95.170258
16.113884,95.175812
16.1144409999999,95.182755
16.1136090000001,95.188309
16.110554,95.198318
16.1102750000001,95.2047120000001
16.113884,95.2230380000001
16.1169399999999,95.2269289999999
16.121662,95.225815
16.123886,95.221375
16.136383,95.182755
16.136662,95.1777650000001
16.137218,95.137207
16.1024970000001,95.0938720000001
16.095276,95.087769
16.0911060000001,95.085266
16.060829,95.069443
16.0458300000001,95.0652620000001
16.0008320000001,95.0697170000001
15.9772210000001,95.0747069999999
15.948196,95.0745540000001
15.932775,95.0722200000001
15.8382970000001,95.0521850000001
15.814165,95.0447080000001
15.8058320000001,95.0399780000001
15.799166,95.033051
15.753611,94.9647059999999
15.752222,94.958328
15.7530540000001,94.952774
15.777498,94.853317
15.77972,94.848877
15.783333,94.8458250000001
15.788054,94.8447110000001
15.888356,94.8549190000001
15.938887,94.835266
15.9563870000001,94.83638
16.0178149999999,94.887283
16.0483130000001,94.8816830000001
16.094372,94.8711010000001
16.13055,94.861374
16.1436080000001,94.8677519999999
16.1599959999999,94.878036
16.1780510000001,94.8936000000001
16.1883280000001,94.90387
16.192772,94.913879
16.193886,94.9338680000001
16.1963840000001,94.9463650000001
16.198051,94.95166
16.2036059999999,94.9602660000001
16.212772,94.9719240000001
16.21944,94.9788669999999
16.2344400000001,94.99054
16.24416,94.993866
16.2466620000001,94.9908140000001
16.2066610000001,94.898041
16.204163,94.8933259999999
16.198051,94.885544
16.1836050000001,94.873032
16.1624949999999,94.861099
16.137218,94.8469390000001
16.1269420000001,94.844437
16.1136090000001,94.8458250000001
16.069996,94.8513790000001
16.051497,94.8503190000001
16.040831,94.8564910000001
16.037329,94.857147
16.0304970000001,94.856659
16.022829,94.852318
15.99333,94.8402710000001
15.8680530000001,94.733322
15.854164,94.7213750000001
15.851109,94.717484
15.8438870000001,94.703598
15.842497,94.697479
15.8427750000001,94.678864
15.847498,94.6636050000001
15.854164,94.650543
15.88361,94.613602
15.8880540000001,94.611099
15.9036100000001,94.605255
15.9161090000001,94.6033170000001
15.921387,94.604156
15.9280549999999,94.611099
15.943331,94.6380460000001
15.951109,94.6588749999999
15.958609,94.67276
15.9736080000001,94.691925
15.9936080000001,94.7130430000001
16.008331,94.7255400000001
16.1036070000001,94.7744290000001
16.1377750000001,94.7897030000001
16.1427730000001,94.7913669999999
16.1536060000001,94.7930450000001
16.1605000000001,94.7925110000001
16.141941,94.762207
16.1383290000001,94.7591550000001
16.0833320000001,94.7283169999999
16.061108,94.7180480000001
16.049721,94.7172090000001
16.0363850000001,94.718597
16.0302770000001,94.7183230000001
16.019997,94.71582
16.016388,94.712769
16.004166,94.6972050000001
15.947777,94.622482
15.9369430000001,94.605255
15.9324990000001,94.595261
15.9313869999999,94.589157
15.930832,94.5760960000001
15.935276,94.5672150000001
15.941942,94.5602569999999
15.95472,94.559708
15.9636100000001,94.5635990000001
15.981941,94.579163
16.0049970000001,94.604156
16.021942,94.621094
16.039997,94.6366580000001
16.059998,94.649994
16.093887,94.668869
16.1158290000001,94.679703
16.131939,94.6822050000001
16.183331,94.6869200000001
16.1958270000001,94.686371
16.3361090000001,94.64444
16.3397179999999,94.6410980000001
16.3427730000001,94.631088
16.340832,94.618042
16.335274,94.6094210000001
16.331665,94.606369
16.2708319999999,94.5566410000001
16.2904130000001,94.5424800000001
16.2978760000001,94.535553
16.2973440000001,94.52755
16.2893470000001,94.5142210000001
16.277082,94.5104899999999
16.2536220000001,94.5179520000001
16.210827,94.516937
16.1916620000001,94.5119320000001
16.181938,94.508606
16.177773,94.5063780000001
16.068607,94.436096
16.0624960000001,94.4283140000001
15.985275,94.327209
15.9588869999999,94.2541660000001
15.9577750000001,94.25
15.959997,94.2455290000001
16.0227740000001,94.2041629999999
16.032497,94.199707
16.3483310000001,94.231934
16.3533289999999,94.2335970000001
16.520832,94.303314
16.519165,94.308319
16.522499,94.319717
16.5255550000001,94.3236079999999
16.5286100000001,94.327484
16.546665,94.3433230000001
16.551109,94.345535
16.5655520000001,94.3502660000001
16.7958300000001,94.406097
16.8016620000001,94.406372
16.8411060000001,94.395264
16.846107,94.3933260000001
16.8947180000001,94.4099880000001
16.9655490000001,94.454712
17.1733280000001,94.5252689999999
17.215828,94.511658
17.31694,94.550537
17.414997,94.563034
17.4628640000001,94.5682370000001
17.5019420000001,94.569717
17.5427740000001,94.6116490000001
17.5463870000001,94.6147000000001
17.5577740000001,94.6113740000001
17.6152730000001,94.5922090000001
17.6338840000001,94.582489
17.7083280000001,94.543594
17.8333319999999,94.4938660000001
18.003052,94.466934
18.015274,94.4827580000001
18.023888,94.4877620000001
18.0286100000001,94.4894260000001
18.0341640000001,94.4902650000001
18.0586089999999,94.4905400000001
18.0711100000001,94.4883120000001
18.3627739999999,94.383331
18.396664,94.342484
18.526386,94.2466430000001
18.53083,94.244141
18.534443,94.2458190000001
18.532219,94.250549
18.532219,94.256943
18.5352750000001,94.260818
18.5394400000001,94.2633210000001
18.5461080000001,94.262497
18.737774,94.2385860000001
18.867218,94.147217
18.8669400000001,94.1430510000001
18.8588869999999,94.1374970000001
18.84972,94.133331
18.811108,94.1202550000001
18.8433300000001,94.041656
18.845551,94.037201
18.8561060000001,94.033051
18.893051,94.0283200000001
18.9044420000001,94.0291600000001
18.963882,94.0408170000001
19.0519409999999,94.057755
19.0752750000001,94.0463710000001
19.0752750000001,94.0399780000001
19.077496,94.0288700000001
19.0813870000001,94.025818
19.0874979999999,94.025818
19.1433300000001,94.026932
19.1822470000001,94.041817
19.2017670000001,94.0479510000001
19.2215650000001,94.0512920000001
19.244987,94.0473939999999
19.2444380000001,94.0333250000001
19.2308270000001,94.0347140000001
19.2186050000001,94.0347140000001
19.2080500000001,94.0322110000001
19.1988830000001,94.0283200000001
19.190273,94.023315
19.152775,94.0000000000001
19.1466640000001,93.9922030000001
19.1430510000001,93.976089
19.143887,93.9636080000001
19.1474950000001,93.953873
19.1566620000001,93.9422000000001
19.211729,93.8955150000001
19.2559739999999,93.8743060000001
19.2730520000001,93.8961030000001
19.29361,93.9177550000001
19.3249970000001,93.9488680000001
19.354164,93.9752660000001
19.363331,93.9791560000001
19.378883,93.983322
19.4516600000001,93.992477
19.4572180000001,93.9919280000001
19.4608270000001,93.9885859999999
19.461105,93.982208
19.4597170000001,93.9758150000001
19.457771,93.9702610000001
19.4769400000001,93.9097140000001
19.5486070000001,93.8208310000001
19.6177749999999,93.7363740000001
19.6258280000001,93.7305450000001
19.6311069999999,93.728592
19.71944,93.6844180000001
19.715271,93.601654
19.719715,93.5991520000001
19.7808299999999,93.5980379999999
19.790833,93.6010889999999
19.871941,93.6563720000001
19.87944,93.662766
19.884441,93.6722110000001
19.886383,93.6780400000001
19.8883290000001,93.6913600000001
19.8883290000001,93.698029
19.88694,93.703323
19.884441,93.7077640000001
19.8791620000001,93.723038
19.8791620000001,93.729431
19.8816639999999,93.734421
19.9166640000001,93.7419280000001
19.931664,93.728592
19.9330519999999,93.7233120000001
19.9333310000001,93.716934
19.9077720000001,93.6138759999999
19.904716,93.6099850000001
19.900272,93.607483
19.894997,93.606644
19.890553,93.604156
19.8830530000001,93.5977630000001
19.8780520000001,93.588318
19.87722,93.582489
19.8788830000001,93.577209
19.8866619999999,93.5574800000001
19.888607,93.55304
19.8971920000001,93.5473940000001
19.9054320000001,93.5512390000001
19.9101010000001,93.5619510000001
19.9252070000001,93.543823
19.9221860000001,93.5259700000001
19.9381160000001,93.514984
19.9570690000001,93.5086669999999
19.964211,93.4897159999999
19.9592670000001,93.462524
19.951027,93.4562070000001
19.9493790000001,93.4487920000001
19.9502720000001,93.4422000000001
19.967495,93.41748
19.980274,93.408875
20.0027769999999,93.401932
20.021385,93.398331
20.0419430000001,93.371094
20.0444410000001,93.283051
20.042221,93.26944
20.042221,93.256378
20.053329,93.166382
20.055553,93.1619260000001
20.0674970000001,93.1458280000001
20.0741650000001,93.1385960000001
20.085552,93.128311
20.0577740000001,93.136108
19.979383,93.1679379999999
19.96055,93.1754300000001
19.8799970000001,93.2111050000001
19.865829,93.2183230000001
19.839718,93.2352600000001
19.8336070000001,93.243317
19.8299980000001,93.2466430000001
19.823887,93.2466430000001
19.820553,93.2347110000001
19.823608,93.2241520000001
19.83083,93.2174840000001
19.8355520000001,93.2147059999999
19.922218,93.171097
19.9491080000001,93.1509859999999
19.966274,93.1459810000001
19.978773,93.140984
19.9814410000001,93.13932
19.9832740000001,93.1368180000001
19.9826090000001,93.1339800000001
19.97344,93.1214830000001
19.978329,93.1013790000001
19.9733279999999,93.0997159999999
19.961662,93.098877
19.9555510000001,93.099152
19.9497180000001,93.1005400000001
19.938328,93.103867
19.8552740000001,93.1310880000001
19.845551,93.136108
19.8024980000001,93.167206
19.8355520000001,93.1299740000001
19.843052,93.1233060000001
20.069443,92.984421
20.079441,92.9794309999999
20.1227719999999,92.972214
20.1283300000001,92.972763
20.127773,92.978592
20.124718,92.982758
20.122498,92.9874880000001
20.121109,92.9924770000001
20.1208310000001,92.9991460000001
20.129997,93.058594
20.158607,93.0972140000001
20.168884,93.108322
20.1763840000001,93.1147
20.1811070000001,93.1163790000001
20.2138820000001,93.120529
20.218327,93.1191410000001
20.2186050000001,93.1141510000001
20.2138820000001,93.103592
20.2024960000001,93.086105
20.196384,93.0780489999999
20.186939,93.0660860000001
20.170273,93.0472110000001
20.1597179999999,93.0366520000001
20.1497190000001,93.025543
20.1441610000001,93.016663
20.1419410000001,93.0113830000001
20.140831,93.0047150000001
20.141384,92.9988710000001
20.1444400000001,92.9949800000001
20.1488840000001,92.9922030000001
20.162495,92.99054
20.2061039999999,92.989426
20.3847200000001,93.032761
20.509441,93.0799870000001
20.524441,93.0847170000001
20.536663,93.0847170000001
20.5433310000001,93.0838780000001
20.548607,93.081665
20.551662,93.0777740000001
20.5477750000001,93.074432
20.46944,93.031372
20.4405520000001,93.0224910000001
20.423885,93.019989
20.406662,93.0186
20.4005510000001,93.0186
20.380276,93.021103
20.361107,93.0219270000001
20.3499980000001,93.020264
20.3024980000001,93.009995
20.288887,93.0036010000001
20.120552,92.893051
20.1174960000001,92.8888850000001
20.1161079999999,92.882751
20.116665,92.870255
20.121109,92.860809
20.1241650000001,92.856934
20.1949959999999,92.7733150000001
20.2033270000001,92.767212
20.2086070000001,92.765274
20.214718,92.764999
20.219162,92.767487
20.2527770000001,92.78804
20.2563860000001,92.791092
20.2597200000001,92.795258
20.300552,92.8638760000001
20.3024980000001,92.869431
20.3227730000001,92.891937
20.4024960000001,92.846375
20.489994,92.796097
20.60083,92.7136080000001
20.683052,92.6522060000001
20.690552,92.645264
20.692772,92.6408230000001
20.6922190000001,92.634995
20.6816640000001,92.63916
20.672771,92.6447140000001
20.615829,92.681656
20.6047170000001,92.691925
20.5987660000001,92.699783
20.5958290000001,92.703873
20.591942,92.7074890000001
20.5813870000001,92.711655
20.4458270000001,92.7344210000001
20.426384,92.737488
20.269997,92.739975
20.264442,92.739151
20.259998,92.7369230000001
20.2583310000001,92.7327580000001
20.2702750000001,92.71666
20.277496,92.709991
20.2858310000001,92.703873
20.303886,92.692749
20.3247180000001,92.6844180000001
20.341106,92.678589
20.4572180000001,92.619705
20.6102750000001,92.505554
20.6213839999999,92.495255
20.6497189999999,92.460266
20.670551,92.433594
20.6722180000001,92.42804
20.6802750000001,92.408875
20.691383,92.385544
20.697216,92.377472
20.700829,92.3738710000001
20.75861,92.3621980000001
20.890553,92.310806
20.9333310000001,92.287766
20.9430500000001,92.282761
20.986382,92.273605
21.05431,92.261932
21.113052,92.2341460000001
21.117496,92.231659
21.125828,92.2252660000001
21.13694,92.214996
21.140553,92.2116550000001
21.143608,92.207489
21.2188840000001,92.2058260000001
21.300552,92.2049870000001
21.3580510000001,92.222214
21.4144400000001,92.260818
21.4713820000001,92.3572080000001
21.473328,92.3630370000001
21.474163,92.376923
21.469994,92.3863830000001
21.3780520000001,92.537491
21.2683300000001,92.5830540000001
21.25861,92.588043
21.2549970000001,92.59137
21.251942,92.595535
21.2497180000001,92.6002660000001
21.2505530000001,92.607483
21.256943,92.6235960000001
21.2933310000001,92.6660920000001
21.2969820000001,92.669342
21.312218,92.662201
21.3272210000001,92.655258
21.34972,92.6480410000001
21.3727720000001,92.6413730000001
21.414997,92.6308140000001
21.469994,92.6180420000001
21.634163,92.6002660000001
21.6472170000001,92.5994260000001
21.666386,92.5986020000001
21.7949980000001,92.5991520000001
21.8438870000001,92.606369
21.8488850000001,92.608032
21.8577730000001,92.612762
21.861385,92.6160889999999
21.865829,92.618591
21.8758280000001,92.6216430000001
21.8819389999999,92.6216430000001
21.8955500000001,92.61998
21.921108,92.615265
21.9649960000001,92.606094
21.9822160000001,92.6008150000001
21.98333,92.6058200000001
22.021111,92.6708220000001
22.0269430000001,92.6797030000001
22.0313870000001,92.6822050000001
22.094162,92.6958160000001
22.146385,92.6966400000001
22.152218,92.697479
22.1558300000001,92.7005460000001
22.1583290000001,92.705551
22.1597180000001,92.7119290000001
22.1597180000001,92.7185970000001
22.157497,92.7233120000001
22.1127740000001,92.793594
22.1069410000001,92.801926
22.1038859999999,92.8058170000001
22.056385,92.8585970000001
22.048885,92.8655400000001
22.0408330000001,92.8716430000001
22.0272220000001,92.879974
22.0166659999999,92.8844300000001
22.0105550000001,92.885818
22.0049970000001,92.9244230000001
22.0247190000001,92.959717
22.0486070000001,92.9908140000001
22.1149980000001,93.0160980000001
22.2019390000001,93.044144
22.20583,93.0474850000001
22.2083280000001,93.0522000000001
22.211662,93.0646970000001
22.211662,93.0780489999999
22.2072180000001,93.1008150000001
22.203327,93.1108090000001
22.187496,93.123871
22.1852720000001,93.128586
22.1838839999999,93.140823
22.1847189999999,93.148041
22.186661,93.15387
22.1883510000001,93.1570740000001
22.19165,93.1633300000001
22.256386,93.1966400000001
22.2669410000001,93.1991420000001
22.2791630000001,93.1991420000001
22.3169400000001,93.19693
22.35722,93.192749
22.3844410000001,93.189423
22.427773,93.182755
22.440552,93.1805420000001
22.44416,93.176926
22.4533270000001,93.1647030000001
22.461662,93.1449890000001
22.4647180000001,93.141098
22.474438,93.136108
22.527222,93.1199800000001
22.5333330000001,93.1185910000001
22.665272,93.0972140000001
22.714439,93.092758
22.8016620000001,93.102203
22.8658290000001,93.116089
22.875828,93.1194310000001
22.9505500000001,93.141098
22.95583,93.138885
23.0083310000001,93.1263730000001
23.014442,93.124985
23.025555,93.126648
23.0349960000001,93.130814
23.048054,93.1380460000001
23.0513879999999,93.142212
23.053886,93.147217
23.0588870000001,93.181091
23.0594410000001,93.1883090000001
23.0588870000001,93.201385
23.05722,93.20665
23.049721,93.213608
23.0391650000001,93.2180480000001
23.0224990000001,93.223602
23.0133319999999,93.229156
23.0088880000001,93.2388760000001
23.0049970000001,93.2558290000001
23.003609,93.268051
23.0049970000001,93.2813720000001
23.0088880000001,93.2935940000001
23.0147210000001,93.303314
23.0177760000001,93.3074800000001
23.0291630000001,93.31749
23.068886,93.347763
23.07333,93.3502660000001
23.223328,93.3885960000001
23.229717,93.3885960000001
23.2494390000001,93.385544
23.357773,93.371918
23.4233280000001,93.3994290000001
23.5963860000001,93.424698
23.60833,93.425537
23.662495,93.4227600000001
23.7047160000001,93.4147030000001
23.8480529999999,93.3841550000001
23.953327,93.351089
23.9769400000001,93.3308259999999
23.9816630000001,93.3280490000001
23.9869380000001,93.327209
24.035963,93.327896
24.063465,93.332901
24.0734670000001,93.3365020000001
24.0779150000001,93.3387300000001
24.081802,93.342072
24.087646,93.3512420000001
24.0909920000001,93.3640290000001
24.0910030000001,93.370712
24.089355,93.3829500000001
24.0846520000001,93.392685
24.07634,93.405762
24.072731,93.4093780000001
24.0505140000001,93.41716
24.036915,93.4257810000001
23.974163,93.4697110000001
23.9705509999999,93.473038
23.964996,93.481934
23.9627720000001,93.4935910000001
23.9619410000001,93.5066530000001
23.964161,93.52916
23.9702720000001,93.590546
23.9722180000001,93.596375
23.9791599999999,93.603867
23.9930500000001,93.6105350000001
24.0000000000001,93.6128390000001
24.003052,93.6138759999999
24.0161059999999,93.6213530000001
24.0169369999999,93.635803
24.015549,93.6866299999999
24.0149960000001,93.692734
24.0074960000001,93.7533109999999
24.00444,93.76442
24.0000000000001,93.7685240000001
23.9891620000001,93.7783200000001
23.9847180000001,93.781097
23.9686050000001,93.787491
23.9541630000001,93.794983
23.9436070000001,93.806091
23.9352720000001,93.819153
23.9349940000001,93.826096
23.942219,93.8585970000001
23.9552730000001,93.900269
23.956661,93.9136050000001
23.95583,93.926651
23.9216610000001,94.0263820000001
23.917774,94.0366520000001
23.887775,94.092209
23.8847200000001,94.0963750000001
23.8437269999999,94.1347660000001
23.8477750000001,94.1444400000001
23.8552740000001,94.1510930000001
24.0058330000001,94.2183230000001
24.0158310000001,94.2216490000001
24.08083,94.242477
24.1794400000001,94.2702640000001
24.285831,94.3138730000001
24.371662,94.3591460000001
24.5816650000001,94.4722140000001
24.596943,94.4941410000001
24.6074980000001,94.5052640000001
24.611385,94.508606
24.7252730000001,94.5977630000001
24.760277,94.618317
24.867775,94.6685940000001
25.0247190000001,94.734421
25.030277,94.7355350000001
25.048332,94.7363740000001
25.119717,94.734421
25.126385,94.733597
25.136383,94.728592
25.143608,94.7141570000001
25.1522180000001,94.6941380000001
25.158329,94.678864
25.1622160000001,94.6685940000001
25.1655500000001,94.6574860000001
25.169716,94.619431
25.1713830000001,94.6138760000001
25.178329,94.599426
25.1899950000001,94.5888820000001
25.203884,94.5805510000001
25.2144390000001,94.576385
25.2277720000001,94.575821
25.239437,94.57666
25.286385,94.581665
25.291386,94.583328
25.3977740000001,94.6255340000001
25.4022180000001,94.6283110000001
25.409718,94.6349950000001
25.428049,94.661652
25.447495,94.6694340000001
25.462494,94.6830440000001
25.4661060000001,94.686646
25.472496,94.695251
25.4933280000001,94.73526
25.4958270000001,94.741089
25.496662,94.7485960000001
25.4919399999999,94.765274
25.4911040000001,94.7716520000001
25.496662,94.789429
25.5030520000001,94.7980350000001
25.578609,94.885269
25.7322160000001,94.9963680000001
25.8251910000001,95.028305
25.943607,95.059982
25.9474950000001,95.0719300000001
25.9499969999999,95.077209
25.9555510000001,95.086655
25.9655490000001,95.0986020000001
25.9833300000001,95.1177520000001
26.001942,95.134995
26.032776,95.1619260000001
26.040833,95.1680450000001
26.054165,95.1760860000001
26.058887,95.17804
26.06472,95.1788639999999
26.0708310000001,95.1774750000001
26.08083,95.1724850000001
26.086384,95.163605
26.1383290000001,95.1133120000001
26.2280500000001,95.0816650000001
26.240551,95.078873
26.304718,95.06749
26.311665,95.0666660000001
26.3255540000001,95.0652620000001
26.4686050000001,95.0644230000001
26.4797170000001,95.066376
26.484993,95.068329
26.6124950000001,95.141373
26.616386,95.144714
26.623329,95.152481
26.6727710000001,95.22998
26.679718,95.246368
26.6794400000001,95.2536010000001
26.6572190000001,95.2541660000001
26.651939,95.2563779999999
26.64555,95.264709
26.6447180000001,95.2711030000001
26.6847190000001,95.388321
26.6986050000001,95.4210970000001
26.70916,95.441086
26.7155490000001,95.449707
26.748051,95.4747009999999
26.7566640000001,95.4799800000001
26.7913860000001,95.4935910000001
26.8094410000001,95.503601
26.8163870000001,95.5113830000001
26.8230510000001,95.5194400000001
26.8263850000001,95.532211
26.826942,95.5399780000001
26.8258289999999,95.5533140000001
26.8197170000001,95.597763
26.819443,95.6047060000001
26.8213840000001,95.610809
26.8280530000001,95.618591
26.8369410000001,95.623871
26.898331,95.6710970000001
27.00111,95.8038640000001
27.0041659999999,95.8083190000001
27.0072210000001,95.8211060000001
27.0091630000001,95.8358150000001
27.0105550000001,95.866089
27.011944,95.873032
27.018608,95.889709
27.026108,95.9052580000001
27.0355530000001,95.9191440000001
27.0461079999999,95.9308170000001
27.0572200000001,95.94136
27.0802760000001,95.961929
27.110275,95.981659
27.1297190000001,95.9899750000001
27.143608,95.9972080000001
27.1669390000001,96.0099950000001
27.1711080000001,96.012772
27.182495,96.0233150000001
27.192493,96.0358120000001
27.2308270000001,96.095535
27.2333300000001,96.1008150000001
27.2561070000001,96.1541599999999
27.2688870000001,96.188309
27.270832,96.194138
27.2761080000001,96.228317
27.304443,96.420532
27.3049960000001,96.428314
27.304718,96.435532
27.302219,96.4966429999999
27.3658290000001,96.6219180000001
27.3672179999999,96.71666
27.365551,96.729156
27.3627740000001,96.7410890000001
27.3558310000001,96.763611
27.346943,96.7841490000001
27.3236079999999,96.8197170000001
27.3194429999999,96.823318
27.2627750000001,96.8552550000001
27.2199940000001,96.8636020000001
27.2149960000001,96.861649
27.210274,96.8613740000001
27.19944,96.8655400000001
27.194717,96.8683169999999
27.1874960000001,96.8758090000001
27.178051,96.8883210000001
27.172218,96.8974910000001
27.1655500000001,96.9127660000001
27.147217,96.9605410000001
27.1338840000001,96.9983220000001
27.0930020000001,97.059723
27.0852740000001,97.130264
27.085831,97.1366580000001
27.092495,97.14444
27.120552,97.1586
27.1324960000001,97.1599880000001
27.1386069999999,97.158875
27.286942,97.0449830000001
27.3027760000001,97.0310970000001
27.322773,97.006943
27.334442,96.996368
27.3661080000001,96.9688720000001
27.4469410000001,96.908035
27.4516600000001,96.9052580000001
27.462494,96.9010930000001
27.4686050000001,96.8999940000001
27.5936090000001,96.8861080000001
27.6061060000001,96.8866580000001
27.617496,96.888885
27.621941,96.891663
27.662216,96.932205
27.7177730000001,97.003876
27.749718,97.046646
27.791943,97.120255
27.9408300000001,97.361099
27.9913830000001,97.380539
28.0436100000001,97.3599850000001
28.0827750000001,97.3174900000001
28.089165,97.3160860000001
28.0952760000001,97.3163759999999
28.1661070000001,97.3344270000001
28.222771,97.3488770000001
28.23333,97.351929
28.2463839999999,97.36026
28.25,97.3641510000001
28.292496,97.410538
28.2974970000001,97.4210970000001
28.2963870000001,97.427475
28.291107,97.4447020000001
28.290276,97.4510960000001
28.2908330000001,97.458878
28.292496,97.464996
28.2961080000001,97.4688720000001
28.301109,97.470825
28.337498,97.482758
28.416939,97.4963680000001
28.539997,97.548599
28.5480540000001,97.555252
28.5491640000001,97.562195
28.5488850000001,97.569443
28.521111,97.700821
28.5169410000001,97.7113800000001
28.50972,97.719147
28.493328,97.724991
28.4652710000001,97.7344210000001
28.4474950000001,97.7388760000001
28.4274940000001,97.7410890000001
28.4211079999999,97.742477
28.416386,97.74498
28.349163,97.7969360000001
28.345829,97.8010860000001
28.344162,97.8066410000001
---
