3.55111100000011,9.62611000000004
3.55527699999999,9.62499800000006
3.57250000000005,9.63472200000012
3.57666599999993,9.63777700000014
3.57861100000014,9.6425000000001
3.583889,9.67722100000003
3.58361100000008,9.684166
3.580555,9.69500000000005
3.57666599999993,9.69194399999998
3.57472200000001,9.68722200000008
---
12.736944,14.5830550000001
12.738054,14.5886100000001
12.734604,14.6242010000001
12.7155550000001,14.705832
12.7138879999999,14.7116660000001
12.637205,14.818995
12.630348,14.8258530000001
12.375975,14.9023480000001
12.3205550000001,14.9083330000001
12.2283330000001,14.902222
12.2002770000001,14.898888
12.1686100000001,14.8936100000001
12.1584510000001,14.8903270000001
12.1533970000001,14.891754
12.1427760000001,14.9016670000001
12.099165,14.9494440000001
12.0961090000001,14.9536090000001
12.0916650000001,14.963333
12.089998,14.9688869999999
12.0897220000001,14.97611
12.0941660000001,14.985277
12.078888,15.042597
11.7547210000001,15.081944
11.6983320000001,15.0636100000001
11.692778,15.061943
11.687222,15.061666
11.681665,15.0627770000001
11.591665,15.0891669999999
11.5869430000001,15.0911100000001
11.5824989999999,15.0936110000001
11.49861,15.110832
11.494444,15.107777
11.4413870000001,15.07
11.431944,15.065277
11.396666,15.0513879999999
11.393055,15.050554
11.2116660000001,15.0191650000001
11.1991649999999,15.017221
11.18611,15.0175
11.136944,15.0191650000001
11.079407,15.026062
10.911665,15.0738890000001
10.895555,15.0780540000001
10.8894440000001,15.0786090000001
10.8708320000001,15.075832
10.844999,15.066387
10.8252770000001,15.0580540000001
10.8122220000001,15.0566650000001
10.8055550000001,15.0566650000001
10.7999990000001,15.0577770000001
10.7899990000001,15.061666
10.7316670000001,15.0922220000001
10.70611,15.113888
10.7019440000001,15.1163880000001
10.660555,15.1366650000001
10.61861,15.149721
10.6124990000001,15.1502760000001
10.502777,15.190277
10.3905540000001,15.276943
10.2486099999999,15.373055
10.103888,15.4963870000001
10.100277,15.4997220000001
10.0975000000001,15.503611
10.072498,15.5419430000001
10.0494439999999,15.589167
10.027222,15.630278
10.013332,15.6513879999999
10.010277,15.6555540000001
9.98964899999999,15.6818500000001
9.98639000000003,15.6687470000001
9.96722199999999,15.5916650000001
9.95360900000003,15.5350000000001
9.92694300000005,15.422222
9.97361000000006,15.2841660000001
9.98749900000013,15.2400000000001
9.98916600000001,15.1594430000001
9.98416500000013,15.1236099999999
9.97749900000014,15.103054
9.97416499999997,15.099443
9.958055,15.0877760000001
9.95277600000003,15.079166
9.94944400000003,15.062222
9.94722200000001,15.043888
9.94972000000013,15.0175
9.96916600000003,14.934166
9.97166600000014,14.920277
9.97027600000007,14.918055
9.92527799999999,14.7905540000001
9.92111000000006,14.7763880000001
9.9591660000001,14.652777
9.99388899999997,14.486111
9.99888800000008,14.458332
9.99722099999997,14.442778
9.98174999999998,14.1947690000001
9.94055400000002,14.182777
9.93111000000005,14.178333
9.86666500000013,14.1447220000001
9.85333300000013,14.13722
9.83166500000004,14.1233329999999
9.81138800000008,14.10861
9.78749800000014,14.0838870000001
9.77972199999994,14.07111
9.77500000000003,14.061943
9.77333299999998,14.0569439999999
9.76277700000003,14.039999
9.75361099999992,14.0283320000001
9.72999999999996,14.009998
9.65111000000002,13.9580550000001
9.6449990000001,13.956944
9.63861100000003,13.9574990000001
9.63444299999998,13.960278
9.63166600000005,13.9641670000001
9.62722200000007,13.973888
9.62555500000013,13.9794430000001
9.62388800000008,13.991943
9.61777699999999,14.0072210000001
9.61416600000001,14.016109
9.61277800000011,14.0175
9.25833300000011,14.3286090000001
9.23000000000008,14.3524990000001
9.19694299999998,14.348055
9.01333200000005,14.5527759999999
9.001665,14.566111
8.960554,14.621111
8.81110999999999,14.8247200000001
8.81611100000009,14.8408320000001
8.81777799999998,14.8527770000001
8.816666,14.858889
8.81305500000002,14.8691650000001
8.80555500000008,14.8830550000001
8.77527600000002,14.9227770000001
8.648888,15.0691660000001
8.63833200000005,15.079166
8.48583200000013,15.2019440000001
8.468887,15.2125000000001
8.43619900000004,15.225202
8.33916700000003,15.2647210000001
8.171944,15.3436110000001
8.14250000000004,15.3619440000001
8.12472200000008,15.371666
8.11638800000009,15.3755550000001
8.10666700000013,15.3791660000001
8.10055499999999,15.379721
8.08666600000009,15.3791660000001
8.06888800000013,15.3813880000001
8.04722199999998,15.3866650000001
8.03194400000012,15.3916659999999
7.91166600000014,15.433332
7.88222200000001,15.444721
7.81444400000004,15.4752770000001
7.80611000000005,15.480555
7.77722200000011,15.4997220000001
7.77263699999997,15.504862
7.77444400000013,15.5175000000001
7.77333300000004,15.530554
7.76040599999999,15.5799770000001
7.73611100000011,15.5819440000001
7.69361000000004,15.584444
7.68666599999995,15.5841659999999
7.629999,15.572777
7.586389,15.5497209999999
7.58166600000004,15.5472219999999
7.57360999999997,15.541388
7.52944399999996,15.5019439999999
7.52660900000006,15.499008
7.394722,15.4455550000001
7.34750000000014,15.3747220000001
7.29888799999998,15.3011090000001
7.29611100000005,15.297222
7.27055500000012,15.262499
7.26666600000004,15.259722
7.26009000000005,15.2567350000001
7.24611099999998,15.2397209999999
7.23972099999992,15.233055
7.23166700000002,15.2274990000001
7.22694400000006,15.2252769999999
7.19111099999998,15.2099990000001
7.01916599999998,15.142776
7.01388800000012,15.1413880000001
6.985277,15.136389
6.95111099999997,15.129721
6.77861000000001,15.0591660000001
6.77055500000006,15.0536100000001
6.76805499999995,15.0494440000001
6.74249900000001,15.00111
6.73916600000013,14.99111
6.73833300000013,14.9652770000001
6.73361100000005,14.9586110000001
6.68649100000005,14.938026
6.43361100000004,14.826666
6.38999900000005,14.796944
6.34666600000008,14.8049980000001
6.26694399999997,14.744444
6.26249999999999,14.7402759999999
6.18888899999996,14.5802760000001
6.09611000000012,14.449165
6.07968300000005,14.429789
6.04666600000007,14.41861
6.03527700000006,14.4191670000001
6.00694400000003,14.424166
5.91999900000008,14.484999
5.91722199999998,14.4888880000001
5.914444,14.4930550000001
5.91222199999999,14.504444
5.90500000000003,14.548887
5.90472200000011,14.555832
5.90600500000005,14.5574060000001
5.91083200000008,14.5633320000001
5.92083299999996,14.570276
5.92750000000007,14.5769440000001
5.92999900000007,14.5811100000001
5.93055500000003,14.5927770000001
5.92555500000009,14.601387
5.91888799999998,14.608055
5.90666600000003,14.615833
5.89583300000004,14.61861
5.833888,14.6230550000001
5.73277800000005,14.626944
5.71666599999992,14.6266650000001
5.52333299999992,14.6224989999999
5.51805500000006,14.622221
5.49583200000001,14.6172220000001
5.40472200000005,14.591389
5.36388899999997,14.5711100000001
5.35388899999998,14.5608330000001
5.34249999999997,14.551388
5.29499900000013,14.5322210000001
5.293611,14.531666
5.28888800000004,14.533609
5.26777700000002,14.55361
5.24777700000004,14.5811100000001
5.24277700000005,14.5897220000001
5.23944399999999,14.5997220000001
5.23638800000009,14.610554
5.23583299999996,14.6166650000001
5.2313880000001,14.6327759999999
5.2272210000001,14.642221
5.22166600000003,14.650276
5.21833299999992,14.65361
5.21083300000004,14.659721
5.18777800000009,14.670277
5.17222199999998,14.674721
5.124166,14.686943
5.114127,14.688616
5.04444400000006,14.6877770000001
5.03833300000002,14.686943
5.03361000000001,14.684721
5.01555500000006,14.675833
5.01205400000009,14.672958
4.98583300000001,14.6888890000001
4.97694399999995,14.6933330000001
4.87805500000013,14.7108330000001
4.81500000000005,14.720276
4.79555500000004,14.7205540000001
4.72333200000014,14.720276
4.64611100000002,14.7225
4.64138800000006,14.724443
4.62305499999997,14.7327769999999
4.61833300000006,14.7349990000001
4.61000000000001,14.740833
4.55110999999999,14.7902770000001
4.53749900000003,14.80361
4.53194400000012,14.8116660000001
4.47666599999997,14.8922210000001
4.46055500000011,14.930555
4.420278,15.007221
4.41750000000002,15.0113890000001
4.41055500000004,15.0180550000001
4.30138900000003,15.0836110000001
4.28805500000004,15.0902770000001
4.27777800000007,15.0936110000001
4.27166699999998,15.094166
4.25888800000013,15.0933319999999
4.23500000000001,15.0936110000001
4.14555500000012,15.101944
4.13527799999997,15.1050000000001
4.07388900000012,15.1436100000001
4.06972200000013,15.146387
4.02916600000003,15.043888
3.96138900000011,15.0638890000001
3.92055499999992,15.076944
3.85888900000009,15.1222210000001
3.83833299999998,15.137499
3.72194400000006,15.224165
3.67388899999997,15.2602770000001
3.66682100000014,15.26717
3.63972200000006,15.295277
3.34472200000005,15.590277
3.14749999999998,15.7677760000001
3.10222199999998,15.809444
3.09999999999997,15.814165
3.09944400000001,15.8202760000001
3.09999999999997,15.826387
3.10833300000007,15.865276
3.11250000000007,15.904165
3.11250000000007,15.909721
3.1005550000001,15.939999
2.94333300000011,16.073608
2.89833300000004,16.103054
2.858611,16.1119419999999
2.83500000000009,16.114998
2.82888800000006,16.1144409999999
2.82333299999999,16.112778
2.81527800000003,16.10722
2.80861099999993,16.100555
2.80444399999999,16.090832
2.80194400000005,16.0799979999999
2.79999999999995,16.075275
2.79666700000007,16.0716630000001
2.78500000000003,16.069443
2.53805500000004,16.090553
2.49777700000004,16.0947190000001
2.4325,16.1061100000001
2.4105550000001,16.111385
2.35722199999992,16.1325000000001
2.35250000000002,16.1344410000001
2.25999999999999,16.1797220000001
2.23750000000013,16.1924970000001
2.22083300000008,16.207222
2.21611100000001,16.206387
2.20861100000013,16.200275
2.18527699999999,16.16861
2.18333300000006,16.163887
2.18250000000006,16.1577760000001
2.19444399999998,16.14222
2.19805500000012,16.131943
2.20083299999993,16.1211090000001
2.20222200000012,16.1155549999999
2.20166599999993,16.1094440000001
2.19972200000007,16.104721
2.15888899999993,16.083885
2.14611099999996,16.083054
2.04472200000004,16.083885
1.9525000000001,16.094166
1.94777800000003,16.096386
1.84500000000008,16.1291660000001
1.79916600000007,16.1427760000001
1.73222199999998,16.1611100000001
1.72666599999997,16.162498
1.72194400000006,16.161663
1.71805499999999,16.1588860000001
1.65416600000009,16.0722200000001
1.66944400000011,16.050552
1.67916700000012,16.039719
1.71000000000004,16.029999
1.73055599999998,16.0261080000001
1.77111099999996,15.9783330000001
1.82027800000003,15.8805540000001
1.90333300000003,15.7658329999999
1.90888899999999,15.757776
1.91111100000001,15.7530540000001
1.93083300000006,15.704166
1.93444400000004,15.6863880000001
1.93444400000004,15.6797220000001
1.93138900000002,15.6461110000001
1.96111100000007,15.519165
1.97305499999993,15.4966660000001
1.97638899999993,15.4863870000001
1.96888900000005,15.448332
1.97500000000014,15.296389
1.97833300000002,15.293055
2.02972200000011,15.239166
2.03611100000006,15.2111110000001
2.03972200000004,15.1513880000001
2.03777700000006,15.146387
2.01222200000001,15.123055
1.98444400000011,15.104166
1.981111,15.100832
1.97777800000011,15.090555
1.97861100000011,15.077499
1.98694399999999,15.0291650000001
2.01666600000004,14.8872200000001
2.08277800000002,14.856667
2.07249999999999,14.759165
2.12416600000006,14.7141670000001
2.169444,14.564999
2.16750000000013,14.560276
2.14305500000006,14.463055
2.15222200000005,14.298332
2.15805500000005,14.11861
2.16055499999993,13.7505550000001
2.16051800000008,13.6618210000001
2.16416600000014,13.3077770000001
2.16403000000008,13.3043660000001
2.16361100000006,13.293888
2.17111100000011,13.2961100000001
2.21055600000011,13.300833
2.22555499999999,13.2958320000001
2.23388899999998,13.290554
2.26444399999997,13.259722
2.26777700000008,13.249443
2.28194400000001,13.180832
2.28388900000004,13.161943
2.28027800000001,13.131943
2.27833300000003,13.126944
2.27111100000008,13.1138880000001
2.25611100000009,13
2.24027799999993,12.8641660000001
2.23277800000005,12.7549989999999
2.23333300000013,12.7488880000001
2.25138900000002,12.6311090000001
2.25888900000007,12.5958330000001
2.28333300000003,12.5236110000001
2.291111,12.503887
2.29416700000007,12.499722
2.29833300000001,12.4902760000001
2.30194399999999,12.4733310000001
2.31789800000001,12.3356570000001
2.30166600000007,12.288887
2.28611100000001,12.2436100000001
2.28361100000012,12.2324980000001
2.28250000000003,12.220276
2.28083299999992,11.76111
2.28388900000004,11.751665
2.30166600000007,11.707499
2.30388900000014,11.702776
2.31083300000006,11.69611
2.31500000000005,11.693609
2.31527799999992,11.5797210000001
2.30527700000005,11.3772220000001
2.30472200000014,11.371111
2.30361100000005,11.367777
2.30083300000007,11.3661100000001
2.29687699999994,11.364946
2.29138900000009,11.363333
2.23638900000003,11.350555
2.168611,11.339764
2.16833300000013,11.2258320000001
2.16805599999992,11.082499
2.16750000000013,10.653332
2.16750000000013,10.5647220000001
2.16750000000013,10.537222
2.16750000000013,10.44861
2.16750000000013,10.421389
2.16784900000005,10.4086610000001
2.16750000000013,10.3327770000001
2.16750000000013,10.305555
2.16786200000007,10.181069
2.167778,10.073889
2.16805599999992,10.02611
2.16833300000013,10.015833
2.17111100000011,9.99083300000007
2.17555500000009,9.97444300000006
2.19138899999996,9.93527599999999
2.20861100000013,9.89888799999994
2.21083300000009,9.89444400000014
2.25111100000009,9.83861000000002
2.25444399999998,9.83527800000002
2.26277700000009,9.83027600000003
2.26777700000008,9.82833300000004
2.27861100000013,9.82583200000005
2.34369800000007,9.8117640000001
2.34972200000004,9.81666599999994
2.42638899999997,9.82138800000007
2.46055600000005,9.81666599999994
2.47833300000008,9.81444399999998
2.48500000000001,9.81444399999998
2.54222200000004,9.81999999999994
2.56666700000005,9.82333199999994
2.84694400000012,9.8744430000001
2.95305499999995,9.89555500000006
2.95833300000004,9.89694400000002
2.9780550000001,9.90555400000011
2.99000000000007,9.91416500000008
2.99583300000006,9.92166500000002
3.00361100000003,9.93416599999995
3.01027800000008,9.94111099999992
3.01444400000003,9.94388800000002
3.03305499999999,9.95249899999999
3.05888800000008,9.96222100000006
3.07500000000005,9.96666500000009
3.08166600000004,9.96666500000009
3.087222,9.96555500000005
3.09694400000006,9.96166599999998
3.11611100000005,9.95388800000001
3.16611100000011,9.93555500000014
3.18583299999995,9.92860999999999
3.24083300000001,9.90944300000001
3.25333300000005,9.91722099999998
3.26832400000001,9.9279350000001
3.30250000000012,9.878332
3.34194400000007,9.85194399999995
3.39666700000009,9.81194299999999
3.48972200000003,9.72194300000001
3.50666699999999,9.69777699999997
3.52361100000007,9.66694299999995
3.53888800000004,9.656387
3.58792099999999,9.735883
3.61758600000013,9.74577099999999
3.59955500000001,9.70854600000001
3.59373799999992,9.66550400000011
3.59722800000003,9.62711400000001
3.64666700000004,9.63666499999994
3.78333300000008,9.55805400000014
3.79583300000013,9.54999899999996
3.80888800000014,9.54305500000009
3.81416700000011,9.54305500000009
3.85722199999998,9.64055400000001
3.84249999999992,9.72166600000003
3.86527800000005,9.72250000000008
3.90111099999996,9.67777600000011
3.94944400000014,9.61305399999998
4.02999999999997,9.52833199999992
4.05916599999995,9.50305400000008
4.06749900000005,9.49805500000002
4.07277800000003,9.496666
4.0783330000001,9.4969440000001
4.10162300000013,9.50067500000006
4.11083300000013,9.49777599999999
4.11361000000005,9.4936100000001
4.11583300000012,9.48888800000003
4.11527700000011,9.48277700000011
4.11333300000001,9.47805399999999
4.11000000000013,9.47444299999995
4.07749900000005,9.44861000000003
4.07266000000004,9.44958500000007
4.06444400000004,9.45583199999999
4.02055500000006,9.50138899999996
4.01777700000008,9.50555399999996
4.01638800000006,9.51083200000005
4.01694400000008,9.51694300000014
4.0141660000001,9.52111100000002
3.99416600000012,9.52805500000011
3.98333299999996,9.53055400000011
3.9780550000001,9.52888899999999
3.97388899999999,9.52611000000013
3.91027700000006,9.47277600000007
3.90583300000009,9.46388800000005
3.899722,9.43805500000013
3.89916700000009,9.43194400000004
3.90000000000009,9.39777800000007
3.90249999999998,9.37277599999993
3.90861100000006,9.35138699999999
3.91361100000006,9.34249900000003
3.91916700000002,9.33444400000002
3.92208599999998,9.33156200000013
3.94222199999996,9.309999
3.99833300000012,9.21499799999998
4.03166599999997,9.10249900000002
4.05749999999995,9.04611
4.06472200000013,9.03277600000001
4.09361099999995,8.98000000000013
4.09666600000014,8.97583200000008
4.09999900000008,8.97250000000008
4.10888900000003,8.96805400000011
4.14861100000002,8.97666500000008
4.169444,8.98333200000013
4.191667,8.98916600000001
4.20305500000006,8.99027600000005
4.21416700000003,8.98777800000011
4.21666600000003,8.98555399999998
4.23805499999997,8.96611000000001
4.24777700000004,8.95527600000014
4.25527800000003,8.94388800000007
4.26361100000014,8.93833200000006
4.29222200000004,8.92638799999997
4.30194400000011,8.92249900000007
4.36944400000004,8.90611100000007
4.37499900000012,8.90499900000003
4.44111099999998,8.89805400000006
4.46027800000007,8.89694400000008
4.49222200000014,8.90638699999994
4.49555500000002,8.90972099999993
4.51583300000004,8.92361100000011
4.53000000000003,8.92999800000007
4.54694400000005,8.93361100000004
4.58833299999998,8.89861099999996
4.63805500000012,8.84583300000008
4.64083299999993,8.84166500000003
4.64083299999993,8.83777600000013
4.63750000000005,8.83416600000004
4.63138899999996,8.83333199999993
4.61972100000003,8.83527800000002
4.60444400000006,8.84750000000003
4.59277699999996,8.86305399999998
4.58944400000007,8.86638800000014
4.55499900000007,8.87555500000013
4.54833300000007,8.87555500000013
4.54277700000011,8.87416600000012
4.53888799999999,8.87138700000003
4.53749900000003,8.86583300000007
4.53972099999999,8.79055400000004
4.54194400000011,8.77916500000009
4.57027699999992,8.73222199999998
4.5800000000001,8.72138799999993
4.58416700000009,8.71861100000001
4.68138900000002,8.6663880000001
4.64388800000012,8.66805499999998
4.584722,8.67499900000007
4.55527699999999,8.684999
4.55166599999995,8.68833200000012
4.54555500000009,8.70999899999998
4.54194400000011,8.71333299999998
4.52472199999994,8.72361000000012
4.51944400000008,8.7247220000001
4.51388800000007,8.72333099999997
4.50444400000009,8.71916599999997
4.49777700000004,8.71222099999994
4.4944440000001,8.70194399999997
4.50222200000007,8.54555499999998
4.50305500000007,8.5338880000001
4.50722200000007,8.52444300000008
4.50999899999999,8.52027700000014
4.52361100000002,8.50694299999998
4.52777800000001,8.50416600000011
4.53277700000012,8.50222200000002
4.54499900000008,8.50222200000002
4.56388900000002,8.502499
4.62861099999998,8.51055500000007
4.66861100000006,8.52555500000005
4.80305499999992,8.582222
4.80722100000003,8.5849990000001
4.81093200000009,8.59173800000008
4.80972200000002,8.59499900000009
4.809166,8.60583300000013
4.81305500000008,8.61555500000003
4.81805500000007,8.62444299999999
4.82333299999999,8.63277600000009
4.82694400000014,8.63611000000003
4.83166600000004,8.63833200000005
4.837222,8.63972100000007
4.84194400000013,8.63833200000005
4.85083299999997,8.63277600000009
4.854444,8.62944400000009
4.86666600000012,8.62194399999999
4.8775,8.61916500000012
4.88999899999999,8.61972000000003
4.894722,8.62194399999999
4.97222099999999,8.68166500000007
5.01861100000013,8.71694400000013
5.15166700000009,8.80999900000012
5.15972099999999,8.81555400000002
5.18861100000009,8.82472000000007
5.29555499999992,8.84249899999992
5.30166600000001,8.84333199999992
5.30722100000008,8.84194400000001
5.31055500000008,8.83861000000002
5.31888900000007,8.83333199999993
5.330555,8.83138800000006
5.34972199999999,8.83277700000002
5.37972200000007,8.83722100000006
5.49749900000006,8.85999899999996
5.50305500000007,8.86138700000009
5.51722100000012,8.86777699999993
5.53333300000008,8.87888700000013
5.54416699999996,8.88944399999997
5.54694400000005,8.89361000000008
5.55972200000002,8.90805400000005
5.56388900000002,8.91083099999997
5.57277800000008,8.91583300000013
5.59527700000001,8.92166500000002
5.60749900000002,8.92027700000011
5.61694400000005,8.91638800000004
5.62944399999998,8.90833300000003
5.63694400000003,8.90138800000005
5.65722200000005,8.88027800000009
5.72250000000003,8.85083200000003
5.82555500000012,8.86111099999999
5.83694400000007,8.86333299999995
5.84194400000007,8.86527599999999
5.84583299999997,8.86805500000003
5.90055500000011,8.92999800000007
5.90333299999992,8.934166
5.90722199999999,8.94388800000007
5.90777700000012,8.95694400000008
5.90694400000012,8.963055
6.01361100000014,9.071665
6.15055500000005,9.22333100000003
6.27972199999994,9.333055
6.32194400000003,9.36055399999998
6.3258330000001,9.36333300000007
6.32916599999999,9.37388800000014
6.32916599999999,9.38055400000007
6.3274990000001,9.40694400000012
6.3258330000001,9.41222200000004
6.32444399999991,9.42472099999998
6.3250000000001,9.43083200000007
6.32777700000003,9.43499900000006
6.3316660000001,9.43777700000004
6.36916600000012,9.455555
6.40430000000009,9.46852900000005
6.42972200000014,9.52527600000002
6.49777699999999,9.59444400000012
6.52333300000009,9.63777700000014
6.52583299999998,9.655554
6.52125100000012,9.70884500000005
6.63944400000008,9.74416499999995
6.77777800000013,9.78638799999993
6.80166600000007,9.79555500000009
6.77583299999992,9.87472200000008
6.78527700000012,9.884998
6.96277700000013,10.0949989999999
7.02111100000002,10.1649990000001
7.01916599999998,10.1672209999999
7.00722200000013,10.175833
6.99833300000006,10.1805550000001
6.97833300000008,10.1877770000001
6.95166600000005,10.188055
6.93305500000014,10.1897220000001
6.92750000000001,10.1911110000001
6.91777700000006,10.195
6.90055500000011,10.2049999999999
6.89027700000003,10.2152770000001
6.88444400000003,10.22361
6.87805500000007,10.237778
6.87472199999996,10.269444
6.87805500000007,10.5133319999999
7.02166699999998,10.5599990000001
7.06861000000009,10.6150000000001
7.0569440000001,10.616665
7.05361099999999,10.619999
7.04916600000013,10.629721
7.00138900000013,10.7344439999999
6.97027700000001,10.821388
6.96722200000005,10.8324990000001
6.96499899999998,10.837221
6.95944400000008,10.8455540000001
6.94694399999997,10.8541660000001
6.92833300000001,10.862778
6.92333300000007,10.864721
6.87777699999998,10.8791660000001
6.86694399999999,10.881666
6.83944399999996,10.8811090000001
6.82777700000008,10.882776
6.80694399999999,10.9030550000001
6.77999999999992,10.9386100000001
6.77805500000011,10.9433330000001
6.77694400000001,10.9563880000001
6.77749899999992,10.9694440000001
6.78083299999992,11.0000000000001
6.78051000000005,11.0136680000001
6.77861000000001,11.019165
6.77144800000002,11.0260920000001
6.75333300000011,11.0436100000001
6.71916599999997,11.0711100000001
6.71166600000009,11.075832
6.70750000000004,11.0783329999999
6.69777799999997,11.0822220000001
6.67777700000011,11.082499
6.65611100000012,11.076666
6.64388800000006,11.074999
6.60416600000008,11.072777
6.59111000000001,11.0733320000001
6.58555500000011,11.074444
6.52499999999998,11.0883329999999
6.50861100000003,11.092222
6.49805500000008,11.0952760000001
6.458055,11.110277
6.44861000000009,11.1144430000001
6.44416600000011,11.1169429999999
6.43805500000002,11.124443
6.435833,11.129166
6.43361100000004,11.1408330000001
6.43333200000006,11.1816650000001
6.43388800000002,11.191944
6.43499900000012,11.1974980000001
6.43694399999993,11.202221
6.43305500000002,11.2669430000001
6.43333200000006,11.2730540000001
6.440833,11.340277
6.44972100000001,11.371944
6.45166599999999,11.376944
6.45694400000008,11.385277
6.46027800000007,11.3888870000001
6.47722100000004,11.406387
6.48444400000011,11.4127770000001
6.49833299999995,11.413055
6.50972200000012,11.414165
6.51611000000003,11.4149990000001
6.58611100000013,11.434999
6.59083300000003,11.4372220000001
6.59694400000012,11.4450000000001
6.60083300000002,11.4547210000001
6.60250000000008,11.4733309999999
6.60027700000001,11.5049990000001
6.60166600000002,11.510555
6.60416600000008,11.5147210000001
6.60749899999996,11.5183320000001
6.65388899999994,11.555277
6.65805500000005,11.5580540000001
6.66750000000013,11.5624980000001
6.71305500000011,11.579166
6.71861100000007,11.580832
6.73555499999998,11.5847210000001
6.75944399999997,11.58861
6.77999999999992,11.5891670000001
6.79027700000012,11.5858330000001
6.79444400000006,11.5833319999999
6.81055500000014,11.5649990000001
6.81333300000011,11.560833
6.82111099999992,11.5547220000001
6.8333330000001,11.556389
6.87944400000004,11.5797210000001
6.89222100000012,11.5875
6.94388900000001,11.6377770000001
6.94916599999999,11.6461110000001
6.97611000000001,11.701387
7.00083299999994,11.75861
7.00333300000005,11.7627770000001
7.084722,11.8641660000001
7.13222200000001,11.8825000000001
7.25027799999998,11.794998
7.25361100000009,11.7913880000001
7.25583300000005,11.7866650000001
7.25666600000005,11.780554
7.25555499999996,11.7680550000001
7.25583300000005,11.76111
7.25722200000007,11.7555540000001
7.25999899999999,11.751665
7.26499899999999,11.749722
7.27055500000012,11.749722
7.27527700000002,11.751944
7.27861000000013,11.7555540000001
7.2838890000001,11.764444
7.29666300000008,11.7994390000001
7.38138900000013,11.8463879999999
7.39833299999998,11.857222
7.41166600000008,11.871387
7.42222200000003,11.8883320000001
7.42833300000012,11.896111
7.43833300000011,11.9066660000001
7.45222199999995,11.9208320000001
7.57360999999997,12.0408330000001
7.57777700000014,12.04361
7.58444400000002,12.0438880000001
7.62861100000009,12.0408330000001
7.64444400000008,12.0294440000001
7.64944400000002,12.027498
7.6605550000001,12.025
7.66722199999998,12.025
7.68638800000002,12.026943
7.70416599999999,12.029999
7.71499899999998,12.0330540000001
7.73972100000003,12.04361
7.75722199999996,12.05361
7.774722,12.0638890000001
7.79638900000003,12.076666
7.82611100000008,12.0961090000001
7.83694400000007,12.1061099999999
7.85111000000012,12.11972
7.87777699999998,12.1411090000001
7.92666600000013,12.168888
8.00333200000011,12.2094440000001
8.04250000000008,12.2016660000001
8.07416499999994,12.1994440000001
8.087221,12.1991650000001
8.10027700000006,12.2002770000001
8.11194400000011,12.2024990000001
8.12277599999999,12.205555
8.13250000000005,12.209999
8.14110900000009,12.2152770000001
8.15249800000004,12.2244430000001
8.16416500000008,12.2338890000001
8.17717399999998,12.2455230000001
8.19777700000009,12.255554
8.21777700000007,12.2566659999999
8.23638700000009,12.2549990000001
8.24749900000006,12.252499
8.27111100000008,12.242222
8.28194400000007,12.239721
8.31305500000008,12.2369440000001
8.32666600000005,12.2372210000001
8.37749900000011,12.2427770000001
8.39388800000006,12.2472210000001
8.40805399999999,12.2538870000001
8.41944300000011,12.2633319999999
8.42833300000007,12.275276
8.4319440000001,12.285276
8.43444399999999,12.296389
8.43222000000003,12.3080540000001
8.42361099999999,12.3202760000001
8.41916700000002,12.33
8.41972199999992,12.336111
8.42166500000013,12.3411100000001
8.42777599999999,12.3488880000001
8.44360899999998,12.367498
8.45027700000014,12.374443
8.49194300000005,12.4158330000001
8.5,12.421665
8.50610900000009,12.4224990000001
8.51861000000008,12.421665
8.546944,12.4161110000001
8.55611000000005,12.411388
8.56111000000004,12.4024980000001
8.56527700000004,12.399721
8.57000000000005,12.397778
8.59499900000009,12.3958320000001
8.60555500000004,12.4127770000001
8.62722200000007,12.473888
8.62861100000009,12.4794430000001
8.62888699999996,12.4924980000001
8.625832,12.5036110000001
8.61305400000003,12.546389
8.63166600000005,12.6136090000001
8.65277700000013,12.674721
8.66083100000003,12.6874980000001
8.7658330000001,12.7941670000001
8.769722,12.7969440000001
8.78416600000014,12.80361
8.81472200000007,12.814999
8.84750000000003,12.8241650000001
8.85916500000008,12.826666
9.01444400000008,12.85111
9.02138700000006,12.851387
9.03305400000011,12.8497220000001
9.04361000000006,12.8463880000001
9.06249800000006,12.837776
9.07472000000001,12.8383329999999
9.34805499999999,12.8977780000001
9.44972000000001,12.966665
9.45694400000002,12.973331
9.46972100000005,12.9883330000001
9.4961110000001,13.0238879999999
9.50833300000005,13.0527760000001
9.51221999999996,13.0691660000001
9.51194400000003,13.096388
9.51416600000005,13.144444
9.51472099999995,13.150833
9.51777600000014,13.1613880000001
9.52666700000003,13.1866660000001
9.53111100000001,13.1958330000001
9.551109,13.2180539999999
9.57888800000001,13.2391660000001
9.58833300000003,13.24361
9.59388700000005,13.245277
9.75166500000006,13.259722
9.85416600000013,13.2405550000001
9.86111099999994,13.2338890000001
9.86555499999992,13.23111
9.87777700000009,13.23
9.90277700000001,13.2280540000001
9.9097210000001,13.2283330000001
10.031666,13.2438890000001
10.0666660000001,13.25111
10.076944,13.2549990000001
10.080832,13.2577759999999
10.0861110000001,13.266388
10.0880550000001,13.2713870000001
10.092499,13.2874980000001
10.1016650000001,13.326387
10.110189,13.395687
10.1111110000001,13.3980540000001
10.1197200000001,13.410276
10.1544440000001,13.451666
10.163055,13.4569440000001
10.1719440000001,13.4622210000001
10.18611,13.4688870000001
10.197777,13.471388
10.204166,13.4708330000001
10.2088870000001,13.4688870000001
10.2174990000001,13.4636100000001
10.232777,13.4577770000001
10.244444,13.4602780000001
10.5022220000001,13.519444
10.5958330000001,13.545277
10.6280540000001,13.555555
10.6436100000001,13.5608330000001
10.6680549999999,13.571388
10.691111,13.5833320000001
10.710833,13.598888
10.7336100000001,13.6177770000001
10.7719440000001,13.649166
10.807499,13.6769430000001
10.846666,13.7063880000001
10.8608320000001,13.7130550000001
10.877222,13.717777
10.881542,13.7183400000001
10.9316650000001,13.768055
10.9411110000001,13.772499
10.952776,13.775
10.9727760000001,13.775
10.9788880000001,13.7744430000001
11.055832,13.8072200000001
11.1705550000001,13.886665
11.2608320000001,13.977499
11.274166,13.991943
11.283333,14.003611
11.283333,14.009165
11.282221,14.0155540000001
11.2791649999999,14.026667
11.2608320000001,14.0802760000001
11.2549990000001,14.0955539999999
11.25,14.1083300000001
11.2449990000001,14.121111
11.2358320000001,14.147499
11.2336099999999,14.1580540000001
11.234165,14.1644439999999
11.244165,14.18861
11.265833,14.2225000000001
11.26861,14.2266650000001
11.338888,14.3297210000001
11.378054,14.373888
11.3958320000001,14.3977780000001
11.4038890000001,14.4108309999999
11.4049990000001,14.416388
11.404444,14.4305550000001
11.4061110000001,14.442499
11.411943,14.457499
11.416388,14.466665
11.4991660000001,14.610554
11.5055540000001,14.617777
11.510555,14.6199990000001
11.565554,14.6425
11.575832,14.6463870000001
11.5824989999999,14.6466660000001
11.6469440000001,14.641109
11.654722,14.6349980000001
11.6883320000001,14.598888
11.6922210000001,14.5886100000001
11.754999,14.5886100000001
11.8252770000001,14.6122210000001
11.891388,14.6308330000001
11.9752770000001,14.6394440000001
11.9797210000001,14.636944
11.989443,14.6330550000001
12.0244430000001,14.620277
12.029999,14.618889
12.035555,14.619165
12.1158330000001,14.646111
12.1205540000001,14.648333
12.1319430000001,14.658054
12.1883320000001,14.6452770000001
12.243332,14.554722
12.254444,14.5494439999999
12.315554,14.5197220000001
12.335833,14.4908330000001
12.3408990000001,14.469189
12.347221,14.4374980000001
12.3491020000001,14.423767
12.352777,14.3925
12.3558330000001,14.3255540000001
12.3561100000001,14.318609
12.354443,14.2422220000001
12.3538880000001,14.2358320000001
12.396666,14.1744440000001
12.414999,14.184166
12.4691660000001,14.1961100000001
12.480833,14.19861
12.5013890000001,14.1991650000001
12.6236100000001,14.173054
12.9572220000001,14.100832
13.0683330000001,14.0769440000001
13.0816650000001,14.0747200000001
13.083055,14.159721
13.0852780000001,14.428888
13.084721,14.4430540000001
13.0705550000001,14.454721
13.0613880000001,14.459444
13.0402770000001,14.4727760000001
13.0197220000001,14.486944
13.001314,14.500875
12.9749980000001,14.5255550000001
12.8530540000001,14.539721
12.776943,14.544722
12.7663880000001,14.5477770000001
12.7386090000001,14.577221
---
