8.633888,19.081944
8.648333,19.095276
8.672777,19.125832
8.691387,19.114998
8.753332,19.032776
8.756388,19.02861
8.765276,18.987221
8.794167,18.925552
8.841427,18.876373
8.849443,18.86861
8.854443,18.866665
8.866665,18.868889
8.874443,18.874722
8.891388,18.892498
8.920555,18.929443
8.964167,18.988888
8.981943,19.019165
8.986944,19.027775
9.009443,19.086941
9.013611,19.109444
9.02099,19.193321
9.016109,19.411388
9.026667,19.610832
9.053055,19.830555
9.059166,19.905552
9.05752,19.93375
9.08,19.963333
9.134443,20.061943
9.135277,20.067497
9.125832,20.186943
9.118332,20.270275
9.105,20.321941
9.104443,20.328888
9.108332,20.371666
9.139721,20.422222
9.175554,20.459164
9.209721,20.487778
9.239166,20.500832
9.244165,20.498886
9.272825,20.496666
9.277681,20.498474
9.280092,20.502087
9.420555,20.800831
9.415667,20.816841
9.451387,20.827221
9.476387,20.837776
9.5075,20.869164
9.514999,20.882221
9.51861,20.89222
9.521666,20.895832
9.603333,20.974442
9.766388,21.048054
9.942499,21.224998
9.97361,21.256386
9.976944,21.260277
9.98111,21.269444
9.980555,21.276386
9.97361,21.290833
9.970554,21.29472
9.958332,21.336109
9.958611,21.34222
9.964167,21.354721
9.973888,21.371944
10.006943,21.408333
10.037777,21.43222
10.045832,21.438332
10.086388,21.453331
10.099165,21.454998
10.111111,21.453609
10.116388,21.455276
10.147778,21.47361
10.177776,21.5
10.199444,21.520275
10.206388,21.526943
10.212221,21.535275
10.213888,21.540276
10.214167,21.546387
10.214722,21.563332
10.211111,21.574444
10.211388,21.603054
10.213333,21.614441
10.223055,21.638885
10.235832,21.666943
10.290554,21.715553
10.299999,21.720276
10.305277,21.722221
10.406666,21.747776
10.412222,21.746666
10.444166,21.740276
10.449165,21.738609
10.456665,21.731941
10.4625,21.723888
10.474165,21.714996
10.492777,21.706387
10.503332,21.703331
10.514444,21.701385
10.526943,21.700832
10.559999,21.702221
10.566666,21.702774
10.635555,21.716389
10.639444,21.719444
10.641943,21.723888
10.668333,21.785831
10.677221,21.811108
10.678333,21.816666
10.679165,21.822498
10.678055,21.828609
10.705,21.895832
10.732222,21.957222
10.768888,22.006107
10.910831,22.24472
10.941666,22.322777
10.945276,22.333054
10.955044,22.364109
10.957777,22.406387
10.962776,22.414997
10.978333,22.427498
10.983055,22.429722
10.990833,22.435833
11.000277,22.460552
11.001389,22.46611
10.969444,22.676388
10.93111,22.824997
10.922447,22.866505
10.899721,22.879997
10.865555,22.901386
10.798054,22.944164
10.69861,23.009441
10.664444,23.060276
10.459166,23.303886
10.444166,23.314999
10.429998,23.323887
10.083611,23.536663
9.866943,23.669167
9.671665,23.694721
9.664444,23.693054
9.597776,23.660275
9.579166,23.649441
9.554722,23.631386
9.54611,23.62611
9.535276,23.623333
9.449444,23.631386
9.440277,23.63583
9.43861,23.646111
9.444166,23.65472
9.440832,23.664444
9.42861,23.664997
9.279999,23.652222
9.271944,23.646385
9.192778,23.572498
9.181665,23.556389
9.179443,23.545277
9.179443,23.532776
9.181389,23.512497
9.179165,23.500553
9.174166,23.492775
9.145277,23.478611
9.129721,23.473053
9.025,23.448608
9.014166,23.448055
8.994999,23.455276
8.986666,23.460552
8.968887,23.485275
8.96361,23.493332
8.959721,23.503609
8.956944,23.516109
8.957499,23.52861
8.964722,23.535831
8.991665,23.550552
9.000277,23.556664
9.005278,23.565277
9.004999,23.57222
8.998888,23.580276
8.988609,23.583054
8.918333,23.583611
8.906111,23.581665
8.86861,23.562775
8.842499,23.546108
8.834721,23.540276
8.827499,23.533607
8.821665,23.526108
8.818054,23.515553
8.811388,23.508331
8.801388,23.504166
8.778332,23.498333
8.765276,23.496944
8.714167,23.517776
8.708055,23.525833
8.705555,23.537498
8.704443,23.557499
8.705276,23.739166
8.711666,23.75972
8.717499,23.767776
8.721943,23.776386
8.724722,23.787498
8.727777,23.823887
8.718054,23.925831
8.703888,24.015553
8.697777,24.037498
8.693888,24.048332
8.691666,24.060833
8.688332,24.086941
8.684721,24.126389
8.685555,24.138885
8.688332,24.149719
8.695889,24.174461
8.686943,24.201111
8.591944,24.267498
8.583055,24.269165
8.569166,24.254444
8.564165,24.245831
8.560555,24.236664
8.554998,24.228611
8.52611,24.201942
8.477777,24.165833
8.468332,24.161388
8.375832,24.140274
8.349165,24.153332
8.330555,24.162777
8.316111,24.177219
8.30361,24.192497
8.293055,24.209999
8.284443,24.230553
8.278332,24.253052
8.262777,24.336941
8.238054,24.479721
8.219999,24.621666
8.220554,24.63361
8.218611,24.66
8.210833,24.714996
8.208611,24.728333
8.192778,24.804443
8.175554,24.843887
8.165277,24.865555
8.156666,24.874722
8.093332,24.934444
8.083887,24.942776
8.073332,24.946388
8.060833,24.948608
8.041388,24.943886
8.003332,24.970276
7.955277,25.017776
7.921111,25.053886
7.897499,25.080276
7.892221,25.089165
7.888888,25.099163
7.888333,25.10833
7.893888,25.11972
7.897778,25.139442
7.901944,25.186108
7.872777,25.225555
7.850555,25.25333
7.840833,25.258331
7.783333,25.286388
7.774444,25.288055
7.687778,25.298885
7.678055,25.299721
7.65,25.296108
7.640833,25.291386
7.632222,25.283333
7.625278,25.271664
7.624444,25.262775
7.624999,25.253052
7.623333,25.243889
7.599166,25.199444
7.592777,25.189999
7.583333,25.183887
7.572499,25.181389
7.516388,25.200275
7.497499,25.206944
7.49361,25.216389
7.495,25.226944
7.491111,25.235554
7.478055,25.262775
7.4725,25.272778
7.425278,25.331108
7.415833,25.338886
7.406666,25.344719
7.396111,25.348888
7.385555,25.34972
7.376666,25.349163
7.367499,25.352219
7.358333,25.35722
7.348332,25.365555
7.339444,25.374165
7.297777,25.454998
7.211111,25.623886
7.168056,25.729721
7.109444,25.850277
7.018332,25.984444
6.963888,26.047775
6.932777,26.052219
6.903055,26.064163
6.850277,26.094444
6.84111,26.10083
6.826111,26.119164
6.708333,26.266109
6.70361,26.274719
6.701388,26.303886
6.701944,26.31361
6.69861,26.323055
6.683332,26.360832
6.655277,26.396664
6.646388,26.404999
6.637221,26.407219
6.635248,26.406284
6.583333,26.366108
6.496388,26.31361
6.465555,26.298054
6.401388,26.300552
6.3925,26.301388
6.383055,26.307777
6.346389,26.372498
6.30111,26.450275
6.294444,26.459442
6.22111,26.523609
6.211389,26.527222
6.201666,26.52861
6.183055,26.528332
6.173611,26.523609
6.165277,26.513885
6.158889,26.504719
6.154166,26.495277
6.141388,26.475277
6.133055,26.464996
6.124722,26.456944
6.107499,26.445553
6.096944,26.439999
6.0875,26.436665
6.077777,26.437496
6.072222,26.447498
6.028333,26.565277
6.014444,26.612221
6.002777,26.656387
6.004999,26.666943
6.010555,26.676109
6.0175,26.697498
6.009166,26.735554
5.98,26.808609
5.975277,26.817219
5.965278,26.82222
5.955555,26.825832
5.923888,26.827221
5.905,26.829441
5.898333,26.839443
5.892221,26.850277
5.8875,26.861111
5.865555,26.923885
5.859444,26.981667
5.791111,27.110275
5.771944,27.142776
5.713611,27.198055
5.70361,27.20583
5.647778,27.240833
5.589167,27.276108
5.57861,27.281666
5.548888,27.281944
5.540277,27.277775
5.521111,27.262775
5.511944,27.2575
5.5025,27.254719
5.438889,27.237778
5.428611,27.235832
5.419167,27.235832
5.331388,27.254719
5.282499,27.274998
5.235833,27.295555
5.22611,27.299999
5.208333,27.320274
5.173611,27.360832
5.1675,27.369999
5.159444,27.388885
5.154166,27.398331
5.143888,27.408054
5.083611,27.458054
5.073889,27.460278
5.064444,27.460278
5.025828,27.458563
5.016388,27.455276
5.064722,27.429722
5.074721,27.419441
5.08,27.41111
5.089167,27.393608
5.12361,27.313332
5.191388,27.151943
5.195277,27.142498
5.196666,27.136944
5.202777,27.096386
5.204166,27.084164
5.201111,27.066666
5.185833,27.027496
5.177777,27.00861
5.146111,26.945274
5.14111,26.937775
5.103055,26.908333
5.070555,26.886944
5.061666,26.8825
5.034721,26.875832
5.031388,26.872498
5.029166,26.867775
5.02861,26.861664
5.058055,26.793053
5.081388,26.769165
5.0875,26.761665
5.090278,26.7575
5.091389,26.745277
5.0925,26.715553
5.088055,26.680275
5.06861,26.620831
5.041944,26.520832
5.044722,26.500553
5.046389,26.488888
5.0525,26.47472
5.059166,26.461109
5.062499,26.457497
5.0825,26.450554
5.093888,26.441666
5.132777,26.393887
5.232778,26.197498
5.249166,26.127499
5.234166,26.108608
5.207777,26.091942
5.205555,26.087219
5.197499,26.065552
5.191111,26.031109
5.190277,26.024998
5.178611,25.911388
5.192499,25.891666
5.236388,25.815552
5.283055,25.715553
5.305277,25.635555
5.358055,25.588333
5.371666,25.58083
5.381389,25.542221
5.379999,25.538055
5.314722,25.361942
5.263333,25.339165
5.201111,25.313889
5.191111,25.310555
5.178333,25.309998
5.172222,25.310833
5.15861,25.317497
5.151944,25.324444
5.150833,25.32972
5.151388,25.342777
5.149444,25.3475
5.144722,25.349442
5.138611,25.348888
5.111666,25.343609
5.051389,25.323055
5.046666,25.32111
5.035277,25.312222
5.032499,25.308331
5.025,25.289997
5.006944,25.227776
4.995832,25.181942
4.973611,25.089722
4.981388,24.997776
4.983889,24.99361
4.987222,24.98333
4.987778,24.964996
4.987222,24.958885
4.984444,24.942776
4.938889,24.818333
4.915277,24.777775
4.910832,24.734444
4.973055,24.642776
5.014722,24.611385
5.022222,24.605274
5.025555,24.601665
5.077222,24.525555
5.098432,24.476215
5.104444,24.465275
5.106388,24.453609
5.115555,24.394165
5.114166,24.388611
5.111388,24.384441
5.107499,24.381943
5.064722,24.356941
5.059999,24.355
5.054722,24.355
5.048611,24.362499
5.048055,24.387497
5.044722,24.397778
5.040833,24.400555
5.035277,24.401943
5.03,24.400555
5.026667,24.397221
5.010833,24.372219
5.006944,24.362778
4.958888,24.239719
4.941944,24.191666
4.901667,24.063053
4.823889,23.888611
4.821666,23.836388
4.820833,23.830276
4.817499,23.82
4.734444,23.584442
4.730277,23.574997
4.658889,23.449997
4.65361,23.441666
4.646667,23.434998
4.642777,23.43222
4.637777,23.430275
4.625833,23.428886
4.600833,23.43111
4.591944,23.426388
4.59111,23.420277
4.587777,23.385555
4.588333,23.379444
4.597777,23.331944
4.599166,23.326664
4.601666,23.322498
4.681944,23.211941
4.708611,23.116943
4.705277,23.099998
4.706111,23.093887
4.709999,23.084442
4.743055,23.022499
4.746388,23.018608
4.754444,23.013054
4.792777,22.997498
4.820555,22.984444
4.82861,22.979164
4.831388,22.974998
4.833333,22.970276
4.833888,22.964165
4.821111,22.895832
4.819166,22.890831
4.721666,22.788055
4.714722,22.781387
4.706666,22.775833
4.653889,22.754444
4.580832,22.728054
4.564722,22.723888
4.483611,22.690277
4.480277,22.686665
4.478055,22.681942
4.4775,22.675831
4.482778,22.66111
4.487499,22.638611
4.486944,22.618889
4.482778,22.609444
4.477221,22.601387
4.470555,22.594444
4.466666,22.591942
4.456388,22.588333
4.450277,22.587776
4.411666,22.587219
4.331944,22.570274
4.226944,22.543888
4.218888,22.538609
4.215555,22.535275
4.178888,22.497219
4.144581,22.453602
4.13611,22.429996
4.132777,22.413055
4.129444,22.396111
4.128611,22.391388
4.1275,22.379166
4.1275,22.346664
4.128055,22.294441
4.130833,22.276665
4.134166,22.25972
4.138888,22.244164
4.146944,22.21833
4.150277,22.208054
4.155555,22.193054
4.167222,22.163887
4.175278,22.151665
4.181389,22.144165
4.198333,22.12722
4.209722,22.111664
4.214444,22.103054
4.217222,22.091942
4.225271,22.037354
4.246388,21.986942
4.265277,21.83083
4.294999,21.742775
4.296389,21.730553
4.299166,21.658607
4.299166,21.651665
4.295278,21.638054
4.289721,21.623333
4.276388,21.602776
4.2675,21.591389
4.258055,21.580555
4.2525,21.57222
4.24861,21.562775
4.245832,21.551941
4.245277,21.539165
4.247222,21.513885
4.288888,21.208611
4.304444,21.166111
4.306666,21.161388
4.339167,21.112499
4.345833,21.105553
4.358055,21.0975
4.380555,21.086109
4.388611,21.080555
4.393888,21.072498
4.408889,21.034443
4.430833,20.974998
4.434166,20.964722
4.445277,20.873886
4.449166,20.838608
4.44861,20.832497
4.426666,20.715275
4.408055,20.614719
4.406666,20.602497
4.407222,20.596386
4.41,20.585552
4.4175,20.571941
4.498888,20.476665
4.522378,20.452785
4.523788,20.453304
4.607778,20.459999
4.62,20.458611
4.624722,20.456665
4.762221,20.345833
4.765555,20.342499
4.771111,20.334442
4.872222,20.178333
4.97611,20.004444
4.978333,19.999722
4.983055,19.984165
4.984444,19.971943
4.984444,19.951664
4.987222,19.927219
4.992777,19.90583
4.997499,19.896942
5.005555,19.88472
5.017777,19.87611
5.061857,19.858109
5.077499,19.847775
5.081388,19.844997
5.088333,19.838333
5.090833,19.834442
5.097221,19.82
5.1025,19.805275
5.118333,19.759998
5.133888,19.714722
5.136666,19.703888
5.138055,19.691666
5.1425,19.652222
5.143055,19.646385
5.150277,19.566387
5.150833,19.548054
5.135278,19.426666
5.134166,19.421387
5.129999,19.411942
5.124722,19.40361
5.004999,19.233055
4.994721,19.222775
4.973888,19.209721
4.964444,19.20583
4.949166,19.194164
4.945833,19.190552
4.941667,19.18111
4.940277,19.175831
4.9325,19.106388
4.918056,19.088886
4.911388,19.081944
4.900555,19.071941
4.889166,19.063053
4.884444,19.060833
4.815,19.02861
4.745555,18.996387
4.735555,18.979443
4.712222,18.955555
4.585833,18.844997
4.569722,18.833885
4.550833,18.825554
4.536666,18.819443
4.484722,18.803608
4.460278,18.793888
4.423333,18.776665
4.407222,18.765831
4.392221,18.75333
4.388888,18.75
4.378888,18.733055
4.370277,18.714722
4.364166,18.700275
4.353889,18.64333
4.3525,18.631107
4.355277,18.620277
4.368333,18.599163
4.370277,18.594444
4.371111,18.588333
4.370555,18.582222
4.365833,18.57333
4.357778,18.561108
4.344444,18.546944
4.335555,18.541943
4.321388,18.535831
4.316111,18.534443
4.309999,18.535
4.299166,18.537777
4.294444,18.539719
4.282222,18.547775
4.267777,18.560555
4.254167,18.574165
4.231111,18.591389
4.226388,18.593609
4.134722,18.630276
4.053888,18.643887
4.03361,18.646385
4.021388,18.647778
4.0025,18.648888
3.983611,18.647499
3.967222,18.64333
3.866944,18.610554
3.769166,18.594997
3.7325,18.590832
3.719166,18.590553
3.700833,18.592499
3.666111,18.598331
3.549444,18.61861
3.479444,18.624958
3.478889,18.609997
3.479722,18.603886
3.481111,18.59861
3.486389,18.590553
3.498611,18.582497
3.503611,18.580276
3.538888,18.568333
3.594722,18.53611
3.598889,18.533333
3.605556,18.526665
3.637777,18.490833
3.641944,18.481388
3.6425,18.475277
3.641111,18.471386
3.618333,18.453331
3.614166,18.450554
3.583055,18.272499
3.576944,18.264999
3.572222,18.262775
3.561388,18.259998
3.555277,18.259441
3.533611,18.253609
3.519444,18.247498
3.506667,18.239998
3.495833,18.230274
3.490555,18.222221
3.485278,18.207222
3.4825,18.196388
3.4825,18.19083
3.483333,18.178055
3.488055,18.169167
3.491666,18.165833
3.497222,18.164444
3.5175,18.164719
3.533055,18.16
3.541111,18.15472
3.548055,18.147778
3.550833,18.143887
3.560555,18.119442
3.563889,18.102497
3.566944,18.06583
3.565833,18.043331
3.552778,17.909443
3.536111,17.864998
3.535555,17.858887
3.5375,17.854164
3.578333,17.84222
3.593889,17.837776
3.610278,17.833885
3.615,17.831665
3.618333,17.828331
3.620555,17.823608
3.627222,17.763332
3.63,17.68111
3.629444,17.64222
3.629722,17.615276
3.653333,17.563889
3.686111,17.521942
3.706111,17.502499
3.708889,17.498333
3.712222,17.488331
3.713055,17.475277
3.711111,17.463608
3.680576,17.415962
3.621111,17.363609
3.617777,17.360275
3.615278,17.35611
3.611111,17.346664
3.61,17.34111
3.5675,17.109722
3.547222,16.972221
3.556111,16.960278
3.558055,16.948608
3.565833,16.876663
3.545278,16.699165
3.5375,16.669167
3.533333,16.659721
3.522778,16.643055
3.481944,16.588886
3.473889,16.583611
3.460556,16.576664
3.449722,16.573608
3.444167,16.57222
3.419722,16.569164
3.400833,16.567776
3.339167,16.560833
3.322778,16.556664
3.234167,16.527775
3.2025,16.504997
3.181111,16.492496
3.162222,16.484165
3.156666,16.482777
3.150555,16.481941
2.949722,16.46611
2.9225,16.465832
2.911111,16.467777
2.906944,16.470554
2.903333,16.473888
2.8925,16.489998
2.884722,16.496109
2.88,16.498055
2.849444,16.501663
2.802222,16.480274
2.720008,16.441319
2.639722,16.404163
2.43,16.305832
2.355556,16.270832
2.220833,16.207222
2.2375,16.192497
2.26,16.179722
2.3525,16.134441
2.357222,16.1325
2.410555,16.111385
2.4325,16.10611
2.497777,16.094719
2.538055,16.090553
2.785,16.069443
2.796667,16.071663
2.8,16.075275
2.801944,16.079998
2.804444,16.090832
2.808611,16.100555
2.815278,16.10722
2.823333,16.112778
2.828888,16.114441
2.835,16.114998
2.858611,16.111942
2.898333,16.103054
2.943333,16.073608
3.100555,15.939999
3.1125,15.909721
3.1125,15.904165
3.108333,15.865276
3.1,15.826387
3.099444,15.820276
3.1,15.814165
3.102222,15.809444
3.1475,15.767776
3.344722,15.590277
3.639722,15.295277
3.666821,15.26717
3.673889,15.260277
3.721944,15.224165
3.838333,15.137499
3.858889,15.122221
3.920555,15.076944
3.961389,15.063889
4.029166,15.043888
4.069722,15.146387
4.073889,15.14361
4.135278,15.105
4.145555,15.101944
4.235,15.093611
4.258888,15.093332
4.271667,15.094166
4.277778,15.093611
4.288055,15.090277
4.301389,15.083611
4.410555,15.018055
4.4175,15.011389
4.420278,15.007221
4.460555,14.930555
4.476666,14.892221
4.531944,14.811666
4.537499,14.80361
4.55111,14.790277
4.61,14.740833
4.618333,14.734999
4.623055,14.732777
4.641388,14.724443
4.646111,14.7225
4.723332,14.720276
4.795555,14.720554
4.815,14.720276
4.878055,14.710833
4.976944,14.693333
4.985833,14.688889
5.012054,14.672958
5.015555,14.675833
5.03361,14.684721
5.038333,14.686943
5.044444,14.687777
5.114127,14.688616
5.124166,14.686943
5.172222,14.674721
5.187778,14.670277
5.210833,14.659721
5.218333,14.65361
5.221666,14.650276
5.227221,14.642221
5.231388,14.632776
5.235833,14.616665
5.236388,14.610554
5.239444,14.599722
5.242777,14.589722
5.247777,14.58111
5.267777,14.55361
5.288888,14.533609
5.293611,14.531666
5.294999,14.532221
5.3425,14.551388
5.353889,14.560833
5.363889,14.57111
5.404722,14.591389
5.495832,14.617222
5.518055,14.622221
5.523333,14.622499
5.716666,14.626665
5.732778,14.626944
5.833888,14.623055
5.895833,14.61861
5.906666,14.615833
5.918888,14.608055
5.925555,14.601387
5.930555,14.592777
5.929999,14.58111
5.9275,14.576944
5.920833,14.570276
5.910832,14.563332
5.906005,14.557406
5.904722,14.555832
5.905,14.548887
5.912222,14.504444
5.914444,14.493055
5.917222,14.488888
5.919999,14.484999
6.006944,14.424166
6.035277,14.419167
6.046666,14.41861
6.079683,14.429789
6.09611,14.449165
6.188889,14.580276
6.2625,14.740276
6.266944,14.744444
6.346666,14.804998
6.389999,14.796944
6.433611,14.826666
6.686491,14.938026
6.733611,14.958611
6.738333,14.965277
6.739166,14.99111
6.742499,15.00111
6.768055,15.049444
6.770555,15.05361
6.77861,15.059166
6.951111,15.129721
6.985277,15.136389
7.013888,15.141388
7.019166,15.142776
7.191111,15.209999
7.226944,15.225277
7.231667,15.227499
7.239721,15.233055
7.246111,15.239721
7.26009,15.256735
7.266666,15.259722
7.270555,15.262499
7.296111,15.297222
7.298888,15.301109
7.3475,15.374722
7.394722,15.445555
7.526609,15.499008
7.518332,15.51861
7.513888,15.5425
7.5125,15.562498
7.512777,15.568888
7.518611,15.616943
7.521944,15.63361
7.524166,15.651667
7.525277,15.6775
7.523889,15.689165
7.522499,15.694443
7.52,15.699444
7.511389,15.711388
7.502222,15.715832
7.491944,15.718887
7.477221,15.724722
7.469999,15.731388
7.468611,15.736666
7.458888,15.776388
7.457777,15.782776
7.458611,15.795277
7.482778,15.913887
7.499722,15.971388
7.501666,15.97611
7.504167,15.980555
7.531666,16.014999
7.540277,16.019997
7.556666,16.024998
7.566111,16.029442
7.576666,16.039444
7.594166,16.076385
7.594722,16.082497
7.59611,16.113052
7.600833,16.148609
7.613333,16.213608
7.614444,16.219166
7.616388,16.224163
7.691111,16.407497
7.714722,16.404163
7.767221,16.41
7.798055,16.430832
7.850555,16.503052
7.867777,16.533607
7.873506,16.566528
7.859444,16.568607
7.853333,16.569164
7.846389,16.568607
7.83,16.563889
7.825277,16.561665
7.819166,16.560555
7.785277,16.566666
7.781111,16.569443
7.565833,16.781666
7.546301,16.817451
7.548055,16.829441
7.550555,16.833611
7.569166,16.859997
7.590278,16.867222
7.594999,16.865276
7.601388,16.864998
7.614444,16.866108
7.619721,16.867775
7.623888,16.870831
7.626944,16.874443
7.6425,16.91333
7.654444,16.984444
7.662777,17.058887
7.700555,17.138332
7.758611,17.218609
7.803055,17.237221
7.812499,17.254997
7.867222,17.369442
7.902222,17.445831
7.901667,17.452774
7.900277,17.458332
7.912222,17.51083
7.932777,17.584721
7.934722,17.589722
7.956388,17.622498
7.959722,17.626389
7.97111,17.628887
7.981388,17.632774
7.987222,17.640831
7.989721,17.656944
7.983611,17.71833
7.958333,17.88361
8.010832,18.023609
8.015554,18.037777
8.016666,18.046108
8.025555,18.240833
8.033054,18.408054
8.039721,18.561108
8.040277,18.588886
8.060276,18.618332
8.077776,18.635277
8.090832,18.636665
8.102499,18.634998
8.127499,18.63361
8.140276,18.634998
8.145832,18.636665
8.165277,18.645275
8.189999,18.662498
8.197777,18.66861
8.214167,18.686665
8.22361,18.70472
8.241665,18.754166
8.245277,18.764164
8.253054,18.796665
8.2575,18.805832
8.260832,18.809444
8.292221,18.840275
8.367222,18.904163
8.386389,18.91972
8.395832,18.924442
8.40111,18.926109
8.419443,18.929165
8.428333,18.934444
8.49361,18.987499
8.578382,19.058792
---
