-12.3602789999999,43.8633270000001
-12.3661119999999,43.863884
-12.371668,43.862495
-12.375557,43.86055
-12.383057,43.854439
-12.3636109999999,43.7749940000001
-12.3594459999999,43.7399980000001
-12.365002,43.7316670000001
-12.3636109999999,43.711937
-12.3575,43.6686100000001
-12.3502789999999,43.6569440000001
-12.300001,43.630272
-12.285833,43.6247180000001
-12.275835,43.621384
-12.269167,43.621384
-12.258335,43.6227720000001
-12.250557,43.6283260000001
-12.2450009999999,43.636383
-12.240278,43.6447220000001
-12.241667,43.6502760000001
-12.267778,43.724998
-12.274445,43.737221
-12.3266679999999,43.8241650000001
-12.3341669999999,43.8358310000001
-12.349445,43.8536070000001
-12.3561119999999,43.86055
---
-12.213612,44.5183260000001
-12.344723,44.53083
-12.350834,44.529999
-12.3661119999999,44.526665
-12.377779,44.5177760000001
-12.38028,44.5136110000001
-12.379723,44.5080490000001
-12.370834,44.4897160000001
-12.368334,44.4861070000001
-12.309446,44.427216
-12.271946,44.3922200000001
-12.267778,44.3897170000001
-12.235556,44.3224950000001
-12.231668,44.312775
-12.198334,44.2477720000001
-12.18889,44.230553
-12.180834,44.218887
-12.1694449999999,44.209999
-12.1619449999999,44.206665
-12.16139,44.2161100000001
-12.163334,44.227219
-12.1652789999999,44.231384
-12.1694449999999,44.233887
-12.1727789999999,44.2374950000001
-12.1752799999999,44.2416610000001
-12.186668,44.294441
-12.1875,44.3005520000001
-12.1875,44.3258290000001
-12.180834,44.3636090000001
-12.178057,44.3738860000001
-12.173334,44.3827740000001
-12.153891,44.408882
-12.149168,44.4108280000001
-12.121946,44.420273
-12.110279,44.4197160000001
-12.0963899999999,44.413605
-12.090279,44.4127730000001
-12.07889,44.434166
-12.070835,44.453331
-12.0694449999999,44.464996
-12.070835,44.4697190000001
-12.077501,44.476662
-12.085001,44.4827730000001
-12.0930559999999,44.487495
---
-11.936111,43.453606
-11.922779,43.4274980000001
-11.84639,43.2930530000001
-11.836113,43.276108
-11.8308329999999,43.269165
-11.815556,43.2575000000001
-11.765835,43.221107
-11.761112,43.219162
-11.745556,43.2149959999999
-11.733612,43.213608
-11.727501,43.214439
-11.714169,43.2197190000001
-11.69278,43.2322160000001
-11.6811119999999,43.239716
-11.6719459999999,43.2438890000001
-11.666389,43.245277
-11.551111,43.25
-11.476389,43.2527770000001
-11.44639,43.2491610000001
-11.4408339999999,43.25
-11.435556,43.251389
-11.4113899999999,43.260277
-11.397223,43.265831
-11.385834,43.273888
-11.379723,43.2813869999999
-11.3783339999999,43.2869420000001
-11.3683339999999,43.3308259999999
-11.3669449999999,43.3430480000001
-11.3711129999999,43.3705519999999
-11.37389,43.374718
-11.3811109999999,43.3808290000001
-11.4061129999999,43.3952710000001
-11.417501,43.397217
-11.4416679999999,43.3966600000001
-11.580557,43.3794400000001
-11.6080569999999,43.374718
-11.614168,43.3738859999999
-11.619446,43.3752750000001
-11.644445,43.383606
-11.709446,43.4241640000001
-11.716112,43.4308320000001
-11.7288889999999,43.4383320000001
-11.879168,43.498055
-11.885279,43.4986040000001
-11.890001,43.4972150000001
-11.911945,43.4891660000001
-11.920834,43.4849930000001
-11.9333339999999,43.464439
-11.935556,43.4597170000001
---
