54.821938,11.564444
54.877777,11.6425
54.900833,11.641666
54.903885,11.641943
54.906105,11.6438879999999
54.906662,11.6486110000001
54.903885,11.656944
54.8752749999999,11.708611
54.854996,11.7352770000001
54.7699970000001,11.844999
54.765831,11.8494430000001
54.746109,11.861666
54.74305,11.8622210000001
54.6894380000001,11.858332
54.6833270000001,11.85611
54.669441,11.844166
54.6611100000001,11.833887
54.639999,11.785
54.6408309999999,11.7755550000001
54.645271,11.7363869999999
54.6511080000001,11.7225
54.6555480000001,11.693888
54.662498,11.640554
54.6636050000001,11.588333
54.6633300000001,11.5788880000001
54.641937,11.5224990000001
54.622772,11.4725000000001
54.6199950000001,11.466389
54.6188890000001,11.4613879999999
54.6194380000001,11.4555549999999
54.620552,11.4513870000001
54.64666,11.3772220000001
54.6588820000001,11.3502770000001
54.675552,11.315277
54.699715,11.2780550000001
54.7072219999999,11.26222
54.711662,11.2458320000001
54.725555,11.1905540000001
54.736938,11.1444440000001
54.7402730000001,11.125555
54.7424930000001,11.099165
54.7561040000001,11.031666
54.758606,11.02611
54.762772,11.0197220000001
54.782776,10.994999
54.787216,10.99111
54.7908479999999,10.9898910000001
54.8144380000001,11.0252760000001
54.890274,11.013611
54.895828,11.014444
54.9102710000001,11.0274980000001
54.914719,11.0319440000001
54.9230500000001,11.042221
54.934998,11.057777
54.9408260000001,11.071388
54.9508289999999,11.118889
54.9538880000001,11.1363890000001
54.956665,11.164444
54.957397,11.193144
54.9572220000001,11.239721
54.949715,11.2755550000001
54.9430540000001,11.2883320000001
54.9194410000001,11.33111
54.9155500000001,11.3361110000001
54.9113850000001,11.339998
54.8961110000001,11.347221
54.8919370000001,11.3511100000001
54.8838880000001,11.361111
54.8680500000001,11.393332
54.862495,11.408888
54.8297200000001,11.513887
---
54.8911060000001,12.0608330000001
54.893608,12.0794430000001
54.893608,12.0852780000001
54.892494,12.095554
54.890274,12.1036109999999
54.8874970000001,12.110554
54.882217,12.1194440000001
54.868607,12.136665
54.84166,12.168055
54.839165,12.1694430000001
54.836105,12.1686100000001
54.8338850000001,12.166666
54.828606,12.1583330000001
54.8063890000001,12.11972
54.7997209999999,12.107222
54.7936100000001,12.0886100000001
54.7891620000001,12.0783330000001
54.7858280000001,12.071943
54.774719,12.0552770000001
54.7102740000001,11.981388
54.69944,11.9697210000001
54.6852719999999,11.9630550000001
54.6758270000001,11.9608329999999
54.6633300000001,11.9586110000001
54.6477740000001,11.959999
54.629715,11.9630550000001
54.609444,11.967777
54.5869369999999,11.974443
54.576111,11.9788880000001
54.570274,11.9800000000001
54.5672150000001,11.9786110000001
54.5622180000001,11.969166
54.5616610000001,11.964443
54.5674970000001,11.944721
54.572777,11.9294430000001
54.576111,11.9230539999999
54.6513820000001,11.871944
54.667221,11.871111
54.6877750000001,11.877777
54.7011110000001,11.8919430000001
54.7186050000001,11.899166
54.7741620000001,11.85611
54.839165,11.8019429999999
54.844719,11.792776
54.8488850000001,11.7819440000001
54.854721,11.7555540000001
54.859161,11.751944
54.9366610000001,11.708611
54.9416659999999,11.7133330000001
54.954437,11.7322219999999
54.9591600000001,11.7422220000001
54.9608310000001,11.750832
54.9616620000001,11.766943
54.9561079999999,11.846666
54.954784,11.8505870000001
54.9475590000001,11.865035
54.903885,11.9969439999999
54.8963850000001,12.0199990000001
54.892494,12.0380549999999
---
54.821388,10.4072210000001
54.8241650000001,10.3994430000001
54.90416,10.2483330000001
54.9077760000001,10.243055
54.958054,10.1908320000001
54.968048,10.1855550000001
54.97361,10.1841660000001
54.97805,10.1886100000001
54.936104,10.285555
54.926941,10.306665
54.863884,10.440832
54.84166,10.432777
---
54.9608310000001,12.557499
54.957771,12.55611
54.9491650000001,12.5480540000001
54.9472200000001,12.5447220000001
54.9450000000001,12.5366649999999
54.9441600000001,12.5205549999999
54.9472200000001,12.501665
54.9558260000001,12.472776
54.9574970000001,12.463888
54.9630510000001,12.404165
54.9630510000001,12.377222
54.962219,12.3616660000001
54.958885,12.3380549999999
54.9505540000001,12.311943
54.9488830000001,12.3088870000001
54.919167,12.264166
54.880272,12.1836109999999
54.8830490000001,12.1636100000001
54.8861080000001,12.150833
54.90416,12.1158330000001
54.9513850000001,12.132221
54.956665,12.135832
54.9824980000001,12.177776
55.0352710000001,12.311943
55.032494,12.395277
55.026939,12.4522210000001
55.015831,12.5066660000001
55.010277,12.5277770000001
55.00666,12.532776
55.0019380000001,12.5363880000001
54.972221,12.5547220000001
54.9641650000001,12.557499
---
54.946106,10.565277
54.946938,10.5558320000001
54.9499970000001,10.5491660000001
54.9788820000001,10.5169430000001
54.9833300000001,10.513054
55.0016630000001,10.49861
55.0063860000001,10.49861
55.009438,10.5049990000001
55.0438840000001,10.6224990000001
55.043327,10.631943
54.9944380000001,10.6744440000001
54.9894410000001,10.677221
54.9833300000001,10.6747210000001
54.97805,10.6711100000001
54.97361,10.6666660000001
54.950272,10.6150000000001
---
55.012497,9.96610999999996
55.008888,9.97194299999995
54.9837190000001,10.0000000000001
54.979721,10.0047210000001
54.940277,10.042221
54.937775,10.043888
54.8952640000001,10.069166
54.8899920000001,10.0719430000001
54.880821,10.0730550000001
54.8747100000001,10.0711100000001
54.873047,10.0674990000001
54.8599930000001,9.98888800000009
54.8586040000001,9.97861100000011
54.858055,9.95638800000006
54.860275,9.93638800000014
54.862495,9.92694300000005
54.8716660000001,9.89583200000004
54.899437,9.80416500000001
54.906105,9.78583100000003
54.9102710000001,9.78138700000005
54.9155500000001,9.77860999999996
54.928886,9.7724990000001
54.961388,9.75833299999999
54.9788820000001,9.75861000000003
54.9811100000001,9.76055500000001
54.980553,9.76527600000003
54.969162,9.78138700000005
54.9466630000001,9.81916600000005
54.94194,9.82916600000004
54.9397200000001,9.83694300000008
54.9399950000001,9.84222200000011
54.9422150000001,9.84416599999997
54.945274,9.84361100000007
54.970551,9.83888800000011
54.976387,9.83611100000002
55.011108,9.79888700000009
55.014999,9.79361000000011
55.0155490000001,9.78277600000007
55.0122150000001,9.74194299999999
55.009438,9.71805400000011
55.0097200000001,9.70083199999999
55.0105510000001,9.696665
55.0152740000001,9.6811100000001
55.018326,9.67472099999992
55.046944,9.63222100000013
55.0494380000001,9.63055400000007
55.052773,9.63083300000005
55.058609,9.63944400000003
55.067772,9.66472099999999
55.0808260000001,9.70777700000014
55.082497,9.71694400000013
55.084442,9.754166
55.0808260000001,9.77194399999996
55.0749970000001,9.79250000000013
---
54.7249980000001,10.7147220000001
54.725555,10.703609
54.729164,10.6972220000001
54.7374950000001,10.6883320000001
54.753883,10.674999
54.802498,10.655554
54.8372190000001,10.651943
54.9086070000001,10.681944
54.922218,10.693609
54.9597170000001,10.7366660000001
54.9769439999999,10.7663879999999
54.979721,10.773333
54.983887,10.790277
54.986938,10.7969440000001
54.9911040000001,10.8013880000001
55.0449980000001,10.8505549999999
55.1047210000001,10.8863890000001
55.113052,10.891109
55.138611,10.9074990000001
55.143608,10.911388
55.155273,10.9258330000001
55.158882,10.93222
55.160271,10.935833
55.1616590000001,10.9444430000001
55.16111,10.949165
55.1574940000001,10.955
55.1527710000001,10.9588870000001
55.149994,10.9597209999999
55.14444,10.9588870000001
55.089996,10.936943
55.075829,10.93111
55.028328,10.910555
55.0011060000001,10.8977780000001
54.9977720000001,10.895832
54.988884,10.88611
54.9833300000001,10.8769440000001
54.967773,10.8577770000001
54.9433290000001,10.8388880000001
54.8438870000001,10.786943
54.777222,10.7569430000001
---
54.9947200000001,15.0425000000001
55.0133290000001,14.9424990000001
55.0288850000001,14.8819430000001
55.065277,14.7469440000001
55.0727770000001,14.729443
55.0997160000001,14.6797220000001
55.101944,14.677776
55.214996,14.6988890000001
55.2924960000001,14.744165
55.2955550000001,14.746387
55.3044430000001,14.759998
55.30555,14.7638870000001
55.30555,14.769999
55.2819440000001,14.7986110000001
55.2761080000001,14.8055550000001
55.2691650000001,14.812777
55.2608260000001,14.8200000000001
55.2569429999999,14.825277
55.2505490000001,14.8386100000001
55.2294390000001,14.8872200000001
55.1872180000001,14.9974989999999
55.1624980000001,15.0649990000001
55.159721,15.0736100000001
55.155273,15.090832
55.148888,15.123055
55.144165,15.134165
55.138611,15.1411090000001
55.1291659999999,15.148611
55.089165,15.15
55.082497,15.148333
55.0258329999999,15.1072220000001
55.0205540000001,15.103333
55.0011060000001,15.076666
54.9963839999999,15.0613880000001
54.9949950000001,15.051666
---
55.3338850000001,8.45277599999997
55.3399960000001,8.439165
55.3480530000001,8.42972200000008
55.37944,8.40305500000005
55.3980480000001,8.38888700000001
55.4522170000001,8.356943
55.4577709999999,8.360277
55.461662,8.36555500000009
55.466385,8.38083300000011
55.4680480000001,8.38944400000008
55.467499,8.401388
55.426384,8.45833199999993
55.4213870000001,8.46111100000002
55.3424990000001,8.47333099999997
55.336388,8.47138799999999
55.3341600000001,8.46361000000002
---
55.362778,10.790554
55.306664,10.828333
55.293884,10.8347210000001
55.2902760000001,10.8344440000001
55.2052760000001,10.8158320000001
55.186386,10.8116659999999
55.128052,10.7855550000001
55.122498,10.782776
55.117775,10.779444
55.067215,10.7402760000001
55.0644380000001,10.7333320000001
55.062218,10.725555
55.0605550000001,10.6655539999999
55.0608290000001,10.627222
55.0605550000001,10.6163880000001
55.058052,10.5988880000001
55.052773,10.584166
55.0294420000001,10.5294440000001
55.02861,10.5194440000001
55.0288850000001,10.497776
55.084442,10.152777
55.1172180000001,10.1352769999999
55.1219410000001,10.150555
55.126938,10.1544440000001
55.132774,10.152777
55.1374970000001,10.1500000000001
55.178886,10.11861
55.186386,10.108332
55.188049,10.0986100000001
55.193329,10.0058330000001
55.279716,9.89694400000002
55.285828,9.89666599999998
55.3366619999999,9.88833199999999
55.3422160000001,9.88722000000001
55.436661,9.810833
55.4669420000001,9.76805500000006
55.474159,9.72888799999998
55.4911040000001,9.684999
55.4944380000001,9.67833300000001
55.4991610000001,9.67555399999992
55.5036090000001,9.67999800000013
55.5402760000001,9.74861000000004
55.547493,9.81305499999996
55.547218,9.82416499999994
55.5447160000001,9.8324990000001
55.5399930000001,9.83472100000012
55.5274959999999,9.83527800000002
55.522499,9.83749999999998
55.518883,9.84333200000009
55.5124970000001,9.85638799999998
55.509995,9.86472100000003
55.5058290000001,9.88333300000005
55.5055540000001,9.89527700000014
55.5058290000001,9.90499900000003
55.50972,9.92166500000002
55.5149989999999,9.93583300000006
55.5412640000001,10.000304
55.5566640000001,10.073889
55.568054,10.124722
55.5741650000001,10.1486110000001
55.578606,10.164721
55.5844420000001,10.177776
55.5988849999999,10.2125
55.614998,10.2897210000001
55.6166610000001,10.298887
55.616943,10.3097210000001
55.6119380000001,10.3272210000001
55.5888820000001,10.3991659999999
55.5855480000001,10.405554
55.5324939999999,10.4847220000001
55.5149989999999,10.4736100000001
55.481667,10.452221
55.478607,10.445276
55.4680480000001,10.427776
55.4644390000001,10.422222
55.452774,10.4161110000001
55.44722,10.4175000000001
55.4424970000001,10.420277
55.438606,10.425554
55.437775,10.4374980000001
55.4372180000001,10.4688869999999
55.4380490000001,10.478611
55.4827730000001,10.6002770000001
55.486382,10.6061100000001
55.4924930000001,10.608889
55.51944,10.614166
55.563889,10.617498
55.592499,10.612778
55.602493,10.6072220000001
55.6072160000001,10.603333
55.617218,10.6105540000001
55.618607,10.6138880000001
55.6191640000001,10.6191650000001
55.6166610000001,10.6269439999999
55.610275,10.6344429999999
55.589996,10.6580540000001
55.585274,10.662498
55.4966660000001,10.7444440000001
55.4911040000001,10.747221
55.482216,10.7452770000001
---
55.549438,12.5708330000001
55.550552,12.5599990000001
55.553055,12.5525000000001
55.5566640000001,12.5466650000001
55.572777,12.5272220000001
55.576942,12.5222209999999
55.58416,12.5175
55.6066670000001,12.511665
55.6097180000001,12.511944
55.612495,12.513887
55.619118,12.521839
55.63694,12.550278
55.6424940000001,12.558611
55.666382,12.578333
55.6811070000001,12.5902770000001
55.696106,12.6061100000001
55.694717,12.6099990000001
55.688049,12.61611
55.6409870000001,12.6501220000001
55.6166610000001,12.6669430000001
55.5988849999999,12.676388
55.5936050000001,12.6783330000001
55.5905529999999,12.6786099999999
55.5886080000001,12.6758330000001
55.5513840000001,12.579443
---
55.8636090000001,10.6399990000001
55.8636090000001,10.650833
55.8658290000001,10.6588879999999
55.8702770000001,10.6633320000001
55.8763890000001,10.6658330000001
55.892586,10.6668930000001
55.875549,10.6669430000001
55.8686070000001,10.6655539999999
55.7633290000001,10.6138880000001
55.7597200000001,10.6080550000001
55.7575000000001,10.6002770000001
55.7575000000001,10.5891669999999
55.761108,10.544722
55.762497,10.534166
55.765831,10.527498
55.7708280000001,10.5247210000001
55.8019410000001,10.5116650000001
55.808052,10.5116650000001
55.970833,10.516388
55.9813839999999,10.5236110000001
55.9927750000001,10.5408330000001
55.995827,10.547499
55.998055,10.555277
55.9961090000001,10.5624980000001
55.9894410000001,10.560833
55.984161,10.557499
55.9697190000001,10.5566650000001
55.9527740000001,10.5605550000001
55.8730550000001,10.619999
55.868889,10.623888
55.865555,10.630554
---
55.949715,12.529999
55.94194,12.5255549999999
55.925552,12.5169430000001
55.9194410000001,12.5155540000001
55.9113850000001,12.519165
55.8672370000001,12.5588749999999
55.8574980000001,12.566944
55.848053,12.5744439999999
55.8455510000001,12.575832
55.7988819999999,12.596388
55.793327,12.59861
55.76722,12.5999980000001
55.75444,12.6002770000001
55.7352750000001,12.584166
55.7072220000001,12.599443
55.704163,12.6002770000001
55.69944,12.596109
55.6669390000001,12.5613880000001
55.657219,12.5499990000001
55.6508330000001,12.540833
55.6394420000001,12.524166
55.6313860000001,12.502777
55.6066670000001,12.496944
55.6038820000001,12.4955540000001
55.6022190000001,12.4922220000001
55.601662,12.4866660000001
55.6041639999999,12.4480550000001
55.604996,12.4447210000001
55.6072160000001,12.4416660000001
55.6141660000001,12.4358330000001
55.6155550000001,12.4324990000001
55.6163860000001,12.421665
55.6166610000001,12.403889
55.613609,12.3913880000001
55.6099930000001,12.3808330000001
55.593048,12.3444440000001
55.590206,12.339458
55.5599980000001,12.2694440000001
55.5524980000001,12.253332
55.5436100000001,12.244444
55.5022200000001,12.205832
55.4902730000001,12.1961099999999
55.482216,12.1916660000001
55.478607,12.1908320000001
55.4655530000001,12.1905540000001
55.4577709999999,12.1927779999999
55.4522170000001,12.195276
55.4447170000001,12.2005540000001
55.4383320000001,12.206665
55.427773,12.224165
55.4244380000001,12.2316670000001
55.4030529999999,12.2977769999999
55.401665,12.3436110000001
55.3988879999999,12.3638880000001
55.395271,12.3766649999999
55.3811040000001,12.3994430000001
55.3616640000001,12.430555
55.3574980000001,12.4361100000001
55.3483280000001,12.444166
55.336388,12.4519440000001
55.3305510000001,12.453609
55.2927700000001,12.462776
55.2863850000001,12.461666
55.276382,12.4491650000001
55.2724990000001,12.443333
55.261665,12.4258330000001
55.2558290000001,12.412498
55.2349930000001,12.3338870000001
55.23333,12.325277
55.2327730000001,12.315554
55.233055,12.293888
55.2338870000001,12.2724990000001
55.2369380000001,12.2438890000001
55.2280500000001,12.203333
55.2205510000001,12.1761090000001
55.1733320000001,12.0361100000001
55.1694410000001,12.0255550000001
55.161385,12.0149990000001
55.158607,12.0130540000001
55.155548,12.0127770000001
55.1524960000001,12.0130540000001
55.1502760000001,12.0152760000001
55.148605,12.018055
55.1330490000001,12.058054
55.1305540000001,12.0655540000001
55.128883,12.0749989999999
55.128883,12.086943
55.1294400000001,12.0961090000001
55.132774,12.1150000000001
55.133606,12.1305540000001
55.130272,12.1494430000001
55.1227720000001,12.173332
55.11972,12.179165
55.1172180000001,12.18111
55.114166,12.1813890000001
55.0049970000001,12.173611
55.001389,12.1730540000001
54.998886,12.1716650000001
54.995552,12.166666
54.9927750000001,12.158609
54.9686050000001,12.071943
54.9663850000001,12.041111
54.9683300000001,12.013332
54.971382,11.9949990000001
54.979164,11.978333
54.998886,11.953333
55.000275,11.949999
55.0019380000001,11.945833
55.003326,11.9363880000001
55.004715,11.913887
55.003326,11.910276
54.9913859999999,11.8963870000001
54.9883270000001,11.895555
54.9858320000001,11.896111
54.978825,11.9009130000001
55.0138850000001,11.8597220000001
55.023331,11.8402770000001
55.0605550000001,11.730555
55.1324999999999,11.7830540000001
55.1558300000001,11.7977770000001
55.198883,11.7411100000001
55.203606,11.7308330000001
55.206665,11.7177770000001
55.2076030000001,11.694508
55.2041630000001,11.6833320000001
55.1872180000001,11.658333
55.1872180000001,11.612221
55.190826,11.553055
55.1927720000001,11.543055
55.199997,11.5188880000001
55.212494,11.4538880000001
55.215828,11.4277759999999
55.215828,11.4169429999999
55.2122189999999,11.4002760000001
55.2013850000001,11.350832
55.1905520000001,11.323055
55.188889,11.30611
55.1927720000001,11.2727780000001
55.194443,11.262499
55.196388,11.2530540000001
55.1997149999999,11.246666
55.204437,11.244165
55.3388820000001,11.187777
55.3936080000001,11.218054
55.399162,11.217222
55.4488830000001,11.2036090000001
55.5674970000001,11.149166
55.5774990000001,11.1444440000001
55.662773,11.089167
55.669998,11.083611
55.6727750000001,11.075277
55.692497,10.9941650000001
55.729439,10.8799990000001
55.732498,10.8736100000001
55.736938,10.8780540000001
55.738327,10.88722
55.7391660000001,10.897221
55.7388840000001,10.9408320000001
55.738052,10.9530540000001
55.7216640000001,11.1294440000001
55.713608,11.1386110000001
55.7077710000001,11.1527770000001
55.702774,11.1686100000001
55.699165,11.1891649999999
55.698051,11.201111
55.6988830000001,11.211111
55.7474980000001,11.343332
55.84166,11.4869440000001
55.8508300000001,11.4963870000001
55.8561099999999,11.5000000000001
55.867218,11.506388
55.8794400000001,11.511665
55.8919370000001,11.5158330000001
55.898331,11.516388
55.9141619999999,11.5102769999999
55.918884,11.5077759999999
55.930275,11.4916650000001
55.9369429999999,11.478611
55.939438,11.4702760000001
55.9424970000001,11.4491650000001
55.946938,11.3797210000001
55.9491650000001,11.359722
55.971382,11.283333
55.9752730000001,11.2780550000001
55.9794390000001,11.274166
55.9916610000001,11.273333
55.98111,11.3127769999999
55.961388,11.4091660000001
55.936386,11.606388
55.9416660000001,11.6644440000001
55.9508290000001,11.7063880000001
55.9594420000001,11.7377780000001
55.962494,11.74472
55.964439,11.752777
55.964722,11.763887
55.962219,11.772778
55.9583280000001,11.7786100000001
55.9541630000001,11.7819440000001
55.948608,11.778332
55.921387,11.7397209999999
55.890549,11.6702770000001
55.8141630000001,11.670555
55.793327,11.717499
55.7947160000001,11.7274990000001
55.794441,11.7327770000001
55.7930530000001,11.7363869999999
55.784164,11.7452770000001
55.7586059999999,11.7655540000001
55.687218,11.799721
55.683884,11.7999990000001
55.661659,11.79444
55.674721,11.8197210000001
55.676666,11.822498
55.682495,11.8255540000001
55.7070160000001,11.8320830000001
55.764442,11.843611
55.925827,11.902777
55.9277730000001,11.9052770000001
55.9297180000001,11.9141650000001
55.928886,11.9249990000001
55.924438,11.9411110000001
55.9172210000001,11.9594440000001
55.904716,11.986944
55.901108,11.9927769999999
55.8944400000001,11.998888
55.88916,12.001389
55.8063890000001,12.0352760000001
55.793327,12.0405539999999
55.751389,12.055555
55.7422180000001,12.056944
55.736107,12.0563890000001
55.7299960000001,12.054443
55.7244420000001,12.0508330000001
55.7205510000001,12.045555
55.7152710000001,12.0311110000001
55.714722,12.02611
55.7152710000001,12.0097220000001
55.7174990000001,11.9705540000001
55.6769410000001,11.936666
55.6533280000001,11.935833
55.6533280000001,12.0572200000001
55.6580510000001,12.061943
55.698326,12.092222
55.7111050000001,12.0938870000001
55.722496,12.092222
55.72805,12.0908320000001
55.7388840000001,12.087776
55.7645380000001,12.0722200000001
55.919167,12.042221
55.9241640000001,12.0397209999999
55.9561080000001,12.014721
55.9594420000001,12.0075000000001
55.956665,11.979166
55.949997,11.9338870000001
55.9369429999999,11.8866650000001
55.936104,11.87611
55.9372180000001,11.8663880000001
55.9438860000001,11.853611
55.947777,11.8486100000001
55.9524990000001,11.845833
55.9586110000001,11.848331
55.9666600000001,11.859444
55.9697190000001,11.865833
55.994438,11.919167
56.1036070000001,12.1741660000001
56.112221,12.2002770000001
56.12722,12.2750000000001
56.128883,12.290554
56.128609,12.301666
56.12722,12.3124980000001
56.1241610000001,12.3313880000001
56.0877760000001,12.514166
56.0808260000001,12.533609
56.0452730000001,12.612499
56.0419390000001,12.6188890000001
56.0394440000001,12.6197199999999
56.0338820000001,12.618055
56.004715,12.593887
55.9994430000001,12.584166
55.995827,12.5733320000001
55.992218,12.567221
---
56.6694410000001,11.5566650000001
56.6708300000001,11.5458320000001
56.70166,11.503054
56.707771,11.5033320000001
56.7108310000001,11.5102769999999
56.722771,11.6377770000001
56.7233280000001,11.6480540000001
56.7199940000001,11.6486110000001
56.6708300000001,11.5658320000001
---
56.7986070000001,8.87888700000013
56.743332,8.83138800000006
56.6936040000001,8.76999899999998
56.6922150000001,8.76694300000008
56.687218,8.74499900000006
56.6855550000001,8.73499900000007
56.6741640000001,8.65527700000001
56.6972200000001,8.63694399999997
56.72583,8.60305400000004
56.737221,8.56388900000013
56.738884,8.55472200000014
56.7386090000001,8.54277600000012
56.731384,8.52472099999994
56.7311100000001,8.51972200000006
56.7319410000001,8.51416600000005
56.733604,8.51083200000011
56.73555,8.509165
56.7416610000001,8.50972200000007
56.793327,8.54611000000011
56.8308490000001,8.61700500000006
56.887215,8.64749900000004
56.889442,8.65000000000003
56.8913880000001,8.65805400000011
56.892776,8.66888799999998
56.8922200000001,8.69694300000009
56.894165,8.73333200000002
56.8947220000001,8.73888799999997
56.9049990000001,8.8136100000001
56.906662,8.81722100000007
56.914719,8.82638699999995
56.935555,8.83916699999992
56.9516600000001,8.85333299999996
56.9538880000001,8.85583300000008
56.9552760000001,8.85972199999998
56.955551,8.86527599999999
56.9552760000001,8.899721
56.9483260000001,8.91083099999997
56.922493,8.92472100000009
56.9186100000001,8.92472100000009
---
57.0183260000001,10.12361
57.0075000000001,10.146944
57.0030520000001,10.1574990000001
56.9941640000001,10.1794430000001
56.987495,10.2047210000001
56.984161,10.218054
56.9824980000001,10.228333
56.981941,10.2458320000001
56.9813040000001,10.311891
56.9630510000001,10.2880550000001
56.952217,10.2822210000001
56.926384,10.2722210000001
56.917221,10.269165
56.9041599999999,10.268332
56.825554,10.281111
56.8016660000001,10.2861100000001
56.7988820000001,10.2869430000001
56.748055,10.305277
56.717773,10.240555
56.720551,10.159443
56.7199940000001,10.1544440000001
56.650276,9.86638800000014
56.6419369999999,9.88638899999995
56.641663,9.93305400000014
56.659164,10.003611
56.686104,10.077221
56.6963880000001,10.1772209999999
56.696106,10.316111
56.695274,10.3386100000001
56.6899950000001,10.3475000000001
56.6827770000001,10.353333
56.6702730000001,10.3605539999999
56.664444,10.3619440000001
56.644997,10.3636090000001
56.638885,10.3636090000001
56.6316600000001,10.3586100000001
56.6226040000001,10.3409439999999
56.6162490000001,10.3319890000001
56.6144410000001,10.329277
56.611774,10.312777
56.610443,10.307943
56.6005550000001,10.285276
56.593048,10.273333
56.5733260000001,10.245554
56.5530549999999,10.218887
56.5355530000001,10.2105540000001
56.468605,10.1877770000001
56.4730529999999,10.2308330000001
56.489166,10.2261100000001
56.506943,10.2241650000001
56.53833,10.2238880000001
56.549438,10.230276
56.5536040000001,10.2366660000001
56.5781590000001,10.308666
56.5699920000001,10.3296660000001
56.5661620000001,10.3304990000001
56.5622180000001,10.3583320000001
56.559715,10.3605539999999
56.553329,10.36861
56.528053,10.414721
56.5241620000001,10.425833
56.510826,10.5088880000001
56.5083309999999,10.5302770000001
56.5113830000001,10.584999
56.5216600000001,10.6461110000001
56.5324940000001,10.765276
56.5341640000001,10.786943
56.523888,10.844166
56.5208280000001,10.8511100000001
56.515831,10.8608320000001
56.508888,10.872499
56.445,10.960833
56.4394380000001,10.9630549999999
56.3436050000001,10.921389
56.328606,10.9074990000001
56.163887,10.744999
56.187775,10.673887
56.1891630000001,10.683054
56.19416,10.686388
56.2063830000001,10.692221
56.2122190000001,10.691944
56.2177730000001,10.6905540000001
56.2211070000001,10.6844440000001
56.226662,10.66861
56.2294390000001,10.647499
56.2294390000001,10.636389
56.2283330000001,10.6255550000001
56.226387,10.617777
56.2236100000001,10.611111
56.207222,10.5897220000001
56.1769410000001,10.555277
56.1663820000001,10.5491660000001
56.159996,10.5477769999999
56.1547160000001,10.550554
56.149994,10.554165
56.132774,10.572222
56.123055,10.577776
56.116661,10.575554
56.111382,10.5713880000001
56.1036070000001,10.5599990000001
56.10083,10.5536100000001
56.0988850000001,10.5458320000001
56.098328,10.5358310000001
56.09861,10.524166
56.10083,10.515276
56.1619420000001,10.389999
56.195274,10.353054
56.1997150000001,10.3583320000001
56.2211070000001,10.4275000000001
56.221939,10.4369429999999
56.21833,10.4424990000001
56.2205510000001,10.4794430000001
56.264999,10.5083330000001
56.270828,10.5075000000001
56.274162,10.501944
56.291939,10.44861
56.290833,10.4005550000001
56.1785510000001,10.24679
56.166664,10.2319430000001
56.1516650000001,10.219166
56.1461110000001,10.2161100000001
56.139717,10.2149979999999
56.1297150000001,10.2208330000001
56.1258320000001,10.2263870000001
56.119164,10.238888
56.1149980000001,10.2441650000001
56.0955510000001,10.255833
56.0797200000001,10.2616650000001
56.0188830000001,10.279722
55.9205550000001,10.2519440000001
55.9141619999999,10.2497220000001
55.8330540000001,10.1930540000001
55.8280490000001,10.189165
55.8247150000001,10.1830540000001
55.8269420000001,10.1730539999999
55.8349990000001,10.150555
55.8383330000001,10.1438880000001
55.8430480000001,10.140276
55.848328,10.1374990000001
55.859161,10.1349980000001
55.8644410000001,10.132221
55.8683320000001,10.1266650000001
55.8716660000001,10.1197200000001
55.8772200000001,10.1055550000001
55.8786090000001,10.0938869999999
55.8786090000001,10.061388
55.8783190000001,10.049721
55.8746220000001,10.01229
55.8716660000001,9.98249800000002
55.8499980000001,9.871666
55.8463820000001,9.86555499999992
55.8408280000001,9.86722200000003
55.837776,9.87388800000002
55.8352740000001,9.88222100000007
55.8333280000001,9.89222100000006
55.828606,9.922777
55.8249969999999,9.95638800000006
55.82164,10.0000000000001
55.81694,10.040277
55.8144380000001,10.0486109999999
55.750275,10.0458320000001
55.704994,9.99277699999999
55.671387,9.83166500000004
55.6694409999999,9.811666
55.6702730000001,9.80222100000009
55.6837730000001,9.73749800000007
55.6852760000001,9.73266599999994
55.6896060000001,9.72516499999995
55.7036060000001,9.68777699999998
55.7088850000001,9.67194400000005
55.7113880000001,9.649721
55.7113880000001,9.63888700000012
55.7088850000001,9.55722000000003
55.7058260000001,9.54999899999996
55.700554,9.55277600000005
55.6966630000001,9.55833200000006
55.6944430000001,9.56638700000002
55.6933290000001,9.57416499999999
55.6933290000001,9.58527800000007
55.695,9.61666500000001
55.692772,9.63944400000003
55.6866610000001,9.65277700000007
55.6531069999999,9.721722
55.604721,9.81916600000005
55.5311050000001,9.70416599999999
55.426109,9.59277700000007
55.421661,9.58833300000003
55.4147190000001,9.58750000000003
55.4102710000001,9.59027700000013
55.401665,9.59805499999993
55.397499,9.60361100000011
55.39444,9.61027500000012
55.3783260000001,9.59999800000014
55.3733290000001,9.59694300000012
55.367218,9.59666600000014
55.2874980000001,9.66110999999995
55.28083,9.66750000000002
55.2772220000001,9.67333200000013
55.2727740000001,9.68388700000003
55.268883,9.69444299999998
55.265549,9.70694400000014
55.2611079999999,9.71111100000013
55.2583310000001,9.71222100000011
55.2449950000001,9.71166600000004
55.2416610000001,9.71138800000011
55.238884,9.70999899999993
55.196938,9.68860999999998
55.1924970000001,9.68305400000003
55.189995,9.67638800000003
55.1852720000001,9.66055500000004
55.180832,9.63861100000003
55.1816640000001,9.63388800000001
55.191109,9.61999900000001
55.1938860000001,9.60694300000011
55.193054,9.59055500000005
55.1905520000001,9.57722100000007
55.1872180000001,9.56527700000004
55.151939,9.48944300000011
55.128609,9.46305500000005
55.1238860000001,9.45916599999998
55.11805,9.46194300000008
55.050278,9.50750000000005
55.032494,9.54861100000005
55.0163880000001,9.63638900000001
54.9947200000001,9.71916599999992
54.99305,9.72277600000001
54.9894410000001,9.72749900000002
54.9824980000001,9.73305499999998
54.947777,9.74666600000012
54.901665,9.76416599999999
54.8911060000001,9.76805500000006
54.84111,9.75027699999993
54.836105,9.74722100000002
54.8313830000001,9.74277700000005
54.8277740000001,9.73722100000009
54.827499,9.72666500000008
54.8519440000001,9.62777699999998
54.8552700000001,9.62055400000008
54.890549,9.61416600000001
54.9011080000001,9.63360999999998
54.902496,9.64277600000003
54.9069440000001,9.64694400000008
54.9138870000001,9.64805400000012
54.918327,9.643888
54.922218,9.63861100000003
54.9252780000001,9.63222100000013
54.9283290000001,9.61277800000011
54.9286040000001,9.601944
54.926941,9.59305400000005
54.8683320000001,9.50277700000009
54.8386080000001,9.45805500000012
54.8349989999999,9.45277599999991
54.8302760000001,9.44833200000011
54.825401,9.44535800000006
54.8333280000001,9.41472100000004
54.8352740000001,9.39249999999998
54.8297200000001,9.37861100000009
54.822777,9.36888900000002
54.8208310000001,9.36861000000005
54.812492,9.35888900000003
54.8086090000001,9.34277700000007
54.8088839999999,9.25361100000003
54.8163830000001,9.24305500000008
54.8244400000001,9.23361
54.83416,9.22805399999999
54.8455510000001,9.23361
54.853607,9.22416499999991
54.8649980000001,9.16888800000004
54.9055480000001,8.94111099999998
54.9080510000001,8.91999800000013
54.9136890000001,8.8413010000001
54.9138870000001,8.82888799999995
54.906105,8.78583100000009
54.8988880000001,8.76305400000001
54.897217,8.75472100000013
54.8911060000001,8.71944400000001
54.8927760000001,8.69944400000009
54.8988880000001,8.68610999999993
54.9130940000001,8.66454499999998
54.9819410000001,8.65472200000011
55.114166,8.67610900000005
55.10083,8.56138800000014
55.094719,8.56194300000004
55.088051,8.56083300000006
55.083328,8.55638900000008
55.061943,8.50416600000011
55.060272,8.49583200000012
55.0627749999999,8.48749900000007
55.065826,8.48083300000008
55.0736080000001,8.47138799999999
55.0849990000001,8.468054
55.1238860000001,8.45694400000002
55.1305540000001,8.45833199999993
55.1699980000001,8.46999899999997
55.1758270000001,8.47194300000007
55.1813890000001,8.47555499999999
55.191109,8.48305500000004
55.1950000000001,8.48833300000013
55.1974950000001,8.50638800000007
55.19416,8.55805400000014
55.193329,8.56805400000013
55.1886060000001,8.585554
55.185555,8.59277700000007
55.1798170000001,8.59361600000005
55.176384,8.58833300000009
55.1686100000001,8.56722100000013
55.164719,8.56166600000006
55.154442,8.55388800000009
55.149719,8.55444299999999
55.144165,8.56916600000011
55.1404949999999,8.58475299999998
55.132393,8.63215800000012
55.1311040000001,8.64388800000006
55.1324999999999,8.68361099999993
55.1363830000001,8.68888900000002
55.14222,8.69138700000013
55.1491620000001,8.69222100000002
55.160271,8.68944400000009
55.203331,8.6613880000001
55.258606,8.65805400000011
55.301666,8.65860900000001
55.3136060000001,8.66249800000008
55.3205490000001,8.6638870000001
55.3324969999999,8.66222199999999
55.4027710000001,8.63805399999995
55.427498,8.62388800000008
55.4347150000001,8.61249900000013
55.441109,8.59944300000006
55.4430540000001,8.58972200000005
55.4491650000001,8.53611000000012
55.453888,8.48000000000008
55.4541630000001,8.468054
55.4519420000001,8.44972000000007
55.4522170000001,8.43999900000006
55.5533290000001,8.30749900000012
55.4911040000001,8.25694300000004
55.5377730000001,8.10416600000013
55.5447160000001,8.09138900000005
55.548882,8.087221
55.5549930000001,8.087221
55.5658260000001,8.09333200000009
55.59333,8.11944399999999
55.6033330000001,8.12666500000012
55.6247180000001,8.13944400000014
55.710548,8.17860999999999
55.7230530000001,8.18222000000003
55.74305,8.18555500000014
55.7552719999999,8.18361100000004
55.848328,8.16638799999998
55.899162,8.15333199999992
55.938049,8.14305499999995
55.9594420000001,8.13444300000009
55.979721,8.12666500000012
55.983055,8.12610999999998
55.98555,8.12722200000002
55.9869380000001,8.130833
55.9847179999999,8.13944400000014
55.9769440000001,8.14749899999993
55.9686050000001,8.15222200000011
55.963608,8.15472199999999
55.953606,8.15833300000003
55.942772,8.16194300000012
55.9205550000001,8.16805500000009
55.897499,8.17333200000007
55.8394389999999,8.18222000000003
55.8147200000001,8.18333200000006
55.8099980000001,8.18638800000014
55.808052,8.19360900000004
55.8099980000001,8.20222100000007
55.8349990000001,8.27666700000009
55.8561099999999,8.32388899999995
55.8919370000001,8.3941650000001
55.897499,8.397221
55.923332,8.38527699999992
56.0108260000001,8.31694399999998
56.0172200000001,8.31694399999998
56.046661,8.31305500000008
56.0502780000001,8.31249800000001
56.053055,8.3111100000001
56.054718,8.30888700000003
56.0749970000001,8.2708320000001
56.0827710000001,8.25499899999994
56.0927730000001,8.22388799999993
56.111107,8.14611100000002
56.1116640000001,8.14110900000009
56.110832,8.13749899999999
56.102493,8.14110900000009
56.0808260000001,8.14527700000014
56.071106,8.14638699999995
56.067497,8.14638699999995
55.999161,8.14250000000004
55.9963840000001,8.14194300000014
55.9941640000001,8.13333300000005
55.994438,8.12722200000002
55.996941,8.11916500000001
56.0008320000001,8.11388800000003
56.0177760000001,8.10833200000002
56.052216,8.10111000000006
56.0713880000001,8.10166500000014
56.11805,8.10555499999998
56.3491590000001,8.12277599999999
56.4502720000001,8.11999900000012
56.5308300000001,8.11833200000001
56.5499950000001,8.12083200000012
56.5561070000001,8.12277599999999
56.6377719999999,8.15611100000001
56.6533280000001,8.16527700000006
56.6677700000001,8.17555400000009
56.691383,8.19472100000002
56.707771,8.2091660000001
56.7094420000001,8.21222100000006
56.7105480000001,8.21666500000003
56.7094420000001,8.22110900000007
56.707771,8.22416499999997
56.703331,8.22916600000002
56.6877750000001,8.23777800000011
56.664993,8.22333100000003
56.653885,8.21138800000006
56.6463850000001,8.20638800000006
56.638054,8.20388800000001
56.635551,8.2058320000001
56.604996,8.24972199999996
56.5799940000001,8.32722099999995
56.5822220000001,8.39055400000012
56.5811080000001,8.40166699999997
56.578331,8.41583300000002
56.5611040000001,8.47083300000008
56.543053,8.51916499999999
56.503883,8.59222199999999
56.4786070000001,8.626665
56.476662,8.62972100000007
56.4752730000001,8.63277600000009
56.4727710000001,8.64694400000013
56.4727710000001,8.65305499999999
56.4822159999999,8.72833300000008
56.486382,8.73944300000011
56.49305,8.74583200000006
56.4988860000001,8.74722100000008
56.548996,8.75691400000005
56.5497209999999,8.75805500000013
56.5538859999999,8.76305400000001
56.5563890000001,8.76555400000012
56.5586090000001,8.76610900000003
56.5644380000001,8.76444400000008
56.5686040000001,8.75944300000003
56.579437,8.72944300000012
56.58416,8.71277600000008
56.587776,8.70666499999999
56.6141660000001,8.68083200000007
56.617218,8.68027699999993
56.6199950000001,8.68110999999993
56.715828,8.83833300000003
56.729439,8.84555400000011
56.7508320000001,8.86277800000005
56.762497,8.87305500000002
56.804718,8.95249900000005
56.805832,8.96749899999998
56.807777,9.07000000000011
56.807449,9.07556699999992
56.79583,9.10527600000012
56.7927700000001,9.11138700000004
56.790276,9.11333300000007
56.7038880000001,9.15249800000004
56.7008289999999,9.14499900000004
56.6933290000001,9.13472200000007
56.6305540000001,9.05527699999999
56.628052,9.05333300000007
56.6022190000001,9.04333300000008
56.599159,9.04333300000008
56.5905530000001,9.04611
56.571663,9.05555500000003
56.56694,9.05861099999993
56.5630489999999,9.06416500000012
56.561386,9.07333200000011
56.5633320000001,9.081388
56.5688860000001,9.09111000000007
56.571388,9.09361100000007
56.583611,9.10138700000005
56.589996,9.10027700000006
56.5927730000001,9.09833099999997
56.5986100000001,9.09750000000014
56.6044390000001,9.09944300000012
56.609161,9.10388800000004
56.61055,9.106943
56.6266630000001,9.17777600000005
56.6330490000001,9.21083299999998
56.6344379999999,9.22583200000003
56.633331,9.24888800000002
56.6299970000001,9.27416600000009
56.623165,9.28005400000001
56.6191640000001,9.28405600000002
56.6153340000001,9.28438900000003
56.611832,9.28355499999992
56.6041640000001,9.28194400000007
56.6022190000001,9.27333300000009
56.599159,9.2649990000001
56.5833280000001,9.25166499999995
56.5802760000001,9.25083199999995
56.558327,9.2675000000001
56.5477750000001,9.27833199999998
56.5255510000001,9.31249800000001
56.524994,9.31722099999996
56.5255510000001,9.321665
56.5408330000001,9.37111100000004
56.543053,9.37305500000014
56.546104,9.37388800000014
56.5588839999999,9.3761100000001
56.564995,9.37638900000007
56.5688860000001,9.37083200000001
56.570549,9.36166600000013
56.5663829999999,9.34416600000009
56.6763799999999,9.32305600000012
56.681389,9.32000000000005
56.6999970000001,9.30444299999999
56.7022170000001,9.30194300000011
56.7049939999999,9.29472200000004
56.7055510000001,9.28888700000005
56.7041629999999,9.28027699999996
56.7030490000001,9.27638800000005
56.701111,9.27333300000009
56.6949999999999,9.26638800000012
56.691383,9.26055500000012
56.6697159999999,9.18638800000008
56.6694410000001,9.18083200000012
56.6719440000001,9.17333200000007
56.673882,9.16972199999998
56.678055,9.16611099999994
56.892494,9.16499899999997
56.916031,9.17820000000012
56.995552,9.29027700000012
57.0000000000001,9.301109
57.0019380000001,9.3094440000001
57.0122150000001,9.36555500000003
57.0183260000001,9.40972100000005
57.019997,9.42555399999998
57.0194400000001,9.46694399999996
57.018883,9.47805399999999
57.0161059999999,9.51694300000014
57.015549,9.52194400000002
57.0072170000001,9.551109
57.004715,9.55916600000012
57.0386050000001,9.6861100000001
57.0533290000001,9.76416599999999
57.054161,9.77472100000006
57.050552,9.80721999999997
57.0455549999999,9.85361100000006
57.054161,9.93999900000011
57.0549930000001,9.94499999999999
57.0583270000001,9.95166599999999
57.066544,9.966499
57.0717320000001,9.97427400000009
---
57.2502750000001,11.0791659999999
57.2408290000001,11.0583320000001
57.229721,11.023888
57.223328,10.9974990000001
57.221664,10.9822220000001
57.238052,10.9619430000001
57.2458270000001,10.9499990000001
57.2502750000001,10.9338870000001
57.250832,10.9224990000001
57.248329,10.9077760000001
57.24472,10.896111
57.2455519999999,10.8847220000001
57.2477720000001,10.874998
57.2522200000001,10.865
57.260826,10.855
57.263054,10.8544430000001
57.2672200000001,10.860554
57.3011090000001,10.918055
57.3027730000001,10.921389
57.320274,11.025833
57.3313830000001,11.1444440000001
57.331665,11.150276
57.3274990000001,11.1838870000001
57.3263850000001,11.1888890000001
57.324997,11.191944
57.322777,11.194443
57.3141630000001,11.196943
57.3108290000001,11.1958329999999
---
57.5791630000001,10.4311099999999
57.551384,10.4358330000001
57.543327,10.4383320000001
57.5327760000001,10.4447210000001
57.528328,10.4483320000001
57.5241620000001,10.453054
57.413887,10.5280550000001
57.2299960000001,10.542221
57.2238850000001,10.534721
57.221664,10.530832
57.2147220000001,10.5133319999999
57.1847150000001,10.453333
57.1766660000001,10.4427780000001
57.1572190000001,10.4238870000001
57.143326,10.414165
56.9916650000001,10.3366159999999
56.9897160000001,10.2449990000001
56.991104,10.228054
56.9927750000001,10.2186110000001
57.002777,10.1930540000001
57.0247190000001,10.1519430000001
57.041664,10.1197200000001
57.0830460000001,10.0319440000001
57.086929,10.0208319999999
57.089157,10.0116649999999
57.0899890000001,10.0066660000001
57.089668,10.000276
57.046387,9.5
57.004715,9.28944400000012
56.9983290000001,9.26972200000006
56.996109,9.25527799999992
56.995552,9.24388900000014
56.9972150000001,9.23388899999998
57.0013890000001,9.22138800000005
57.0116650000001,9.20360899999997
57.0238880000001,9.18138900000002
57.0352710000001,9.15916599999997
57.0427700000001,9.14055400000012
57.0527730000001,9.11554899999993
57.04805,9.1186100000001
57.039162,9.12027699999999
57.0349960000001,9.11583300000001
57.032494,9.10749800000013
57.01194,9.03861000000012
57.0116650000001,9.03277600000001
57.012772,9.02777700000013
57.015549,9.02722200000005
57.018608,9.02861000000013
57.021111,9.02749799999992
57.024437,9.02138700000006
57.0258330000001,9.01055499999995
57.0249940000001,9.00055500000002
56.9974980000001,8.88583200000011
56.971069,8.82716599999992
56.951942,8.77500000000009
56.9497149999999,8.76610900000003
56.9505540000001,8.75499900000005
56.956665,8.73555399999998
56.957497,8.72444300000012
56.949997,8.68110999999993
56.9472200000001,8.67333199999996
56.945274,8.67083200000008
56.885551,8.61916500000012
56.873329,8.61722200000008
56.863052,8.61777699999999
56.8569410000001,8.61694300000011
56.8486100000001,8.61166600000013
56.8441620000001,8.60749800000002
56.8194429999999,8.57249800000011
56.813606,8.56388900000013
56.8122180000001,8.55999899999995
56.8038860000001,8.53305400000005
56.8005520000001,8.51444399999997
56.7972180000001,8.50111000000004
56.792496,8.49166500000013
56.7880550000001,8.48722099999998
56.782494,8.48360999999994
56.779999,8.48277699999994
56.697777,8.46305500000011
56.6781270000001,8.41579700000005
56.674347,8.44171299999994
56.6740110000001,8.44521400000008
56.6703449999999,8.48838000000012
56.6677700000001,8.51444399999997
56.6686100000001,8.51944400000014
56.673882,8.53583099999992
56.68222,8.55083300000007
56.6888890000001,8.57027599999992
56.6897200000001,8.57999999999998
56.689163,8.5849990000001
56.686104,8.59138899999999
56.6808320000001,8.59499900000009
56.6305540000001,8.60722199999992
56.60833,8.59888799999999
56.60611,8.59750000000003
56.582497,8.55499800000007
56.5822220000001,8.54944400000005
56.584442,8.54138799999998
56.589439,8.53222100000005
56.5952760000001,8.52416600000004
56.631386,8.47805399999999
56.6421810000001,8.45909899999998
56.645184,8.457266
56.6491849999999,8.453599
56.6530149999999,8.44876500000009
56.65852,8.43693199999996
56.6720430000001,8.39827800000006
56.677216,8.36833199999995
56.698608,8.24888800000008
56.7072220000001,8.24027599999999
56.7127760000001,8.23860900000011
56.736938,8.23555400000009
56.755554,8.23499900000002
56.7688830000001,8.23583200000002
56.7755510000001,8.23638700000009
56.8066640000001,8.24583200000001
56.8227770000001,8.25610899999998
56.8327709999999,8.26416599999993
56.8602750000001,8.29055399999999
56.9055480000001,8.33666600000004
56.945549,8.37888700000002
57.0049970000001,8.45055400000012
57.096107,8.57722100000012
57.114716,8.60388799999993
57.121666,8.61722200000008
57.1244430000001,8.624166
57.125275,8.62861100000009
57.1247180000001,8.63944400000003
57.121666,8.65444400000001
57.1061100000001,8.71388800000005
57.102219,8.73722100000009
57.101105,8.76610900000003
57.1038820000001,8.80499800000001
57.1083300000001,8.84666600000008
57.1199950000001,8.89416499999999
57.1536100000001,9.01722099999995
57.145271,9.07972100000006
57.137497,9.16138799999999
57.136108,9.19610999999998
57.1369400000001,9.24388900000014
57.1388850000001,9.26527599999991
57.1502760000001,9.38416500000011
57.1511080000001,9.38999899999999
57.156944,9.40694400000012
57.176109,9.458887
57.1816640000001,9.47360999999995
57.190277,9.49583200000012
57.213882,9.54083300000008
57.217499,9.54666499999996
57.241104,9.58055500000006
57.3033290000001,9.64944300000008
57.364998,9.70777700000014
57.37944,9.72055399999999
57.395271,9.7313880000001
57.4355550000001,9.76361100000008
57.444717,9.77277800000007
57.4622190000001,9.79333300000013
57.583611,9.94972000000013
57.5883330000001,9.96027800000007
57.589439,9.97110900000007
57.5897220000001,10.0000000000001
57.5886080000001,10.0436100000001
57.5897220000001,10.1041660000001
57.590271,10.1286109999999
57.592216,10.1611100000001
57.594994,10.18111
57.6022190000001,10.2183320000001
57.613052,10.266943
57.6208270000001,10.2897210000001
57.625549,10.3008330000001
57.673607,10.4083330000001
57.6974950000001,10.453333
57.7252730000001,10.5099979999999
57.737495,10.537498
57.7402730000001,10.544167
57.745277,10.56111
57.746666,10.5772210000001
57.7441640000001,10.605276
57.737495,10.6449990000001
57.7362670000001,10.6459530000001
57.7277760000001,10.6219439999999
57.7108310000001,10.5780540000001
57.7024990000001,10.5602760000001
57.683609,10.526388
57.666664,10.5055540000001
57.645828,10.48111
57.6286090000001,10.461666
57.622215,10.4547210000001
57.6149980000001,10.447498
57.6033330000001,10.437777
57.592216,10.4324990000001
---
