26.704998,33.9966660000001
26.708611,33.99305
26.71722,33.9874950000001
26.7738880000001,33.961105
26.7838860000001,33.957222
26.78833,33.9599990000001
26.788609,33.9669420000001
26.784721,33.9736100000001
26.7811090000001,33.977219
26.749722,33.99472
26.724442,34.0036090000001
26.7188870000001,34.0047149999999
26.711941,34.004166
26.7072220000001,34.0013890000001
---
27.491108,34.033607
27.4524990000001,34.0422210000001
27.442219,34.041939
27.4733310000001,34.007217
27.476387,34.002777
27.496944,33.9624940000001
27.4980550000001,33.9555510000001
27.497776,33.948608
27.4941640000001,33.937492
27.493332,33.9313890000001
27.495552,33.926109
27.4991649999999,33.9224930000001
27.503609,33.9197160000001
27.5202750000001,33.9163820000001
27.526386,33.917496
27.5302770000001,33.9211040000001
27.5327760000001,33.9258270000001
27.535553,33.937775
27.5358310000001,33.966385
27.534721,33.973328
27.532219,33.978607
27.4983330000001,34.026382
---
31.141666,32.043884
31.14222,32.0419390000001
31.1458320000001,32.041107
31.155552,32.040833
31.1572190000001,32.041107
31.1580540000001,32.0427700000001
31.1580540000001,32.044998
31.1561090000001,32.04805
31.153332,32.0499950000001
31.1494410000001,32.050827
31.14333,32.047218
---
31.136387,33.475555
31.1372490000001,33.4724430000001
31.151108,33.456108
31.1616630000001,33.433884
31.1655539999999,33.4249950000001
31.1983300000001,33.331665
31.2063870000001,33.3041610000001
31.2102780000001,33.2874980000001
31.210831,33.2722170000001
31.2113880000001,33.270271
31.2136080000001,33.2674939999999
31.215275,33.2666629999999
31.2166630000001,33.26722
31.2169420000001,33.2697220000001
31.2102780000001,33.3041610000001
31.2041659999999,33.3288880000001
31.2008319999999,33.3405530000001
31.1816640000001,33.400551
31.154442,33.4563830000001
31.1405530000001,33.474716
31.1374970000001,33.4766620000001
---
31.2225000000001,33.249443
31.221664,33.253609
31.219444,33.2591630000001
31.2166630000001,33.2613830000001
31.214996,33.2613830000001
31.214996,33.2594380000001
31.216389,33.2563860000001
31.2188870000001,33.2469410000001
31.2269440000001,33.199165
31.2294430000001,33.1758270000001
31.2280540000001,33.1083300000001
31.2272190000001,33.1016620000001
31.2211070000001,33.0844420000001
31.168331,32.976662
31.1747210000001,32.9780500000001
31.227497,33.083054
31.2324980000001,33.096107
31.2341650000001,33.1099930000001
31.233887,33.172775
31.2327770000001,33.1952739999999
---
31.5008319999999,25.323887
31.5013890000001,25.396942
31.501942,25.40361
31.51722,25.4752770000001
31.5199970000001,25.4869419999999
31.539719,25.5616649999999
31.543053,25.5727769999999
31.577499,25.6844440000001
31.6108320000001,25.811108
31.6172220000001,25.8480530000001
31.6199990000001,25.8811069999999
31.6177750000001,25.94722
31.6141660000001,25.9855539999999
31.610554,26.00861
31.591389,26.093052
31.5630530000001,26.173332
31.5274960000001,26.309166
31.517776,26.3511090000001
31.513611,26.3730550000001
31.498608,26.504444
31.4841650000001,26.6447220000001
31.460552,26.774441
31.4338870000001,26.8930550000001
31.399166,27.062775
31.3799970000001,27.1574970000001
31.378609,27.1727750000001
31.375275,27.2483330000001
31.377499,27.273331
31.37833,27.286388
31.37722,27.315277
31.374996,27.331108
31.370552,27.34333
31.367222,27.3475
31.3288880000001,27.3591650000001
31.3036080000001,27.366386
31.2877770000001,27.369999
31.278332,27.3738860000001
31.2647210000001,27.381107
31.249722,27.395275
31.2361110000001,27.41222
31.2227750000001,27.438889
31.21722,27.458885
31.18861,27.57111
31.1727750000001,27.649998
31.1724970000001,27.6572190000001
31.1736110000001,27.6630550000001
31.208332,27.7874980000001
31.211666,27.798611
31.2136080000001,27.803886
31.2191660000001,27.8130530000001
31.243889,27.840553
31.24361,27.8477750000001
31.233887,27.861385
31.2261090000001,27.8677750000001
31.1813890000001,27.88361
31.139721,27.8933299999999
31.1138880000001,27.8997190000001
31.105553,27.9055520000001
31.0994420000001,27.9147190000001
31.0966639999999,27.928055
31.0727770000001,28.187775
31.068886,28.2730520000001
31.0736080000001,28.356667
31.0830540000001,28.3972210000001
31.0847209999999,28.409721
31.0788879999999,28.429722
31.032219,28.559998
30.9880520000001,28.71833
30.974998,28.755276
30.951942,28.8122220000001
30.9480550000001,28.8155520000001
30.938889,28.820274
30.9333310000001,28.820553
30.923611,28.8244440000001
30.919167,28.8266640000001
30.9072190000001,28.836666
30.8774990000001,28.8872180000001
30.871944,28.8974990000001
30.8672220000001,28.909443
30.839165,28.981388
30.8241650000001,29.0350000000001
30.8216629999999,29.069443
30.8213880000001,29.1213870000001
30.8238870000001,29.147778
30.8302760000001,29.179996
30.84222,29.224998
30.8502769999999,29.2524989999999
30.8738859999999,29.3288879999999
30.879997,29.3455540000001
30.937775,29.4833300000001
30.961388,29.524998
30.9936100000001,29.5752749999999
31.00861,29.5980530000001
31.011108,29.6005549999999
31.034443,29.6347200000001
31.0680540000001,29.688332
31.1036110000001,29.745277
31.1355550000001,29.8038859999999
31.2736090000001,29.9994430000001
31.3072200000001,30.04583
31.320274,30.064442
31.2783779999999,30.096008
31.223053,30.141941
31.220833,30.144444
31.213055,30.2111090000001
31.212776,30.214996
31.236385,30.28833
31.2369420000001,30.289997
31.239719,30.2922209999999
31.268887,30.3002780000001
31.335278,30.301941
31.44833,30.354443
31.441889,30.3894329999999
31.448055,30.3813860000001
31.4630549999999,30.369442
31.497219,30.34861
31.499443,30.34861
31.5024990000001,30.350555
31.506107,30.354443
31.507774,30.3574980000001
31.5072210000001,30.364719
31.505276,30.370552
31.4958310000001,30.3891640000001
31.491386,30.3947220000001
31.479164,30.4044420000001
31.470833,30.4188880000001
31.4611090000001,30.445274
31.4533310000001,30.4711070000001
31.4511110000001,30.4874990000001
31.451385,30.4944420000001
31.4533310000001,30.5055540000001
31.4669420000001,30.5744440000001
31.472221,30.5972210000001
31.4991650000001,30.691387
31.5080530000001,30.7208330000001
31.511108,30.730274
31.524998,30.770554
31.5385590000001,30.807049
31.548885,30.845833
31.5741650000001,30.948887
31.577221,30.963333
31.465832,30.7036090000001
31.4255520000001,30.5752750000001
31.4252779999999,30.570553
31.422775,30.560276
31.4211080000001,30.556942
31.417221,30.5533330000001
31.3952750000001,30.5441670000001
31.391109,30.5441670000001
31.3897210000001,30.544998
31.3799970000001,30.591663
31.380554,30.5961070000001
31.4086070000001,30.7436099999999
31.4202770000001,30.902496
31.4477770000001,30.9641650000001
31.480274,31.0072210000001
31.4922220000001,31.0969430000001
31.4897190000001,31.0991629999999
31.486942,31.1069410000001
31.490276,31.119164
31.4919430000001,31.122219
31.5022200000001,31.1322210000001
31.5041659999999,31.1325000000001
31.540554,31.113331
31.5458300000001,31.108887
31.5536080000001,31.09333
31.5652770000001,31.065552
31.5708310000001,31.0338860000001
31.5822220000001,30.977497
31.583885,30.9766650000001
31.585831,30.979721
31.5947190000001,31.0038870000001
31.598053,31.0133319999999
31.6005550000001,31.027775
31.6019440000001,31.089165
31.601387,31.107498
31.5977750000001,31.1333310000001
31.5849989999999,31.1883320000001
31.5744440000001,31.2258300000001
31.562496,31.263054
31.559166,31.2727780000001
31.5341640000001,31.338608
31.5295679999999,31.3496400000001
31.484722,31.433609
31.4508320000001,31.512775
31.44722,31.524719
31.4455530000001,31.533607
31.4422190000001,31.556942
31.4419440000001,31.5710979999999
31.442497,31.590275
31.4441640000001,31.6066670000001
31.4558300000001,31.666943
31.479164,31.755554
31.503609,31.8091660000001
31.516666,31.8341640000001
31.5244410000001,31.8463860000001
31.5349180000001,31.871704
31.539112,31.8935170000001
31.529884,31.92148
31.5125470000001,31.9477670000001
31.497776,31.953331
31.4797210000001,31.9613879999999
31.471664,31.964996
31.445831,31.9849970000001
31.416386,32.0091630000001
31.3822210000001,32.041382
31.374165,32.0527730000001
31.3663859999999,32.070831
31.360756,32.086624
31.3561100000001,32.0991589999999
31.3519440000001,32.107773
31.291664,32.204437
31.2899969999999,32.2049940000001
31.2888870000001,32.203606
31.2888870000001,32.2011109999999
31.291943,32.191109
31.299442,32.1699980000001
31.301666,32.1644440000001
31.326111,32.1149980000001
31.3288880000001,32.1102750000001
31.3436090000001,32.0899959999999
31.3563879999999,32.078041
31.355,32.0705490000001
31.355553,32.0636060000001
31.3597219999999,32.052216
31.380554,32.0172200000001
31.381664,32.0158310000001
31.395832,31.998886
31.409443,31.9858320000001
31.434444,31.9688870000001
31.436108,31.9688870000001
31.43222,31.9858320000001
31.4316640000001,31.9880520000001
31.5116650000001,31.935276
31.515274,31.9313890000001
31.520275,31.9236109999999
31.528053,31.9113880000001
31.5308300000001,31.9036100000001
31.5311090000001,31.899998
31.5186079999999,31.866386
31.513332,31.8561100000001
31.5075000000001,31.853333
31.298611,31.7688870000001
31.2877770000001,31.769165
31.279999,31.7705539999999
31.271664,31.7738880000001
31.269165,31.776665
31.269165,31.77861
31.2713850000001,31.7919430000001
31.2727780000001,31.7930530000001
31.284695,31.7982250000001
31.246109,31.836941
31.1822200000001,31.9258310000001
31.1816640000001,31.9274980000001
31.181942,31.9299960000001
31.1980550000001,31.952221
31.2005540000001,31.95472
31.2105520000001,31.961666
31.217499,32.006104
31.217499,32.019722
31.217499,32.0224990000001
31.213886,32.034721
31.212776,32.0361100000001
31.1936070000001,32.043053
31.182833,32.0416530000001
31.1669010000001,32.029705
31.1432020000001,32.036079
31.1288800000001,32.0519410000001
31.082497,32.078049
31.074165,32.143066
31.074165,32.14444
31.0761110000001,32.147774
31.079998,32.147774
31.084164,32.1449970000001
31.087322,32.1415559999999
31.09333,32.137497
31.126389,32.187775
31.12611,32.190277
31.1205520000001,32.2022170000001
31.1032640000001,32.230042
31.107479,32.2530140000001
31.113052,32.264999
31.122498,32.280273
31.1291660000001,32.28611
31.1325000000001,32.2877730000001
31.136387,32.28833
31.1689719999999,32.288109
31.1694410000001,32.2911070000001
31.17083,32.2922210000001
31.206108,32.298882
31.2122190000001,32.298332
31.2636110000001,32.2799990000001
31.2694440000001,32.2711110000001
31.2702750000001,32.2663880000001
31.2697219999999,32.2564239999999
31.2711110000001,32.247498
31.277496,32.213882
31.2786100000001,32.212776
31.2869420000001,32.2099990000001
31.288055,32.210548
31.28833,32.216385
31.28722,32.2261050000001
31.281715,32.256279
31.2786100000001,32.276108
31.2702750000001,32.3280490000001
31.2683300000001,32.3311080000001
31.2147220000001,32.4022220000001
31.1605530000001,32.462494
31.1424980000001,32.4811100000001
31.123055,32.49305
31.1136090000001,32.501389
31.104164,32.5116650000001
31.0747180000001,32.546661
31.0702740000001,32.5522159999999
31.0661090000001,32.5633320000001
31.060146,32.5993420000001
31.051666,32.6697160000001
31.0352750000001,32.6980510000001
31.033333,32.710274
31.0324970000001,32.7172160000001
31.033054,32.7216640000001
31.0441670000001,32.775276
31.048054,32.786942
31.153889,33.0286100000001
31.192219,33.1049960000001
31.193054,33.111664
31.1927760000001,33.120827
31.191944,33.124992
31.101665,33.1497190000001
31.0583310000001,33.1436080000001
31.0680540000001,33.206108
31.089443,33.2513890000001
31.1143760000001,33.310364
31.1547200000001,33.410553
31.1549990000001,33.413055
31.1549990000001,33.415833
31.1458320000001,33.447777
31.1388850000001,33.4586110000001
31.136387,33.463333
31.1274990000001,33.4844440000001
31.1180530000001,33.5263820000001
31.116943,33.5327760000001
31.114441,33.5841600000001
31.1136090000001,33.604164
31.115555,33.636665
31.119999,33.6730500000001
31.1333310000001,33.7438890000001
31.148888,33.806664
31.1652760000001,33.871384
31.1822200000001,33.931938
31.2013850000001,33.9852749999999
31.223053,34.0405500000001
31.2283330000001,34.0533290000001
31.252777,34.108055
31.313889,34.206108
31.3191640000001,34.213333
31.3233300000001,34.21666
31.2947200000001,34.239166
31.216541,34.2675780000001
31.1627770000001,34.287498
30.8594440000001,34.401382
30.6911090000001,34.4894410000001
30.486111,34.558884
30.4347190000001,34.543327
30.406944,34.5452730000001
30.3649980000001,34.614441
30.089344,34.7233430000001
29.9911080000001,34.7536089999999
29.7408330000001,34.847771
29.656109,34.871666
29.6455540000001,34.873886
29.6383319999999,34.8744430000001
29.6233330000001,34.8733290000001
29.6144410000001,34.870277
29.598888,34.8624950000001
29.532497,34.8777770000001
29.4867060000001,34.903801
29.4861110000001,34.8888850000001
29.485554,34.884438
29.4802740000001,34.8694380000001
29.476387,34.863052
29.4680520000001,34.854439
29.3347210000001,34.7613830000001
29.291386,34.7441640000001
29.135555,34.689995
29.0391650000001,34.66555
28.841389,34.6227720000001
28.8372189999999,34.622215
28.759441,34.622498
28.738331,34.627777
28.7341650000001,34.627777
28.7308310000001,34.6263890000001
28.696941,34.6083300000001
28.686386,34.602219
28.6622200000001,34.585548
28.6050000000001,34.5486070000001
28.561943,34.5247190000001
28.43861,34.458054
28.431942,34.455276
28.327499,34.4122160000001
28.3099980000001,34.4061050000001
28.234165,34.41333
28.2266650000001,34.414993
28.203331,34.4249950000001
28.201942,34.4261090000001
28.1983300000001,34.432495
28.1980550000001,34.4386060000001
28.195553,34.4436040000001
28.1822200000001,34.450272
28.1661110000001,34.4530490000001
28.0211110000001,34.446106
27.996944,34.44194
27.9744420000001,34.4311070000001
27.9730530000001,34.430275
27.8688890000001,34.327217
27.8544430000001,34.2941670000001
27.818054,34.2722170000001
27.7902760000001,34.258888
27.7647210000001,34.2558290000001
27.7286109999999,34.25444
27.765274,34.2163849999999
27.7863880000001,34.1911090000001
27.7878950000001,34.184761
27.7958300000001,34.134163
27.887775,33.973053
27.9749980000001,33.825554
27.9888880000001,33.80555
28.0219420000001,33.7633290000001
28.0816649999999,33.712494
28.1933330000001,33.626938
28.2394410000001,33.599159
28.2894440000001,33.568604
28.2938880000001,33.5655520000001
28.296944,33.561386
28.2986110000001,33.558052
28.309719,33.534996
28.3124960000001,33.5211110000001
28.3124960000001,33.5186080000001
28.3183330000001,33.5072169999999
28.360832,33.433884
28.3799969999999,33.4113850000001
28.4849970000001,33.3061070000001
28.5049970000001,33.2869420000001
28.5544430000001,33.242775
28.608055,33.2211070000001
28.654163,33.202499
28.669441,33.1969379999999
28.6713870000001,33.1963880000001
28.8611110000001,33.1677700000001
28.953331,33.1658330000001
28.9716640000001,33.166107
28.976944,33.168327
28.9858320000001,33.1736070000001
28.9899980000001,33.1738820000001
28.9997220000001,33.1724930000001
29.004719,33.1702730000001
29.205555,32.9513850000001
29.208054,32.9461060000001
29.208885,32.934166
29.2108310000001,32.9236070000001
29.2302740000001,32.894165
29.2336080000001,32.889717
29.238609,32.885277
29.4547200000001,32.7413860000001
29.51083,32.722221
29.6163860000001,32.68972
29.6608310000001,32.682495
29.676388,32.682777
29.6791650000001,32.684715
29.7052760000001,32.6936040000001
29.7238880000001,32.696106
29.728054,32.6955490000001
29.7366640000001,32.6922150000001
29.7583310000001,32.674721
29.7883570000001,32.649025
29.821388,32.6094439999999
29.825832,32.6063840000001
29.919998,32.5766600000001
29.9513850000001,32.577774
30,32.5791630000001
30.00333,32.577774
30.0052760000001,32.5749969999999
30.00222,32.570549
29.9405520000001,32.4811100000001
29.9330520000001,32.474159
29.899441,32.4586110000001
29.8955540000001,32.4594420000001
29.8766630000001,32.472771
29.8702769999999,32.478333
29.8674960000001,32.4833300000001
29.8627779999999,32.4933320000001
29.7952770000001,32.4469380000001
29.755554,32.409164
29.6911090000001,32.3655550000001
29.6749990000001,32.35611
29.5969430000001,32.340828
29.592777,32.340828
29.553055,32.3633270000001
29.5374980000001,32.3722150000001
29.5344430000001,32.374161
29.511944,32.4011080000001
29.496723,32.426842
29.4927750000001,32.433609
29.490555,32.443886
29.4886089999999,32.4469380000001
29.383888,32.566109
29.3811069999999,32.568329
29.3405530000001,32.5963820000001
29.237499,32.6305540000001
29.235554,32.6311040000001
29.173611,32.6469420000001
29.1194610000001,32.657593
29.1138879999999,32.6622160000001
29.1027759999999,32.6655500000001
29.0983310000001,32.665833
29.09333,32.6638870000001
29.0802760000001,32.6552730000001
29.0655520000001,32.6413879999999
29.061108,32.6363830000001
29.0574990000001,32.6252750000001
29.0563890000001,32.6238859999999
29.0527760000001,32.6227719999999
28.9899980000001,32.6177750000001
28.978054,32.61972
28.8677750000001,32.6886060000001
28.816109,32.7369380000001
28.802208,32.7514270000001
28.8008310000001,32.7575000000001
28.7999990000001,32.769722
28.793888,32.785553
28.789719,32.7916640000001
28.781666,32.8002779999999
28.7722210000001,32.808052
28.7480550000001,32.82
28.7244420000001,32.8294370000001
28.701664,32.8372190000001
28.626389,32.860832
28.5511090000001,32.9288859999999
28.539165,32.9416660000001
28.484444,32.9991610000001
28.4597210000001,33.0158310000001
28.367775,33.0766599999999
28.2880550000001,33.122215
28.2791629999999,33.1299970000001
28.228886,33.1791610000001
28.1822200000001,33.2249980000001
28.074997,33.3344420000001
28.0297200000001,33.4088820000001
28.0286100000001,33.412773
28.0186080000001,33.432495
27.9963870000001,33.4694440000001
27.989441,33.479721
27.978333,33.490555
27.9444430000001,33.5166630000001
27.8830530000001,33.5588840000001
27.854721,33.571106
27.8163870000001,33.5816650000001
27.796108,33.5872190000001
27.791664,33.585548
27.78722,33.573051
27.7877770000001,33.5713880000001
27.8122220000001,33.5508270000001
27.8274990000001,33.5230480000001
27.8344420000001,33.5075000000001
27.8358310000001,33.5016630000001
27.8388860000001,33.487778
27.8377760000001,33.4811100000001
27.8333320000001,33.47583
27.8266640000001,33.4730530000001
27.8122220000001,33.468887
27.6438870000001,33.4947200000001
27.5683330000001,33.5611040000001
27.489998,33.6330490000001
27.4311099999999,33.664719
27.422222,33.6691670000001
27.4124980000001,33.673607
27.382221,33.684166
27.36972,33.684715
27.3561100000001,33.6836089999999
27.3449970000001,33.686386
27.3361090000001,33.691383
27.3200000000001,33.7041630000001
27.30611,33.719994
27.2938880000001,33.7380520000001
27.282497,33.7708280000001
27.259163,33.8249970000001
27.2516630000001,33.832497
27.2424960000001,33.836662
27.2308310000001,33.8380510000001
27.205555,33.838882
27.1933330000001,33.8377760000001
27.1611100000001,33.829994
27.125553,33.833328
27.113888,33.835548
27.1055530000001,33.8405530000001
26.940277,33.9405520000001
26.93111,33.9463880000001
26.8188860000001,33.947777
26.687496,33.9324950000001
26.680832,33.9322200000001
26.6594430000001,33.935272
26.651108,33.9413830000001
26.6438870000001,33.9488830000001
26.638332,33.958611
26.632774,33.9844440000001
26.6291659999999,33.9966660000001
26.6138880000001,34.009995
26.5116650000001,34.0744399999999
26.372219,34.1430510000001
26.2997210000001,34.1819379999999
26.2505530000001,34.2011110000001
26.2216639999999,34.214165
26.202774,34.2227710000001
26.026108,34.3241650000001
25.845276,34.438049
25.7816660000001,34.4872209999999
25.7738880000001,34.4936070000001
25.760555,34.509163
25.7483330000001,34.5263820000001
25.7424960000001,34.5361100000001
25.735554,34.54361
25.7272190000001,34.5494380000001
25.7180519999999,34.5544429999999
25.581108,34.625275
25.562775,34.634438
25.487221,34.6691670000001
25.2844430000001,34.770828
25.1944430000001,34.819443
25.140831,34.8494420000001
25.096107,34.8802720000001
25.0455550000001,34.914162
25.0111080000001,34.936386
24.923885,34.986382
24.7230530000001,35.086662
24.713333,35.089996
24.541386,35.141937
24.5174980000001,35.1386110000001
24.422222,35.2213820000001
24.407219,35.234993
24.3699990000001,35.2855530000001
24.363609,35.294441
24.3324970000001,35.336937
24.290554,35.3830490000001
24.242775,35.4194410000001
24.2252769999999,35.430275
24.1855550000001,35.444443
24.178333,35.4516600000001
24.149998,35.4836040000001
24.0766639999999,35.599159
24.016109,35.6974950000001
24.013885,35.708611
24.0091630000001,35.719719
24.0000000000001,35.7339170000001
23.9861110000001,35.754997
23.978886,35.763054
23.9569440000001,35.7830510000001
23.9161110000001,35.813049
23.9069440000001,35.8172150000001
23.9024960000001,35.8072200000001
23.9316640000001,35.6188890000001
23.9347189999999,35.6061100000001
23.9513850000001,35.558609
23.95583,35.5491640000001
23.96611,35.5486070000001
23.974998,35.5549930000001
23.9827770000001,35.5494380000001
23.9858320000001,35.536659
23.9827770000001,35.5261080000001
23.977776,35.516106
23.971664,35.5083310000001
23.9644430000001,35.5005490000001
23.947498,35.488609
23.9383320000001,35.483055
23.811943,35.47583
23.7472189999999,35.4963840000001
23.740833,35.503609
23.7324980000001,35.510277
23.723331,35.5144420000001
23.712219,35.516106
23.6719440000001,35.5122150000001
23.5930520000001,35.5038830000001
23.508888,35.492493
23.4991650000001,35.4905550000001
23.4897190000001,35.490829
23.480553,35.493607
23.4713860000001,35.499161
23.422775,35.5338820000001
23.4130550000001,35.5394440000001
23.4033320000001,35.5436099999999
23.3747220000001,35.552216
23.3652760000001,35.5527729999999
23.338333,35.552216
23.309444,35.5549930000001
23.24361,35.5680540000001
23.233887,35.5705490000001
23.2158320000001,35.5788879999999
23.1791650000001,35.6013870000001
23.133072,35.630722
23.119442,35.638611
23.1105540000001,35.642776
23.0411109999999,35.662498
23.0122180000001,35.6627730000001
22.9755549999999,35.667221
22.965832,35.670555
22.872498,35.742218
22.768055,35.8402710000001
22.7594410000001,35.8494420000001
22.7497220000001,35.868607
22.7197190000001,35.9388890000001
22.690277,36.0166630000001
22.685833,36.0574950000001
22.666664,36.147499
22.6636090000001,36.1586070000001
22.6383320000001,36.224716
22.6325000000001,36.2333300000001
22.589165,36.275276
22.459442,36.3694380000001
22.4511110000001,36.3749920000001
22.4055519999999,36.3980480000001
22.348888,36.4394380000001
22.3183330000001,36.4655530000001
22.3077770000001,36.485275
22.305275,36.497772
22.301666,36.5405500000001
22.2969440000001,36.550827
22.1616630000001,36.7502750000001
22.1238860000001,36.800552
22.0758320000001,36.862778
22.0577769999999,36.882774
22.0486110000001,36.8897170000001
22.0386090000001,36.8944400000001
22.02972,36.896942
22.0116650000001,36.898331
22.0030520000001,36.8933259999999
22.0001110000001,36.888466
22.00111,36.8825000000001
22.00111,36.821938
21.9994430000001,36.7280500000001
21.9983330000001,36.6883320000001
21.9986080000001,36.5458300000001
21.998886,36.408607
21.999165,36.297775
21.9997220000001,36.2563860000001
21.998886,36.024994
21.9983330000001,35.909439
21.9969440000001,35.7811050000001
21.997776,35.4450000000001
21.999165,35.3544390000001
22.0005530000001,35.15361
22.00111,34.9886090000001
22.00111,34.9744420000001
22.00111,34.960831
22.00111,34.940277
22.0005530000001,34.8924940000001
21.9972189999999,34.7041630000001
21.9961090000001,34.663887
21.995552,34.3530500000001
21.995552,34.339439
21.9961090000001,34.1166610000001
21.996449,34.0992810000001
21.9969440000001,34.0744399999999
21.998886,33.9549940000001
21.9994430000001,33.8649980000001
21.9997220000001,33.7813870000001
21.9997220000001,33.7602769999999
21.9997220000001,33.7397160000001
22.000275,33.468887
22.000275,33.4547200000001
22.000275,33.358055
21.9994239999999,33.1795880000001
21.998886,33.1669390000001
22.0019420000001,32.648048
22.0027770000001,32.52166
22.0030520000001,32.4938890000001
22.003609,32.4730530000001
22.0041660000001,32.4444430000001
22.0041660000001,32.388054
22.0041660000001,32.3397219999999
22.0027770000001,31.9966659999999
21.9994430000001,31.579166
21.9983330000001,31.4952960000001
21.998055,31.466663
21.9983330000001,31.453888
22.03083,31.4661100000001
22.1516650000001,31.5116650000001
22.165554,31.5161090000001
22.170555,31.515831
22.1813890000001,31.513611
22.1980550000001,31.502777
22.216389,31.4855540000001
22.226387,31.4725
22.23222,31.4555550000001
22.23222,31.4411090000001
22.23,31.4294429999999
22.224442,31.413887
22.221943,31.4088860000001
22.2136080000001,31.395832
22.2102780000001,31.3922200000001
22.199718,31.3847200000001
22.1061100000001,31.334999
22.079998,31.3200000000001
21.999165,31.277496
21.9983330000001,31.2711110000001
21.9983330000001,31.207497
21.9983330000001,31.1652760000001
21.999165,30.7483330000001
21.9994430000001,30.6911090000001
22.000275,30.598888
22.0008320000001,30.4991650000001
22.0008320000001,30.463055
22.0008320000001,30.377499
22.0008320000001,30.2716640000001
22.0005530000001,30.1011090000001
21.998055,29.6119420000001
21.9974980000001,29.5272220000001
21.995552,29.2499999999999
21.995552,29.178055
21.995552,29.156387
21.995552,29.1352770000001
21.995552,29.1136090000001
21.995552,29.0927770000001
21.995552,29.0708310000001
21.995831,29.013332
21.9994430000001,28.5966640000001
22.0027770000001,28.3191640000001
22.003609,28.261108
22.00333,28.222775
21.9994430000001,27.724163
21.994442,27.41222
21.9941640000001,27.386665
21.9961090000001,27.3272210000001
21.998055,27.2677760000001
22.0005530000001,27.138054
22.000275,27.0930520000001
21.9986080000001,26.971664
21.996666,26.9144440000001
21.995277,26.8380550000001
21.9961090000001,26.6747209999999
21.996387,26.648609
21.9997220000001,26.3397220000001
22.002499,25.77861
21.9997220000001,25.407219
22.00111,25.2163889999999
22.0008320000001,25.0991630000001
21.999695,25.001423
22.046665,25.001942
22.286665,25.0014060000001
23.5802760000001,25.0002749999999
24.0238880000001,24.999443
24.3430519999999,24.9980550000001
24.786663,24.997219
24.99472,24.996944
25.442776,24.997498
25.970833,24.998333
26.4838869999999,24.9991650000001
26.5672190000001,25.0000000000001
26.719719,25.0002749999999
26.941666,25.000553
26.999443,25.0001560000001
27.0805549999999,25.0000000000001
27.4274980000001,25.000832
27.607777,25.001663
27.6663250000001,25.0012280000001
27.7602770000001,25.001942
27.8988880000001,25.0022200000001
28.000195,25.001942
28.1249960000001,25.0024990000001
28.277775,25.001942
28.956944,24.999443
29.248886,24.9977759999999
29.432777,24.9116630000001
29.4622190000001,24.8972210000001
29.4911079999999,24.8836099999999
29.506386,24.8774990000001
29.511944,24.87611
29.5244410000001,24.876389
29.5858310000001,24.8847200000001
29.816944,24.8249970000001
29.8280530000001,24.829166
29.8461070000001,24.8344420000001
29.8522190000001,24.835552
29.8652760000001,24.8361090000001
29.8766630000001,24.8347209999999
29.886665,24.831387
29.9163860000001,24.82111
29.941109,24.812222
29.9505540000001,24.8083310000001
30.034164,24.7691649999999
30.11972,24.7261090000001
30.1358299999999,24.7127760000001
30.140274,24.710278
30.149719,24.706944
30.1686100000001,24.706665
30.188889,24.709999
30.2180520000001,24.7194440000001
30.2338870000001,24.7269440000001
30.303886,24.771942
30.363888,24.818607
30.3927760000001,24.8488880000001
30.406109,24.859997
30.427498,24.876389
30.4911080000001,24.917221
30.506107,24.926109
30.5111080000001,24.928608
30.521664,24.932777
30.63472,24.9769440000001
30.773888,25.0169410000001
30.787498,25.019165
30.7930530000001,25.018608
30.802498,25.015274
30.838886,24.995552
30.865555,24.9805530000001
30.874443,24.9755550000001
30.8830530000001,24.9713860000001
31.014999,24.9116630000001
31.034443,24.904442
31.156387,24.869442
31.1619420000001,24.8688890000001
31.3622209999999,24.8647190000001
31.374996,24.8683320000001
31.383888,24.8747220000001
31.399441,24.889442
31.406109,24.897778
31.4452740000001,24.962776
31.4811100000001,25.0091630000001
31.5199970000001,25.047222
31.5252760000001,25.0480540000001
31.5622220000001,25.0583310000001
31.572777,25.0633319999999
31.581665,25.0697210000001
31.5897220000001,25.0766640000001
31.608055,25.096107
31.614719,25.1044429999999
31.634441,25.129719
31.646111,25.1480520000001
31.646942,25.151665
31.6441650000001,25.151665
31.6261099999999,25.152775
31.5461079999999,25.1691670000001
31.5411110000001,25.17083
31.53722,25.174164
31.533886,25.178608
31.529442,25.1908300000001
31.501942,25.3086090000001
31.50111,25.3166660000001
---
