15.8077769999999,40.1388850000001
15.8036099999999,40.1413880000001
15.7974990000001,40.141937
15.752499,40.1358260000001
15.7316670000001,40.128609
15.7186110000001,40.128883
15.701944,40.132217
15.671389,40.1424940000001
15.6616649999999,40.146385
15.653332,40.151665
15.6427760000001,40.1619420000001
15.6397210000001,40.1661070000001
15.638054,40.171661
15.6263890000001,40.232216
15.628054,40.2374950000001
15.631388,40.241104
15.6555540000001,40.2519380000001
15.665833,40.233887
15.6697220000001,40.2236100000001
15.672499,40.219444
15.6775000000001,40.217499
15.682777,40.2191620000001
15.686943,40.221939
15.6933330000001,40.2294390000001
15.69861,40.238052
15.7016660000001,40.2488859999999
15.702221,40.255272
15.701944,40.2624970000001
15.701111,40.2838820000001
15.6991650000001,40.296387
15.694443,40.3133320000001
15.6383320000001,40.402771
15.6180550000001,40.4097210000001
15.58,40.4188840000001
15.5738890000001,40.419441
15.572777,40.414993
15.572777,40.3958280000001
15.57472,40.326942
15.5897220000001,40.252777
15.606943,40.1241610000001
15.605833,40.119995
15.6019440000001,40.116943
15.592499,40.112221
15.5886100000001,40.1091610000001
15.585833,40.1049960000001
15.585833,40.088608
15.588055,40.0494380000001
15.6008320000001,39.9838870000001
15.605,39.977776
15.622221,39.959999
15.6263890000001,39.9572220000001
15.6731100000001,39.951218
15.676443,39.951218
15.678444,39.953552
15.67911,39.956886
15.678444,39.960716
15.677111,39.963722
15.6649990000001,39.983055
15.6430550000001,40.0247190000001
15.6386110000001,40.034439
15.6397210000001,40.0402759999999
15.6486110000001,40.0591660000001
15.6583330000001,40.075829
15.6613880000001,40.0794370000001
15.6675000000001,40.0805510000001
15.689444,40.060829
15.7316670000001,40.0191650000001
15.7361110000001,40.0091629999999
15.741943,39.9802700000001
15.7427770000001,39.9738849999999
15.742222,39.967499
15.742999,39.9556620000001
15.736666,39.949497
15.736333,39.9464990000001
15.7368320000001,39.9434970000001
15.7435,39.933998
15.745166,39.9328310000001
15.753611,39.9216610000001
15.7597220000001,39.921387
15.7836090000001,39.927216
15.788887,39.928886
15.8143480000001,39.9824980000001
15.822222,40.025551
15.821943,40.0327760000001
15.8247200000001,40.036942
15.828609,40.039993
15.834721,40.041107
15.8402770000001,40.039719
15.885777,39.9999999999999
15.8866649999999,40.0083310000001
15.8858319999999,40.0147170000001
15.88361,40.0194400000001
15.851665,40.0872190000001
---
15.9988880000001,40.114441
15.99361,40.113052
15.989721,40.109993
15.987778,40.1047210000001
15.9869440000001,40.0933299999999
15.9949990000001,40.059715
16.0135000000001,39.9999999999999
16.01083,39.984161
16.0122180000001,39.979721
16.0183300000001,39.9794390000001
16.025276,39.979721
16.03083,39.9813840000001
16.039997,39.9858320000001
16.044167,39.988884
16.0933300000001,40.0249940000001
16.095276,40.0302730000001
16.0955540000001,40.036659
16.085278,40.0602720000001
16.060833,40.111382
16.0558320000001,40.113327
---
17.456944,38.894997
17.348053,38.945274
17.1886100000001,39.0019380000001
17.0524980000001,39.039162
16.862778,39.098328
16.8269420000001,39.115555
16.779999,39.1349949999999
16.7705540000001,39.1388850000001
16.679165,39.160271
16.6374970000001,39.1616590000001
16.573055,39.1608280000001
16.544441,39.1641620000001
16.483055,39.1724930000001
16.4777760000001,39.1736070000001
16.468052,39.177498
16.450554,39.187492
16.396942,39.1927720000001
16.385559,39.1902770000001
16.34333,39.202217
16.288609,39.2041630000001
16.2288859999999,39.2113880000001
16.2055550000001,39.2147220000001
16.127499,39.2294390000001
15.988609,39.2691650000001
15.9838890000001,39.2711110000001
15.901943,39.3058320000001
15.8947220000001,39.3124920000001
15.849722,39.3655549999999
15.7697220000001,39.4236070000001
15.6502760000001,39.449715
15.6052760000001,39.448051
15.60611,39.441666
15.605,39.4358290000001
15.6016650000001,39.43222
15.595554,39.431389
15.5255550000001,39.4569400000001
15.5211110000001,39.459717
15.514721,39.467216
15.51222,39.479164
15.5119439999999,39.486382
15.515554,39.5041659999999
15.5211110000001,39.51944
15.5344430000001,39.5341640000001
15.5402770000001,39.54277
15.5383320000001,39.55555
15.5322210000001,39.5711060000001
15.5277770000001,39.580826
15.525,39.584999
15.4938890000001,39.609444
15.481388,39.617218
15.3155540000001,39.690552
15.2627770000001,39.712494
15.2577760000001,39.714439
15.244999,39.713333
15.1924990000001,39.701942
15.1816700000001,39.698608
15.1380540000001,39.692772
15.131943,39.6930540000001
15.126389,39.694443
15.121387,39.6963880000001
15.091944,39.7149960000001
15.084166,39.721107
15.0627770000001,39.7677800000001
15.063055,39.774162
15.0716650000001,39.800278
15.077499,39.815277
15.0813880000001,39.8183289999999
15.166388,39.853607
15.1780550000001,39.8561100000001
15.190277,39.8552700000001
15.2258320000001,39.8430480000001
15.2730539999999,39.82222
15.281666,39.81694
15.283888,39.811943
15.282499,39.8063890000001
15.2786100000001,39.803329
15.2738880000001,39.801109
15.262499,39.7983320000001
15.2575,39.7961040000001
15.2536110000001,39.7930530000001
15.2524990000001,39.787498
15.256109,39.7838819999999
15.260832,39.781944
15.2774979999999,39.778328
15.377777,39.7697220000001
15.391388,39.770271
15.3974990000001,39.7711110000001
15.4022220000001,39.773331
15.442499,39.7963870000001
15.4466650000001,39.7994380000001
15.4497200000001,39.8030550000001
15.471109,39.839996
15.478054,39.8552700000001
15.489443,39.881386
15.3894440000001,39.9897160000001
15.289444,40.0502780000001
15.2844430000001,40.0477750000001
15.2422220000001,40.0269389999999
15.2374990000001,40.0247190000001
15.2011110000001,40.0416640000001
15.172777,40.068886
15.1699980000001,40.073051
15.1563869999999,40.0861050000001
15.029722,40.158333
15.023333,40.1586070000001
15.017221,40.1577760000001
15.0016650000001,40.1522219999999
14.99,40.1524960000001
14.9794430000001,40.162498
14.9736100000001,40.17083
14.968611,40.179993
14.9127770000001,40.2902760000001
14.9116650000001,40.3011090000001
14.916943,40.309715
14.9438880000001,40.338608
14.964998,40.3619380000001
14.996111,40.422218
15.0080550000001,40.4519420000001
15.00861,40.4552760000001
15.006388,40.4602740000001
14.946388,40.5938870000001
14.904165,40.673882
14.8361110000001,40.729164
14.825554,40.7322160000001
14.7994440000001,40.7324980000001
14.7894440000001,40.7286070000001
14.705555,40.80722
14.716665,40.8494420000001
14.7161100000001,40.882774
14.6325,41.170555
14.628887,41.1738820000001
14.476944,41.3102720000001
14.3733330000001,41.378609
14.271666,41.449165
14.202499,41.5119400000001
14.067778,41.6119380000001
14.00861,41.6488880000001
13.9958320000001,41.655273
13.9861110000001,41.6591640000001
13.9755549999999,41.6622160000001
13.959166,41.66555
13.9394439999999,41.673332
13.9358329999999,41.6766660000001
13.9308320000001,41.685555
13.915554,41.7202760000001
13.8716660000001,41.849159
13.871111,41.8561100000001
13.8702770000001,41.8949970000001
13.8749980000001,41.909164
13.8586100000001,41.954437
13.8558330000001,41.958611
13.8263870000001,41.984718
13.729166,42.058609
13.6977770000001,42.067772
13.6783330000001,42.0902710000001
13.5766660000001,42.1844409999999
13.57361,42.1886059999999
13.550278,42.2213820000001
13.550554,42.2277760000001
13.5538880000001,42.231384
13.632776,42.2194440000001
13.6374989999999,42.2177730000001
13.642534,42.212349
13.6514230000001,42.196434
13.656111,42.1866610000001
13.655832,42.1802750000001
13.652777,42.169716
13.652498,42.1633300000001
13.654722,42.158333
13.659721,42.1563870000001
13.668055,42.1688840000001
13.669167,42.174721
13.668888,42.178886
13.6366650000001,42.222496
13.5755540000001,42.2833330000001
13.571388,42.2858280000001
13.553055,42.2949980000001
13.4275,42.3397220000001
13.4052770000001,42.344444
13.3502770000001,42.3488850000001
13.223055,42.3680500000001
13.214998,42.374718
13.2105540000001,42.3844379999999
13.192221,42.437775
13.188889,42.4488830000001
13.1880550000001,42.455276
13.18861,42.4749980000001
13.189999,42.4872209999999
13.1936090000001,42.497215
13.1961100000001,42.5016630000001
13.161943,42.5752719999999
13.0474990000001,42.71666
13.0369430000001,42.726662
13.0283319999999,42.731941
13.0186100000001,42.73555
12.9424989999999,42.758606
12.8944440000001,42.771942
12.8449989999999,42.8047180000001
12.811388,42.8741610000001
12.806944,42.883888
12.805832,42.889999
12.799999,42.927773
12.8019430000001,42.9447170000001
12.812777,42.9749980000001
12.819443,42.9830549999999
12.8233320000001,42.9861070000001
12.8288880000001,42.9877780000001
12.8486100000001,42.988052
12.8761099999999,42.9922179999999
12.882221,42.9933320000001
12.892221,42.997215
12.8941650000001,43.0022200000001
12.8925,43.0077740000001
12.889999,43.0127720000001
12.88361,43.0199969999999
12.8363880000001,43.0733260000001
12.8286090000001,43.079437
12.8144440000001,43.085831
12.795555,43.0938869999999
12.729166,43.1180500000001
12.708332,43.1213840000001
12.623888,42.929718
12.539721,42.8219380000001
12.525833,42.8080520000001
12.5205549999999,42.806389
12.5136110000001,42.8058320000001
12.5000000000001,42.805275
12.49361,42.8058320000001
12.483332,42.808609
12.4747220000001,42.8138890000001
12.4558319999999,42.8222200000001
12.4511110000001,42.822495
12.4447210000001,42.8216630000001
12.4402770000001,42.8191600000001
12.4361100000001,42.8161090000001
12.429722,42.808884
12.3888870000001,42.7519380000001
12.386389,42.747772
12.3638880000001,42.698608
12.398611,42.6491620000001
12.430832,42.6202770000001
12.4666650000001,42.5897220000001
12.4688870000001,42.586937
12.504166,42.535828
12.516666,42.501389
12.5218469999999,42.4848099999999
12.529165,42.4561079999999
12.469721,42.3997190000001
12.5044440000001,42.3647160000001
12.5188880000001,42.351387
12.526667,42.344719
12.549444,42.326111
12.568609,42.3108290000001
12.580832,42.302216
12.5936110000001,42.2944410000001
12.6027769999999,42.2899930000001
12.650555,42.262772
12.7219430000001,42.217499
12.7297210000001,42.2113880000001
12.742777,42.198051
12.749443,42.190552
12.7741660000001,42.159164
12.782776,42.146942
12.7974990000001,42.1258320000001
12.8049980000001,42.1122210000001
12.8119430000001,42.097771
12.8197210000001,42.076942
12.827499,42.0561070000001
12.8330550000001,42.0402760000001
12.8386100000001,42.024162
12.842499,42.0102770000001
12.8463880000001,42.0000000000001
12.853888,41.9861070000001
12.8597220000001,41.9780500000001
12.866943,41.9705510000001
12.881388,41.957222
12.889166,41.951111
12.922499,41.929443
12.9308320000001,41.924164
12.9441660000001,41.9169390000001
12.953333,41.912498
13.098539,41.8438640000001
13.103333,41.8438870000001
13.1083320000001,41.842216
13.153332,41.818886
13.162222,41.814163
13.187777,41.7986070000001
13.2119430000001,41.7813870000001
13.236387,41.756943
13.3536110000001,41.615555
13.3652759999999,41.599159
13.3866650000001,41.56694
13.3977780000001,41.5497210000001
13.4086090000001,41.532494
13.413887,41.523605
13.472221,41.428055
13.592499,41.240555
13.598331,41.232498
13.605,41.2249980000001
13.6197200000001,41.2122190000001
13.6816650000001,41.178329
13.7661090000001,41.1325000000001
13.796944,41.1155549999999
13.818609,41.10305
13.8272210000001,41.097771
13.8602769999999,41.0772170000001
13.8727760000001,41.0686040000001
13.9,41.047218
13.9447210000001,41.0080490000001
14.032221,40.9291610000001
14.052221,40.9094390000001
14.145277,40.8144380000001
14.154165,40.8019410000001
14.156387,40.7972180000001
14.164721,40.776939
14.1727770000001,40.748886
14.1824990000001,40.6936040000001
14.1872220000001,40.66333
14.1883320000001,40.6499940000001
14.1902770000001,40.637215
14.1958330000001,40.6141660000001
14.203054,40.592499
14.2202760000001,40.5527730000001
14.2613890000001,40.4688870000001
14.2797219999999,40.4377750000001
14.2855549999999,40.4294430000001
14.318609,40.3927760000001
14.331944,40.378326
14.359165,40.349716
14.3877770000001,40.322777
14.405832,40.3013840000001
14.4247210000001,40.2711110000001
14.443506,40.228058
14.4579550000001,40.1794320000001
14.4647220000001,40.156662
14.469999,40.125549
14.4705539999999,40.111382
14.469999,40.1049960000001
14.4588870000001,40.018883
14.434721,39.9549940000001
14.4319439999999,39.9505540000001
14.428333,39.9405520000001
14.427221,39.934715
14.4277760000001,39.920555
14.430277,39.908607
14.434721,39.898888
14.440554,39.890549
14.446943,39.8830490000001
14.4752770000001,39.855827
14.4797209999999,39.853333
14.4888880000001,39.84166
14.513611,39.7894440000001
14.514721,39.7761080000001
14.512499,39.764717
14.502777,39.746384
14.497221,39.731384
14.4941650000001,39.720551
14.492777,39.7013850000001
14.4944440000001,39.6888890000001
14.5103319999999,39.613884
14.5655540000001,39.531387
14.513611,39.4855499999999
14.510277,39.4819410000001
14.507776,39.477493
14.484999,39.38166
14.482777,39.370277
14.4736100000001,39.263054
14.4855540000001,39.2097170000001
14.5419429999999,39.1905520000001
14.5466650000001,39.188606
14.555832,39.1838839999999
14.572777,39.1733320000001
14.599998,39.152222
14.617777,39.135277
14.629391,39.118744
14.640276,39.1013870000001
14.646944,39.086662
14.6551620000001,39.0240210000001
14.5994430000001,39.0177760000001
14.589167,39.0138850000001
14.5852780000001,39.0108260000001
14.5819440000001,39.0072170000001
14.5461099999999,38.965553
14.500832,38.8930510000001
14.4697209999999,38.795555
14.428055,38.570274
14.424999,38.5524980000001
14.416388,38.462776
14.4175,38.44944
14.4191670000001,38.4438860000001
14.421944,38.4397200000001
14.5116649999999,38.340828
14.5186100000001,38.3341600000001
14.522778,38.331383
14.5333330000001,38.3274989999999
14.5941659999999,38.3069380000001
14.675833,38.264999
14.6794430000001,38.2616650000001
14.6849990000001,38.253326
14.6897220000001,38.2363820000001
14.6949999999999,38.1997149999999
14.695276,38.1927720000001
14.6933330000001,38.187775
14.6899990000001,38.184166
14.6874980000001,38.179718
14.6855550000001,38.174721
14.6827770000001,38.149719
14.6838870000001,38.1377720000001
14.7197210000001,38.045555
14.7241650000001,38.0355530000001
14.7349990000001,38.018326
14.772499,37.9819410000001
14.776667,37.979439
14.7822210000001,37.97805
14.7952770000001,37.979164
14.806944,37.9774930000001
14.837776,37.9558260000001
14.867498,37.9299930000001
14.874443,37.9230499999999
14.88361,37.9113850000001
14.7152770000001,37.8383329999999
14.3599990000001,37.6844409999999
14.102253,37.572212
14.107777,37.541939
14.112221,37.5322189999999
14.11861,37.524437
14.2680550000001,37.433052
14.352221,37.3938830000001
14.360554,37.388611
14.4266660000001,37.336937
14.448332,37.3019410000001
14.4519440000001,37.2916640000001
14.453609,37.278885
14.4530540000001,37.2024990000001
14.4519440000001,37.1966630000001
14.4352759999999,37.1361080000001
14.4299980000001,37.1272200000001
14.4266660000001,37.1236040000001
14.410555,37.1119380000001
14.3930549999999,37.101387
14.373888,37.092499
14.3686100000001,37.0908280000001
14.355555,37.0897220000001
14.3377760000001,37.0919420000001
14.317778,37.092216
14.306944,37.088882
14.297499,37.084442
14.289444,37.078606
14.2827760000001,37.071106
14.2802770000001,37.06694
14.261944,37.008888
14.260832,37.0033260000001
14.260832,36.996384
14.2624990000001,36.990555
14.2755549999999,36.9613880000001
14.2819440000001,36.9536060000001
14.2955550000001,36.954163
14.298611,36.9499970000001
14.300833,36.945
14.320276,36.886108
14.328054,36.824997
14.327221,36.736382
14.3172210000001,36.644165
14.316111,36.6383290000001
14.292776,36.5647200000001
14.290833,36.559715
14.2874980000001,36.5561070000001
14.2833330000001,36.5533290000001
14.262053,36.5428160000001
14.2780550000001,36.541664
14.450277,36.515549
15.068609,36.452217
15.1499520000001,36.4432830000001
15.1802770000001,36.479721
15.234722,36.5427700000001
15.302776,36.565552
15.437222,36.6105500000001
15.489443,36.6261060000001
15.6591660000001,36.671661
15.744165,36.6947170000001
15.7530540000001,36.6977769999999
15.8080540000001,36.763611
15.977499,36.826111
16.146664,36.8894420000001
16.214996,36.915833
16.224442,36.9202730000001
16.2344440000001,36.931389
16.2500000000001,36.957497
16.256107,36.9655530000001
16.2641639999999,36.9713820000001
16.269444,36.9730530000001
16.282497,36.9741589999999
16.288609,36.97361
16.4252780000001,36.9569400000001
16.4308320000001,36.954994
16.439163,36.949715
16.4594420000001,36.928055
16.4866640000001,36.906105
16.5005530000001,36.899437
16.5116650000001,36.896942
16.517776,36.8963850000001
16.536942,36.898331
16.635555,36.910553
16.6411090000001,36.9122160000001
16.6505550000001,36.9166640000001
16.671387,36.931664
16.683887,36.9469380000001
16.6916660000001,36.959999
16.6961100000001,36.9694440000001
16.7061080000001,36.980553
16.7255549999999,36.9888840000001
16.7716640000001,37.0061040000001
16.7824970000001,37.009163
16.795555,37.010277
17.010555,37.018326
17.020832,37.0149990000001
17.029163,37.009438
17.0480540000001,36.9936070000001
17.052776,36.991661
17.0583310000001,36.990555
17.064442,36.991386
17.073887,36.9958270000001
17.077221,37.026108
17.0511090000001,37.1044390000001
17.0447200000001,37.112221
17.020832,37.135826
17.0163879999999,37.1455540000001
17.015553,37.1519390000001
17.015274,37.157776
17.024998,37.25222
17.0288890000001,37.2624969999999
17.043053,37.3813860000001
17.034214,37.423286
17.110554,37.4861070000001
17.195801,37.5205760000001
17.2319410000001,37.5286100000001
17.24995,37.532501
17.255554,37.531662
17.260277,37.529999
17.2777750000001,37.5202710000001
17.315559,37.509956
17.3200000000001,37.5088880000001
17.3233300000001,37.5124970000001
17.325832,37.5169370000001
17.3486100000001,37.5833280000001
17.3516650000001,37.594162
17.3574980000001,37.623055
17.3819430000001,37.74472
17.4413870000001,37.8955540000001
17.4586090000001,37.933884
17.498055,37.964722
17.501389,37.9683300000001
17.537777,38.0280530000001
17.545555,38.0413820000001
17.5519410000001,38.055832
17.553055,38.061661
17.5519410000001,38.0752719999999
17.5494420000001,38.0872190000001
17.5472220000001,38.092216
17.5438880000001,38.0955510000001
17.5383299999999,38.096939
17.498886,38.135551
17.5280530000001,38.2483290000001
17.5324969999999,38.257774
17.5352750000001,38.26194
17.6627770000001,38.36805
17.6661110000001,38.370277
17.851109,38.4491650000001
17.8711089999999,38.458611
17.9133299999999,38.5058290000001
17.994881,38.600693
17.9613880000001,38.6119380000001
17.847221,38.672218
17.7813870000001,38.7077710000001
17.773331,38.713333
17.7272190000001,38.7497180000001
17.653332,38.797775
---
