58.097771,23.9780500000001
58.0994339999999,23.9627720000001
58.1036070000001,23.9527740000001
58.108604,23.9449960000001
58.1144410000001,23.938885
58.122765,23.9386060000001
58.1319350000001,23.939995
58.139992,23.94305
58.1472170000001,23.947773
58.152489,23.955551
58.156654,23.964996
58.157768,23.9791599999999
58.1560970000001,23.994717
58.1527710000001,24.006386
58.148605,24.016109
58.142746,24.0221859999999
58.1372150000001,24.0247190000001
58.128876,24.025276
58.1144410000001,24.0158310000001
58.1083300000001,24.00972
58.103325,24.0016630000001
58.0999980000001,23.990829
---
58.5644380000001,23.090832
58.496101,23.263054
58.491936,23.273052
58.4822080000001,23.289165
58.4616619999999,23.3197170000001
58.4499970000001,23.3322180000001
58.441658,23.332775
58.4344330000001,23.3280530000001
58.4294360000001,23.267498
58.430275,23.2500000000001
58.436653,23.2261050000001
58.444992,23.206104
58.449715,23.1980510000001
58.4436040000001,23.1424940000001
58.413879,23.0769420000001
58.3858260000001,23.064163
58.3577730000001,23.02861
58.2402730000001,22.756943
58.2302700000001,22.6488840000001
58.2411040000001,22.58194
58.2422180000001,22.520554
58.2422180000001,22.4874950000001
58.2419360000001,22.4749950000001
58.223045,22.37833
58.219711,22.3674960000001
58.188042,22.2886090000001
58.1838760000001,22.2791630000001
58.178604,22.2716640000001
58.1713790000001,22.2672200000001
58.1638790000001,22.266388
58.1563800000001,22.2691650000001
58.1497190000001,22.2736090000001
58.1424940000001,22.2761080000001
58.102219,22.2647210000001
58.0938800000001,22.261944
57.9861070000001,22.202496
57.9305499999999,22.099163
57.916664,22.07333
57.9097140000001,22.0516620000001
57.9083250000001,22.037777
57.9097140000001,22.0222210000001
57.9130480000001,22.010277
57.916939,22.0005530000001
57.922768,21.9941600000001
57.958046,21.980549
57.9763790000001,21.9858280000001
58.0766599999999,22.082218
58.08194,22.0897180000001
58.085266,22.1005519999999
58.0838780000001,22.1124950000001
58.0863800000001,22.151108
58.137497,22.1972160000001
58.1447140000001,22.2013850000001
58.1513820000001,22.1969410000001
58.1563800000001,22.1886060000001
58.1594310000001,22.1769409999999
58.1586000000001,22.145275
58.1608200000001,22.1316640000001
58.17083,22.078609
58.1747130000001,22.068607
58.2522200000001,21.884441
58.2624970000001,21.869717
58.2788770000001,21.8486060000001
58.2855530000001,21.8441619999999
58.293053,21.841385
58.2991640000001,21.8438870000001
58.339989,21.8744390000001
58.343323,21.8852730000001
58.3427660000001,21.899162
58.343048,21.955551
58.353325,22.0075000000001
58.3599930000001,22.0063860000001
58.3813780000001,21.9963839999999
58.4574969999999,21.916664
58.4630510000001,21.910275
58.4680480000001,21.9019390000001
58.4741590000001,21.878052
58.478325,21.8677750000001
58.4877700000001,21.851387
58.5049970000001,21.83194
58.5083310000001,21.8427730000001
58.517212,21.9249950000001
58.5163880000001,21.984718
58.514999,22.0005530000001
58.492218,22.1124950000001
58.5449980000001,22.1891630000001
58.5494380000001,22.1983300000001
58.577492,22.327221
58.602219,22.501663
58.5933230000001,22.6241649999999
58.600273,22.76833
58.6061550000001,22.775761
58.616386,22.8077740000001
58.6169360000001,22.823608
58.6177670000001,22.8716620000001
58.6174930000001,22.905273
58.6161040000001,22.9172170000001
58.6011050000001,22.9788820000001
58.5977710000001,22.990829
---
58.5297160000001,23.2272190000001
58.5330509999999,23.215271
58.5802760000001,23.0911060000001
58.5883260000001,23.07111
58.5941540000001,23.0647200000001
58.6008300000001,23.0602760000001
58.6083300000001,23.0577740000001
58.616386,23.060829
58.6216580000001,23.068607
58.665825,23.1402739999999
58.670273,23.149719
58.675827,23.1736070000001
58.678047,23.186382
58.679161,23.2008290000001
58.6777730000001,23.216385
58.6710510000001,23.247459
58.664436,23.2713850000001
58.650826,23.317219
58.6433260000001,23.3391650000001
58.6386030000001,23.3472180000001
58.5655440000001,23.394997
58.5588840000001,23.399162
58.5508270000001,23.3963850000001
58.5330509999999,23.376106
58.5299910000001,23.364998
---
58.961105,23.1805499999999
58.962769,23.1647189999999
58.9658280000001,23.1524960000001
58.970825,23.14444
58.9766540000001,23.1380500000001
59.0172119999999,23.113331
59.024712,23.110828
59.0308230000001,23.1172180000001
59.034996,23.126663
59.03833,23.1377749999999
59.0405500000001,23.150829
59.0422210000001,23.1813850000001
59.0419850000001,23.1921649999999
59.0374980000001,23.3258290000001
59.035271,23.339718
59.0319370000001,23.35194
59.0277710000001,23.3619420000001
59.023048,23.3702740000001
59.0047149999999,23.387218
58.998047,23.3916630000001
58.989716,23.3922200000001
58.9827649999999,23.387497
58.976379,23.3811070000001
58.973045,23.3699950000001
58.9641570000001,23.291943
58.963051,23.2772220000001
---
58.997215,22.801109
59.0022200000001,22.8430520000001
59.001663,22.8608280000001
58.982491,22.9297180000001
58.966934,22.952496
58.851105,23.0436099999999
58.844437,23.048054
58.8363800000001,23.0452770000001
58.8205490000001,23.0216640000001
58.8305510000001,23.005276
58.8449939999999,22.9608270000001
58.844437,22.9483300000001
58.8330540000001,22.884441
58.82444,22.865551
58.818886,22.8683280000001
58.816666,22.882217
58.8108220000001,22.8886070000001
58.787773,22.8872180000001
58.779716,22.884441
58.7736049999999,22.848053
58.772766,22.8158299999999
58.7736049999999,22.7983320000001
58.7758260000001,22.784443
58.7816620000001,22.7780529999999
58.789993,22.7772219999999
58.7961040000001,22.783333
58.80027,22.7927740000001
58.803604,22.8038860000001
58.8122100000001,22.8230510000001
58.8183290000001,22.8291630000001
58.824165,22.826385
58.826385,22.812496
58.8249970000001,22.798054
58.8186040000001,22.775829
58.80555,22.747215
58.80027,22.739437
58.7816620000001,22.721107
58.7538830000001,22.701385
58.7394330000001,22.692493
58.7311020000001,22.6897159999999
58.7166600000001,22.6808280000001
58.7105480000001,22.674717
58.7052690000001,22.6669390000001
58.6977690000001,22.6463850000001
58.6911010000001,22.6241649999999
58.688324,22.5955509999999
58.6866530000001,22.5652729999999
58.68721,22.547497
58.688599,22.531666
58.6911010000001,22.517776
58.699715,22.4799960000001
58.703606,22.469715
58.710274,22.465271
58.7155460000001,22.46944
58.7636109999999,22.471939
58.831383,22.4499970000001
58.838043,22.4455490000001
58.85527,22.426105
58.8716580000001,22.404995
58.8822100000001,22.3902740000001
58.8869400000001,22.381939
58.8902740000001,22.369717
58.89222,22.336109
58.8894349999999,22.2769430000001
58.8786010000001,22.245548
58.878044,22.2294390000001
58.8888850000001,22.177219
58.891937,22.1649970000001
58.9236070000001,22.0636099999999
58.927773,22.053329
58.9324950000001,22.0449980000001
58.939987,22.042221
58.9452670000001,22.0463870000001
58.9497150000001,22.052219
58.9522170000001,22.0649990000001
58.9474870000001,22.1911050000001
58.9516600000001,22.3755530000001
58.966385,22.434441
58.978043,22.4680520000001
58.992218,22.4877740000001
59.0224910000001,22.523609
59.0686040000001,22.5758290000001
59.0513840000001,22.6991620000001
59.044159,22.694717
59.019989,22.698605
59.0136110000001,22.703049
59.0036090000001,22.7197150000001
59.0013890000001,22.733883
59.0000000000001,22.7497180000001
---
59.5988770000001,25.873051
59.632767,25.9799960000001
59.6227650000001,26.0308299999999
59.619987,26.0436100000001
59.600548,26.0780530000001
59.585823,26.2630540000001
59.5616610000001,26.3897170000001
59.541107,26.4583280000001
59.5338820000001,26.479996
59.532768,26.4961050000001
59.5363850000001,26.525276
59.539162,26.538052
59.5452730000001,26.5616650000001
59.549164,26.5724980000001
59.5555500000001,26.578053
59.559158,26.5888859999999
59.557213,26.6216620000001
59.5533220000001,26.6505510000001
59.5474930000001,26.6758270000001
59.522491,26.7369380000001
59.5038830000001,26.7727740000001
59.4808200000001,26.8172190000001
59.469437,26.84972
59.465828,26.8602750000001
59.4591600000001,26.8836060000001
59.4508290000001,26.9213830000001
59.444992,26.9647180000001
59.443878,26.980827
59.4424900000001,27.0333330000001
59.4422150000001,27.087498
59.446938,27.1852720000001
59.448601,27.3911060000001
59.448326,27.427219
59.447212,27.4436070000001
59.445267,27.45805
59.43943,27.483051
59.4344330000001,27.5099980000001
59.4286040000001,27.553051
59.4066540000001,27.8480530000001
59.4077680000001,27.88055
59.409431,27.8952750000001
59.4172129999999,27.9333310000001
59.4252700000001,27.953884
59.440544,27.9780500000001
59.4513850000001,27.99305
59.457771,27.9988820000001
59.4786,28.015831
59.474991,28.0263860000001
59.4533230000001,28.076107
59.436104,28.10944
59.3977740000001,28.170273
59.389435,28.1808280000001
59.3758240000001,28.1938860000001
59.369438,28.195274
59.3633270000001,28.193607
59.3282360000001,28.1793210000001
59.30978,28.170359
59.2976530000001,28.1582320000001
59.290802,28.143995
59.2839470000001,28.09549
59.279202,28.055418
59.277092,28.0301110000001
59.279728,28.011129
59.284473,27.9958400000001
59.287109,27.9710600000001
59.2855300000001,27.9515510000001
59.275509,27.920444
59.2718200000001,27.912537
59.228058,27.8798470000001
59.1508260000001,27.837219
59.1024930000001,27.810555
59.085266,27.8033290000001
59.063324,27.7922210000001
59.058601,27.7880520000001
58.985825,27.7049940000001
58.979431,27.6894380000001
58.9313810000001,27.5969430000001
58.907768,27.5499990000001
58.902214,27.5338860000001
58.8819350000001,27.493607
58.8524929999999,27.4572180000001
58.8341600000001,27.4394379999999
58.8294370000001,27.435551
58.8191600000001,27.4286080000001
58.8136060000001,27.4261050000001
58.801384,27.4230500000001
58.7883300000001,27.4216610000001
58.78138,27.4216610000001
58.686935,27.451107
58.576385,27.488049
58.5708310000001,27.4905510000001
58.5599899999999,27.495827
58.5488820000001,27.5008320000001
58.5097200000001,27.517498
58.4983290000001,27.5213850000001
58.450829,27.5352750000001
58.413879,27.5424960000001
58.393883,27.5436100000001
58.373322,27.5433310000001
58.3672100000001,27.5419430000001
58.361664,27.5391650000001
58.356941,27.5349960000001
58.3480450000001,27.5258290000001
58.339989,27.514999
58.3288800000001,27.496662
58.3208310000001,27.4858280000001
58.303047,27.4672160000001
58.2977750000001,27.464718
58.283882,27.464439
58.226379,27.471661
58.213882,27.474163
58.208603,27.476662
58.2036060000001,27.4805489999999
58.1369400000001,27.548885
58.1327670000001,27.554165
58.1252670000001,27.5658300000001
58.119156,27.579998
58.1099930000001,27.60194
58.1072160000001,27.609718
58.1016620000001,27.625275
58.0961,27.641106
58.0941540000001,27.649998
58.0872120000001,27.6630520000001
58.0788800000001,27.6733280000001
58.0741650000001,27.677219
58.0624920000001,27.680828
57.965271,27.686661
57.902214,27.773331
57.89888,27.784721
57.891106,27.805275
57.8888850000001,27.8099980000001
57.883881,27.8174970000001
57.8811040000001,27.820274
57.8738780000001,27.8230510000001
57.8697130000001,27.822773
57.8658290000001,27.8211100000001
57.8602750000001,27.813885
57.848328,27.785275
57.839157,27.753052
57.835548,27.7349930000001
57.831665,27.7022170000001
57.8302760000001,27.6736070000001
57.8286060000001,27.6299970000001
57.8227689999999,27.5772210000001
57.8194430000001,27.5513879999999
57.817772,27.5458300000001
57.68499,27.4058300000001
57.678047,27.400829
57.5955430000001,27.348053
57.591103,27.346943
57.586937,27.346943
57.5830540000001,27.348053
57.568604,27.3533290000001
57.5474930000001,27.3616640000001
57.544159,27.363331
57.5356370000001,27.3720590000001
57.5313800000001,27.310276
57.5622099999999,27.0872189999999
57.563606,27.080551
57.5674970000001,27.070274
57.5883260000001,27.0516620000001
57.5997160000001,27.03944
57.604713,27.0319400000001
57.6113820000001,27.018608
57.618324,26.996105
57.623322,26.969994
57.6330490000001,26.906105
57.633881,26.898331
57.633606,26.883884
57.630547,26.873051
57.5755540000001,26.697773
57.555824,26.6349949999999
57.5511020000001,26.6263850000001
57.5449980000001,26.619995
57.533051,26.6152730000001
57.529434,26.6127740000001
57.526939,26.608887
57.5258260000001,26.6027760000001
57.5222170000001,26.538887
57.5230480000001,26.5236090000001
57.5261,26.511387
57.604996,26.3133320000001
57.6113820000001,26.299164
57.618881,26.287498
57.629715,26.2741660000001
57.694992,26.2044410000001
57.823326,26.034996
57.8538819999999,25.946941
57.855827,25.883053
57.8605500000001,25.8363840000001
57.8658290000001,25.8013879999999
57.9163820000001,25.6227720000001
57.9183270000001,25.6180530000001
57.994438,25.461105
57.9994350000001,25.4533270000001
58.0058290000001,25.44944
58.020828,25.444996
58.0269390000001,25.4399950000001
58.0294340000001,25.436108
58.0355529999999,25.421661
58.0813830000001,25.3074990000001
58.083054,25.3016620000001
58.084435,25.2949980000001
58.0841600000001,25.28722
58.081665,25.2755550000001
58.076942,25.266941
58.0691600000001,25.2630540000001
58.0613780000001,25.264442
58.047218,25.288887
58.0413819999999,25.29472
58.038048,25.2969440000001
58.0269390000001,25.3002740000001
58.018883,25.300552
58.01416,25.299999
58.0075,25.2944410000001
58.003052,25.285831
57.992493,25.247215
57.9927670000001,25.232494
57.9972150000001,25.2238850000001
58.0058290000001,25.214996
58.0124970000001,25.210827
58.028046,25.207218
58.039162,25.203884
58.0499950000001,25.1997180000001
58.0594330000001,25.1924930000001
58.070274,25.179718
58.07444,25.1699940000001
58.0758289999999,25.163052
58.0766599999999,25.1391640000001
58.076103,25.1244390000001
58.0716630000001,25.091663
58.065269,25.0699959999999
58.061104,25.060829
58.0502700000001,25.03833
58.0394360000001,25.0158310000001
57.964996,24.723885
57.955551,24.560555
57.954712,24.553608
57.9516600000001,24.5427740000001
57.9133220000001,24.453049
57.904434,24.4433290000001
57.9008260000001,24.4411050000001
57.892769,24.438328
57.885826,24.433884
57.879433,24.4277729999999
57.874435,24.4202730000001
57.8705440000001,24.402496
57.868881,24.373051
57.87027,24.3244400000001
57.871826,24.31498
57.923882,24.3380510000001
57.93943,24.345829
57.954712,24.353886
57.9688800000001,24.3630520000001
58.002777,24.3899959999999
58.0161060000001,24.4008290000001
58.0294340000001,24.411942
58.040833,24.426105
58.0461040000001,24.433884
58.076103,24.4566610000001
58.122765,24.4699939999999
58.1319350000001,24.471661
58.148605,24.471107
58.1560970000001,24.4688840000001
58.1827700000001,24.4524960000001
58.239159,24.4694400000001
58.247215,24.472771
58.2533260000001,24.47916
58.258606,24.486938
58.2616649999999,24.498051
58.2741620000001,24.526665
58.2844390000001,24.542496
58.2969440000001,24.5552750000001
58.3038790000001,24.5599980000001
58.313049,24.561665
58.320549,24.559441
58.327217,24.555553
58.3380429999999,24.541386
58.3530500000001,24.517776
58.378326,24.4588850000001
58.386658,24.419716
58.3908310000001,24.390553
58.3919369999999,24.362495
58.3908310000001,24.3483310000001
58.388603,24.3355520000001
58.38472,24.326107
58.3599930000001,24.300552
58.352776,24.2958300000001
58.33638,24.293053
58.3280490000001,24.2933310000001
58.3188860000001,24.291943
58.311661,24.28722
58.30555,24.2808299999999
58.2766569999999,24.2461050000001
58.271378,24.238049
58.232208,24.110554
58.236382,24.1005520000001
58.2413789999999,24.092773
58.267769,24.056664
58.273605,24.050552
58.2986069999999,24.0108300000001
58.3077699999999,23.9930500000001
58.315826,23.973328
58.3224950000001,23.949718
58.3258290000001,23.937775
58.3547130000001,23.826385
58.350273,23.7816659999999
58.346939,23.770832
58.370827,23.7286070000001
58.425552,23.679161
58.523605,23.6308290000001
58.5261,23.6169400000001
58.558327,23.524719
58.5769420000001,23.50111
58.694153,23.4955480000001
58.73555,23.5233310000001
58.7416610000001,23.529442
58.7461010000001,23.538887
58.7438810000001,23.5494420000001
58.73555,23.569443
58.7330470000001,23.583332
58.732491,23.6008300000001
58.744713,23.7255520000001
58.766388,23.867496
58.7686,23.8749960000001
58.7786029999999,23.8572199999999
58.791107,23.8272210000001
58.7986070000001,23.8052750000001
58.8008270000001,23.791386
58.788048,23.5916629999999
58.8099900000001,23.4830510000001
58.9038770000001,23.4202730000001
58.9105450000001,23.416107
58.9188839999999,23.4155500000001
58.9394300000001,23.4311069999999
58.9405440000001,23.4455490000001
58.937492,23.477219
58.9372099999999,23.5075000000001
58.9472120000001,23.576942
58.9505460000001,23.5883289999999
58.9705430000001,23.637775
58.978043,23.635551
59.000549,23.6283300000001
59.015549,23.6233290000001
59.021378,23.617218
59.035271,23.5905530000001
59.044159,23.5722200000001
59.047493,23.560276
59.040833,23.56472
59.035271,23.5708310000001
59.0227660000001,23.601387
59.017769,23.60944
59.0102770000001,23.6119420000001
59.004166,23.6055530000001
58.98777,23.5563849999999
58.981102,23.5141640000001
58.984161,23.4663849999999
58.986382,23.4524960000001
58.997215,23.436108
59.0127720000001,23.4136090000001
59.0186,23.407219
59.051933,23.428329
59.0591580000001,23.433052
59.064438,23.4408300000001
59.0894319999999,23.482494
59.191376,23.4655490000001
59.198875,23.463051
59.206383,23.464161
59.212494,23.4705510000001
59.2252660000001,23.499718
59.228325,23.5108299999999
59.239716,23.613609
59.2311020000001,23.711384
59.2297129999999,23.727219
59.2327650000001,23.7386050000001
59.2391589999999,23.7449950000001
59.246384,23.7424930000001
59.25222,23.736382
59.264717,23.7255520000001
59.2713780000001,23.721382
59.2766570000001,23.729439
59.278603,23.742218
59.289719,23.8308300000001
59.2841640000001,23.8569410000001
59.2733230000001,23.891106
59.2708280000001,23.905273
59.2722170000001,23.9361080000001
59.2877730000001,24.0272220000001
59.356102,24.024166
59.36277,24.019997
59.3711010000001,24.0194440000001
59.3791580000001,24.0227740000001
59.3852689999999,24.0291630000001
59.390549,24.03722
59.392769,24.0502740000001
59.393883,24.0649990000001
59.3922200000001,24.081108
59.385551,24.105274
59.376656,24.1236079999999
59.3616640000001,24.1480520000001
59.348328,24.1766620000001
59.344154,24.186661
59.3427660000001,24.1991619999999
59.344994,24.2122150000001
59.425827,24.3188860000001
59.4319380000001,24.3252750000001
59.45694,24.3244400000001
59.4641570000001,24.3291630000001
59.4683230000001,24.339165
59.4713750000001,24.3505520000001
59.473602,24.363609
59.474991,24.394718
59.4733200000001,24.410828
59.4572140000001,24.536663
59.4527739999999,24.722771
59.510277,24.7919430000001
59.520271,24.7791630000001
59.527489,24.7769430000001
59.5574950000001,24.7716639999999
59.5644380000001,24.776665
59.566666,24.789997
59.5633240000001,24.8019410000001
59.545547,24.8605540000001
59.5405500000001,24.8686070000001
59.5230480000001,24.887218
59.5072170000001,24.9094390000001
59.5063860000001,24.927494
59.5119400000001,25.050552
59.5261,25.1005520000001
59.5322110000001,25.10722
59.533333,25.121941
59.5316619999999,25.1544420000001
59.5141600000001,25.2583309999999
59.509163,25.282776
59.498878,25.3188860000001
59.490547,25.3588870000001
59.4858250000001,25.392494
59.4906389999999,25.4059260000001
59.5611040000001,25.4908290000001
59.5686039999999,25.486938
59.6483310000001,25.4694400000001
59.6566540000001,25.471107
59.6630480000001,25.4763830000001
59.6641540000001,25.4927709999999
59.6038819999999,25.5916630000001
59.598328,25.599163
59.585548,25.609997
59.568886,25.6319390000001
59.5652690000001,25.642773
59.562767,25.655552
59.562767,25.673885
59.5683290000001,25.7008290000001
59.5727689999999,25.709995
59.5794370000001,25.7152710000001
59.5886000000001,25.7152710000001
59.5966570000001,25.713329
59.6030500000001,25.707771
59.614159,25.693329
59.6205439999999,25.687775
59.653603,25.669163
59.6599880000001,25.674717
59.664711,25.6836049999999
59.6683270000001,25.694439
59.666664,25.70916
59.662766,25.719994
59.640831,25.767498
59.6355510000001,25.7747190000001
59.6288760000001,25.7802770000001
---
