14.283333,36.553329
14.287498,36.556107
14.290833,36.559715
14.292776,36.56472
14.316111,36.638329
14.317221,36.644165
14.327221,36.736382
14.328054,36.824997
14.320276,36.886108
14.300833,36.945
14.298611,36.949997
14.295555,36.954163
14.281944,36.953606
14.275555,36.961388
14.262499,36.990555
14.260832,36.996384
14.260832,37.003326
14.261944,37.008888
14.280277,37.06694
14.282776,37.071106
14.289444,37.078606
14.297499,37.084442
14.306944,37.088882
14.317778,37.092216
14.337776,37.091942
14.355555,37.089722
14.36861,37.090828
14.373888,37.092499
14.393055,37.101387
14.410555,37.111938
14.426666,37.123604
14.429998,37.12722
14.435276,37.136108
14.451944,37.196663
14.453054,37.202499
14.453609,37.278885
14.451944,37.291664
14.448332,37.301941
14.426666,37.336937
14.360554,37.388611
14.352221,37.393883
14.268055,37.433052
14.11861,37.524437
14.112221,37.532219
14.107777,37.541939
14.102253,37.572212
14.359999,37.684441
14.715277,37.838333
14.88361,37.911385
14.874443,37.92305
14.867498,37.929993
14.837776,37.955826
14.806944,37.977493
14.795277,37.979164
14.782221,37.97805
14.776667,37.979439
14.772499,37.981941
14.734999,38.018326
14.724165,38.035553
14.719721,38.045555
14.683887,38.137772
14.682777,38.149719
14.685555,38.174721
14.687498,38.179718
14.689999,38.184166
14.693333,38.187775
14.695276,38.192772
14.695,38.199715
14.689722,38.236382
14.684999,38.253326
14.679443,38.261665
14.675833,38.264999
14.594166,38.306938
14.533333,38.327499
14.522778,38.331383
14.51861,38.33416
14.511665,38.340828
14.421944,38.43972
14.419167,38.443886
14.4175,38.44944
14.416388,38.462776
14.424999,38.552498
14.428055,38.570274
14.469721,38.795555
14.500832,38.893051
14.54611,38.965553
14.581944,39.007217
14.585278,39.010826
14.589167,39.013885
14.599443,39.017776
14.655162,39.024021
14.646944,39.086662
14.640276,39.101387
14.629391,39.118744
14.617777,39.135277
14.599998,39.152222
14.572777,39.173332
14.555832,39.183884
14.546665,39.188606
14.541943,39.190552
14.485554,39.209717
14.47361,39.263054
14.482777,39.370277
14.484999,39.38166
14.507776,39.477493
14.510277,39.481941
14.513611,39.48555
14.565554,39.531387
14.510332,39.613884
14.494444,39.688889
14.492777,39.701385
14.494165,39.720551
14.497221,39.731384
14.502777,39.746384
14.512499,39.764717
14.514721,39.776108
14.513611,39.789444
14.488888,39.84166
14.479721,39.853333
14.475277,39.855827
14.446943,39.883049
14.440554,39.890549
14.434721,39.898888
14.430277,39.908607
14.427776,39.920555
14.427221,39.934715
14.428333,39.940552
14.431944,39.950554
14.434721,39.954994
14.458887,40.018883
14.469999,40.104996
14.470554,40.111382
14.469999,40.125549
14.464722,40.156662
14.457955,40.179432
14.443506,40.228058
14.424721,40.271111
14.405832,40.301384
14.387777,40.322777
14.359165,40.349716
14.331944,40.378326
14.318609,40.392776
14.285555,40.429443
14.279722,40.437775
14.261389,40.468887
14.220276,40.552773
14.203054,40.592499
14.195833,40.614166
14.190277,40.637215
14.188332,40.649994
14.187222,40.66333
14.182499,40.693604
14.172777,40.748886
14.164721,40.776939
14.156387,40.797218
14.154165,40.801941
14.145277,40.814438
14.052221,40.909439
14.032221,40.929161
13.944721,41.008049
13.9,41.047218
13.872776,41.068604
13.860277,41.077217
13.827221,41.097771
13.818609,41.10305
13.796944,41.115555
13.766109,41.1325
13.681665,41.178329
13.61972,41.212219
13.605,41.224998
13.598331,41.232498
13.592499,41.240555
13.472221,41.428055
13.413887,41.523605
13.408609,41.532494
13.397778,41.549721
13.386665,41.56694
13.365276,41.599159
13.353611,41.615555
13.236387,41.756943
13.211943,41.781387
13.187777,41.798607
13.162222,41.814163
13.153332,41.818886
13.108332,41.842216
13.103333,41.843887
13.098539,41.843864
12.953333,41.912498
12.944166,41.916939
12.930832,41.924164
12.922499,41.929443
12.889166,41.951111
12.881388,41.957222
12.866943,41.970551
12.859722,41.97805
12.853888,41.986107
12.846388,42
12.842499,42.010277
12.83861,42.024162
12.833055,42.040276
12.827499,42.056107
12.819721,42.076942
12.811943,42.097771
12.804998,42.112221
12.797499,42.125832
12.782776,42.146942
12.774166,42.159164
12.749443,42.190552
12.742777,42.198051
12.729721,42.211388
12.721943,42.217499
12.650555,42.262772
12.602777,42.289993
12.593611,42.294441
12.580832,42.302216
12.568609,42.310829
12.549444,42.326111
12.526667,42.344719
12.518888,42.351387
12.504444,42.364716
12.469721,42.399719
12.430277,42.366104
12.396944,42.339439
12.359165,42.325554
12.308332,42.308327
12.293888,42.292221
12.263332,42.255554
12.13722,42.168884
12.090277,42.12722
11.975832,42.058609
11.926363,42.025078
11.816666,41.948608
11.773611,41.891388
11.741943,41.829437
11.74,41.828606
11.638332,41.79805
11.510555,41.759995
11.505278,41.75972
11.389721,41.791664
11.372221,41.79583
11.267221,41.811386
11.24861,41.812492
11.168333,41.806664
11.098972,41.80291
11.031111,41.800552
11.008055,41.789719
10.985277,41.808327
10.973055,41.837219
10.960833,41.881943
10.953609,41.918053
10.949999,41.940277
10.942221,41.991943
10.941944,42.012215
10.947498,42.027222
10.972221,42.075272
10.97611,42.078049
10.979443,42.08194
10.981943,42.086105
10.998888,42.122772
11,42.128326
11.000555,42.164719
11,42.178604
11.011389,42.300552
11.019165,42.358887
11.06361,42.501106
11.091576,42.608238
11.098055,42.634438
11.096109,42.646385
11.079166,42.744438
11.076666,42.751938
11.073055,42.755272
11.063889,42.75972
11.052776,42.76194
11.046665,42.762215
11.029999,42.765831
11.016388,42.772774
11.002222,42.78611
10.993332,42.798332
10.988888,42.807777
10.987778,42.814163
10.982498,42.88472
10.981667,42.897217
11.002438,42.944092
10.955276,42.917496
10.892221,42.854996
10.873888,42.838608
10.784443,42.76722
10.776388,42.761108
10.640554,42.666382
10.63722,42.664162
10.6325,42.663055
10.621387,42.66555
10.582777,42.681107
10.53611,42.709442
10.519722,42.720551
10.516109,42.723885
10.500277,42.740829
10.494444,42.748886
10.487778,42.756104
10.455555,42.78611
10.43111,42.795273
10.414444,42.798882
10.380554,42.803329
10.355555,42.804993
10.344444,42.80722
10.313889,42.81694
10.22361,42.848053
10.215277,42.853333
10.204443,42.861107
10.196665,42.867218
10.17861,42.883606
10.165554,42.898331
10.147778,42.922775
10.135832,42.945831
10.131109,42.955551
10.127222,42.965828
10.119165,42.978607
10.11611,42.982498
10.0875,43.009163
10.07472,43.016937
10.025,43.034721
9.993055,43.04277
9.972776,43.049438
9.96361,43.053886
9.950832,43.061661
9.946665,43.064438
9.931389,43.076942
9.918333,43.09166
9.910831,43.104996
9.906944,43.115555
9.901943,43.131943
9.901943,43.145271
9.903332,43.150833
9.903889,43.16333
9.903332,43.177216
9.902222,43.183609
9.898888,43.194717
9.896666,43.19944
9.892221,43.206108
9.881388,43.21611
9.868055,43.223053
9.858332,43.226662
9.808332,43.236938
9.790277,43.238609
9.750832,43.246384
9.684721,43.260551
9.664444,43.26722
9.645555,43.275276
9.634723,43.283333
9.628332,43.305275
9.623333,43.321663
9.615833,43.335274
9.556944,43.386665
9.488054,43.427216
9.482498,43.428329
9.469721,43.426941
9.451944,43.423332
9.439444,43.423882
9.429722,43.427773
9.426109,43.430832
9.419443,43.438332
9.416666,43.442215
9.408333,43.455276
9.350832,43.550552
9.346109,43.559998
9.336111,43.583054
9.354443,43.62722
9.262777,43.727776
9.007221,44.010551
8.79517,44.650471
8.67861,45.00222
8.61611,45.189995
8.541943,45.411659
8.473331,45.616104
8.32361,46.059166
8.232222,46.331665
8.157221,46.552773
8.076387,46.790833
8.006109,46.99472
8.00111,47.01194
8.001944,47.086937
8.003332,47.607498
8.003611,47.746384
8.003054,47.850555
8.003054,47.902496
8.004107,47.988243
8.00111,47.987221
7.920458,47.904045
7.786593,47.761841
7.688889,47.658051
7.592222,47.55555
7.056944,46.991386
6.619444,46.561386
6.162027,46.113979
6.035555,45.990273
5.999166,45.955826
5.73861,45.71666
5.489761,45.489395
5.363917,45.374466
5.060277,45.096107
4.962568,45.007835
4.954312,45
4.902499,44.950829
4.930277,44.512772
4.933526,44.466904
4.944166,44.290276
4.948333,44.221664
4.957777,44.067497
4.959444,44.050552
4.963055,43.981941
4.95361,43.964439
4.949166,43.955276
4.934444,43.922218
4.922777,43.887215
4.913888,43.855827
4.910277,43.833054
4.906388,43.803886
4.905,43.792221
4.903333,43.767494
4.901388,43.743332
4.899722,43.731384
4.891944,43.686386
4.86,43.587219
4.8525,43.567772
4.822222,43.490555
4.765277,43.358887
4.74861,43.321663
4.687778,43.193604
4.670833,43.163887
4.661944,43.152496
4.610277,43.088333
4.598055,43.073326
4.530277,42.991104
4.520555,42.98027
4.508611,42.971382
4.5,42.966385
4.481111,42.957222
4.454166,42.948883
4.438055,42.94416
4.391388,42.934441
4.38611,42.932777
4.371944,42.925827
4.356111,42.914162
4.321666,42.880272
4.315,42.873055
4.306944,42.860275
4.3025,42.851105
4.295278,42.831665
4.278333,42.768608
4.272778,42.740829
4.271188,42.726528
4.264722,42.656105
4.262221,42.631943
4.260278,42.620827
4.256944,42.604439
4.228889,42.485832
4.2075,42.401382
4.203055,42.379166
4.201111,42.361382
4.203055,42.279716
4.204444,42.259995
4.207777,42.236107
4.208888,42.195831
4.203888,42.154442
4.202777,42.148888
4.193889,42.117775
4.186666,42.098328
4.176147,42.073883
4.142777,42.040833
4.091666,41.963051
4.085278,41.955826
4.062222,41.937775
4.057221,41.936943
4.05111,41.937218
4.040277,41.939438
4.027778,41.940277
4.016944,41.937218
3.980322,41.905167
3.973611,41.898331
3.966111,41.885551
3.949166,41.84861
3.9475,41.843605
3.947778,41.836937
3.949444,41.831383
3.958611,41.805832
3.9625,41.79583
3.978611,41.784721
3.985278,41.777496
3.999722,41.728882
4.000555,41.722771
3.989166,41.611382
3.976666,41.537498
3.975555,41.532219
3.966111,41.496109
3.964444,41.491104
3.961944,41.486938
3.951944,41.476387
3.949444,41.472221
3.949166,41.465828
3.941111,41.273888
3.940555,41.190552
3.9425,41.171387
3.945833,41.160553
3.954166,41.141106
3.962778,41.129166
3.969166,41.121941
3.982778,41.107498
3.996388,41.093605
4.025,41.067497
4.037499,41.059715
4.049999,41.053329
4.054999,41.051666
4.068333,41.043884
4.108611,41.009438
4.216666,40.876938
4.234722,40.853607
4.287975,40.783768
4.228611,40.672218
4.123055,40.398888
4.098888,40.388611
4.022499,40.182495
3.928584,40
3.869444,39.866661
3.678333,39.782776
3.500833,39.594994
3.406666,39.560272
3.406389,39.524437
3.412222,39.513611
3.418056,39.504997
3.427222,39.499161
3.445,39.501106
3.455277,39.498055
3.4625,39.450829
3.46,39.422493
3.469166,39.331383
3.493611,39.341942
3.498611,39.338608
3.5,39.335274
3.501667,39.328888
3.501667,39.324165
3.5,39.318054
3.476499,39.296135
3.475277,39.294998
3.471389,39.248886
3.478611,39.196938
3.510833,39.129997
3.534444,39.084717
3.528889,39.046104
3.518611,38.956383
3.513889,38.913605
3.543333,38.809998
3.567222,38.729439
3.601666,38.621941
3.626944,38.516937
3.599444,38.448051
3.608889,38.323883
3.611666,38.121109
3.651944,38.056107
3.698055,38.033607
3.728611,37.998055
4.194444,37.280548
4.286388,37.130272
4.329166,37.102493
4.334167,37.095833
4.375555,37.039719
4.434722,36.887772
4.43384,36.712151
4.433611,36.666382
4.446666,36.647499
4.441667,36.433609
4.439166,36.27166
4.447999,36.211166
4.44708,36.045296
4.521111,35.951111
4.622499,35.940552
4.640277,35.924721
4.798611,35.774437
5.075277,35.773888
5.081944,35.778328
5.085278,35.781662
5.088055,35.78611
5.105277,35.802773
5.129444,35.82
5.143888,35.827217
5.153889,35.830826
5.166111,35.832497
5.172222,35.83194
5.181389,35.827499
5.203055,35.808052
5.210555,35.802216
5.220277,35.798332
5.231388,35.79583
5.237499,35.795273
5.251389,35.795555
5.262777,35.79805
5.268332,35.799438
5.32861,35.821663
5.331111,35.796944
5.337222,35.774994
5.345833,35.756104
5.348055,35.751389
5.361666,35.73027
5.367222,35.722221
5.425278,35.533333
5.428333,35.522499
5.431389,35.504715
5.433055,35.464165
5.431389,35.452499
5.429444,35.447495
5.424722,35.439995
5.421389,35.436386
5.405277,35.424164
5.400555,35.422218
5.393888,35.414993
5.352221,35.361107
5.350277,35.356384
5.349722,35.349998
5.350555,35.343887
5.353611,35.333054
5.360555,35.319443
5.366944,35.311386
5.378055,35.301941
5.382222,35.299438
5.435555,35.271111
5.441111,35.269722
5.452777,35.272217
5.463333,35.281944
5.475555,35.29055
5.480277,35.29277
5.491944,35.294998
5.502777,35.292496
5.507777,35.289993
5.6325,35.103882
5.683888,35.104996
5.692778,35.105827
5.814166,35.028328
5.878055,34.986382
5.949721,34.975555
5.961944,34.974442
5.973611,34.976662
6.013944,34.987823
6.06111,34.981384
6.084444,34.971107
6.088611,34.96833
6.099166,34.958328
6.107778,34.946106
6.117499,34.935272
6.131666,34.921661
6.139999,34.916382
6.237499,34.870552
6.261666,34.86055
6.272778,34.858055
6.291111,34.856384
6.366666,34.849998
6.605833,34.762772
6.621724,34.751205
6.677777,34.70472
6.7,34.679161
6.716666,34.654716
6.727221,34.637497
6.730833,34.626663
6.734722,34.602776
6.734444,34.562775
6.736944,34.544441
6.740555,34.534721
6.743889,34.529999
6.747499,34.527222
6.756944,34.523331
6.861111,34.486664
6.878888,34.484444
6.880801,34.485683
6.889166,34.491104
6.912499,34.47361
6.916111,34.469994
6.934444,34.433327
6.936379,34.428574
6.958611,34.367493
6.959444,34.354439
6.958333,34.335274
6.959167,34.32222
6.962222,34.304443
6.966427,34.294701
6.974166,34.282494
6.9775,34.27861
7.017777,34.236938
7.021667,34.234444
7.0425,34.22361
7.089999,34.193886
7.171666,34.16333
7.199721,34.099159
7.240833,34.029999
7.245,34.027222
7.25,34.025833
7.256666,34.025276
7.280038,34.029747
7.304444,34.032776
7.369989,34.032242
7.374999,34.03083
7.383055,34.025551
7.386659,34.022217
7.518888,33.892776
7.531944,33.878326
7.648611,33.726944
7.660277,33.711388
7.662499,33.705826
7.684999,33.647217
7.743333,33.470276
7.744721,33.458611
7.744444,33.439163
7.763611,33.2575
7.781111,33.096664
7.788888,33.053886
7.7925,33.050552
7.846063,33.014969
7.887216,32.996826
7.918056,32.991104
7.924999,32.991104
7.930555,32.992493
7.995248,33.030281
7.999525,33.033607
8.096943,33.114716
8.105,33.128052
8.111666,33.15583
8.118332,33.169716
8.128611,33.179993
8.136978,33.186424
8.147791,33.188629
8.2225,33.178055
8.278332,33.165833
8.353054,33.160828
8.359999,33.160828
8.392776,33.166107
8.397499,33.168884
8.404444,33.174995
8.458611,33.252777
8.4625,33.262497
8.4625,33.26944
8.458055,33.317215
8.456665,33.322777
8.451111,33.331108
8.448889,33.335831
8.438055,33.373886
8.437777,33.387772
8.461666,33.506104
8.464814,33.508884
8.469166,33.50972
8.470554,33.625549
8.469721,33.631943
8.464167,33.639999
8.441666,33.666107
8.438332,33.669441
8.434166,33.672218
8.408333,33.687492
8.396666,33.690277
8.390554,33.690826
8.386389,33.693329
8.380554,33.70166
8.374166,33.71611
8.372776,33.721664
8.367748,33.771324
8.384443,33.789719
8.408888,33.814438
8.414165,33.823051
8.425833,33.852493
8.430277,33.875275
8.431389,33.887772
8.43111,33.908607
8.429998,33.921944
8.430832,33.955276
8.436666,33.969994
8.441387,33.978882
8.460278,34.00222
8.523333,34.070831
8.550278,34.099159
8.565277,34.111938
8.577221,34.120552
8.581944,34.122772
8.584646,34.122803
8.634165,34.123604
8.805832,34.129997
8.955276,34.134995
9.385277,34.100555
9.419722,34.097771
9.453888,34.094994
9.454721,34.094162
9.553055,34.085831
9.758055,34.139999
9.904999,34.207222
9.97361,34.219719
10.025,34.229721
10.030277,34.231384
10.117222,34.323051
10.231943,34.347771
10.244999,34.348885
10.280832,34.341942
10.349998,34.328049
10.554165,34.28611
10.586388,34.31472
10.631666,34.352776
10.784443,34.43972
10.887777,34.594444
10.834721,34.673882
10.802221,34.710831
10.753054,34.766388
10.745832,34.773331
10.723331,34.800552
10.726387,34.852493
10.731667,34.861107
10.734999,34.864441
10.864443,34.975273
10.915277,34.978607
10.956665,34.933327
11.110277,34.983604
11.174444,35.005554
11.198332,35.0075
11.223888,34.978882
11.228054,34.973885
11.234165,34.96833
11.243889,34.964439
11.256943,34.963882
11.269444,34.965553
11.280277,34.968605
11.318333,34.986382
11.348888,35.00444
11.367777,35.013329
11.535831,35.087494
11.557777,35.093605
11.576387,35.096107
11.583055,35.096107
11.58861,35.094994
11.598888,35.09166
11.617222,35.082222
11.629721,35.074165
11.638611,35.069443
11.654444,35.064163
11.720554,35.058052
11.74,35.058609
11.751389,35.060829
11.767776,35.065552
11.801109,35.081108
11.809999,35.086105
11.826944,35.096939
11.841944,35.107773
11.845833,35.110832
11.855833,35.121666
11.863888,35.134438
11.878332,35.168327
11.886389,35.20166
11.895555,35.227219
11.900833,35.23555
11.9175,35.253609
11.933611,35.265434
11.983332,35.283882
12.16111,35.381104
12.169998,35.386108
12.588888,35.645554
12.594166,35.649162
12.594999,35.678055
12.5975,35.68222
12.604166,35.689438
12.612221,35.695274
12.621944,35.699715
12.628054,35.700554
12.666115,35.70108
12.715555,35.964722
12.724165,36.006386
12.716944,36.018883
12.714443,36.03083
12.715555,36.04361
12.723331,36.063332
12.724443,36.06916
12.724998,36.075554
12.72361,36.081108
12.716665,36.087776
12.706944,36.091942
12.702776,36.095276
12.699165,36.09861
12.694166,36.107773
12.693888,36.116104
12.704166,36.140274
12.706923,36.142693
12.724165,36.143608
12.875277,36.165276
12.878054,36.16333
12.880833,36.159164
12.891388,36.148888
12.908333,36.138054
12.923332,36.132774
12.929443,36.133606
12.940554,36.13694
12.949999,36.141388
12.955555,36.142776
12.969721,36.149719
12.97361,36.152496
12.984165,36.169716
12.995832,36.168053
13.024443,36.155273
13.041666,36.159439
13.368055,36.248604
13.502777,36.348885
13.519444,36.362221
13.567778,36.397499
13.586943,36.406387
13.603333,36.41111
13.609444,36.411942
13.621666,36.410828
13.632221,36.407494
13.638332,36.407219
13.651943,36.407494
13.663055,36.410553
13.677221,36.417496
13.682777,36.418884
13.685276,36.420555
13.702221,36.427216
13.804165,36.471107
13.839443,36.486938
13.956944,36.446388
14.246111,36.539444
14.262053,36.542816
---
