-52.278336,-59.746674
-52.277504,-59.7555619999999
-52.273613,-59.761116
-52.2683329999999,-59.7641679999999
-52.2613909999999,-59.765282
-52.253273,-59.7651369999999
-52.1700059999999,-59.753334
-52.166115,-59.715561
-52.165283,-59.704727
-52.1691739999999,-59.6891709999999
-52.1727829999999,-59.683891
-52.179726,-59.6825029999999
-52.219452,-59.67556
-52.225563,-59.67556
-52.230835,-59.678062
-52.235001,-59.681946
-52.242783,-59.6916729999999
---
-52.09639,-58.442505
-52.093338,-58.448616
-52.055,-58.52417
-52.050285,-58.5286179999999
-52.024445,-58.53389
-52.021667,-58.526672
-52.020035,-58.517036
-51.9936139999999,-58.495003
-51.9902799999999,-58.488892
-51.988892,-58.4788889999999
-51.9886169999999,-58.438614
-51.9902799999999,-58.4325029999999
-52.003059,-58.418617
-52.08667,-58.4241709999999
-52.090561,-58.428612
-52.093895,-58.435005
---
-51.865562,-61.235558
-51.862785,-61.252785
-51.857224,-61.275841
-51.855003,-61.283058
-51.8355559999999,-61.30806
-51.830833,-61.311951
-51.824722,-61.3138959999999
-51.822227,-61.306671
-51.7969509999999,-61.225006
-51.797226,-61.215004
-51.800285,-61.2088929999999
-51.8094479999999,-61.201118
-51.820282,-61.195007
-51.848618,-61.19445
-51.852226,-61.199173
-51.862228,-61.216667
-51.864723,-61.224449
---
-51.871117,-61.0263899999999
-51.869728,-61.0163959999999
-51.860283,-60.972778
-51.85334,-60.949448
-51.845284,-60.926949
-51.8363949999999,-60.9072269999999
-51.825836,-60.890839
-51.840004,-60.8752819999999
-51.903336,-60.867783
-51.90889,-60.8691709999999
-51.934448,-60.8811109999999
-51.9438929999999,-60.9122239999999
-51.9597239999999,-60.968056
-51.965836,-60.993057
-51.9472269999999,-61.029449
-51.9002839999999,-61.105835
-51.896393,-61.111115
-51.892502,-61.115837
-51.8488919999999,-61.149445
-51.8438949999999,-61.1466669999999
-51.835281,-61.1391679999999
-51.823334,-61.125282
-51.81945,-61.120003
-51.779724,-61.0130619999999
-51.778336,-61.003059
-51.778618,-60.995285
-51.781113,-60.968056
-51.800285,-60.940559
-51.80584,-60.9375
-51.810562,-60.938057
-51.819168,-60.945557
-51.826118,-60.956673
-51.838615,-60.994171
-51.848061,-61.0138929999999
-51.859451,-61.029167
-51.863617,-61.0330579999999
-51.869446,-61.034447
---
-51.703056,-61.200836
-51.70195,-61.220001
-51.700562,-61.2280579999999
-51.700279,-61.248062
-51.70195,-61.25695
-51.704445,-61.2641679999999
-51.712502,-61.273056
-51.717506,-61.275841
-51.723061,-61.2772289999999
-51.756111,-61.2847289999999
-51.753616,-61.291672
-51.747505,-61.303894
-51.739723,-61.3138959999999
-51.7336119999999,-61.315834
-51.7247239999999,-61.315002
-51.696114,-61.311394
-51.693062,-61.305
-51.68306,-61.263062
-51.680557,-61.243057
-51.6900019999999,-61.2138899999999
-51.695557,-61.200836
-51.699448,-61.195839
---
-51.599167,-59.392784
-51.6061169999999,-59.403893
-51.623337,-59.4319459999999
-51.624168,-59.4430619999999
-51.623337,-59.4522249999999
-51.620285,-59.458336
-51.616394,-59.463341
-51.6883389999999,-59.577782
-51.7716669999999,-59.673615
-51.8933329999999,-59.831673
-51.968613,-59.9319459999999
-51.983063,-59.9530559999999
-51.940285,-60.06028
-51.940834,-60.06945
-51.9783399999999,-60.1900019999999
-52.043617,-60.272507
-52.061111,-60.2650069999999
-52.068062,-60.263893
-52.074448,-60.263893
-52.0800019999999,-60.265282
-52.0961149999999,-60.280556
-52.129448,-60.3144449999999
-52.159172,-60.368057
-52.24028,-60.589729
-52.244171,-60.607506
-52.24556,-60.6175
-52.240837,-60.631668
-52.233612,-60.649727
-52.2219469999999,-60.665001
-52.17778,-60.735283
-52.1194459999999,-60.862785
-52.061951,-60.980835
-52.0311129999999,-60.911118
-52.0347289999999,-60.8297269999999
-52.0347289999999,-60.81945
-52.030838,-60.8019489999999
-52.014725,-60.747223
-52.010284,-60.743614
-52.004723,-60.744446
-52.001396,-60.7483369999999
-51.9991679999999,-60.75528
-51.997505,-60.773613
-51.996391,-60.803062
-51.994728,-60.8111109999999
-51.9916689999999,-60.817223
-51.987785,-60.8222269999999
-51.965561,-60.843895
-51.960281,-60.846672
-51.9563899999999,-60.841667
-51.955833,-60.7711179999999
-51.955833,-60.761116
-51.96167,-60.7072299999999
-51.968895,-60.675835
-51.975006,-60.641113
-51.977501,-60.5338899999999
-51.97084,-60.4597239999999
-51.965836,-60.4447249999999
-51.958336,-60.434723
-51.933334,-60.4097289999999
-51.928894,-60.4061129999999
-51.913895,-60.398338
-51.909172,-60.4002839999999
-51.907501,-60.40834
-51.9094469999999,-60.4169459999999
-51.914452,-60.431946
-51.883057,-60.449448
-51.814171,-60.456116
-51.797501,-60.45195
-51.792503,-60.449448
-51.783058,-60.4430619999999
-51.779167,-60.4383389999999
-51.776672,-60.430557
-51.766396,-60.387779
-51.7650069999999,-60.377785
-51.7683329999999,-60.3716739999999
-51.7952799999999,-60.360558
-51.8019489999999,-60.359451
-51.807785,-60.3608399999999
-51.820839,-60.3719479999999
-51.83139,-60.376114
-51.837784,-60.376114
-51.8608399999999,-60.345284
-51.811394,-60.310837
-51.7730559999999,-60.2600019999999
-51.776672,-60.2550049999999
-51.787781,-60.2227779999999
-51.767784,-60.188339
-51.7638929999999,-60.1833339999999
-51.758896,-60.180557
-51.740837,-60.1791689999999
-51.715004,-60.178062
-51.7094499999999,-60.178894
-51.703339,-60.201118
-51.700279,-60.227501
-51.706947,-60.34584
-51.708893,-60.354446
-51.712227,-60.3608399999999
-51.717224,-60.363335
-51.744728,-60.385559
-51.7625049999999,-60.445282
-51.775558,-60.556114
-51.730003,-60.628334
-51.7222289999999,-60.6383359999999
-51.7177809999999,-60.6425019999999
-51.683617,-60.6400069999999
-51.678062,-60.638618
-51.673615,-60.635002
-51.671112,-60.627502
-51.669724,-60.617783
-51.670563,-60.6086119999999
-51.673058,-60.601669
-51.68528,-60.577225
-51.693062,-60.557228
-51.699448,-60.5247269999999
-51.702782,-60.4886169999999
-51.702225,-60.45723
-51.6983339999999,-60.440002
-51.695839,-60.432503
-51.6833339999999,-60.4077839999999
-51.6766699999999,-60.3910059999999
-51.667503,-60.364723
-51.665283,-60.343895
-51.665558,-60.248894
-51.6808399999999,-60.163612
-51.661392,-60.163612
-51.5986179999999,-60.2944489999999
-51.551392,-60.4044489999999
-51.495285,-60.40139
-51.495285,-60.39167
-51.492226,-60.385284
-51.486389,-60.384171
-51.474777,-60.397003
-51.472115,-60.399338
-51.464783,-60.407837
-51.462944,-60.411503
-51.446671,-60.4425049999999
-51.444168,-60.449722
-51.44278,-60.457779
-51.436951,-60.501114
-51.4361109999999,-60.510002
-51.4388959999999,-60.541672
-51.4388959999999,-60.5516739999999
-51.437225,-60.559723
-51.434723,-60.566948
-51.4169459999999,-60.613892
-51.413895,-60.620003
-51.410004,-60.625
-51.405281,-60.6291729999999
-51.3605579999999,-60.6450039999999
-51.3555599999999,-60.6422269999999
-51.348618,-60.6069489999999
-51.385284,-60.483612
-51.420338,-60.402279
-51.426674,-60.3926159999999
-51.4555589999999,-60.333618
-51.463341,-60.313339
-51.481117,-60.2558359999999
-51.4858399999999,-60.231674
-51.4875029999999,-60.2136149999999
-51.494728,-60.1322249999999
-51.494728,-60.122223
-51.469727,-59.993057
-51.467781,-59.984726
-51.4622269999999,-59.9875029999999
-51.459167,-59.9936139999999
-51.456947,-60.000839
-51.4513929999999,-60.0338899999999
-51.450005,-60.051949
-51.420837,-60.0625
-51.3825069999999,-60.026947
-51.3800049999999,-60.019447
-51.371948,-59.898613
-51.37278,-59.889725
-51.381111,-59.870285
-51.407227,-59.825836
-51.4269489999999,-59.820282
-51.428337,-59.830002
-51.433891,-59.83139
-51.438339,-59.827225
-51.440834,-59.820007
-51.442223,-59.811951
-51.446945,-59.777779
-51.4491729999999,-59.750839
-51.461945,-59.513618
-51.4580609999999,-59.458618
-51.437225,-59.400284
-51.434174,-59.394173
-51.430283,-59.38945
-51.422501,-59.397507
-51.414169,-59.4166719999999
-51.407501,-59.438057
-51.4044489999999,-59.444168
-51.399727,-59.448334
-51.358337,-59.4488909999999
-51.3363949999999,-59.413063
-51.3363949999999,-59.403061
-51.3377839999999,-59.3950039999999
-51.340004,-59.388062
-51.405838,-59.2127839999999
-51.410561,-59.210556
---
-51.338341,-58.619728
-51.332779,-58.62056
-51.328339,-58.617226
-51.318192,-58.6005479999999
-51.3094479999999,-58.5797269999999
-51.30584,-58.5494459999999
-51.305557,-58.5394519999999
-51.3066709999999,-58.4713899999999
-51.30806,-58.463341
-51.318336,-58.4266739999999
-51.322227,-58.413895
-51.325005,-58.407784
-51.328056,-58.401672
-51.3641739999999,-58.347504
-51.373894,-58.339729
-51.4077839999999,-58.322784
-51.413895,-58.320557
-51.4202799999999,-58.320282
-51.428337,-58.326393
-51.435005,-58.338341
-51.44445,-58.3619459999999
-51.4547269999999,-58.440285
-51.4525069999999,-58.447502
-51.441948,-58.45417
-51.436668,-58.4572299999999
-51.4244459999999,-58.461945
-51.4177779999999,-58.463341
-51.401947,-58.473335
-51.398056,-58.478615
-51.395004,-58.484726
-51.394447,-58.493614
-51.396393,-58.5
-51.399445,-58.506111
-51.433617,-58.550285
-51.476112,-58.5183329999999
-51.5002819999999,-58.498894
-51.556671,-58.420563
-51.567223,-58.362503
-51.5666729999999,-58.335838
-51.6041719999999,-58.28334
-51.6094509999999,-58.280006
-51.6463929999999,-58.246674
-51.6538929999999,-58.2361149999999
-51.654449,-58.2269519999999
-51.6530609999999,-58.219452
-51.6497269999999,-58.213341
-51.6455609999999,-58.210007
-51.609169,-58.182785
-51.585281,-58.1888959999999
-51.530556,-58.257225
-51.497223,-58.311111
-51.501671,-58.314728
-51.505562,-58.31945
-51.512222,-58.331673
-51.513618,-58.341393
-51.512222,-58.3494489999999
-51.508339,-58.3544459999999
-51.503059,-58.3577799999999
-51.4975049999999,-58.356674
-51.417503,-58.279449
-51.413895,-58.275002
-51.406113,-58.265282
-51.403336,-58.258057
-51.398613,-58.2425
-51.395836,-58.222778
-51.39473,-58.211945
-51.372223,-57.953896
-51.371391,-57.9350049999999
-51.374168,-57.918892
-51.376396,-57.911949
-51.3822249999999,-57.899445
-51.386116,-57.894173
-51.401672,-57.873894
-51.500557,-57.76889
-51.507507,-57.767227
-51.538338,-57.761673
-51.542229,-57.76667
-51.54528,-57.772507
-51.549171,-57.79084
-51.549728,-57.8138959999999
-51.546112,-57.878616
-51.543335,-57.9047239999999
-51.540001,-57.930283
-51.536949,-57.946671
-51.532784,-57.960556
-51.5238949999999,-57.9794459999999
-51.508896,-58.000557
-51.5066679999999,-58.007782
-51.501671,-58.031113
-51.5025019999999,-58.039726
-51.5405579999999,-58.132225
-51.547501,-58.143059
-51.553894,-58.1427839999999
-51.557503,-58.137779
-51.56945,-58.112785
-51.5716709999999,-58.105835
-51.588341,-58.047501
-51.590561,-58.039169
-51.593338,-58.022781
-51.593895,-58.013618
-51.592506,-58.003891
-51.589729,-57.9966739999999
-51.587784,-57.98806
-51.586945,-57.979172
-51.587784,-57.9702839999999
-51.600006,-57.8769449999999
-51.6111149999999,-57.801674
-51.612503,-57.793617
-51.614723,-57.7863919999999
-51.617783,-57.7802809999999
-51.625,-57.769447
-51.629448,-57.765007
-51.692223,-57.731392
-51.696671,-57.735001
-51.723618,-57.83445
-51.748611,-57.9738919999999
-51.7575069999999,-58.032501
-51.7633359999999,-58.111946
-51.761948,-58.197784
-51.756111,-58.240562
-51.7555619999999,-58.249451
-51.75695,-58.259171
-51.758896,-58.263336
-51.7633359999999,-58.259171
-51.781113,-58.2138899999999
-51.796669,-58.173615
-51.793892,-58.2000049999999
-51.792229,-58.2375029999999
-51.7944489999999,-58.2561109999999
-51.826668,-58.358337
-51.832779,-58.3377839999999
-51.835007,-58.3208389999999
-51.8338929999999,-58.309448
-51.827225,-58.2852779999999
-51.832779,-58.234726
-51.894447,-58.389168
-51.897224,-58.396667
-51.900558,-58.415001
-51.900841,-58.4250029999999
-51.9002839999999,-58.606392
-51.892502,-58.7597269999999
-51.891945,-58.7688899999999
-51.888062,-58.784172
-51.8447269999999,-58.88945
-51.835838,-58.909172
-51.828339,-58.919724
-51.812225,-58.927223
-51.80056,-58.930557
-51.8019489999999,-58.940559
-51.8083339999999,-58.952507
-51.816116,-58.962502
-51.820557,-58.966118
-51.8255619999999,-58.9686129999999
-51.847504,-58.974449
-51.8530579999999,-58.975281
-51.85778,-58.971115
-51.878059,-58.926674
-51.9152829999999,-58.823891
-51.9472269999999,-58.729729
-51.946945,-58.719727
-51.9500049999999,-58.703339
-51.9625019999999,-58.638893
-51.964729,-58.6316679999999
-51.968338,-58.626396
-52.001396,-58.603889
-52.067223,-58.6469499999999
-52.093056,-58.678062
-52.088615,-58.682503
-52.048615,-58.732224
-52.0447239999999,-58.737228
-52.0338899999999,-58.78334
-52.034447,-58.792503
-52.047226,-58.825005
-52.06028,-58.851669
-52.0666729999999,-58.851669
-52.071114,-58.8552779999999
-52.077507,-58.8675
-52.0994489999999,-58.911667
-52.100838,-58.921669
-52.1002809999999,-58.930557
-52.071945,-58.9788889999999
-52.067223,-58.983337
-52.024445,-59.03334
-51.985558,-59.137779
-51.985001,-59.1469499999999
-51.9911119999999,-59.251671
-52.004173,-59.289726
-52.007507,-59.2958369999999
-52.011673,-59.299446
-52.017502,-59.300835
-52.024445,-59.299446
-52.0272289999999,-59.293335
-52.0280609999999,-59.284172
-52.0255579999999,-59.276672
-52.01889,-59.26445
-52.018333,-59.253059
-52.0205609999999,-59.23584
-52.0219499999999,-59.2277829999999
-52.025002,-59.211395
-52.0280609999999,-59.1950069999999
-52.030838,-59.188614
-52.05806,-59.130562
-52.068611,-59.113892
-52.137779,-59.037224
-52.1438899999999,-59.0352779999999
-52.215004,-59.0494459999999
-52.220001,-59.051949
-52.231392,-59.066948
-52.231674,-59.0772249999999
-52.206673,-59.193893
-52.186394,-59.240837
-52.157501,-59.292503
-52.120834,-59.37056
-52.116394,-59.384727
-52.118896,-59.392227
-52.1375049999999,-59.4430619999999
-52.140839,-59.449173
-52.145279,-59.452782
-52.150841,-59.45417
-52.157227,-59.45417
-52.163895,-59.452782
-52.209724,-59.43306
-52.215004,-59.43
-52.2211149999999,-59.417503
-52.2272259999999,-59.384445
-52.242226,-59.353615
-52.25,-59.343056
-52.25528,-59.3397289999999
-52.261116,-59.337502
-52.324448,-59.338058
-52.3430559999999,-59.348061
-52.327782,-59.379448
-52.215279,-59.574448
-52.125839,-59.71389
-52.121117,-59.718056
-52.110344,-59.720085
-52.104729,-59.7188949999999
-52.0994489999999,-59.716393
-51.917503,-59.5666729999999
-51.8752819999999,-59.518059
-51.746948,-59.288338
-51.7197269999999,-59.2286149999999
-51.714447,-59.21389
-51.696114,-59.1422269999999
-51.6927799999999,-59.123894
-51.686111,-59.063614
-51.6891709999999,-59.057503
-51.693062,-59.052223
-51.6983339999999,-59.048889
-51.7563929999999,-59.026672
-51.7625049999999,-59.026672
-51.771393,-59.0336149999999
-51.775284,-59.038895
-51.780281,-59.0411149999999
-51.8125,-59.043892
-51.8177799999999,-59.0427779999999
-51.818062,-59.035004
-51.810005,-59.0008389999999
-51.806671,-58.994728
-51.798889,-58.984726
-51.794724,-58.981117
-51.788895,-58.980003
-51.676949,-59.023895
-51.63195,-59.078339
-51.59417,-59.1602779999999
-51.590279,-59.16584
-51.581116,-59.174171
-51.575562,-59.172783
-51.513893,-59.108612
-51.5372239999999,-59.0841669999999
-51.552505,-59.073616
-51.562225,-59.066116
-51.580284,-59.049171
-51.5841669999999,-59.043892
-51.586395,-59.0369489999999
-51.585007,-59.027229
-51.5825039999999,-59.01973
-51.5691679999999,-59.008896
-51.508339,-58.9858399999999
-51.503059,-58.986946
-51.4969479999999,-58.9991679999999
-51.478889,-59.0461119999999
-51.4713899999999,-59.0666729999999
-51.468338,-59.082779
-51.411667,-59.0847239999999
-51.405556,-58.991112
-51.379448,-58.875
-51.376114,-58.868896
-51.365562,-58.865562
-51.359169,-58.865562
-51.3380579999999,-58.878616
-51.323616,-58.8900069999999
-51.291389,-58.8486179999999
-51.324173,-58.761116
-51.328613,-58.7469479999999
-51.33667,-58.6966709999999
---
-51.350838,-59.945557
-51.349167,-59.953613
-51.334724,-59.985001
-51.307785,-60.0205609999999
-51.3033369999999,-60.0247269999999
-51.2977829999999,-60.0252839999999
-51.291817,-59.989838
-51.283615,-59.96917
-51.282501,-59.95945
-51.290001,-59.939171
-51.3000029999999,-59.912224
-51.303062,-59.9061129999999
-51.3069459999999,-59.900841
-51.335007,-59.905006
-51.339172,-59.9086149999999
-51.3488919999999,-59.926949
-51.350838,-59.9355619999999
---
-51.40834,-60.116669
-51.4036179999999,-60.245285
-51.402779,-60.254448
-51.398056,-60.2683329999999
-51.3866729999999,-60.283615
-51.381393,-60.286667
-51.375648,-60.285263
-51.363617,-60.279449
-51.285835,-60.289169
-51.277504,-60.298058
-51.2713929999999,-60.300285
-51.2675019999999,-60.2952799999999
-51.2655559999999,-60.286667
-51.26445,-60.277229
-51.265839,-60.269173
-51.300835,-60.079445
-51.3075029999999,-60.068062
-51.330002,-60.048889
-51.33667,-60.047783
-51.346672,-60.05278
-51.405281,-60.1105579999999
---
-51.337502,-59.538338
-51.33667,-59.557503
-51.3336179999999,-59.573616
-51.275841,-59.798889
-51.273338,-59.80584
-51.26973,-59.8111109999999
-51.25695,-59.8075029999999
-51.253059,-59.8027799999999
-51.249451,-59.791389
-51.253059,-59.7319489999999
-51.2575069999999,-59.583618
-51.2630619999999,-59.487228
-51.2647249999999,-59.4791719999999
-51.267784,-59.473061
-51.305557,-59.450836
-51.317223,-59.445557
-51.323334,-59.445557
-51.335281,-59.467781
-51.337502,-59.508339
---
