61.3883289999999,-6.66027800000001
61.389442,-6.66805599999998
61.4074940000001,-6.71916700000003
61.468048,-6.84583400000002
61.59861,-6.95833399999992
61.6191640000001,-6.96277800000001
61.6227720000001,-6.95999999999992
61.6366650000001,-6.94472299999995
61.6413880000001,-6.92639000000003
61.6436080000001,-6.91222299999993
61.644997,-6.88944500000002
61.575829,-6.72888899999992
61.573326,-6.72444499999995
61.5583270000001,-6.70944499999996
61.433052,-6.65527800000001
61.400833,-6.64166699999998
61.3972170000001,-6.64222199999995
61.389442,-6.65527800000001
---
61.7611080000001,-6.63
61.750549,-6.63888899999995
61.742775,-6.65222299999994
61.7774959999999,-6.704722
61.8177719999999,-6.83611200000001
61.8174970000001,-6.84111100000001
61.837494,-6.86611199999999
61.9011080000001,-6.90888999999993
61.904716,-6.90833400000002
61.9077760000001,-6.90472299999999
61.907494,-6.86444499999999
61.906944,-6.85583400000002
61.896942,-6.78333399999997
61.895271,-6.77694500000001
61.8588870000001,-6.66138899999999
61.8538820000001,-6.65222299999994
61.826111,-6.60416699999996
61.821663,-6.60416699999996
---
62.060272,-7.05499999999995
62.0494380000001,-7.06277799999998
62.023605,-7.165278
62.0197220000001,-7.185834
62.0186080000001,-7.20166699999999
62.0311050000001,-7.19166799999999
62.0397189999999,-7.19222300000001
62.043327,-7.19361099999992
62.049995,-7.19833399999999
62.0574950000001,-7.21194499999996
62.0644380000001,-7.22666700000002
62.0647200000001,-7.23250000000002
62.060272,-7.23333400000001
62.0427700000001,-7.25111199999998
62.0522160000001,-7.34555599999999
62.0538860000001,-7.35222199999998
62.064995,-7.37805600000002
62.0680540000001,-7.38166699999999
62.116104,-7.43111099999999
62.1236040000001,-7.43388899999997
62.127777,-7.43444499999998
62.140274,-7.435
62.143608,-7.43361199999998
62.1447220000001,-7.42638999999997
62.159996,-7.231112
62.1594390000001,-7.22333300000003
62.1288150000001,-7.163073
62.0986100000001,-7.05611099999999
62.094444,-7.04500000000002
62.091385,-7.04138899999992
62.087776,-7.040278
62.0830540000001,-7.041112
62.0677720000001,-7.04972299999997
---
61.9333270000001,-6.71777799999995
61.9344410000001,-6.72527799999995
61.9499970000001,-6.773056
61.9974980000001,-6.86916699999995
62.046661,-6.96111200000001
62.1121100000001,-7.034582
62.1255990000001,-7.13030799999996
62.172493,-7.23222299999992
62.175827,-7.23472299999997
62.1799930000001,-7.23500100000001
62.1933290000001,-7.23361199999999
62.1980510000001,-7.23277899999999
62.2847210000001,-7.21083399999998
62.304718,-7.19555600000001
62.3077770000001,-7.19222300000001
62.303886,-7.13499999999999
62.302216,-7.12805599999996
62.2908330000001,-7.08750099999997
62.2847210000001,-7.07055600000001
62.282219,-7.06583399999994
62.27916,-7.06249999999994
62.2724990000001,-7.05750099999995
62.2575000000001,-7.05222199999997
62.243332,-7.04500000000002
62.239998,-7.04250000000002
62.2336040000001,-7.03666700000002
62.193054,-6.99083399999995
62.182495,-6.97388899999999
62.168053,-6.94583399999993
62.1538850000001,-6.91638899999992
62.124443,-6.84138999999993
62.04361,-6.73500100000001
62.034996,-6.72472299999993
62.0286100000001,-6.71888899999993
61.979439,-6.69638900000001
61.9752730000001,-6.69611200000003
61.940277,-6.70249999999999
61.9374920000001,-6.70694399999996
---
62.226662,-6.62361099999998
62.2274930000001,-6.63222299999995
62.234444,-6.65805599999999
62.242493,-6.68139000000002
62.2449950000001,-6.68583399999994
62.2938840000001,-6.71166699999998
62.331383,-6.72083400000002
62.259163,-6.63222299999995
62.253326,-6.62555600000002
62.2380520000001,-6.62027799999993
62.234444,-6.619167
62.229721,-6.620001
---
62.055832,-6.65750000000003
62.0586090000001,-6.66972299999998
62.0927730000001,-6.75277799999998
62.1672210000001,-6.92194499999999
62.182495,-6.94805599999995
62.1933290000001,-6.96416799999992
62.226387,-7.01111099999997
62.237778,-7.02500099999997
62.244438,-7.02944500000001
62.2958300000001,-7.06249999999994
62.3136060000001,-7.06027799999998
62.339165,-6.958056
62.338051,-6.95027800000003
62.3341600000001,-6.93805599999996
62.290276,-6.80722200000002
62.2599950000001,-6.73500100000001
62.196938,-6.60111099999995
62.1941600000001,-6.59777799999995
62.1341630000001,-6.58805599999999
62.102493,-6.64972299999994
62.0997160000001,-6.65416699999992
62.0961070000001,-6.65694500000001
62.092499,-6.65750000000003
---
62.168884,-6.518056
62.173882,-6.52722299999994
62.196938,-6.55555599999997
62.2116620000001,-6.57249999999993
62.224998,-6.58194400000002
62.2397159999999,-6.58805599999999
62.250984,-6.55085800000001
62.3009000000001,-6.54897399999993
62.3498759999999,-6.57440300000002
62.357498,-6.54166700000002
62.3424989999999,-6.53666700000002
62.3180540000001,-6.52222299999994
62.291382,-6.49277799999993
62.2883300000001,-6.48889000000003
62.2688830000001,-6.43000000000001
62.2599950000001,-6.39777900000001
62.258049,-6.392222
62.2549970000001,-6.38888900000001
62.2508320000001,-6.38861200000002
62.2461090000001,-6.389723
62.1916660000001,-6.40722299999999
62.1886060000001,-6.40861099999995
62.1852720000001,-6.41222299999998
62.183884,-6.41861199999994
---
62.256104,-6.59499999999997
62.2586060000001,-6.60833400000001
62.261108,-6.61305600000003
62.266937,-6.620001
62.322495,-6.664445
62.3297200000001,-6.66805599999998
62.3338850000001,-6.66833399999996
62.347221,-6.66666699999996
62.351944,-6.66583300000002
62.372498,-6.66083300000003
62.3741610000001,-6.65472299999993
62.3741610000001,-6.64583399999992
62.373055,-6.63805599999995
62.3708270000001,-6.63222299999995
62.306389,-6.57361100000003
62.296387,-6.56638899999996
62.2813870000001,-6.56138899999996
62.276939,-6.56111099999998
62.273331,-6.56166699999994
62.265274,-6.56555599999996
62.2588880000001,-6.57249999999993
62.2563860000001,-6.58583399999998
---
62.284439,-6.41500100000002
62.285553,-6.42277799999994
62.2977749999999,-6.480278
62.3074950000001,-6.48861099999993
62.383606,-6.54694499999999
62.3869399999999,-6.54527899999999
62.394165,-6.53083400000003
62.3961110000001,-6.52527799999996
62.3969420000001,-6.51916699999998
62.386383,-6.49833399999994
62.3813860000001,-6.48916699999995
62.2969439999999,-6.39166699999993
62.284439,-6.40611199999995
---
