-49.6786119999999,69.8033290000001
-49.678062,69.793884
-49.671951,69.782211
-49.665558,69.7705540000001
-49.65889,69.7619320000001
-49.646393,69.77916
-49.645004,69.787491
-49.647224,69.794998
-49.654167,69.8055420000001
-49.658058,69.8097080000001
-49.662224,69.813889
-49.6677779999999,69.8161010000001
-49.673889,69.817215
-49.678062,69.812775
---
-49.575279,70.006653
-49.548058,69.9538879999999
-49.54528,69.947495
-49.528618,69.8988800000001
-49.5230559999999,69.8652650000001
-49.519173,69.850266
-49.516396,69.8438869999999
-49.508057,69.835541
-49.502502,69.837769
-49.5005569999999,69.8452760000001
-49.5005569999999,69.85582
-49.504723,69.8916630000001
-49.513062,69.921097
-49.5155559999999,69.92749
-49.5444489999999,69.9888760000001
-49.5533369999999,70.006653
-49.5569459999999,70.011932
-49.561668,70.0152740000001
-49.567223,70.0152740000001
-49.571945,70.011932
---
-49.4794459999999,69.896942
-49.4780579999999,69.8886109999999
-49.4647289999999,69.85582
-49.4594499999999,69.843048
-49.454445,69.8399960000001
-49.43,69.825272
-49.425835,69.825272
-49.422226,69.830551
-49.422226,69.8391570000001
-49.427223,69.8527680000001
-49.430557,69.8580470000001
-49.471672,69.904434
-49.4772259999999,69.904434
---
-49.364174,68.772217
-49.36306,68.710266
-49.362785,68.6997069999999
-49.3533399999999,68.650269
-49.343613,68.64444
-49.338341,68.6466520000001
-49.321396,68.662766
-49.317223,68.667221
-49.315285,68.6744380000001
-49.3266679999999,68.795273
-49.328339,68.801666
-49.33445,68.800278
-49.361671,68.789154
---
-49.208336,69.5552670000001
-49.2075039999999,69.5477750000001
-49.196671,69.5330510000001
-49.188339,69.552216
-49.151115,69.662491
-49.151115,69.6710970000001
-49.153061,69.678329
-49.158058,69.6772160000001
-49.1988909999999,69.645554
-49.2025069999999,69.6402740000001
-49.205284,69.633881
-49.2072299999999,69.6266630000001
-49.207779,69.606659
---
-49.099449,69.2155460000001
-49.096672,69.2091520000001
-49.0919489999999,69.2061
-49.0863949999999,69.2041629999999
-49.0150069999999,69.203049
-48.967224,69.2163850000001
-48.9147259999999,69.272491
-48.907784,69.2830510000001
-48.885559,69.3427730000001
-48.884171,69.3511050000001
-48.886391,69.368881
-48.929726,69.406937
-48.936111,69.408051
-48.942223,69.406937
-48.946945,69.4036100000001
-49.039169,69.3324890000001
-49.091118,69.264709
---
-48.988617,69.1427760000001
-48.983894,69.139709
-48.97084,69.138885
-48.924171,69.1480410000001
-48.919449,69.151382
-48.8880619999999,69.176666
-48.860001,69.207489
-48.8561169999999,69.2222140000001
-48.880836,69.2458190000001
-48.886948,69.2447200000001
-48.892502,69.2424930000001
-48.960007,69.188324
-48.9702839999999,69.1774900000001
-48.9777829999999,69.1680450000001
-48.98806,69.1522220000001
---
-48.886948,69.4763790000001
-48.886673,69.46582
-48.885559,69.4574890000001
-48.880005,69.4452669999999
-48.864723,69.4263760000001
-48.848061,69.4099880000001
-48.839172,69.4027710000001
-48.83445,69.401932
-48.830833,69.406937
-48.8275069999999,69.4227750000001
-48.82695,69.4424900000001
-48.828339,69.4508210000001
-48.8602829999999,69.517212
-48.8658369999999,69.517212
-48.87056,69.5141600000001
-48.877228,69.503601
-48.882782,69.491104
---
-48.847229,68.9511110000001
-48.7877809999999,69.079437
-48.77639,69.103607
-48.768059,69.1224980000001
-48.758057,69.152771
-48.756111,69.170547
-48.75695,69.1797180000001
-48.76667,69.1860960000001
-48.778893,69.1877750000001
-48.8255619999999,69.1788789999999
-48.845284,69.1669310000001
-48.885559,69.12999
-48.888893,69.1247100000001
-48.946114,69.056931
-49.030838,69.0030520000001
-49.036949,69.001663
-49.0844499999999,68.9997100000001
-49.0905609999999,69.000824
-49.0947269999999,69.0049900000001
-49.119728,69.0630489999999
-49.119171,69.070541
-49.113617,69.0686040000001
-49.1038889999999,69.062485
-49.089447,69.053329
-49.085281,69.049164
-49.07917,69.04805
-49.036667,69.0508270000001
-49.031113,69.053329
-49.021667,69.0597080000001
-49.004723,69.086105
-49.0013959999999,69.0913850000001
-48.995834,69.1038820000001
-48.994728,69.1124879999999
-48.994728,69.122772
-49.01973,69.1580510000001
-49.024445,69.1611020000001
-49.125557,69.2172090000001
-49.1141739999999,69.2413790000001
-49.111389,69.2477720000001
-49.109451,69.255264
-49.108063,69.263611
-49.1055599999999,69.2908330000001
-49.0936129999999,69.3267749999999
-49.0911139999999,69.3356020000001
-49.0879479999999,69.3432770000001
-49.0857809999999,69.346443
-49.0533369999999,69.3888850000001
-49.040283,69.400543
-49.036949,69.4058230000001
-48.9558329999999,69.5477750000001
-48.9516679999999,69.5624850000001
-48.949173,69.579163
-48.9516679999999,69.5855410000001
-48.978058,69.6219330000001
-49.063896,69.659988
-49.070007,69.661102
-49.120003,69.6449890000001
-49.124168,69.6408230000001
-49.126114,69.6333310000001
-49.1341709999999,69.57666
-49.139725,69.5324860000001
-49.138893,69.523331
-49.136948,69.515823
-49.1341709999999,69.50972
-49.125,69.4813840000001
-49.121391,69.4552760000001
-49.131729,69.3653869999999
-49.132057,69.359718
-49.13456,69.35704
-49.186394,69.2824860000001
-49.192505,69.283325
-49.1980589999999,69.285263
-49.200836,69.291656
-49.200279,69.3011020000001
-49.181396,69.3455510000001
-49.1786119999999,69.351654
-49.1744459999999,69.3561100000001
-49.163612,69.3602750000001
-49.1661149999999,69.4663850000001
-49.24028,69.4633330000001
-49.2780609999999,69.4947200000001
-49.304451,69.582764
-49.307228,69.5994420000001
-49.30806,69.608887
-49.311668,69.6941530000001
-49.311668,69.704712
-49.307503,69.7194369999999
-49.248894,69.8563839999999
-49.243896,69.8594360000001
-49.237785,69.86055
-49.2316739999999,69.8597110000001
-49.221947,69.8533330000001
-49.2180559999999,69.849152
-49.214447,69.8480530000001
-49.181671,69.9047090000001
-49.162506,69.9511110000001
-49.123894,70.055832
-49.120003,70.078888
-49.12056,70.0863800000001
-49.1225049999999,70.0935970000001
-49.1350019999999,70.1377720000001
-49.137779,70.144165
-49.108612,70.2447200000001
-49.0977779999999,70.248596
-49.088058,70.25499
-49.080559,70.2644350000001
-49.056396,70.3008270000001
-49.053062,70.3061069999999
-49.050835,70.3238830000001
-49.050835,70.334442
-49.058891,70.4119420000001
-49.0650019999999,70.4569400000001
-49.067505,70.4633330000001
-49.0947269999999,70.526382
-49.0988919999999,70.5305480000001
-49.213341,70.5663760000001
-49.225563,70.5686040000001
-49.2325059999999,70.5686040000001
-49.2450029999999,70.5666659999999
-49.258614,70.5616610000001
-49.292229,70.539993
-49.319168,70.5180510000001
-49.3316729999999,70.5055540000001
-49.3577799999999,70.4722140000001
-49.371391,70.451111
-49.373062,70.442764
-49.362785,70.4058230000001
-49.349167,70.3847200000001
-49.340279,70.366653
-49.338341,70.3594360000001
-49.341667,70.343597
-49.3452839999999,70.338333
-49.377502,70.309998
-49.382225,70.3069310000001
-49.387779,70.309158
-49.406952,70.32193
-49.414452,70.372498
-49.415001,70.381943
-49.414452,70.3913880000001
-49.412781,70.399994
-49.412781,70.418884
-49.424446,70.4538880000001
-49.4283369999999,70.4580540000001
-49.4333339999999,70.46138
-49.439445,70.4622190000001
-49.4441679999999,70.459152
-49.4408339999999,70.4369350000001
-49.4374999999999,70.4105530000001
-49.4374999999999,70.3705440000001
-49.4383389999999,70.339996
-49.4350049999999,70.303055
-49.4241709999999,70.290268
-49.403618,70.2827760000001
-49.378891,70.2699890000001
-49.370003,70.262497
-49.365837,70.2583310000001
-49.3494489999999,70.220551
-49.346947,70.2141570000001
-49.345558,70.2058260000001
-49.343338,70.177216
-49.341393,70.127777
-49.342781,70.1194310000001
-49.3450009999999,70.1119380000001
-49.351669,70.101379
-49.354446,70.0952760000001
-49.361389,70.074158
-49.3661119999999,70.049988
-49.3669509999999,70.0402680000001
-49.3661119999999,70.030823
-49.3619459999999,69.9844360000001
-49.358063,69.959442
-49.34639,69.913879
-49.3408359999999,69.901382
-49.338615,69.8941650000001
-49.3408359999999,69.8277740000001
-49.344727,69.823608
-49.349724,69.8224950000001
-49.373062,69.870819
-49.375839,69.8772130000001
-49.383339,69.897217
-49.390839,69.917221
-49.394447,69.9224850000001
-49.431396,69.9424900000001
-49.436951,69.9424900000001
-49.446396,69.9086
-49.445839,69.899155
-49.440285,69.8863830000001
-49.4250029999999,69.867493
-49.411949,69.85582
-49.394173,69.831665
-49.388618,69.819153
-49.394173,69.7747190000001
-49.463226,69.786606
-49.499725,69.8022690000001
-49.5108949999999,69.810432
-49.513393,69.812935
-49.5175589999999,69.819267
-49.5192259999999,69.8231049999999
-49.5519489999999,69.8408200000001
-49.5863949999999,70.0213780000001
-49.5644449999999,70.0405430000001
-49.5533369999999,70.036377
-49.533615,70.035263
-49.529449,70.0394440000001
-49.5266719999999,70.0458220000001
-49.508057,70.133331
-49.5075069999999,70.1536100000001
-49.508614,70.1619420000001
-49.538612,70.316376
-49.5441739999999,70.328888
-49.548058,70.333328
-49.553062,70.3363800000001
-49.563339,70.333328
-49.568893,70.331375
-49.600281,70.316666
-49.660835,70.2810970000001
-49.6875,70.2588810000001
-49.691116,70.2536010000001
-49.7063899999999,70.0469360000001
-49.7022249999999,69.87944
-49.696671,69.866943
-49.686394,69.85083
-49.678062,69.842499
-49.59584,69.77916
-49.582779,69.7783200000001
-49.556671,69.7805480000001
-49.5419499999999,69.753769
-49.5391159999999,69.7556
-49.535782,69.7569430000001
-49.531616,69.7569430000001
-49.526615,69.7519380000001
-49.514782,69.7386020000001
-49.5013959999999,69.643326
-49.5041729999999,69.637207
-49.5088959999999,69.633881
-49.51445,69.633881
-49.531113,69.650543
-49.535004,69.654999
-49.537781,69.671661
-49.540001,69.679153
-49.542778,69.685547
-49.546112,69.690826
-49.581116,69.7211
-49.587502,69.722214
-49.638062,69.7177730000001
-49.650558,69.715546
-49.6552809999999,69.7122190000001
-49.6661149999999,69.6974950000001
-49.668335,69.689987
-49.6680599999999,69.6413880000001
-49.636116,69.4827730000001
-49.625557,69.4458310000001
-49.62278,69.4394379999999
-49.612503,69.423599
-49.564728,69.359711
-49.512779,69.254715
-49.536392,69.087494
-49.537781,69.0811000000001
-49.541115,69.0758210000001
-49.55056,69.0691530000001
-49.562225,69.067764
-49.568336,69.068878
-49.585007,69.074997
-49.610283,69.0883330000001
-49.618057,69.097488
-49.631111,69.109161
-49.643616,69.110825
-49.65667,69.1097110000001
-49.675003,69.10611
-49.690559,69.077209
-49.720284,69.006653
-49.723618,68.9908290000001
-49.724167,68.9811100000001
-49.725006,68.9302670000001
-49.721947,68.7977750000001
-49.715561,68.7863770000001
-49.684448,68.760544
-49.679726,68.7574920000001
-49.66584,68.7577670000001
-49.5988919999999,68.769989
-49.593338,68.772217
-49.57917,68.7819370000001
-49.528061,68.8222200000001
-49.513062,68.839432
-49.4752809999999,68.8266599999999
-49.403618,68.880829
-49.340004,68.821381
-49.224167,68.7608180000001
-49.220001,68.758881
-49.071671,68.7391660000001
-49.066116,68.741379
-48.884445,68.826111
-48.81778,68.881943
-48.754448,68.9508210000001
-48.749725,68.954163
-48.74556,68.9499970000001
-48.742783,68.9438780000001
-48.740562,68.9261020000001
-48.738335,68.9188840000001
-48.733612,68.9158330000001
-48.726669,68.916107
-48.6700059999999,68.951385
-48.663338,68.9619290000001
-48.65139,69.0349880000001
-48.653061,69.0516660000001
-48.657227,69.0661010000001
-48.660004,69.0722200000001
-48.664169,69.0763850000001
-48.695007,69.0788880000001
-48.757507,69.074707
-48.797501,69.001099
---
-48.655281,68.6513820000001
-48.654724,68.641937
-48.647507,68.613052
-48.64473,68.6069340000001
-48.6397249999999,68.6061100000001
-48.635834,68.6102750000001
-48.628891,68.620819
-48.628059,68.6686100000001
-48.628891,68.6780550000001
-48.6325069999999,68.6830440000001
-48.6366729999999,68.6849980000001
-48.6405559999999,68.680832
-48.6438899999999,68.6755519999999
---
-48.616394,68.789444
-48.614174,68.782211
-48.61084,68.7772220000001
-48.605835,68.7741550000001
-48.6002809999999,68.7741550000001
-48.577225,68.7872160000001
-48.571671,68.7997130000001
-48.5691679999999,68.8163760000001
-48.570557,68.824707
-48.574173,68.8297120000001
-48.579727,68.831665
-48.585281,68.831665
-48.591393,68.830551
-48.5961149999999,68.8272090000001
-48.6002809999999,68.8230440000001
-48.615005,68.7977750000001
---
-46.4636149999999,52.191383
-46.456947,52.1702730000001
-46.431671,52.109444
-46.42556,52.098328
-46.417229,52.0902710000001
-46.4111179999999,52.0883329999999
-46.406113,52.0905530000001
-46.402229,52.094994
-46.39917,52.1005550000001
-46.3833389999999,52.1391600000001
-46.371391,52.1783290000001
-46.370834,52.1949999999999
-46.378059,52.2572169999999
-46.382782,52.269997
-46.404724,52.3072200000001
-46.408058,52.3108290000001
-46.413612,52.3097150000001
-46.439728,52.3008270000001
-46.444725,52.2986070000001
-46.451668,52.2886050000001
-46.457504,52.25444
---
-46.456673,51.803055
-46.4538959999999,51.724442
-46.451668,51.71833
-46.448616,51.712776
-46.444725,51.7083280000001
-46.399727,51.6616590000001
-46.385834,51.650833
-46.374168,51.651939
-46.369728,51.655548
-46.328896,51.727493
-46.326393,51.734161
-46.328896,51.749443
-46.3311159999999,51.7558290000001
-46.3411179999999,51.779999
-46.3436129999999,51.7844390000001
-46.3822249999999,51.841942
-46.386116,51.8466640000001
-46.39917,51.858604
-46.403618,51.8622209999999
-46.409729,51.8641660000001
-46.4152829999999,51.863052
-46.4241709999999,51.8561100000001
-46.4505619999999,51.8249970000001
-46.453613,51.819443
---
-46.13195,50.2624970000001
-46.116112,50.203049
-46.111115,50.190552
-46.108063,50.185272
-46.1033399999999,50.1816640000001
-46.092781,50.1766660000001
-46.08667,50.174721
-46.0797269999999,50.174164
-46.067505,50.174721
-46.0625,50.1769410000001
-46.05806,50.1805500000001
-46.053894,50.195
-46.0461119999999,50.2613830000001
-46.0477829999999,50.2686079999999
-46.050835,50.273888
-46.0838929999999,50.2974930000001
-46.089447,50.29805
-46.101112,50.2966610000001
-46.112228,50.293884
-46.117226,50.2913820000001
-46.125839,50.2844390000001
-46.131393,50.2722170000001
---
-38.739723,77.522766
-38.734726,77.503601
-38.7311169999999,77.4997100000001
-38.724724,77.4997100000001
-38.707504,77.5022130000001
-38.703896,77.506104
-38.704727,77.521103
-38.724724,77.5366519999999
-38.730835,77.5383300000001
-38.734726,77.534439
-38.737785,77.529434
---
-37.907784,77.5427700000001
-37.902779,77.5255430000001
-37.8883359999999,77.509155
-37.876114,77.498047
-37.862503,77.4886020000001
-37.84584,77.4824980000001
-37.840279,77.481659
-37.835281,77.4838870000001
-37.83223,77.4886020000001
-37.821114,77.5194400000001
-37.8191679999999,77.5261080000001
-37.818611,77.534714
-37.81945,77.5419309999999
-37.8225019999999,77.5544430000001
-37.826393,77.558319
-37.8675,77.5866550000001
-37.87278,77.588882
-37.878334,77.5877690000001
-37.887222,77.5819400000001
-37.902779,77.5541530000001
---
-17.076115,42.7519380000001
-17.075279,42.745552
-17.072781,42.737495
-17.063892,42.726387
-17.06028,42.7230530000001
-17.055557,42.7211070000001
-17.052223,42.7247160000001
-17.0511129999999,42.7305530000001
-17.051392,42.7363820000001
-17.0527799999999,42.742218
-17.059723,42.7569429999999
-17.0627779999999,42.7611079999999
-17.066948,42.763885
-17.071667,42.761665
-17.075001,42.7577739999999
---
