-0.768888999999945,9.00222200000007
-0.765277999999967,8.99194300000011
-0.756666999999993,8.97972099999998
-0.753056000000015,8.97638699999999
-0.740556000000026,8.96861100000001
-0.731388999999979,8.96416699999997
-0.67138899999992,8.94722200000001
-0.658332999999971,8.94666499999994
-0.64694499999996,8.94916500000005
-0.625832999999943,8.96277600000002
-0.617777999999987,8.96833199999998
-0.600278000000003,9.0011100000001
-0.598888999999929,9.00666600000005
-0.656110999999953,9.04361000000006
-0.666667000000018,9.04666500000008
-0.671943999999939,9.04638899999998
-0.74249999999995,9.03861000000012
-0.747777999999926,9.0355550000001
-0.763056000000006,9.01666600000004
-0.767777999999964,9.00777600000009
---
0.267222000000004,9.54138799999998
0.270832999999982,9.5380550000001
0.276944000000071,9.53888699999999
0.281667000000084,9.54083300000008
0.285000000000139,9.544443
0.284167000000139,9.54916599999996
0.28055599999999,9.55250000000012
0.274444000000017,9.55444299999994
---
2.25888900000007,12.5958330000001
2.25138900000002,12.6311090000001
2.23333300000013,12.7488880000001
2.23277800000005,12.7549989999999
2.24027799999993,12.8641660000001
2.25611100000009,13
2.27111100000008,13.1138880000001
2.27833300000003,13.126944
2.28027800000001,13.131943
2.28388900000004,13.161943
2.28194400000001,13.180832
2.26777700000008,13.249443
2.26444399999997,13.259722
2.23388899999998,13.290554
2.22555499999999,13.2958320000001
2.21055600000011,13.300833
2.17111100000011,13.2961100000001
2.16361100000006,13.293888
2.07777700000014,13.2911110000001
2.06694399999998,13.288332
2.04805499999998,13.279722
2.04000000000013,13.274166
2.02999999999997,13.2636110000001
1.97777800000011,13.2069440000001
1.92916700000006,13.184166
1.880833,13.177221
1.87277799999998,13.1824990000001
1.86777799999999,13.1844440000001
1.84111100000001,13.1913870000001
1.81305600000007,13.194443
1.80305600000008,13.190832
1.76444400000008,13.1716650000001
1.713055,13.1455550000001
1.70833299999993,13.143332
1.70305500000006,13.141943
1.58916699999997,13.1324999999999
1.58444400000013,13.1330550000001
1.56861099999998,13.137499
1.53972199999998,13.156666
1.53694400000001,13.160831
1.51055600000012,13.1902770000001
1.44833299999999,13.2247220000001
1.42722199999997,13.2358320000001
1.39555499999994,13.2463870000001
1.33666700000009,13.2508320000001
1.33055500000012,13.2499999999999
1.32583300000005,13.247776
1.29972200000003,13.2255550000001
1.29638900000009,13.221943
1.29166700000002,13.2130550000001
1.291111,13.2069440000001
1.29250000000002,13.2013870000001
1.29277800000011,13.195276
1.29083300000013,13.1905540000001
1.28222199999993,13.17861
1.27805499999999,13.1758330000001
1.255,13.1686100000001
1.23972199999997,13.1724990000001
1.22247599999997,13.186785
1.22166700000002,13.205
1.22388899999999,13.2616650000001
1.22444400000012,13.2677760000001
1.23222200000009,13.300833
1.23666600000007,13.309721
1.26861099999996,13.362221
1.27527800000007,13.3677769999999
1.29055500000004,13.4691660000001
1.30583300000006,13.5730550000001
1.38888899999995,13.782776
1.39916700000003,13.7861100000001
1.43388900000002,13.7983320000001
1.43583299999995,13.803333
1.43638900000013,13.808054
1.44111100000003,13.8919430000001
1.43888900000002,13.9036100000001
1.41638899999998,13.977499
1.37527799999998,14.0738890000001
1.37583300000011,14.08
1.37861100000009,14.0911100000001
1.38444400000009,14.105555
1.38972199999995,14.1136090000001
1.39166699999998,14.11861
1.39555499999994,14.1349980000001
1.39666699999998,14.1472210000001
1.39527800000013,14.1594430000001
1.39138900000006,14.188889
1.38972199999995,14.194166
1.36333300000001,14.2361110000001
1.34083299999998,14.263887
1.33361100000002,14.269999
1.32638900000001,14.2738880000001
1.31916700000005,14.276667
1.26416699999999,14.291943
1.25666700000011,14.2933330000001
1.24944400000004,14.2936100000001
1.19527800000009,14.2933330000001
1.10611100000011,14.320555
0.960555999999997,14.4255540000001
0.936110999999983,14.4544430000001
0.929167000000064,14.4694440000001
0.920833000000073,14.4841650000001
0.913611000000117,14.487221
0.830832999999927,14.4736100000001
0.625000000000057,14.3499980000001
0.618055000000084,14.3436110000001
0.546666999999957,14.2738880000001
0.544721999999979,14.2647210000001
0.535554999999988,14.203054
0.536111000000005,14.1958330000001
0.544721999999979,14.1758330000001
0.546943999999996,14.1686100000001
0.551110999999992,14.1447220000001
0.551389000000086,14.13722
0.548332999999957,14.110832
0.54638900000009,14.102777
0.543055999999979,14.0955539999999
0.537778000000117,14.0875
0.52277800000013,14.0738890000001
0.353056000000095,13.9630550000001
0.344167000000027,13.957777
0.222778000000119,13.8886110000001
0.214722000000052,13.886944
0.189999999999998,13.885832
0.112222000000031,13.9113880000001
0.0405559999999809,13.9447210000001
0.0333330000001411,13.949999
0.0247219999999402,13.950832
-0.0380559999999832,13.9402769999999
-0.0964349999999286,13.900051
-0.137778000000026,13.866665
-0.152777999999955,13.8574980000001
-0.167500000000018,13.852221
-0.182777999999985,13.849722
-0.198610999999971,13.8483310000001
-0.206666999999925,13.849722
-0.261666999999989,13.8936100000001
-0.266666999999984,13.9016669999999
-0.268056000000001,13.908888
-0.263610999999969,13.916666
-0.241110999999933,13.928055
-0.234999999999957,13.9358329999999
-0.235277999999994,13.943054
-0.237221999999974,13.974998
-0.238055999999972,13.9819430000001
-0.250277999999923,14.066387
-0.253332999999998,14.0738890000001
-0.277777999999955,14.1288870000001
-0.285277999999948,14.1349980000001
-0.332778000000019,14.1516670000001
-0.374167,14.1661110000001
-0.413333000000023,14.1755539999999
-0.430556000000024,14.17861
-0.444722000000013,14.1924990000001
-0.438610999999923,14.235277
-0.433332999999948,14.3066650000001
-0.43555600000002,14.3222220000001
-0.439443999999924,14.3311100000001
-0.474721999999929,14.409166
-0.478888999999924,14.4175
-0.518611000000021,14.4566650000001
-0.548055999999974,14.48361
-0.609166999999957,14.5186100000001
-0.61749999999995,14.5205550000001
-0.667500000000018,14.5083329999999
-0.685000000000002,14.503611
-0.700832999999932,14.494999
-0.731666999999959,14.4744430000001
-0.740277999999932,14.471388
-0.918888999999979,14.4305550000001
-0.934999999999945,14.4269430000001
-0.995277999999985,14.4202770000001
-1.04694499999994,14.426388
-1.12722200000002,14.4544430000001
-1.21277800000001,14.4819430000001
-1.25999999999999,14.482498
-1.433333,14.476944
-1.55055599999992,14.4647220000001
-1.56888899999996,14.438055
-1.59777800000001,14.4044440000001
-1.85333300000002,14.413887
-1.85722199999992,14.4147210000001
-1.87305599999996,14.426388
-1.87777799999998,14.428333
-1.89166699999993,14.4297220000001
-1.89583299999993,14.4277760000001
-1.899722,14.424166
-1.91083299999997,14.4077760000001
-1.92527799999993,14.381666
-1.92861999999997,14.3713510000001
-1.92861099999993,14.3577769999999
-1.936667,14.322777
-1.93805600000002,14.3172210000001
-1.96611100000001,14.2644440000001
-1.97305599999999,14.258333
-1.977778,14.256388
-2.01138900000001,14.2488880000001
-2.01694499999996,14.2502769999999
-2.02027799999996,14.2536110000001
-2.02527799999996,14.2624990000001
-2.02861099999996,14.2666660000001
-2.03277799999995,14.2694440000001
-2.03944399999995,14.2694440000001
-2.04500000000002,14.26861
-2.12638900000002,14.2536110000001
-2.29277799999994,14.2213880000001
-2.35861199999999,14.201666
-2.36055599999997,14.196665
-2.37166699999995,14.1811100000001
-2.391389,14.1569440000001
-2.39972299999999,14.150833
-2.46527800000001,14.11861
-2.49305600000002,14.110832
-2.49611099999993,14.0822219999999
-2.49083399999995,13.919167
-2.48944499999993,13.9136100000001
-2.47638899999998,13.878887
-2.47416699999997,13.8738880000001
-2.46888899999999,13.8658330000001
-2.46416699999992,13.8636089999999
-2.42305599999992,13.8644430000001
-2.31472300000002,13.878887
-2.14444399999996,13.8094440000001
-2.09305599999999,13.7705550000001
-2.08944500000001,13.766943
-2.08888899999999,13.76222
-2.09166699999997,13.758055
-2.15111100000001,13.727221
-2.15722199999993,13.726665
-2.18416699999995,13.727221
-2.22027799999995,13.692499
-2.32583399999999,13.5902770000001
-2.34972199999993,13.5599990000001
-2.38722200000001,13.5155540000001
-2.39694500000002,13.5047210000001
-2.40111099999996,13.5011100000001
-2.41277799999995,13.498333
-2.42722199999992,13.4922220000001
-2.43527799999998,13.4869440000001
-2.4375,13.4827770000001
-2.43861199999998,13.4766650000001
-2.42916700000001,13.3936100000001
-2.42833400000001,13.387499
-2.40249999999998,13.3299999999999
-2.37083299999995,13.2516650000001
-2.36055599999997,13.203054
-2.32777799999997,13.041388
-2.32833299999999,13.035276
-2.33805599999994,13.024166
-2.36767199999997,13.001507
-2.31555600000002,13.012499
-2.27027800000002,13.016666
-2.24027799999999,13.0063880000001
-2.22361099999995,12.995554
-2.18249999999995,12.9674990000001
-2.17999999999995,12.963333
-2.18138899999997,12.957777
-2.18944499999992,12.952221
-2.19277799999992,12.948889
-2.19499999999994,12.9441660000001
-2.19499999999994,12.937777
-2.19361099999992,12.932499
-2.18805600000002,12.9241660000001
-2.18416699999995,12.921389
-2.14277799999996,12.900833
-1.98749999999995,12.846666
-1.97027800000001,12.850277
-1.95444499999996,12.8452760000001
-1.91277799999995,12.821388
-1.90861099999995,12.8186090000001
-1.899722,12.793333
-1.88372599999997,12.742659
-1.86888899999997,12.73361
-1.86083300000001,12.728333
-1.854445,12.7205539999999
-1.851944,12.716665
-1.82444499999997,12.654999
-1.82249999999999,12.6499999999999
-1.82305600000001,12.5947210000001
-1.82444499999997,12.5891670000001
-1.82722200000001,12.584999
-1.87249999999995,12.5205549999999
-1.87722199999996,12.51861
-1.88555600000001,12.5238880000001
-1.88888900000001,12.527498
-1.89499999999993,12.5280550000001
-1.90527800000001,12.5247210000001
-1.91888899999998,12.5111100000001
-1.92166700000001,12.5069430000001
-1.92388899999992,12.4952769999999
-1.92111099999994,12.4911099999999
-1.90055599999999,12.4636100000001
-1.87805299999997,12.4537960000001
-1.87722199999996,12.452776
-1.87722199999996,12.4472220000001
-1.88138899999996,12.444443
-1.89083299999993,12.4402770000001
-1.90111100000001,12.4369430000001
-2.02444499999996,12.4480550000001
-2.06694499999998,12.467222
-2.08194400000002,12.478888
-2.13388900000001,12.5022220000001
-2.22111099999995,12.495832
-2.22638899999993,12.4952769999999
-2.32722200000001,12.4780540000001
-2.41694499999994,12.0525
-2.40666699999997,12.0347209999999
-2.38805600000001,12.018332
-2.36611099999999,11.9997220000001
-2.34416700000003,11.9800000000001
-2.33805599999994,11.9725
-2.33333299999998,11.9641669999999
-2.33138899999994,11.951944
-2.33249999999998,11.9463880000001
-2.37222199999997,11.8016660000001
-2.40249999999998,11.763332
-2.41888899999992,11.7333320000001
-2.37916699999994,11.6824990000001
-2.35388899999992,11.659166
-2.33249999999998,11.618055
-2.33194399999996,11.6050000000001
-2.33333299999998,11.5741649999999
-2.33944499999996,11.572777
-2.45166699999993,11.601665
-2.55027799999999,11.629721
-2.59749999999997,11.643332
-2.61333400000001,11.647499
-2.620833,11.647499
-2.62694499999998,11.6469440000001
-2.66749999999996,11.6325000000001
-2.71583399999997,11.6119439999999
-2.72888899999992,11.603054
-2.74333300000001,11.5899980000001
-2.76194500000003,11.572777
-2.79388899999998,11.54611
-2.81656799999996,11.544292
-2.83166699999998,11.5427760000001
-2.856945,11.5433330000001
-2.86527799999999,11.5488869999999
-2.86777799999999,11.553055
-2.86861099999999,11.5591660000001
-2.86722199999997,11.5647220000001
-2.86444499999999,11.568888
-2.85833399999996,11.569443
-2.85000000000002,11.574999
-2.84472199999993,11.5830550000001
-2.82055599999995,11.6277770000001
-2.81722300000001,11.6380540000001
-2.81805600000001,11.642776
-2.82333399999999,11.6511100000001
-2.82694499999997,11.6544440000001
-2.99250000000001,11.790833
-3.01305599999995,11.804443
-3.01777799999996,11.8052769999999
-3.03638899999993,11.782499
-3.04722299999997,11.7661090000001
-3.04916699999995,11.7613890000001
-3.04916699999995,11.7544440000001
-3.04722299999997,11.749722
-3.03833300000002,11.738054
-3.037778,11.7319430000001
-3.05055599999997,11.717499
-3.05555599999997,11.715277
-3.08888899999999,11.7011110000001
-3.09499999999997,11.700277
-3.17305599999997,11.6988890000001
-3.17805600000003,11.7011110000001
-3.17999999999995,11.712776
-3.19777799999997,11.763332
-3.20583299999998,11.782499
-3.21472299999994,11.8011090000001
-3.28861099999995,11.9538879999999
-3.29138899999992,11.9580550000001
-3.29833400000001,11.964722
-3.31138900000002,11.9725
-3.31611199999998,11.974443
-3.32222199999995,11.9749980000001
-3.32777800000002,11.9738880000001
-3.33861100000001,11.971109
-3.34361100000001,11.968887
-3.35166699999996,11.96361
-3.36666699999995,11.9374980000001
-3.37555600000002,11.925833
-3.38583399999999,11.915554
-3.39416699999998,11.9100000000001
-3.40777799999995,11.9030550000001
-3.55611099999993,11.8394430000001
-3.56249999999994,11.8388880000001
-3.57472200000001,11.839998
-3.57944499999996,11.842222
-3.586389,11.849165
-3.58972299999994,11.852499
-3.59527799999995,11.860554
-3.59638899999993,11.86611
-3.60000000000002,11.8763890000001
-3.61500000000001,11.909443
-3.62666699999994,11.9249990000001
-3.63138899999996,11.9272209999999
-3.63694500000003,11.925833
-3.65888899999999,11.9133320000001
-3.66277799999995,11.9108310000001
-3.67944499999993,11.899166
-3.69916699999999,11.884722
-3.70611099999996,11.877777
-3.70861099999996,11.87361
-3.70999999999998,11.868332
-3.70671499999992,11.838926
-3.686667,11.7400000000001
-3.64027800000002,11.654999
-3.63611100000003,11.652498
-3.59861099999995,11.628332
-3.53833300000002,11.587221
-3.53166700000003,11.580276
-3.51722199999995,11.5605550000001
-3.51249999999999,11.551666
-3.50694499999997,11.529722
-3.50638899999996,11.5236110000001
-3.50694499999997,11.496944
-3.51111099999997,11.4872210000001
-3.63333399999993,11.302221
-3.684167,11.236387
-3.69361099999998,11.225555
-3.69777799999997,11.2227760000001
-3.84138899999999,11.167776
-3.918612,11.1419430000001
-3.92527699999999,11.1406610000001
-3.85722299999998,11.050278
-3.84666699999997,11.039999
-3.8075,11.0105550000001
-3.80333400000001,11.008055
-3.75055600000002,10.985832
-3.73749999999995,10.9852770000001
-3.724445,10.9863870000001
-3.71805599999993,10.985832
-3.70277799999997,10.980555
-3.69027799999998,10.9725
-3.68277799999993,10.966665
-3.66777799999994,10.953888
-3.64666699999992,10.933611
-3.63333399999993,10.919443
-3.55277799999999,10.8274990000001
-3.53083400000003,10.8011090000001
-3.49694499999998,10.7522220000001
-3.47194499999995,10.714167
-3.35805599999998,10.648611
-3.351944,10.6480540000001
-3.34083399999992,10.6455550000001
-3.33111100000002,10.641666
-3.30888900000002,10.629721
-3.28583299999997,10.6116660000001
-3.16888899999998,10.5013890000001
-3.10416700000002,10.435276
-2.97861099999994,10.3019430000001
-2.90249999999998,10.198332
-2.88555600000001,10.1738869999999
-2.80444499999993,10.0686090000001
-2.78527799999995,10.0461099999999
-2.73702399999996,9.99292800000006
-2.71888899999993,9.96722199999999
-2.69972200000001,9.94499999999999
-2.65583400000003,9.89527700000014
-2.64611100000002,9.88444300000009
-2.49333299999995,9.74083299999995
-2.48972199999997,9.73749899999996
-2.45027800000003,9.70138700000007
-2.44555599999995,9.70083199999999
-2.44555599999995,9.70638799999995
-2.48021999999997,9.74086499999993
-2.49543199999999,9.76905300000004
-2.50124899999997,9.79992500000003
-2.500834,9.83027600000003
-2.580556,9.96944399999995
-2.58499999999998,9.97194299999995
-2.60833400000001,9.97416499999997
-2.62555600000002,9.97305499999993
-2.628334,9.97722100000004
-2.63972199999995,10.0161090000001
-2.583056,10.151667
-2.58027800000002,10.155832
-2.57638900000001,10.1586090000001
-2.56055599999996,10.159721
-2.52777799999996,10.1363890000001
-2.51999999999998,10.1305540000001
-2.49333299999995,10.076111
-2.53750000000002,10.0033320000001
-2.56111099999998,9.98138800000004
-2.545278,9.95861099999996
-2.47555599999998,9.91194300000012
-2.41944499999994,9.86805500000003
-2.42583400000001,9.82166500000005
-2.42777799999999,9.81694400000004
-2.43055600000002,9.81277700000004
-2.43722199999996,9.80555500000008
-2.44527799999997,9.79999900000007
-2.45472199999995,9.79555500000009
-2.45888899999994,9.792776
-2.46222299999999,9.78916500000003
-2.47749999999996,9.76944400000008
-2.47999999999996,9.76527600000003
-2.47999999999996,9.75861000000003
-2.477778,9.75361099999992
-2.439504,9.72341499999993
-2.42750000000001,9.66750000000002
-2.42472299999991,9.66361000000006
-2.39416699999998,9.63194300000004
-2.37666699999994,9.61527599999999
-2.36472199999997,9.60666700000002
-2.34444500000001,9.59249899999998
-2.33611199999996,9.58722100000006
-2.33138899999994,9.58527800000007
-2.29944499999993,9.57860899999997
-2.29333399999996,9.57805400000007
-2.27555599999999,9.57999999999998
-2.255,9.58055500000006
-2.22444499999995,9.57722100000007
-2.21361099999996,9.57472000000007
-2.20916699999998,9.57194300000003
-2.19388900000001,9.55999900000012
-2.18249999999995,9.55055400000003
-2.14027799999997,9.51055500000007
-2.12638900000002,9.4969440000001
-2.119167,9.48972100000003
-2.11416700000001,9.48083300000002
-2.09499999999997,9.45861100000008
-2.08527800000002,9.44777700000003
-2.06416699999994,9.42722100000009
-2.05777799999998,9.42111
-2.015556,9.38083300000011
-2.00722300000001,9.37555500000002
-1.99861099999993,9.37027699999993
-1.936667,9.33694300000002
-1.90749999999997,9.322498
-1.91749999999996,9.44333300000005
-1.97055599999999,9.47360999999995
-2.00722300000001,9.48833300000013
-2.06749999999994,9.53360900000013
-2.07027799999997,9.53777700000001
-2.06833399999994,9.54249999999996
-2.059167,9.56055500000014
-2.05583300000001,9.564165
-2.03750000000002,9.566666
-2.03194499999995,9.56611100000009
-1.92694399999993,9.51805500000012
-1.86416700000001,9.48527700000005
-1.85500000000002,9.47360999999995
-1.85083300000002,9.46416700000009
-1.82249999999999,9.37972100000007
-1.82416699999999,9.36666500000007
-1.85666700000002,9.34805499999999
-1.85722199999992,9.31638700000008
-1.851111,9.26638800000012
-1.849445,9.26083200000011
-1.84611099999995,9.25750000000011
-1.79138899999998,9.24444400000004
-1.77972199999999,9.24277699999999
-1.76666699999993,9.24360999999999
-1.76194499999997,9.24583199999995
-1.75805599999995,9.24888800000002
-1.749167,9.25388700000013
-1.74361099999999,9.25527799999992
-1.73055599999992,9.25499900000011
-1.71333299999998,9.25194399999992
-1.629167,9.23638700000009
-1.61472199999997,9.23055499999998
-1.59583399999997,9.22194300000012
-1.56111099999998,9.20222100000007
-1.53527799999995,9.18722200000002
-1.524722,9.17722099999997
-1.47055599999993,9.12861099999998
-1.39277800000002,9.06944300000004
-1.373333,9.05472200000003
-1.33611099999996,9.03027700000001
-1.31111099999993,9.01472100000007
-1.29775599999994,9.00778600000001
-1.25055600000002,8.98666600000013
-1.23416699999996,8.98305499999998
-1.23694499999993,8.98555399999998
-1.26514599999996,8.99790000000007
-1.30690600000003,9.0163940000001
-1.32360999999992,9.028325
-1.32579699999997,9.03488700000008
-1.32599599999998,9.04284100000007
-1.32679099999996,9.05457400000006
-1.34027799999996,9.07555400000012
-1.40722199999999,9.11638800000009
-1.53027799999995,9.23333200000008
-1.63888900000001,9.29111100000006
-1.629167,9.36194400000005
-1.65166699999997,9.39166600000004
-1.67277799999999,9.41166499999991
-1.61416699999995,9.42277700000011
-1.61083299999996,9.4516660000001
-1.61055599999997,9.49583200000012
-1.59666699999997,9.51388700000007
-1.54833300000001,9.48361000000011
-1.51277800000003,9.43777700000004
-1.51694500000002,9.43499900000006
-1.563334,9.39194300000008
-1.57583399999993,9.34750000000008
-1.58388899999994,9.30972100000008
-1.57361100000003,9.29194300000012
-1.56722199999996,9.28472099999999
-1.49861099999998,9.25138900000002
-1.47277800000001,9.2699990000001
-1.47222199999993,9.27610999999996
-1.47111100000001,9.28166599999997
-1.46666699999992,9.29055399999993
-1.40444400000001,9.334721
-1.39499999999993,9.33916700000003
-1.36388899999992,9.3497220000001
-1.34194399999996,9.35277700000006
-1.29083300000002,9.33916700000003
-1.28583300000003,9.33722100000011
-1.28166700000003,9.33444400000002
-1.27944400000001,9.32972100000006
-1.28277800000001,9.32638700000007
-1.28750000000002,9.32416500000005
-1.294445,9.32388900000012
-1.30611099999999,9.32555400000007
-1.31111099999993,9.32749900000005
-1.32138900000001,9.33083199999993
-1.34222199999999,9.33722100000011
-1.34777799999995,9.33694300000002
-1.36805599999997,9.32944300000014
-1.37138899999997,9.32611100000014
-1.38388899999995,9.30444299999999
-1.40999999999997,9.230276
-1.41249999999997,9.21916600000003
-1.414444,9.18499900000012
-1.413611,9.17860999999994
-1.411945,9.17333200000007
-1.40916699999997,9.16916700000007
-1.31527799999992,9.04666500000008
-1.29972199999997,9.02805500000005
-1.29555599999998,9.02527600000013
-1.26999999999998,9.01694300000008
-1.23583299999996,9.02083199999998
-1.15972199999993,8.99944299999999
-1.00805600000001,8.89694400000008
-0.853610999999944,8.8077770000001
-0.813888999999961,8.78638799999999
-0.641111000000024,8.70999899999998
-0.603055999999981,8.70083199999999
-0.592221999999936,8.69833200000011
-0.58611099999996,8.69916500000011
-0.574721999999952,8.70833200000004
-0.571110999999974,8.71194300000008
-0.614166999999952,8.75110999999998
-0.642222000000004,8.776388
-0.681667000000004,8.79111099999994
-0.721944000000008,8.86416599999995
-0.751944999999921,8.9558320000001
-0.760277999999971,8.96111100000007
-0.808610999999985,9.001665
-0.819166999999936,9.01388699999995
-0.686943999999983,9.087221
-0.680000000000007,9.08749999999998
-0.662777999999946,9.087221
-0.635278000000028,9.08805500000005
-0.629166999999939,9.08888800000005
-0.604721999999981,9.09888800000004
-0.59277800000001,9.10749800000013
-0.578610999999967,9.12083200000006
-0.568610999999976,9.13138800000007
-0.556667000000004,9.14694400000002
-0.539999999999964,9.16444400000006
-0.514721999999949,9.18694300000004
-0.407778000000008,9.27277799999996
-0.371667000000002,9.29833200000013
-0.352499999999964,9.30694399999999
-0.336388999999997,9.31166600000006
-0.329999999999927,9.31249800000001
-0.298610999999994,9.31055499999997
-0.271113999999955,9.30536100000012
-0.24972200000002,9.30555500000003
-0.230555999999979,9.30472200000003
-0.21138899999994,9.30666500000001
-0.206111000000021,9.30805400000003
-0.201943999999969,9.31083300000006
-0.192499999999995,9.31527700000009
-0.174721999999917,9.318333
-0.159999999999968,9.32444400000003
-0.143611000000021,9.32888800000006
-0.12611099999998,9.338888
-0.109721999999977,9.34333200000003
-0.0836109999999621,9.34555399999999
-0.0652779999999211,9.34388700000011
-0.0541669999999499,9.34138899999999
-0.0444439999999986,9.33750000000009
-0.0333329999999705,9.33499899999993
-0.021111000000019,9.33666600000004
-0.0163889999999469,9.338888
-0.00444399999997813,9.34750000000008
0,9.34959100000009
0.0119439999999713,9.35194400000006
0.0188889999999446,9.3522210000001
0.057222000000138,9.34361100000001
0.0683330000000524,9.34111000000001
0.0794440000000805,9.33861000000013
0.175833000000068,9.32000000000005
0.284167000000139,9.30222100000003
0.311667,9.30305500000009
0.321110999999974,9.30722000000009
0.325000000000045,9.309999
0.363056000000029,9.34750000000008
0.363056000000029,9.35277700000006
0.35888900000009,9.35555500000004
0.328332999999986,9.37249900000012
0.203610999999967,9.38166600000011
0.167222000000095,9.46694399999996
0.16444400000006,9.48944300000011
0.16277800000006,9.563332
0.131111000000089,9.69860999999997
0.126111000000094,9.71416700000003
0.114443999999992,9.73722100000009
0.118056000000081,9.75583300000011
0.13166700000005,9.78972100000004
0.185277999999926,9.92111000000006
0.183889000000136,9.85805500000004
0.178611000000046,9.8300000000001
0.178611000000046,9.82305500000012
0.181667000000118,9.78833200000003
0.183333000000118,9.77583300000003
0.187778000000037,9.75972200000001
0.219712000000072,9.68047000000007
0.275049000000138,9.59077500000012
0.298460999999975,9.55003299999993
0.290833000000134,9.5
0.294443999999942,9.496666
0.298611000000108,9.49416500000001
0.359443999999996,9.46027800000002
0.401666999999975,9.44138700000013
0.453611000000137,9.41888799999998
0.473055999999985,9.41111000000001
0.485556000000031,9.40305500000005
0.52499999999992,9.36027699999994
0.527778000000126,9.35638800000004
0.529999999999916,9.35166500000008
0.530832999999916,9.34555399999999
0.53027800000001,9.33944300000013
0.528333000000032,9.33444400000002
0.523056000000054,9.32611100000014
0.521111000000019,9.32138799999996
0.520555000000059,9.31638700000008
0.521944000000019,9.3111100000001
0.528333000000032,9.30360999999999
0.534721999999988,9.30333300000001
0.5775000000001,9.30499800000013
0.584443999999962,9.3052770000001
0.619167000000061,9.31222200000008
0.622500000000002,9.315832
0.625000000000057,9.32000000000005
0.675555000000031,9.51333199999999
0.676667000000009,9.51888800000012
0.676667000000009,9.525555
0.675000000000125,9.53777700000001
0.67000000000013,9.54666499999996
0.647778000000017,9.55833200000006
0.597221999999931,9.583055
0.592221999999992,9.58499900000004
0.581389000000001,9.58750000000003
0.562778000000037,9.58777599999996
0.521388999999942,9.584721
0.497500000000116,9.58194400000008
0.481110999999942,9.59999800000014
0.547499999999957,9.62972100000007
0.552778000000046,9.63110899999998
0.582222000000002,9.63277600000004
0.780833000000086,9.62527700000004
0.786943999999949,9.62472200000013
0.817777999999976,9.61805500000008
0.822500000000048,9.61611000000011
0.834444000000133,9.60749800000002
0.841389000000106,9.60083200000003
0.84916700000008,9.59499900000003
0.853888999999981,9.59305400000005
0.9533330000001,9.55999900000012
0.958611000000019,9.55999900000012
0.983054999999922,9.56472200000013
0.997222000000079,9.57138800000007
1.00138900000007,9.57416499999999
1.00472199999996,9.57777599999997
1.02027800000013,9.602777
1.05361099999993,9.67110999999994
1.05750000000006,9.68083200000001
1.05805500000014,9.73749899999996
1.05638900000014,9.74972200000002
1.05194400000005,9.75916500000011
1.04583299999996,9.7666660000001
1.039444,9.77388800000006
1.00260800000007,9.80397599999998
1.00245100000001,9.82575700000007
1.00165100000009,9.83916500000009
0.984656000000086,9.86710900000008
0.96767600000004,9.87581400000005
0.951859000000013,9.89209999999997
0.926065999999992,9.94392399999998
0.93425000000002,9.95910199999992
0.945943000000057,9.97545500000012
1.00187899999992,9.99221300000005
1.00222200000007,10.0011100000001
1.0025,10.0286100000001
1.0025,10.226665
1.0025,10.2538870000001
1.0025,10.2813869999999
1.0025,10.308611
1.00249700000012,10.415047
1.00222200000007,10.493055
1.00222200000007,10.5202770000001
1.0025,10.7730539999999
1.00277800000009,10.9097210000001
1.00358999999992,10.969844
1.00222200000007,11.244444
1.00194399999998,11.3538879999999
1.44861100000008,11.3499980000001
1.60555600000009,11.3486100000001
1.69416700000005,11.3477760000001
1.74069900000006,11.3466950000001
1.830555,11.3458330000001
1.91916700000007,11.344999
1.98722200000009,11.3444440000001
2.00777800000003,11.344999
2.16444400000006,11.3436110000001
2.168611,11.339764
2.23638900000003,11.350555
2.29138900000009,11.363333
2.29687699999994,11.364946
2.30083300000007,11.3661100000001
2.30361100000005,11.367777
2.30472200000014,11.371111
2.30527700000005,11.3772220000001
2.31527799999992,11.5797210000001
2.31500000000005,11.693609
2.31083300000006,11.69611
2.30388900000014,11.702776
2.30166600000007,11.707499
2.28388900000004,11.751665
2.28083299999992,11.76111
2.28250000000003,12.220276
2.28361100000012,12.2324980000001
2.28611100000001,12.2436100000001
2.30166600000007,12.288887
2.31789800000001,12.3356570000001
2.30194399999999,12.4733310000001
2.29833300000001,12.4902760000001
2.29416700000007,12.499722
2.291111,12.503887
2.28333300000003,12.5236110000001
---
