13.467777,-16.714725
13.474165,-16.707226
13.477221,-16.703056
13.488888,-16.686668
13.49,-16.681946
13.475555,-16.620834
13.472003,-16.609735
13.468887,-16.600002
13.463888,-16.591114
13.460554,-16.587502
13.451666,-16.581947
13.445555,-16.581112
13.434999,-16.584167
13.43222,-16.588058
13.431944,-16.59528
13.440832,-16.611389
13.434721,-16.619724
13.430555,-16.622223
13.425833,-16.622501
13.426943,-16.610558
13.402222,-16.60667
13.380554,-16.599724
13.324444,-16.576668
13.303055,-16.562778
13.297499,-16.558334
13.291111,-16.551113
13.28861,-16.546669
13.256943,-16.421669
13.275555,-16.379448
13.318609,-16.260281
13.319721,-16.253891
13.319443,-16.247501
13.316387,-16.236668
13.309721,-16.229168
13.301109,-16.223892
13.296389,-16.221668
13.283333,-16.22028
13.261665,-16.225559
13.255554,-16.224724
13.251389,-16.221668
13.251665,-16.200836
13.253611,-16.188614
13.2575,-16.178059
13.265833,-16.164722
13.276667,-16.154724
13.281944,-16.155003
13.281734,-16.156601
13.264721,-16.1875
13.262499,-16.192501
13.260832,-16.198059
13.261944,-16.203613
13.265276,-16.207226
13.323055,-16.223614
13.329166,-16.224724
13.342499,-16.224445
13.353611,-16.222778
13.372499,-16.214725
13.383333,-16.204445
13.425278,-16.162224
13.425554,-16.155281
13.423332,-16.14389
13.416943,-16.129448
13.414721,-16.118057
13.409166,-16.089447
13.408054,-16.083614
13.405277,-16.052223
13.405554,-16.04528
13.433054,-15.773335
13.452776,-15.636667
13.502222,-15.560278
13.5075,-15.55139
13.507776,-15.544168
13.506666,-15.538612
13.484999,-15.490002
13.449165,-15.406946
13.445555,-15.396667
13.439722,-15.368057
13.437777,-15.349724
13.43861,-15.328335
13.441944,-15.317223
13.446388,-15.307501
13.454166,-15.30139
13.46361,-15.296946
13.480276,-15.293335
13.491665,-15.295834
13.491055,-15.297176
13.478611,-15.30028
13.474165,-15.303057
13.466389,-15.309168
13.456944,-15.320835
13.451387,-15.336668
13.449999,-15.355835
13.450554,-15.362223
13.46361,-15.397501
13.501389,-15.484385
13.527222,-15.541389
13.530277,-15.549446
13.529999,-15.556667
13.504166,-15.658335
13.47611,-15.722778
13.456388,-15.811945
13.43111,-16.091114
13.432499,-16.103336
13.437777,-16.111946
13.444443,-16.119446
13.452776,-16.131947
13.454443,-16.136669
13.454166,-16.14389
13.452776,-16.149445
13.431389,-16.192501
13.409166,-16.226948
13.404999,-16.229446
13.394444,-16.23278
13.390276,-16.235001
13.363333,-16.264446
13.357498,-16.272781
13.338333,-16.331947
13.330555,-16.394726
13.332222,-16.406948
13.334999,-16.417778
13.355833,-16.479446
13.36861,-16.513336
13.382221,-16.50639
13.391943,-16.502781
13.403055,-16.500278
13.416111,-16.501667
13.560833,-16.551945
13.570833,-16.555836
13.589998,-16.56567
13.592499,-16.170834
13.592222,-16.088604
13.592777,-15.929724
13.59111,-15.645834
13.590555,-15.574722
13.589443,-15.48889
13.592222,-15.487501
13.640791,-15.484085
13.661665,-15.477222
13.676388,-15.47139
13.704443,-15.458612
13.712221,-15.452501
13.730276,-15.435556
13.743332,-15.420279
13.781387,-15.364445
13.790554,-15.345001
13.795277,-15.328335
13.795277,-15.314724
13.792221,-15.30389
13.788332,-15.29389
13.785831,-15.289446
13.776667,-15.277779
13.773333,-15.27389
13.766109,-15.267223
13.74472,-15.25139
13.763887,-15.216667
13.794998,-15.164446
13.826387,-15.070278
13.804165,-14.920279
13.800554,-14.903057
13.793055,-14.883057
13.780832,-14.860279
13.778612,-14.856335
13.763332,-14.836113
13.75,-14.821667
13.74111,-14.816113
13.717499,-14.804724
13.701111,-14.799446
13.67861,-14.793612
13.653332,-14.791945
13.611944,-14.718613
13.614721,-14.714445
13.629166,-14.700834
13.635555,-14.693335
13.653332,-14.668335
13.662222,-14.64889
13.663887,-14.643333
13.666943,-14.631945
13.668888,-14.619446
13.670277,-14.59889
13.664444,-14.570278
13.659721,-14.554445
13.653332,-14.540001
13.648054,-14.531389
13.634443,-14.511667
13.621666,-14.497501
13.598888,-14.485279
13.58861,-14.48139
13.570833,-14.477779
13.534443,-14.472778
13.526388,-14.44639
13.509722,-14.435001
13.499722,-14.424168
13.483332,-14.398335
13.470276,-14.376667
13.463333,-14.363056
13.453888,-14.337778
13.454166,-14.331945
13.478333,-14.240835
13.484722,-14.233334
13.493055,-14.228056
13.503887,-14.217779
13.512499,-14.205278
13.519999,-14.191389
13.52611,-14.176111
13.558887,-14.087778
13.562222,-14.076946
13.582499,-13.987501
13.583055,-13.973333
13.569721,-13.924446
13.566666,-13.913889
13.558611,-13.900557
13.545555,-13.886112
13.541388,-13.883057
13.531944,-13.878334
13.508034,-13.8685
13.499722,-13.85
13.494444,-13.841112
13.480555,-13.827501
13.447777,-13.806112
13.43861,-13.80139
13.419722,-13.798613
13.406387,-13.798613
13.389166,-13.80139
13.379721,-13.805557
13.359722,-13.820557
13.352499,-13.827501
13.333055,-13.85
13.327776,-13.858334
13.322498,-13.867224
13.319166,-13.878889
13.3025,-13.992779
13.294443,-14.048889
13.285,-14.095556
13.263887,-14.126112
13.257221,-14.13389
13.246387,-14.151669
13.234444,-14.182501
13.231667,-14.194168
13.230555,-14.214724
13.237778,-14.351112
13.246387,-14.38389
13.25111,-14.393612
13.313889,-14.521112
13.335939,-14.547777
13.343887,-14.647779
13.347221,-14.673056
13.349722,-14.684168
13.352499,-14.695002
13.360554,-14.714724
13.371944,-14.731945
13.379166,-14.73889
13.404444,-14.75528
13.423054,-14.765001
13.425833,-14.775835
13.435276,-14.833334
13.460554,-14.92528
13.471943,-14.954723
13.482498,-14.972502
13.493055,-14.989723
13.525,-15.041113
13.531111,-15.049446
13.557777,-15.078611
13.564999,-15.085556
13.595833,-15.111668
13.59111,-15.134724
13.587776,-15.145834
13.583055,-15.155556
13.552801,-15.175058
13.531111,-15.200556
13.519165,-15.202501
13.494444,-15.204168
13.48111,-15.204168
13.461943,-15.204723
13.439165,-15.208889
13.429165,-15.212778
13.420555,-15.217779
13.405832,-15.230835
13.393888,-15.247223
13.383055,-15.264446
13.374443,-15.285002
13.371111,-15.295834
13.365833,-15.334167
13.366388,-15.360279
13.375277,-15.418056
13.347776,-15.803612
13.33111,-15.809446
13.245277,-15.809446
13.159721,-15.809723
13.159721,-15.862501
13.160555,-15.895559
13.163055,-15.99889
13.164999,-16.618336
13.164444,-16.689724
13.16111,-16.700558
13.151667,-16.705559
13.059977,-16.750874
13.140833,-16.784447
13.272499,-16.818611
13.284166,-16.821392
13.323332,-16.821667
13.368889,-16.819168
13.372408,-16.815063
13.380278,-16.801945
13.386944,-16.787224
13.388611,-16.78167
13.394444,-16.773613
13.416666,-16.746391
13.420277,-16.743057
13.44972,-16.73167
---
