47.6933440000001,8.67859500000003
47.697495,8.67555399999998
47.7017710000001,8.67329799999999
47.7074969999999,8.670277
47.711105,8.67055500000004
47.712494,8.67527800000005
47.713608,8.69888900000001
47.7130510000001,8.70500000000004
47.710548,8.70833200000004
47.70694,8.70972100000006
47.696808,8.71025500000002
---
53.600555,6.80472200000014
53.601105,6.79944400000005
53.602219,6.79666600000007
53.602219,6.77527700000013
53.5983280000001,6.75305500000002
53.597221,6.74916600000012
53.586937,6.72555499999999
53.584999,6.72305500000004
53.5805510000001,6.72694399999995
53.5602720000001,6.7469440000001
53.567497,6.69055500000007
53.5713880000001,6.67333300000007
53.5758289999999,6.66388800000004
53.580276,6.66000000000003
53.586105,6.65833300000014
53.593048,6.65861000000012
53.59861,6.66111100000012
53.60083,6.66305500000004
53.6038820000001,6.669444
53.6186070000001,6.747499
53.6188890000001,6.75861099999997
53.6166610000001,6.77222199999994
53.604439,6.80416599999995
53.602219,6.80638900000002
---
53.6663820000001,6.89361100000002
53.6669390000001,6.88277699999998
53.6680530000001,6.87861100000003
53.6702730000001,6.87638900000007
53.6724930000001,6.878333
53.674164,6.88138900000007
53.677498,6.89888900000011
53.681107,6.94360999999998
53.6872180000001,7.06361099999998
53.686943,7.08111100000002
53.6861040000001,7.085555
53.6841660000001,7.08833300000003
53.6816640000001,7.08833300000003
53.679993,7.08416699999992
53.669441,6.93944400000009
---
53.6988830000001,7.15861000000001
53.699715,7.14833300000004
53.7022170000001,7.14083299999999
53.706108,7.13583299999999
53.7088850000001,7.13722100000007
53.710548,7.14027699999997
53.7202760000001,7.17527799999999
53.725273,7.20111100000008
53.7269440000001,7.29861099999999
53.726662,7.32694399999997
53.725555,7.33694399999996
53.7244420000001,7.34083300000003
53.7211070000001,7.34694400000012
53.71833,7.34583300000003
53.7147220000001,7.3274990000001
53.7058260000001,7.26277700000014
53.7044369999999,7.24249900000012
---
53.7088850000001,8.12416600000012
53.7102740000001,8.12083200000012
53.713051,8.11999900000012
53.7236100000001,8.12472200000008
53.7280500000001,8.12916600000005
53.731384,8.13527699999997
53.7336040000001,8.14277600000014
53.7355499999999,8.15638700000011
53.734718,8.17305399999998
53.7327730000001,8.18166499999995
53.7299960000001,8.18833200000006
53.7261050000001,8.19333300000011
53.7247160000001,8.19111099999992
---
53.7444380000001,7.62861100000009
53.7422180000001,7.62888800000007
53.7444380000001,7.62166600000012
53.7466660000001,7.60777799999994
53.748604,7.58694400000007
53.7488860000001,7.57527700000003
53.7458270000001,7.51833199999999
53.744995,7.5141660000001
53.7433320000001,7.51111000000003
53.722221,7.4780550000001
53.723053,7.47361100000012
53.727219,7.46916600000003
53.7330550000001,7.46777700000001
53.7399980000001,7.46861100000012
53.748604,7.47222099999999
53.754997,7.47888899999998
53.7574999999999,7.48583300000007
53.759995,7.51583299999999
53.761108,7.57555500000012
53.760826,7.60972200000003
53.760277,7.61500000000012
53.7588880000001,7.61833300000001
53.7544400000001,7.62222200000008
---
53.7547150000001,7.66972200000009
53.758606,7.66472099999999
53.7616649999999,7.664444
53.764442,7.66583300000002
53.769165,7.669444
53.7730480000001,7.67444399999999
53.7777710000001,7.68388800000014
53.7791599999999,7.69861000000003
53.7777710000001,7.80472200000014
53.777222,7.80999900000012
53.7755510000001,7.81277800000004
53.7730480000001,7.810833
53.7719420000001,7.80722100000014
53.760551,7.75888799999996
---
53.9263839999999,8.42222200000003
53.928055,8.41305500000004
53.947777,8.40694399999995
53.950829,8.40777600000007
53.9555510000001,8.41166499999997
53.9627760000001,8.42277700000011
53.964722,8.43110999999999
53.965553,8.44111100000003
53.9630510000001,8.45499999999993
53.9608309999999,8.45722200000012
53.928055,8.42527800000011
---
53.9591600000001,11.4513870000001
53.961388,11.4288880000001
53.961937,11.4236109999999
53.9680480000001,11.3925000000001
53.969162,11.388611
53.974716,11.3774990000001
53.976944,11.375555
53.9822160000001,11.373333
53.9886090000001,11.3738880000001
53.991661,11.3749980000001
53.996666,11.378611
54.000275,11.384443
54.006943,11.4016670000001
54.0222170000001,11.444443
54.0238879999999,11.4527760000001
54.024719,11.4624999999999
54.024719,11.473055
54.0230480000001,11.488609
54.021385,11.4916650000001
54.0166630000001,11.495277
54.0099950000001,11.494165
53.9841610000001,11.4802760000001
53.9788820000001,11.4772210000001
53.968887,11.4697210000001
53.9666599999999,11.4677770000001
53.961105,11.459166
---
54.0163880000001,13.9308320000001
54.018326,13.925833
54.021385,13.9272210000001
54.0277710000001,13.934444
54.027496,13.938889
54.024994,13.9402769999999
---
54.039993,8.69194400000004
54.0408330000001,8.68166500000007
54.0447160000001,8.67666600000013
54.0494380000001,8.67305400000004
54.0638890000001,8.66611100000006
54.0733260000001,8.66750000000008
54.0758290000001,8.66888799999998
54.077774,8.67138899999998
54.0808259999999,8.67805499999997
54.083611,8.69055400000013
54.082497,8.693333
54.058609,8.69999899999999
54.04361,8.697498
54.041107,8.69555500000001
---
54.0486070000001,11.5111099999999
54.0516660000001,11.5111099999999
54.0605550000001,11.5147210000001
54.0769420000001,11.528889
54.082497,11.535831
54.094719,11.5558320000001
54.095833,11.559444
54.104584,11.612419
54.0747150000001,11.5680540000001
54.061386,11.544167
---
53.998604,14.1050000000001
53.948051,14.1811100000001
53.944717,14.1869430000001
53.932495,14.214167
53.9286040000001,14.2255550000001
53.8999940000001,14.2158319999999
53.869019,14.2188870000001
53.8747180000001,14.1958330000001
53.875275,14.191111
53.8733290000001,14.082499
53.8722150000001,14.0452770000001
53.8699950000001,14.037777
53.8647160000001,14.0291650000001
53.8538820000001,14.008055
53.8497159999999,13.9924980000001
53.8436050000001,13.9491650000001
53.839439,13.8930550000001
53.840828,13.8774990000001
53.850822,13.826942
53.8537450000001,13.8234310000001
53.85833,13.8249989999999
53.867493,13.833332
53.8697200000001,13.835554
53.8713840000001,13.838888
53.8780520000001,13.871944
53.8974990000001,13.929165
53.9148640000001,13.9396310000001
53.941113,13.9575679999999
53.9625510000001,13.982067
53.949425,14.012691
53.9428630000001,14.030628
53.9424250000001,14.048565
53.9848630000001,14.0560030000001
54.0054240000001,14.04769
54.0141750000001,14.0140039999999
54.026424,14.008317
54.039986,13.998255
54.05661,13.97988
54.060547,13.9540680000001
54.0631710000001,13.929569
54.0548590000001,13.9186330000001
54.036484,13.926069
54.026665,13.912222
54.0141600000001,13.9027770000001
54.0097200000001,13.8980539999999
53.998604,13.860554
54.000275,13.8574980000001
54.036659,13.822777
54.0716130000001,13.808683
54.0978549999999,13.8174300000001
54.111092,13.804192
54.1397170000001,13.759998
54.1422200000001,13.7586099999999
54.1502760000001,13.7561089999999
54.1572190000001,13.7575000000001
54.159996,13.759165
54.164444,13.7638870000001
54.16777,13.7697220000001
54.171104,13.7811110000001
54.171387,13.8005540000001
54.1686100000001,13.8130550000001
54.164719,13.818054
54.1622160000001,13.819443
54.1547160000001,13.8230550000001
54.1433260000001,13.8255540000001
54.138329,13.8280540000001
54.1338880000001,13.8316649999999
54.106667,13.8661099999999
54.0902980000001,13.8923839999999
54.0819850000001,13.9212570000001
54.0771710000001,13.9383189999999
54.073235,13.9654429999999
54.0653610000001,14.0013170000001
---
54.381943,10.994999
54.380272,11.017776
54.378609,11.016943
54.3774950000001,11.013332
54.376938,11.0030540000001
54.3780520000001,10.986111
54.380554,10.979443
---
54.41555,12.6886099999999
54.418327,12.68611
54.424995,12.696943
54.428329,12.702776
54.427773,12.7069440000001
54.42305,12.727221
54.4188839999999,12.7319430000001
54.416664,12.7297210000001
---
54.461662,8.83750000000003
54.462776,8.82694400000003
54.465271,8.81944300000009
54.4691620000001,8.81472200000007
54.4724960000001,8.814165
54.4977719999999,8.814165
54.500832,8.81499900000006
54.503052,8.81694400000009
54.524162,8.86222099999998
54.5252760000001,8.86583300000007
54.524994,8.92138900000009
54.523048,8.94249900000005
54.519165,8.960554
54.5091630000001,8.95472100000001
54.474159,8.92499900000001
54.4677730000001,8.91777600000012
54.46611,8.91472099999993
54.4638820000001,8.90694400000007
54.461937,8.893055
---
54.406662,11.139166
54.4069440000001,11.1238880000001
54.4387590000001,11.0210490000001
54.4461060000001,11.0099980000001
54.4483260000001,11.008055
54.453606,11.0058330000001
54.461662,11.0063880000001
54.4769440000001,11.011389
54.4908290000001,11.0186100000001
54.5011060000001,11.0255550000001
54.5080490000001,11.0319440000001
54.5183260000001,11.0438879999999
54.5341639999999,11.064722
54.534996,11.0688880000001
54.519997,11.1841660000001
54.504715,11.2291660000001
54.5013890000001,11.2352770000001
54.495552,11.2427770000001
54.4933320000001,11.2447199999999
54.458736,11.273927
54.426384,11.3005540000001
54.421661,11.303888
54.4097209999999,11.312222
54.4069440000001,11.3127769999999
---
54.491386,8.63277600000009
54.4927750000001,8.61638800000003
54.493889,8.61249900000013
54.4958270000001,8.61027700000011
54.5088880000001,8.59777599999995
54.515549,8.59194400000007
54.5247190000001,8.59027699999996
54.5277710000001,8.59110999999996
54.5299989999999,8.59305400000005
54.5333329999999,8.59972200000004
54.5458300000001,8.64222100000012
54.553886,8.69138700000013
54.553886,8.70277600000009
54.551666,8.71083300000004
54.548607,8.71111100000013
54.532494,8.70972100000006
54.529716,8.70833200000004
54.5113830000001,8.69194400000004
54.504715,8.68555500000002
54.500832,8.68027699999993
54.4958270000001,8.67111
54.494164,8.66277700000006
---
54.465271,13.063055
54.4691620000001,13.0608330000001
54.476387,13.0599989999999
54.4863820000001,13.06111
54.5000000000001,13.0638890000001
54.590553,13.0966660000001
54.5969390000001,13.1038879999999
54.6002730000001,13.109999
54.6027760000001,13.117498
54.604164,13.136944
54.604164,13.147499
54.6027760000001,13.1513880000001
54.60083,13.154165
54.5983280000001,13.155277
54.5841600000001,13.1580540000001
54.5811080000001,13.1580540000001
54.5338820000001,13.110832
54.5313870000001,13.10861
54.4886089999999,13.0736099999999
---
54.606953,13.3913130000001
54.588757,13.4074300000001
54.577839,13.4334240000001
54.5731580000001,13.4563000000001
54.574718,13.481774
54.5767970000001,13.516088
54.5847170000001,13.5930539999999
54.586105,13.6177770000001
54.5858310000001,13.6338880000001
54.585274,13.639166
54.582771,13.646944
54.5691600000001,13.6716650000001
54.5652769999999,13.676666
54.562775,13.678055
54.5424960000001,13.679165
54.532494,13.6777760000001
54.526382,13.6752780000001
54.522217,13.6702770000001
54.520828,13.6669430000001
54.515549,13.6474990000001
54.5127720000001,13.6408330000001
54.4861070000001,13.591389
54.4827730000001,13.585278
54.477776,13.581388
54.4722210000001,13.578333
54.4624939999999,13.5763870000001
54.4599880000001,13.576792
54.453888,13.5777760000001
54.4416660000001,13.5836110000001
54.4041600000001,13.6174980000001
54.4024960000001,13.620554
54.401108,13.631109
54.4013820000001,13.6463870000001
54.402222,13.6666660000001
54.400833,13.6761089999999
54.3880540000001,13.702499
54.3841630000001,13.707499
54.3777769999999,13.7138880000001
54.3547210000001,13.7311100000001
54.331108,13.7438890000001
54.2758330000001,13.7308330000001
54.274437,13.7274990000001
54.2716599999999,13.7149979999999
54.272217,13.711111
54.2805480000001,13.6955550000001
54.2827760000001,13.693888
54.284164,13.6963880000001
54.2969440000001,13.7108329999999
54.321106,13.7127760000001
54.324165,13.7122210000001
54.3483279999999,13.689444
54.349159,13.684444
54.342773,13.508333
54.34166,13.5044440000001
54.328331,13.469444
54.2747190000001,13.3594440000001
54.2730480000001,13.356667
54.270271,13.3550000000001
54.2597200000001,13.357498
54.265274,13.4030549999999
54.265274,13.408333
54.2647170000001,13.4133320000001
54.2613830000001,13.4199980000001
54.2591629999999,13.421944
54.2519380000001,13.426388
54.2438890000001,13.4288880000001
54.2380520000001,13.429443
54.2336040000001,13.4244440000001
54.2219390000001,13.3977780000001
54.221382,13.393055
54.2486040000001,13.318609
54.2549970000001,13.2680550000001
54.256104,13.2569429999999
54.2583310000001,13.249722
54.30555,13.1561110000001
54.3305510000001,13.121944
54.3338850000001,13.1183320000001
54.3394390000001,13.1172220000001
54.3430480000001,13.117777
54.36805,13.129166
54.3708270000001,13.1308330000001
54.372215,13.1341650000001
54.3744429999999,13.141666
54.375275,13.1513880000001
54.375275,13.156666
54.3727720000001,13.2005540000001
54.369995,13.217222
54.3694380000001,13.223055
54.3716660000001,13.2358320000001
54.378609,13.2613890000001
54.380272,13.265276
54.3825000000001,13.2675
54.4114720000001,13.238983
54.428108,13.207789
54.4343490000001,13.1646390000001
54.464996,13.228611
54.4858170000001,13.232224
54.5133710000001,13.1672380000001
54.5456050000001,13.146962
54.5524980000001,13.2313880000001
54.551323,13.2556200000001
54.5502850000001,13.30397
54.5664019999999,13.337764
54.580437,13.3673969999999
54.558083,13.377795
54.5419650000001,13.3949520000001
54.5216900000001,13.420426
54.4889370000001,13.4474610000001
54.483738,13.483854
54.493095,13.5030899999999
54.5133710000001,13.5166070000001
54.5497670000001,13.5025700000001
54.5508040000001,13.4594190000001
54.5700420000001,13.426146
54.5783579999999,13.383514
54.610073,13.374676
54.6043550000001,13.35544
54.582771,13.3297210000001
54.573326,13.3105550000001
54.565052,13.286221
54.5635530000001,13.282054
54.557777,13.2513890000001
54.557777,13.246111
54.5591660000001,13.2447200000001
54.6338880000001,13.2247220000001
54.639999,13.2247220000001
54.6430510000001,13.22611
54.6477740000001,13.2305550000001
54.6566620000001,13.2447200000001
54.6666640000001,13.2633320000001
54.671387,13.27861
54.6733320000001,13.2922209999999
54.6794429999999,13.3644429999999
54.6808320000001,13.383888
54.6827770000001,13.424166
54.68222,13.4299980000001
54.679718,13.437777
54.6758270000001,13.4430540000001
54.67305,13.443609
54.670555,13.441944
54.6602710000001,13.42861
54.656944,13.4224990000001
54.6522220000001,13.3972210000001
54.649162,13.390554
54.644997,13.3855550000001
54.6388850000001,13.383055
---
54.612778,8.353611
54.613609,8.34888799999999
54.6166610000001,8.34222200000005
54.6236040000001,8.33194400000014
54.6586070000001,8.29805400000004
54.6633300000001,8.29499800000013
54.6666640000001,8.29444300000006
54.6722180000001,8.29666500000008
54.687218,8.30749900000012
54.691383,8.3119430000001
54.7077710000001,8.34277700000013
54.710831,8.3497220000001
54.711662,8.35388799999998
54.710548,8.35805499999998
54.6277770000001,8.40000000000009
54.6144410000001,8.36805500000014
54.6133270000001,8.36444300000005
---
54.6841660000001,8.56360999999998
54.6855550000001,8.48833300000013
54.686943,8.47833299999996
54.7047200000001,8.40249799999998
54.708328,8.39694399999996
54.713882,8.39694399999996
54.729439,8.40638700000005
54.735832,8.41333200000003
54.7422180000001,8.42583300000001
54.748329,8.44472099999996
54.751938,8.46166600000009
54.755272,8.53861000000001
54.753883,8.551109
54.750275,8.56972100000002
54.746941,8.58194400000008
54.744995,8.584721
54.74305,8.58694300000002
54.7213820000001,8.59472099999999
54.71833,8.59499900000009
54.6894380000001,8.57222200000001
54.6852719999999,8.56777800000003
---
54.382774,10.9555550000001
54.380272,10.955832
54.376938,10.9588870000001
54.3758320000001,10.9627760000001
54.371941,10.986944
54.369995,11.016943
54.3697200000001,11.044722
54.376389,11.073889
54.210274,11.0941660000001
54.2038880000001,11.094444
54.1974950000001,11.0930540000001
54.1797180000001,11.0644440000001
54.174721,11.055555
54.09333,10.8874989999999
54.088882,10.877499
54.0874940000001,10.8697200000001
54.089996,10.839443
54.09166,10.824999
54.0894389999999,10.8013880000001
54.0611040000001,10.7663879999999
54.0519410000001,10.7580550000001
54.046661,10.754999
54.039993,10.7547210000001
54.0344390000001,10.756388
54.0222170000001,10.763332
54.012772,10.7702770000001
54.000549,10.783888
53.997215,10.7899990000001
53.9938890000001,10.8011090000001
53.9941640000001,10.8222220000001
53.9938890000001,10.861387
53.991943,10.870554
53.987778,10.8799990000001
53.9833300000001,10.883888
53.980553,10.8847220000001
53.9577710000001,10.8897210000001
53.950829,10.8905540000001
53.9169390000001,10.863609
53.890053,10.8185350000001
53.9311070000001,10.8988880000001
53.9573440000001,10.904434
53.98027,10.9647220000001
53.995277,11.0130540000001
54.007355,11.0553909999999
54.013611,11.094721
54.015831,11.176943
54.0152740000001,11.18222
54.012497,11.189444
54.0105510000001,11.1922210000001
53.9938890000001,11.1966650000001
53.942497,11.244165
53.9386060000001,11.248888
53.936943,11.252222
53.9330520000001,11.263332
53.931664,11.271944
53.919716,11.4127770000001
53.960274,11.480833
53.99305,11.4922220000001
53.9961089999999,11.493332
54.031944,11.5175
54.0347210000001,11.524443
54.0344390000001,11.528889
54.0263820000001,11.5447219999999
54.026939,11.5547220000001
54.032494,11.5738890000001
54.0361100000001,11.5797210000001
54.075554,11.6255550000001
54.0805510000001,11.629444
54.086662,11.6302780000001
54.09166,11.627499
54.098053,11.621387
54.1030500000001,11.6186099999999
54.1061100000001,11.61972
54.1127780000001,11.6266650000001
54.1227720000001,11.639444
54.149994,11.676109
54.1527710000001,11.682777
54.1547160000001,11.6908319999999
54.1555480000001,11.700277
54.156387,11.7474990000001
54.173332,11.986111
54.191109,12.1297210000001
54.286659,12.3269440000001
54.2977749999999,12.3436110000001
54.308609,12.3561100000001
54.391106,12.4369430000001
54.44416,12.480555
54.474159,12.5269430000001
54.4588850000001,12.540554
54.448944,12.6386110000001
54.44611,12.660443
54.444942,12.680777
54.4424970000001,12.803333
54.443329,12.8927760000001
54.4413830000001,12.9086090000001
54.4338840000001,12.9197220000001
54.429718,12.923611
54.4269410000001,12.9241660000001
54.4238819999999,12.9230540000001
54.421661,12.9208320000001
54.4199980000001,12.9175000000001
54.4119420000001,12.8805540000001
54.4130440000001,12.7583370000001
54.423363,12.7292400000001
54.4296719999999,12.712901
54.4296719999999,12.6946980000001
54.4204980000001,12.6760650000001
54.408745,12.6653160000001
54.413887,12.6432220000001
54.3958280000001,12.4655550000001
54.39444,12.4622210000001
54.3724980000001,12.4258330000001
54.307495,12.366665
54.304718,12.3650000000001
54.3011090000001,12.364443
54.264999,12.36972
54.263054,12.3724990000001
54.25666,12.3855550000001
54.2497180000001,12.4036100000001
54.247772,12.4127770000001
54.246941,12.4450000000001
54.248886,12.4530540000001
54.2508320000001,12.4558319999999
54.2522200000001,12.452499
54.2538830000001,12.436388
54.255829,12.427221
54.2608260000001,12.4180549999999
54.265274,12.4141650000001
54.271111,12.4133320000001
54.2772220000001,12.4155539999999
54.2852710000001,12.420555
54.292221,12.427221
54.329994,12.477499
54.3338850000001,12.4827770000001
54.3605500000001,12.549721
54.3683320000001,12.581944
54.3727720000001,12.6247220000001
54.3761060000001,12.6827769999999
54.3724980000001,12.764721
54.399719,13.0238879999999
54.279716,13.1138880000001
54.275276,13.117777
54.271111,13.128887
54.2519380000001,13.2125
54.236664,13.282221
54.233055,13.288055
54.174438,13.3791660000001
54.098053,13.4533330000001
54.0961070000001,13.4558320000001
54.0886080000001,13.479721
54.0861049999999,13.4944440000001
54.0861049999999,13.499722
54.1169430000001,13.4800000000001
54.11972,13.480555
54.1241610000001,13.4955540000001
54.171104,13.706665
54.171387,13.7116659999999
54.1697160000001,13.7183319999999
54.109718,13.788887
54.0874940000001,13.7997210000001
54.0808259999999,13.7983320000001
54.049995,13.7861100000001
53.986382,13.829721
53.904999,13.8669429999999
53.9033280000001,13.8636089999999
53.8763890000001,13.82111
53.8608320000001,13.8074990000001
53.8577730000001,13.8061100000001
53.8552700000001,13.8074990000001
53.8452760000001,13.8130550000001
53.774994,13.959166
53.7008290000001,14.223888
53.696938,14.2474990000001
53.6977770000001,14.265276
53.699066,14.275627
53.55555,14.309721
53.338959,14.4132610000001
53.3044429999999,14.412777
53.144165,14.3916890000001
53.116386,14.3825000000001
53.103882,14.3780540000001
53.0527730000001,14.3524990000001
53.0449980000001,14.342222
53.0214310000001,14.299702
53.016106,14.2877770000001
52.9902730000001,14.228888
52.9874950000001,14.221943
52.984718,14.200277
52.973328,14.1688879999999
52.9627760000001,14.1494430000001
52.957497,14.1461110000001
52.9538879999999,14.1455550000001
52.862778,14.1491660000001
52.820549,14.196388
52.8166660000001,14.2144430000001
52.751663,14.348888
52.744995,14.3611110000001
52.730827,14.3833330000001
52.675278,14.448332
52.6541600000001,14.475555
52.650833,14.4819430000001
52.6413880000001,14.5058330000001
52.637772,14.518332
52.636108,14.5277770000001
52.6299970000001,14.5474990000001
52.6244429999999,14.5616660000001
52.611938,14.5872209999999
52.601723,14.6043339999999
52.574715,14.6383320000001
52.572495,14.640276
52.57,14.641388
52.4972150000001,14.6372200000001
52.4905550000001,14.6363890000001
52.4772190000001,14.6233330000001
52.4416660000001,14.587776
52.438049,14.582499
52.433884,14.567221
52.4324950000001,14.559166
52.428886,14.5486109999999
52.426941,14.5461099999999
52.424721,14.543888
52.4069440000001,14.537222
52.397774,14.5344430000001
52.3947220000001,14.5344430000001
52.2905500000001,14.578054
52.2861100000001,14.581665
52.2744370000001,14.5961090000001
52.2711110000001,14.6016650000001
52.260277,14.655832
52.25444,14.692497
52.2497180000001,14.7038880000001
52.2438890000001,14.7105540000001
52.2391660000001,14.713333
52.069862,14.760765
51.9450910000001,14.7185420000001
51.9411320000001,14.71656
51.8988880000001,14.692499
51.894997,14.687222
51.866943,14.648054
51.864998,14.6452770000001
51.8622209999999,14.640276
51.8538820000001,14.61611
51.843887,14.605
51.8411100000001,14.6033330000001
51.8313830000001,14.6005550000001
51.821388,14.599165
51.8186040000001,14.5994430000001
51.808884,14.604721
51.728607,14.663332
51.724159,14.6669430000001
51.714165,14.6783330000001
51.702217,14.6980550000001
51.69416,14.715832
51.687775,14.728333
51.6699980000001,14.7552780000001
51.6674960000001,14.7563880000001
51.6594390000001,14.7575000000001
51.6172180000001,14.76111
51.611382,14.761389
51.604439,14.759998
51.5969390000001,14.754444
51.554722,14.7149980000001
51.5280530000001,14.7361109999999
51.5249939999999,14.7427769999999
51.4986040000001,14.8375000000001
51.4819410000001,14.92111
51.471382,14.951111
51.4697190000001,14.954166
51.4674990000001,14.955832
51.4408260000001,14.9755550000001
51.36805,14.981833
51.358887,14.971666
51.355553,14.971666
51.3383330000001,14.9805550000001
51.328888,14.9861110000001
51.3211060000001,14.995554
51.312492,15.009722
51.2947160000001,15.029999
51.2855530000001,15.036388
51.27166,15.038887
51.239166,15.032221
51.118607,14.994444
51.078331,14.978888
51.0536040000001,14.966389
51.050827,14.9647219999999
51.0024950000001,14.9311099999999
50.959442,14.8969440000001
50.8869400000001,14.827776
50.881943,14.8241650000001
50.876389,14.8249990000001
50.8658290000001,14.8283330000001
50.856384,14.8249990000001
50.8205490000001,14.8041650000001
50.818886,14.8016660000001
50.8183290000001,14.7763880000001
50.8183290000001,14.766666
50.8238830000001,14.739721
50.829163,14.717777
50.847221,14.651667
50.855553,14.6216659999999
50.857498,14.619165
50.859993,14.6180550000001
50.8811040000001,14.631388
50.9236070000001,14.6283320000001
50.982498,14.5972210000001
51.0055540000001,14.569166
51.0366589999999,14.491665
51.0536040000001,14.309721
51.0513840000001,14.302776
51.0374980000001,14.2855549999999
51.0094380000001,14.2655540000001
50.99305,14.2555540000001
50.9902730000001,14.254999
50.9877780000001,14.256109
50.946938,14.3197210000001
50.945274,14.322777
50.9349980000001,14.368332
50.882217,14.3113880000001
50.8430480000001,14.155554
50.815277,13.9947200000001
50.8136060000001,13.986666
50.7894440000001,13.904444
50.786942,13.9027770000001
50.768883,13.891109
50.730827,13.7341650000001
50.7258299999999,13.6694429999999
50.7222210000001,13.634722
50.7094420000001,13.5822220000001
50.68972,13.5411110000001
50.6505510000001,13.510832
50.6469420000001,13.5155540000001
50.642776,13.5197220000001
50.6399989999999,13.520277
50.6377720000001,13.518332
50.6052700000001,13.4725000000001
50.600273,13.463888
50.600555,13.458611
50.6052700000001,13.4366660000001
50.6105499999999,13.416388
50.612221,13.4133320000001
50.6294400000001,13.378332
50.589996,13.25111
50.5883330000001,13.2480550000001
50.5647200000001,13.224165
50.558609,13.2222210000001
50.5555500000001,13.2222210000001
50.550278,13.223888
50.546944,13.223888
50.5441670000001,13.222776
50.5238880000001,13.2088869999999
50.516937,13.203333
50.503609,13.191111
50.5019380000001,13.1833320000001
50.498055,13.0794430000001
50.4422150000001,13.0188879999999
50.4363860000001,13.0116650000001
50.4211040000001,12.991943
50.418327,12.985558
50.4111100000001,12.9505540000001
50.4088820000001,12.9388890000001
50.414719,12.9172209999999
50.4244380000001,12.8997210000001
50.4261090000001,12.896944
50.4422150000001,12.855833
50.45166,12.8313879999999
50.454437,12.8188880000001
50.4458309999999,12.77611
50.4441600000001,12.768332
50.434715,12.746111
50.4283290000001,12.734722
50.4119420000001,12.671389
50.4119420000001,12.6233330000001
50.4119420000001,12.6186100000001
50.393883,12.51861
50.3911060000001,12.5122200000001
50.3730550000001,12.4861110000001
50.309166,12.398611
50.236107,12.325554
50.2066650000001,12.323055
50.215271,12.284166
50.221664,12.2780550000001
50.305832,12.1958330000001
50.3163829999999,12.180277
50.318054,12.1772210000001
50.322533,12.0937040000001
50.309441,12.120832
50.3074950000001,12.123333
50.169441,12.2086110000001
50.163887,12.2097210000001
50.160553,12.209166
50.1438830000001,12.196388
50.1380540000001,12.1938880000001
50.13166,12.1924990000001
50.106209,12.2061420000001
50.066109,12.2655540000001
50.047493,12.307499
49.993889,12.429443
49.9858320000001,12.4711090000001
49.976662,12.4900000000001
49.974998,12.492777
49.9180529999999,12.544167
49.91555,12.5455550000001
49.9072190000001,12.547222
49.897499,12.5469440000001
49.7847210000001,12.469444
49.782219,12.467499
49.695549,12.4555550000001
49.6908260000001,12.47611
49.682495,12.5088880000001
49.6813890000001,12.513054
49.679443,12.5155540000001
49.6655500000001,12.5244430000001
49.6166610000001,12.5547220000001
49.5605550000001,12.5786090000001
49.5274960000001,12.5977760000001
49.4249950000001,12.6744440000001
49.344162,12.78611
49.3397219999999,12.795555
49.3377760000001,12.80361
49.3280490000001,12.8786109999999
49.3274990000001,12.883333
49.3277740000001,12.887777
49.3288880000001,12.891109
49.3311080000001,12.8930550000001
49.3397219999999,12.8852770000001
49.3422160000001,12.8841650000001
49.3452760000001,12.8841650000001
49.3469390000001,12.8861100000001
49.3469390000001,12.8908330000001
49.339439,12.9455550000001
49.3363879999999,12.9572220000001
49.33194,12.966665
49.2877730000001,13.031111
49.167221,13.173054
49.1033330000001,13.314165
49.0983280000001,13.322777
49.0502780000001,13.395277
49.0480499999999,13.3969440000001
49.0061870000001,13.402542
48.9724959999999,13.509722
48.973667,13.5648260000001
48.970833,13.580555
48.9663850000001,13.5877760000001
48.9597170000001,13.5911100000001
48.9569400000001,13.593332
48.9519420000001,13.5997219999999
48.9508290000001,13.6052760000001
48.953331,13.6263890000001
48.9505540000001,13.6274989999999
48.9474950000001,13.624998
48.9391630000001,13.6255550000001
48.9141620000001,13.641109
48.9061050000001,13.649166
48.901108,13.6555540000001
48.896385,13.6619430000001
48.8947220000001,13.6666660000001
48.8841630000001,13.6777760000001
48.8783260000001,13.6911110000001
48.880272,13.707777
48.8783260000001,13.7194440000001
48.8794400000001,13.724443
48.883606,13.7319430000001
48.8838880000001,13.7366660000001
48.8816600000001,13.7408330000001
48.874443,13.742498
48.867775,13.745832
48.859161,13.7533320000001
48.852493,13.756666
48.846939,13.761389
48.843605,13.7630540000001
48.8408280000001,13.765554
48.8386080000001,13.769444
48.835831,13.779444
48.8308260000001,13.785831
48.8108290000001,13.8027760000001
48.800278,13.813889
48.796944,13.8155540000001
48.7927700000001,13.815832
48.7852710000001,13.812777
48.78083,13.8122220000001
48.778328,13.8155540000001
48.774994,13.832499
48.773605,13.833611
48.738052,13.814722
48.6430510000001,13.826666
48.638885,13.8269440000001
48.6252749999999,13.825277
48.617218,13.822777
48.58416,13.8049980000001
48.581108,13.8025
48.5155870000001,13.7259960000001
48.529442,13.6830540000001
48.533051,13.674721
48.537216,13.6669430000001
48.549164,13.6577760000001
48.5541610000001,13.651667
48.568054,13.6027770000001
48.5849989999999,13.526943
48.5852740000001,13.515276
48.5830540000001,13.505278
48.5688860000001,13.450554
48.5655520000001,13.4416660000001
48.5611040000001,13.4349989999999
48.5569380000001,13.435276
48.5505519999999,13.443609
48.5444410000001,13.4474979999999
48.517776,13.4577770000001
48.5133290000001,13.457222
48.4352719999999,13.4399989999999
48.4236070000001,13.4358330000001
48.393608,13.4233320000001
48.389999,13.421665
48.3869400000001,13.4191670000001
48.3661040000001,13.394999
48.328606,13.334999
48.3158260000001,13.313055
48.307495,13.2919430000001
48.303055,13.27861
48.298882,13.2580550000001
48.2922210000001,13.154444
48.2594380000001,13.0177760000001
48.2049940000001,12.8749980000001
48.2008290000001,12.8674980000001
48.131943,12.7675000000001
48.12722,12.7608319999999
48.123886,12.7583329999999
48.116943,12.7549989999999
48.1091610000001,12.7533320000001
48.105553,12.754444
48.0852740000001,12.7641660000001
48.079163,12.768332
48.0594410000001,12.7927759999999
48.049721,12.805555
48.029999,12.8374999999999
48.0177760000001,12.8533330000001
48.0122150000001,12.858332
47.9999999999999,12.8631940000001
47.9945980000001,12.865342
47.957771,12.918888
47.9069440000001,12.966665
47.8541640000001,13.008888
47.8133320000001,12.973331
47.807777,12.967777
47.7927700000001,12.94861
47.7847210000001,12.9397220000001
47.733055,12.9124980000001
47.729164,12.9113879999999
47.7244420000001,12.910831
47.7208330000001,12.9119430000001
47.715553,12.9175000000001
47.714722,12.923611
47.7122190000001,12.9849990000001
47.712494,12.99111
47.7141650000001,12.995554
47.717773,13.003332
47.7241589999999,13.014166
47.7252730000001,13.019165
47.7249980000001,13.024443
47.722221,13.034443
47.706108,13.0583320000001
47.690277,13.0749990000001
47.6844410000001,13.08
47.644997,13.0999980000001
47.6408310000001,13.1002770000001
47.5000000000001,13.0549980000001
47.496384,13.0530550000001
47.493889,13.050278
47.4702760000001,13.016666
47.4691620000001,13.0116650000001
47.4694440000001,13.0049990000001
47.475555,12.9630550000001
47.4784770000001,12.952686
47.552216,12.8097210000001
47.5572200000001,12.80361
47.579437,12.7894439999999
47.585831,12.78611
47.589439,12.7877770000001
47.6130520000001,12.800278
47.6163860000001,12.808887
47.616943,12.8144440000001
47.6163860000001,12.8277760000001
47.6188890000001,12.830832
47.6222150000001,12.829166
47.627495,12.82361
47.6811070000001,12.74472
47.6841660000001,12.7355540000001
47.6844410000001,12.7227760000001
47.684998,12.6658330000001
47.6744380000001,12.6069430000001
47.6727750000001,12.6027769999999
47.6674960000001,12.5969430000001
47.6441650000001,12.57639
47.641937,12.5666659999999
47.6322170000001,12.5180550000001
47.6333310000001,12.512777
47.6352769999999,12.5088880000001
47.6677700000001,12.455
47.657494,12.201111
47.6395340000001,12.206856
47.6272200000001,12.207777
47.618607,12.206388
47.6149600000001,12.20472
47.61026,12.1993770000001
47.608124,12.1957450000001
47.6111070000001,12.1413879999999
47.6147160000001,12.1111110000001
47.620552,12.059999
47.624443,12.0063880000001
47.6141660000001,11.919998
47.5847170000001,11.6830540000001
47.527222,11.5836110000001
47.5219420000001,11.577776
47.5199969999999,11.574444
47.515549,11.5544430000001
47.5091630000001,11.505278
47.512215,11.457499
47.4288860000001,11.2963890000001
47.3969420000001,11.112499
47.396111,11.095554
47.395271,11.0286100000001
47.3958280000001,11.0083330000001
47.3980480000001,10.98361
47.399162,10.978333
47.4005510000001,10.97361
47.403328,10.971109
47.5180510000001,10.909443
47.553886,10.690832
47.5402760000001,10.5694430000001
47.582771,10.484165
47.5872189999999,10.484444
47.5905529999999,10.4827770000001
47.5919420000001,10.4780539999999
47.5913850000001,10.4725000000001
47.583885,10.4436089999999
47.5813830000001,10.4341660000001
47.57972,10.429998
47.576942,10.426943
47.5291599999999,10.436388
47.4911040000001,10.4583320000001
47.4836040000001,10.467499
47.480553,10.469166
47.4763869999999,10.4697210000001
47.4397200000001,10.474165
47.4355550000001,10.473331
47.396111,10.429722
47.3149950000001,10.339998
47.3124920000001,10.3372210000001
47.3083270000001,10.3294430000001
47.2888869999999,10.2744430000001
47.276665,10.232777
47.275551,10.228054
47.275276,10.2219430000001
47.2747190000001,10.173332
47.322495,10.2116659999999
47.3699950000001,10.231388
47.3736039999999,10.232777
47.3813860000001,10.231388
47.4952770000001,10.043055
47.539719,9.95499999999998
47.5936050000001,9.81361000000004
47.5947190000001,9.80833200000001
47.594444,9.78249900000003
47.5913850000001,9.77361100000007
47.5847170000001,9.76305400000001
47.5708310000001,9.74944300000004
47.5608290000001,9.74305500000014
47.5469440000001,9.73638699999998
47.5352970000001,9.72920000000005
47.5295140000001,9.69253100000009
47.5295140000001,9.6515060000001
47.5295140000001,9.61048199999999
47.5295140000001,9.60706399999998
47.5374180000001,9.57791400000002
47.540451,9.56672400000002
47.5758509999999,9.47832200000011
47.662842,9.26109500000001
47.684998,9.08694300000008
47.685829,9.07833299999999
47.6888890000001,9.04250000000008
47.6877750000001,9.02416599999992
47.682495,9.004999
47.679161,8.99666600000012
47.6727750000001,8.98555399999998
47.6674960000001,8.97333100000009
47.657494,8.94777699999997
47.6530530000001,8.934166
47.650551,8.91777600000012
47.650276,8.90499900000003
47.651382,8.89277599999997
47.6541480000001,8.88329900000014
47.6988830000001,8.85583300000008
47.7180480000001,8.83527800000002
47.7358320000001,8.80888700000008
47.737221,8.80416500000001
47.7352750000001,8.79999900000013
47.722771,8.77777700000001
47.7174990000001,8.772221
47.713333,8.77277800000007
47.710274,8.77472100000011
47.6817250000001,8.80013300000002
47.6922150000001,8.76138900000012
47.695,8.74527699999999
47.6966249999999,8.72022200000009
47.7038880000001,8.72916600000008
47.705673,8.73069800000002
47.7097170000001,8.73416500000002
47.7138820000001,8.73499900000007
47.75444,8.73694400000011
47.758049,8.73694400000011
47.761383,8.73499900000007
47.786659,8.68555500000002
47.79805,8.6613880000001
47.803604,8.61472099999992
47.8041610000001,8.60861000000006
47.806938,8.56611099999992
47.8063890000001,8.55972100000008
47.772499,8.479443
47.7699970000001,8.47611000000006
47.7674940000001,8.47333099999997
47.7038880000001,8.40666600000003
47.699715,8.40722099999999
47.6783290000001,8.41333200000003
47.6694410000001,8.42472100000003
47.646942,8.47555499999999
47.647217,8.49527700000004
47.6497190000001,8.51833199999999
47.65361,8.52583299999998
47.656944,8.52805499999994
47.6644440000001,8.53694300000012
47.6674960000001,8.54583200000002
47.668327,8.55138799999997
47.6686100000001,8.58055500000012
47.6677320000001,8.610254
47.6611100000001,8.62083200000001
47.656105,8.62694399999998
47.6533280000001,8.62944400000009
47.6497190000001,8.63083300000005
47.646111,8.629166
47.601662,8.59472099999999
47.599442,8.59138899999999
47.59137,8.5764200000001
47.5985370000001,8.56943000000012
47.6144410000001,8.56555400000002
47.6213840000001,8.56222200000002
47.6233290000001,8.55833200000006
47.632774,8.53138699999994
47.6341630000001,8.51999900000004
47.631104,8.51110999999997
47.6122210000001,8.47749900000008
47.602493,8.46499800000009
47.573608,8.435833
47.5799940000001,8.3908330000001
47.605827,8.29250000000008
47.611664,8.28805499999999
47.6130520000001,8.28333300000008
47.619438,8.24083300000007
47.6216659999999,8.20555500000006
47.6216659999999,8.19888900000007
47.620827,8.19333300000011
47.617218,8.18527599999993
47.5811080000001,8.11083200000013
47.578331,8.10805500000004
47.571938,8.10388800000004
47.568329,8.10249900000008
47.5655520000001,8.09972199999999
47.5616610000001,8.09222200000005
47.560555,8.08666600000009
47.5561070000001,8.03333300000014
47.552216,7.93194399999999
47.5527730000001,7.91888799999992
47.553886,7.91361000000006
47.558052,7.90638800000005
47.5533290000001,7.769722
47.5433270000001,7.69722300000001
47.550552,7.65611100000012
47.5611039999999,7.62111100000004
47.5741650000001,7.66666600000002
47.5763850000001,7.66999900000008
47.579437,7.67194400000005
47.603607,7.67694400000005
47.6063840000001,7.67444399999999
47.6038820000001,7.64055499999995
47.58448,7.58826800000003
47.5926970000001,7.58974700000005
47.6019440000001,7.58972200000011
47.60833,7.58583300000004
47.6366650000001,7.56722200000007
47.6416630000001,7.5611100000001
47.654999,7.54027700000012
47.660828,7.52888900000005
47.6655500000001,7.52194400000008
47.668327,7.51944399999996
47.686943,7.5133330000001
47.703331,7.51083299999999
47.7880550000001,7.52666700000003
47.8627780000001,7.55722099999997
47.903328,7.58416700000004
47.969162,7.62222200000008
47.9769440000001,7.624166
47.9861070000001,7.6244440000001
47.9938890000001,7.62249900000012
47.9999999999999,7.61851800000005
48.006104,7.61361099999993
48.0272220000001,7.583888
48.034439,7.57444400000003
48.0372160000001,7.57166600000005
48.0447770000001,7.56919399999998
48.059998,7.56666699999994
48.0852740000001,7.56888900000013
48.0891649999999,7.56972200000013
48.1131520000001,7.57689800000003
48.1197200000001,7.57888800000001
48.1227720000001,7.58083199999993
48.164185,7.60772900000001
48.276382,7.69333300000005
48.330551,7.7461110000001
48.3366620000001,7.750833
48.3454060000001,7.75176699999997
48.3711090000001,7.74305500000003
48.3894420000001,7.73666600000001
48.398605,7.73666600000001
48.42495,7.74540300000012
48.5758290000001,7.80222099999997
48.664162,7.87999899999994
48.7241590000001,7.96194400000013
48.803604,8.09222200000005
48.816666,8.10388800000004
48.82222,8.10638799999998
48.8408280000001,8.11027700000005
48.8463820000001,8.11249900000001
48.8649980000001,8.121666
48.890831,8.13583200000005
48.895554,8.13916600000005
48.9519420000001,8.19055400000002
48.958885,8.20610999999997
48.9644170000001,8.22607799999997
48.976387,8.15555400000011
49.005272,8.05194299999999
49.0111079999999,8.03972100000004
49.048882,7.93861100000009
49.048882,7.93333200000012
49.046387,7.82138800000007
49.0427700000001,7.73749900000001
49.0422209999999,7.66888799999998
49.0449370000001,7.65208900000005
49.065277,7.63027799999998
49.0691600000001,7.62583300000011
49.164162,7.48694399999999
49.1758270000001,7.43250000000012
49.1772160000001,7.42361100000005
49.1769410000001,7.41360999999995
49.1733320000001,7.38361099999997
49.171944,7.37527800000004
49.17083,7.37194400000004
49.168777,7.36901499999999
49.1605530000001,7.36722199999997
49.14444,7.36166600000001
49.14222,7.36000000000001
49.112221,7.29166599999996
49.111107,7.28777700000006
49.1211090000001,7.15166700000003
49.127495,7.09055499999999
49.187492,7.01944400000008
49.219719,6.934166
49.220833,6.93055500000003
49.2205510000001,6.92055500000004
49.2180480000001,6.85388900000004
49.215271,6.84750000000003
49.2113880000001,6.84305499999999
49.2088850000001,6.84138899999999
49.206108,6.84027800000007
49.2033310000001,6.84110999999996
49.1905520000001,6.84972200000004
49.1838840000001,6.85500000000013
49.179993,6.85972200000003
49.177773,6.86111099999999
49.174995,6.86111099999999
49.1724930000001,6.85944400000011
49.158333,6.84416600000003
49.154999,6.838888
49.1530529999999,6.83138800000006
49.1538850000001,6.82194399999992
49.165276,6.73500000000001
49.166107,6.73083300000008
49.167496,6.72750000000013
49.171661,6.72361100000006
49.183052,6.71499899999998
49.1858290000001,6.71416700000009
49.1888890000001,6.71472199999999
49.1913830000001,6.71638900000011
49.244995,6.68694400000004
49.3630520000001,6.5947220000001
49.4194409999999,6.54611100000005
49.4258270000001,6.54055500000004
49.4308320000001,6.53222199999999
49.442772,6.50833299999994
49.4613880000001,6.46833300000003
49.47583,6.416111
49.475555,6.41138799999999
49.459389,6.36216999999999
49.4891660000001,6.36277799999999
49.5258640000001,6.35648600000007
49.665833,6.42083300000007
49.691109,6.46611000000013
49.6936040000001,6.47305499999993
49.6961059999999,6.48472199999998
49.706627,6.50583500000005
49.80555,6.52472200000011
49.808609,6.52444400000002
49.8111040000001,6.522222
49.8111040000001,6.481944
49.808884,6.42972200000014
49.817772,6.39555500000006
49.848328,6.32111100000003
49.8553160000001,6.31593800000013
49.880554,6.25527799999998
49.8841630000001,6.25027800000004
49.897499,6.23416600000007
49.949997,6.17527799999999
49.952217,6.17305499999992
49.993889,6.14055500000012
50.013885,6.13055500000013
50.0558320000001,6.11333299999995
50.058884,6.11277800000005
50.090828,6.11833299999995
50.1163859999999,6.12805500000002
50.121941,6.13027799999992
50.1278460000001,6.13441400000005
50.1544420000001,6.13972200000012
50.2213820000001,6.16388799999993
50.22361,6.16555500000004
50.232498,6.17333300000001
50.283607,6.28083300000003
50.312775,6.34972199999999
50.3231739999999,6.39820400000002
50.440552,6.37444399999998
50.4433290000001,6.3736100000001
50.448326,6.3711110000001
50.4841610000001,6.34444400000007
50.489716,6.33388800000012
50.496384,6.31749899999994
50.498055,6.30944399999999
50.4977720000001,6.26472200000001
50.589165,6.24777700000004
50.6158290000001,6.27055499999994
50.6186070000001,6.27166699999998
50.621384,6.27083300000004
50.623604,6.26861100000008
50.656387,6.16722199999992
50.7236100000001,6.05472200000014
50.7572710000001,6.01179800000006
50.802216,6.00805500000013
50.838608,6.01333300000005
50.8416599999999,6.01388800000012
50.847771,6.02611100000001
50.851944,6.04611099999994
50.851944,6.05166600000001
50.8483280000001,6.05638900000002
50.847496,6.060833
50.8483280000001,6.06472200000007
50.849716,6.06777799999998
50.854164,6.07166599999999
50.870552,6.08416699999998
50.873604,6.08472200000006
50.9136050000001,6.08138800000006
50.9158330000001,6.08027700000014
50.976662,6.02833299999998
50.978333,6.025555
50.9802700000001,6.01750000000004
50.9849930000001,5.94888900000001
50.9849930000001,5.94472200000001
50.982216,5.93250000000006
50.9738850000001,5.90805499999999
50.971939,5.90027700000002
50.9727710000001,5.89166600000004
51.018883,5.8694440000001
51.0436100000001,5.86416600000001
51.046104,5.86472099999992
51.0480500000001,5.86694400000005
51.063049,5.90249900000003
51.063889,5.90694400000012
51.0624920000001,5.91027700000001
51.08416,6.00305499999996
51.131104,6.09750000000003
51.168884,6.09027800000001
51.171661,6.08361100000013
51.1758270000001,6.07944400000014
51.1811070000001,6.07666599999999
51.1899950000001,6.07472100000001
51.211662,6.07138800000007
51.214996,6.07166599999999
51.2180480000001,6.07222200000001
51.2402730000001,6.07638800000007
51.2424930000001,6.07888799999995
51.2952730000001,6.143055
51.3616640000001,6.2222210000001
51.364716,6.22277700000006
51.465828,6.2222210000001
51.468887,6.22194400000006
51.5099950000001,6.20749999999993
51.516937,6.20222200000006
51.5583270000001,6.15861000000007
51.5691600000001,6.13666599999999
51.572495,6.13138900000001
51.604439,6.09416600000003
51.6072160000001,6.09305500000011
51.7066649999999,6.02888899999999
51.747528,5.95205299999998
51.7602770000001,5.98083300000002
51.763885,5.98583300000001
51.7669370000001,5.98666600000001
51.7805480000001,5.98472200000009
51.7852710000001,5.98138799999992
51.80555,5.96472199999999
51.807777,5.96249999999998
51.8299939999999,6.00305499999996
51.8880540000001,6.12360999999999
51.895271,6.18222100000003
51.8480530000001,6.35111000000006
51.8536070000001,6.46277700000007
51.8744430000001,6.52749899999998
51.896111,6.5947220000001
51.913887,6.67610999999999
51.914162,6.68555500000008
51.9111100000001,6.69166700000005
51.9088820000001,6.69361000000004
51.90361,6.70194400000003
51.8977740000001,6.72055499999999
51.8980480000001,6.72444400000006
51.906105,6.74638800000008
51.9213870000001,6.77694400000001
51.928055,6.78916600000002
51.9655530000001,6.82888800000001
51.9713820000001,6.8308320000001
51.977493,6.82999999999998
51.9886090000001,6.82611100000008
52.007217,6.80055499999997
52.010277,6.79444400000006
52.035271,6.72861100000006
52.0766600000001,6.73638799999998
52.114563,6.75942800000007
52.1177750000001,6.84250000000003
52.118332,6.85250000000002
52.120277,6.86055500000003
52.1255490000001,6.86860999999999
52.130272,6.87194399999999
52.1391600000001,6.87472199999996
52.1486050000001,6.87611099999998
52.151382,6.8775
52.171387,6.90111100000007
52.1730499999999,6.90416600000009
52.190277,6.96472199999994
52.2316670000001,7.04222200000004
52.237762,7.05309400000004
52.2688830000001,7.03138799999999
52.276939,7.02805500000005
52.2802730000001,7.02805500000005
52.286942,7.02888899999999
52.2988820000001,7.03222200000005
52.312775,7.03805500000004
52.337639,7.0581140000001
52.3527760000001,7.06972200000007
52.358887,7.07111100000003
52.385826,7.06555500000007
52.393608,7.0619440000001
52.398605,7.05888800000002
52.4597170000001,6.99083299999995
52.461105,6.98749900000001
52.459999,6.98388900000009
52.448608,6.97388800000004
52.443054,6.96583300000003
52.436386,6.95416599999999
52.4349980000001,6.95083300000005
52.434441,6.94611099999997
52.45916,6.76444400000014
52.4627760000001,6.75333300000011
52.4858320000001,6.705555
52.4905550000001,6.70249899999993
52.5491640000001,6.68888900000007
52.5519410000001,6.69027699999998
52.5594410000001,6.72249999999997
52.563332,6.75610999999998
52.5647200000001,6.75944399999997
52.5672149999999,6.76083299999999
52.6161040000001,6.72944400000006
52.6211089999999,6.72611000000006
52.6267850000001,6.71892300000013
52.62944,6.72083300000008
52.6491620000001,6.756666
52.6522219999999,6.76805499999995
52.6541600000001,6.78166599999992
52.653053,6.89472200000012
52.651939,6.90222199999999
52.6505510000001,6.90555500000011
52.6449970000001,6.91305499999999
52.6405490000001,6.91694400000006
52.6388850000001,6.92027800000005
52.6325000000001,7.02500000000009
52.6325000000001,7.03083300000009
52.632774,7.03583200000014
52.6349950000001,7.04333300000013
52.6388850000001,7.04805500000003
52.6436080000001,7.05166600000001
52.651939,7.05527699999999
52.663887,7.05888800000002
52.7213820000001,7.06361099999998
52.7522200000001,7.06527699999998
52.768608,7.06472200000007
52.7858279999999,7.06555500000007
52.7991640000001,7.06694400000009
52.8149950000001,7.06972200000007
52.8244399999999,7.07694400000003
52.8369060000001,7.09106700000012
52.8888850000001,7.13305500000001
52.9341660000001,7.17972199999997
52.9572219999999,7.19333299999994
52.964996,7.19777800000003
52.9705510000001,7.20027700000003
53.001938,7.21027800000007
53.015831,7.21166599999998
53.1761090000001,7.207222
53.2428050000001,7.20836400000002
53.311386,7.24500000000012
53.315277,7.25000000000006
53.3183290000001,7.25638900000007
53.3191600000001,7.27194400000013
53.317497,7.32000000000011
53.316383,7.32972100000006
53.3138890000001,7.33694399999996
53.310272,7.34249999999997
53.3055500000001,7.34638900000004
53.3022160000001,7.35194400000012
53.3008270000001,7.355277
53.299164,7.36444399999999
53.308609,7.358611
53.317497,7.35111000000001
53.32222,7.34166600000003
53.3238830000001,7.33249999999998
53.3363880000001,7.22694400000006
53.3408280000001,7.18388800000008
53.339996,7.12638900000002
53.338051,7.09250000000003
53.3361050000001,7.07333300000005
53.3372190000001,7.05805500000002
53.3397220000001,7.05055499999992
53.34166,7.04777700000011
53.345833,7.04333300000013
53.3649980000001,7.02416599999998
53.372215,7.01944400000008
53.3805540000001,7.01638800000001
53.383606,7.0158330000001
53.4049990000001,7.01444400000008
53.414719,7.01555500000001
53.4424970000001,7.02194400000002
53.4794390000001,7.03138799999999
53.485275,7.03333300000014
53.582771,7.08805500000011
53.591942,7.09611000000007
53.595276,7.101944
53.64222,7.18472200000014
53.664993,7.22694400000006
53.669441,7.23722199999992
53.685272,7.29583299999996
53.688606,7.34111000000007
53.687492,7.45055500000007
53.686943,7.46750000000003
53.686386,7.47250000000003
53.683052,7.48444400000005
53.6724930000001,7.50833300000011
53.671661,7.51861099999996
53.681389,7.58166600000004
53.7002719999999,7.69833299999999
53.714165,7.84333300000003
53.717499,7.88250000000011
53.7194440000001,7.90749899999997
53.717499,7.94916599999999
53.715271,7.98166700000007
53.7099990000001,8.00833299999999
53.7066650000001,8.02027700000008
53.7036059999999,8.02638799999994
53.701385,8.02861000000013
53.6986079999999,8.02972199999994
53.6916660000001,8.02388800000006
53.6888890000001,8.02249900000004
53.6858290000001,8.02166600000004
53.676109,8.022221
53.67083,8.02472100000006
53.636383,8.04611
53.626389,8.05805400000008
53.5847170000001,8.12388800000002
53.5647200000001,8.15722099999999
53.5624920000001,8.15944300000001
53.5577770000001,8.16249800000003
53.549721,8.16583300000008
53.543327,8.16666600000008
53.5272220000001,8.16833299999996
53.524437,8.16805500000009
53.5205540000001,8.16333200000008
53.5113830000001,8.13527699999997
53.5080490000001,8.1236100000001
53.504166,8.10305399999999
53.5019380000001,8.08444400000008
53.502777,8.06333199999995
53.5005490000001,8.06138800000008
53.4974980000001,8.06166599999995
53.479996,8.06611100000003
53.4722210000001,8.06972100000013
53.462494,8.07583200000005
53.4580540000001,8.08027600000003
53.444443,8.09777600000007
53.4041600000001,8.20472100000001
53.403053,8.20861099999996
53.400833,8.22305499999993
53.4005510000001,8.23444400000011
53.4013820000001,8.24416500000007
53.402222,8.248333
53.416939,8.28111100000007
53.4224930000001,8.28916499999997
53.427216,8.29277599999995
53.4513850000001,8.30972100000008
53.4563830000001,8.31305500000008
53.46611,8.314999
53.498886,8.31972100000007
53.5091630000001,8.32055500000001
53.515274,8.31972100000007
53.5224990000001,8.31472200000002
53.525551,8.3086110000001
53.5261080000001,8.30333300000001
53.525276,8.29333300000008
53.520828,8.27277800000002
53.519722,8.26361100000003
53.518608,8.23749900000007
53.5194400000001,8.23305500000009
53.522217,8.23194300000011
53.532219,8.23222200000009
53.5577770000001,8.23694399999999
53.586105,8.24305500000008
53.60305,8.26111000000003
53.609993,8.27277800000002
53.613884,8.28333300000008
53.616943,8.3061100000001
53.616943,8.32305500000007
53.6136090000001,8.34138900000005
53.5549930000001,8.49444400000004
53.5136110000001,8.51833199999999
53.5055540000001,8.50833300000011
53.5013890000001,8.50388700000008
53.491943,8.49638700000003
53.484444,8.49111000000005
53.4791640000001,8.48833300000013
53.4702760000001,8.48527700000005
53.4538880000001,8.48277699999994
53.4183270000001,8.48416500000008
53.4061050000001,8.48527700000005
53.3816600000001,8.48860900000005
53.3730550000001,8.49083300000001
53.3602750000001,8.49777600000004
53.354164,8.50305400000008
53.3624950000001,8.506666
53.372498,8.50805500000001
53.4249950000001,8.505833
53.434441,8.50499900000011
53.4505540000001,8.4986100000001
53.462494,8.4961110000001
53.471939,8.49805500000002
53.4805530000001,8.50166500000012
53.4880520000001,8.50638800000007
53.492218,8.51138900000001
53.5154340000001,8.56086700000003
53.5213850000001,8.56555400000002
53.5269390000001,8.56833300000011
53.533333,8.56833300000011
53.5361100000001,8.56749900000005
53.550552,8.55777699999999
53.617218,8.5117340000001
53.641937,8.49471999999997
53.651665,8.48833300000013
53.6599959999999,8.48555400000004
53.671944,8.48305500000004
53.681107,8.48222200000004
53.690277,8.48333200000008
53.7019420000001,8.48777800000005
53.818329,8.54805399999998
53.851387,8.57444400000003
53.8586040000001,8.58027600000008
53.877495,8.60110999999995
53.87944,8.60416600000002
53.88166,8.61194399999999
53.891388,8.65249799999992
53.893883,8.66555399999999
53.894722,8.68055500000003
53.8930510000001,8.68388700000003
53.8758320000001,8.706388
53.8716659999999,8.71138799999994
53.866104,8.71305500000005
53.863884,8.71472199999994
53.8577730000001,8.7280540000001
53.846664,8.75638800000002
53.8405529999999,8.775555
53.835831,8.79722200000003
53.82972,8.85305399999999
53.8280490000001,8.90749899999997
53.846664,9.02055499999994
53.8633270000001,9.10527600000012
53.866104,9.12888700000008
53.864998,9.21305499999994
53.8647160000001,9.21888700000005
53.8588870000001,9.27610999999996
53.8577730000001,9.27999900000009
53.8563840000001,9.28333300000003
53.849159,9.29416700000013
53.8302760000001,9.32027599999998
53.826111,9.32444400000003
53.7980500000001,9.35138699999999
53.760826,9.37944400000009
53.730553,9.40888800000005
53.7244420000001,9.41583300000002
53.61055,9.547777
53.5983280000001,9.56222200000002
53.5911100000001,9.57305500000001
53.586105,9.58277700000008
53.55555,9.67277700000005
53.5502780000001,9.69583300000005
53.5437320000001,9.764746
53.534721,9.80222100000009
53.5330510000001,9.81138800000008
53.532494,9.82166500000005
53.5330510000001,9.82638700000012
53.534439,9.8300000000001
53.5363850000001,9.8324990000001
53.5388869999999,9.833887
53.5422210000001,9.833887
53.546661,9.83027600000003
53.5502780000001,9.82472000000007
53.551666,9.82083299999994
53.5613860000001,9.78388800000005
53.5627750000001,9.77416599999998
53.5650019999999,9.74108300000006
53.565552,9.72416500000003
53.5683290000001,9.69944400000009
53.5719380000001,9.68194399999999
53.578606,9.66361000000006
53.6136090000001,9.57527699999997
53.621666,9.56111000000004
53.6336060000001,9.54666499999996
53.739441,9.43777700000004
53.748604,9.43055500000008
53.7711110000001,9.4172210000001
53.792221,9.40777600000001
53.821388,9.39444400000008
53.823883,9.39305500000006
53.852776,9.33777600000002
53.8572160000001,9.32777600000003
53.874443,9.28638800000004
53.8766630000001,9.27833199999998
53.8863830000001,9.23444400000005
53.888885,9.22083300000008
53.890549,9.20527600000008
53.898048,9.06305500000013
53.8911059999999,8.99305500000008
53.890274,8.98333200000013
53.894997,8.96722199999999
53.907219,8.94749799999994
53.919716,8.92750000000001
53.9286040000001,8.91388700000005
53.9408260000001,8.899721
53.961105,8.88305500000001
54.008888,8.84999800000008
54.028328,8.83722100000006
54.0311050000001,8.83611100000002
54.0352710000001,8.84055499999999
54.0386050000001,8.84666600000008
54.041107,8.85416599999996
54.0441670000001,8.86611000000005
54.0452730000001,8.880833
54.0441670000001,8.89055400000001
54.0372159999999,8.92666600000007
54.030548,8.94555500000013
54.0222170000001,8.960554
54.017776,8.97110900000007
54.0186080000001,8.97888799999998
54.0261080000001,9.00055500000002
54.0280529999999,9.00305400000002
54.0438840000001,9.01111000000009
54.049995,9.01277700000014
54.0849990000001,9.01722099999995
54.1316600000001,8.97110900000007
54.1238860000001,8.85861
54.1311040000001,8.84750000000003
54.1330490000001,8.84472100000011
54.148048,8.82972099999995
54.155273,8.82499900000005
54.1749950000001,8.8127770000001
54.1899950000001,8.81638700000002
54.2072220000001,8.82333199999999
54.2505490000001,8.84138900000011
54.253326,8.84277700000001
54.2552720000001,8.84527600000001
54.2575000000001,8.85305399999999
54.294167,8.88361000000009
54.293327,8.82999999999993
54.270271,8.69555500000001
54.2677760000001,8.694166
54.266106,8.69111100000003
54.266106,8.67999800000013
54.266937,8.66944300000006
54.2694400000001,8.655554
54.2730480000001,8.64361000000014
54.27916,8.63166600000005
54.301384,8.61194399999999
54.308609,8.60722199999992
54.316383,8.60305400000004
54.324715,8.60027699999995
54.3305510000001,8.59916499999997
54.3338850000001,8.59944300000006
54.378609,8.62194399999999
54.392776,8.63388800000007
54.39666,8.63888699999995
54.3991620000001,8.64611100000013
54.399719,8.65083300000003
54.4108280000001,8.76861000000002
54.41555,8.82333199999999
54.4147189999999,8.82805400000007
54.4130549999999,8.83138800000006
54.406662,8.83777600000013
54.404999,8.84055499999999
54.404442,8.84583300000008
54.405548,8.85555499999998
54.414162,8.88694400000009
54.4519420000001,8.99472000000003
54.4602740000001,9.004999
54.471939,9.01499899999999
54.4747160000001,9.01638799999995
54.49305,9.01944400000002
54.498329,9.01694300000008
54.508606,9.00555400000007
54.5411070000001,8.96777700000007
54.5436100000001,8.96027800000007
54.546387,8.94694300000003
54.549438,8.94027700000004
54.559441,8.92166500000002
54.562775,8.916111
54.620827,8.85083200000003
54.668327,8.814165
54.6855550000001,8.80499800000001
54.711662,8.75444399999998
54.7211070000001,8.734444
54.746941,8.69694300000009
54.8008270000001,8.655554
54.8102720000001,8.64861100000002
54.814995,8.64555500000012
54.8263850000001,8.64222100000012
54.8380510000001,8.64055400000007
54.850273,8.573443
54.8611070000001,8.57727699999992
54.8678780000001,8.58055000000002
54.8706050000001,8.54561000000012
54.8669400000001,8.39010999999994
54.8599930000001,8.30250000000001
54.8574980000001,8.30055399999998
54.848328,8.29805400000004
54.825272,8.29444300000006
54.7894440000001,8.29222100000004
54.783607,8.29361000000006
54.773888,8.29999900000001
54.7674940000001,8.30055399999998
54.7402730000001,8.29861099999994
54.7388840000001,8.29833200000013
54.7374950000001,8.28833199999997
54.744164,8.28222100000011
54.746941,8.28111100000007
54.752777,8.280554
54.774994,8.280554
54.818054,8.281387
54.8352740000001,8.28277600000001
54.894722,8.29111100000006
54.9063870000001,8.29555500000004
54.9263840000001,8.30361000000005
54.9397200000001,8.31083300000012
55.033333,8.37333300000006
55.0452730000001,8.38305500000013
55.053055,8.3933320000001
55.0566640000001,8.40499899999998
55.056389,8.41111000000006
55.053055,8.44722200000012
55.0497210000001,8.45944400000013
55.04805,8.46305500000011
55.024162,8.438332
55.0130540000001,8.42166500000013
55.009438,8.41027599999995
55.008049,8.40111000000007
55.00666,8.3974990000001
54.9941640000001,8.37194400000004
54.9730530000001,8.35388799999998
54.966942,8.3522210000001
54.9513850000001,8.35277700000012
54.9267270000001,8.41663000000005
54.917896,8.41846399999991
54.913559,8.42129700000004
54.9102290000001,8.42646400000001
54.9085620000001,8.43063100000001
54.900558,8.45679800000005
54.8993910000001,8.46563100000009
54.900558,8.49046400000003
54.905899,8.59833100000009
54.913559,8.60246400000005
54.9177250000001,8.60279700000012
54.9130940000001,8.66454499999998
54.8988880000001,8.68610999999993
54.8927760000001,8.69944400000009
54.8911060000001,8.71944400000001
54.897217,8.75472100000013
54.8988880000001,8.76305400000001
54.906105,8.78583100000009
54.9138870000001,8.82888799999995
54.9136890000001,8.8413010000001
54.9080510000001,8.91999800000013
54.9055480000001,8.94111099999998
54.8649980000001,9.16888800000004
54.853607,9.22416499999991
54.8455510000001,9.23361
54.83416,9.22805399999999
54.8244400000001,9.23361
54.8163830000001,9.24305500000008
54.8088839999999,9.25361100000003
54.8086090000001,9.34277700000007
54.812492,9.35888900000003
54.8208310000001,9.36861000000005
54.822777,9.36888900000002
54.8297200000001,9.37861100000009
54.8352740000001,9.39249999999998
54.8333280000001,9.41472100000004
54.825401,9.44535800000006
54.8197170000001,9.44194400000004
54.807777,9.43749800000006
54.802216,9.43916499999995
54.8255540000001,9.5783330000001
54.8122180000001,9.66055500000004
54.78611,9.78555499999993
54.788887,9.88972099999995
54.791664,9.89638699999995
54.79277,9.90583200000003
54.7911070000001,9.91666600000008
54.7819440000001,9.93583300000006
54.7686079999999,9.96194299999996
54.761108,9.97277599999995
54.7566600000001,9.97666500000003
54.67115,10.036943
54.665321,10.0377770000001
54.633072,10.0399990000001
54.555275,10.032499
54.5288849999999,10.0108319999999
54.5247190000001,10.006388
54.5208660000001,10.000323
54.5075,9.97055399999999
54.481941,9.89305499999995
54.477493,9.8711110000001
54.4791640000001,9.84999800000008
54.478607,9.84527600000001
54.4761050000001,9.84333200000009
54.473053,9.84361100000007
54.464439,9.85194399999995
54.457497,9.86360900000005
54.454437,9.87027700000004
54.452774,9.878332
54.453888,9.89333199999999
54.474236,10.0066660000001
54.488884,10.101387
54.4899980000001,10.1108320000001
54.489716,10.126944
54.435555,10.3683320000001
54.3605500000001,10.609722
54.3499980000001,10.633055
54.3466639999999,10.6388870000001
54.342216,10.643055
54.3372190000001,10.6461110000001
54.3308260000001,10.652222
54.3124920000001,10.6791650000001
54.3094410000001,10.6858330000001
54.3083270000001,10.6905540000001
54.3069379999999,10.7066649999999
54.306664,10.764999
54.3077770000001,10.7799989999999
54.309715,10.7877770000001
54.3149950000001,10.8022210000001
54.3236080000001,10.8211099999999
54.3269420000001,10.8274990000001
54.3322220000001,10.8358330000001
54.338608,10.843054
54.361938,10.885277
54.3836059999999,10.936666
54.3849950000001,10.945833
54.3847200000001,10.951666
54.380554,10.979443
---
