34.808884,24.128609
34.8091660000001,24.1191640000001
34.82444,24.0833319999999
34.8324970000001,24.069443
34.8366620000001,24.0627750000001
34.8499980000001,24.0447199999999
34.854164,24.044998
34.8686070000001,24.0747180000001
34.8658290000001,24.105553
34.8608320000001,24.1236079999999
34.8591610000001,24.1277770000001
34.8566670000001,24.128609
---
35.34333,26.880554
35.350555,26.8566670000001
35.352493,26.8533330000001
35.357498,26.850555
35.372215,26.84972
35.419998,26.8980520000001
35.4216610000001,26.901665
35.434441,26.996944
35.4322200000001,27.0161090000001
35.4308320000001,27.0199970000001
35.40416,26.998333
35.392776,26.9644430000001
35.358887,26.9005550000001
---
35.5147170000001,23.9713860000001
35.5155490000001,23.995552
35.5287170000001,24.0386100000001
35.5305480000001,24.0429420000001
35.54805,24.0696110000001
35.549553,24.071276
35.551552,24.0717750000001
35.5680540000001,24.0833319999999
35.5736080000001,24.0788880000001
35.57666,24.0774989999999
35.5805510000001,24.077774
35.5836110000001,24.079166
35.588333,24.084999
35.5999980000001,24.118053
35.601944,24.12611
35.5999980000001,24.135277
35.5905530000001,24.1722220000001
35.5872190000001,24.180553
35.5427700000001,24.2052760000001
35.538887,24.2052760000001
35.5349960000001,24.203888
35.5099950000001,24.187222
35.5083310000001,24.1838870000001
35.502777,24.169441
35.500275,24.161942
35.503326,24.1405530000001
35.497383,24.1287770000001
35.4982150000001,24.1139429999999
35.4977190000001,24.1114410000001
35.4967190000001,24.1094440000001
35.4938850000001,24.1061080000001
35.4905469999999,24.1031090000001
35.4883840000001,24.102608
35.4867169999999,24.103943
35.48555,24.105942
35.453606,24.174164
35.451111,24.1838870000001
35.3672179999999,24.2661090000001
35.3624950000001,24.2719420000001
35.3586040000001,24.285
35.351662,24.3197210000001
35.3511050000001,24.3344420000001
35.351662,24.3480530000001
35.3530500000001,24.366108
35.3619380000001,24.464722
35.364716,24.4841650000001
35.366661,24.4966660000001
35.3811040000001,24.5886080000001
35.383606,24.600555
35.3861080000001,24.608055
35.3913880000001,24.6180529999999
35.4005510000001,24.6294440000001
35.4088820000001,24.788887
35.404442,24.9633330000001
35.3838880000001,25.046387
35.3797149999999,25.0447200000001
35.3694380000001,25.045277
35.355827,25.048611
35.3527759999999,25.0499990000001
35.3477710000001,25.054996
35.344719,25.063889
35.334442,25.201385
35.3338850000001,25.280552
35.335548,25.302498
35.335831,25.3630520000001
35.335548,25.3772200000001
35.3333280000001,25.3874970000001
35.3308259999999,25.390274
35.315277,25.396942
35.307777,25.40472
35.294441,25.429996
35.2916639999999,25.445274
35.292496,25.463333
35.2986070000001,25.4911080000001
35.318604,25.564442
35.3333280000001,25.6180530000001
35.342499,25.6580540000001
35.342499,25.6627770000001
35.334717,25.7666660000001
35.3319400000001,25.768887
35.3280490000001,25.7672200000001
35.3247150000001,25.765274
35.316109,25.757774
35.3072200000001,25.746109
35.300278,25.7327770000001
35.29805,25.73
35.2941670000001,25.7283330000001
35.2638850000001,25.7227750000001
35.259163,25.7283330000001
35.257774,25.733055
35.2586060000001,25.7372210000001
35.2619400000001,25.7394410000001
35.2697220000001,25.7413860000001
35.273605,25.7413860000001
35.286358,25.7427580000001
35.282566,25.7541390000001
35.271183,25.7562080000001
35.2535930000001,25.7551730000001
35.231869,25.739307
35.219162,25.71833
35.214722,25.7172200000001
35.1744380000001,25.7102780000001
35.1711040000001,25.710831
35.159164,25.717499
35.141937,25.7280540000001
35.1263890000001,25.7566639999999
35.1155550000001,25.779999
35.1122210000001,25.788055
35.1097180000001,25.797497
35.108055,25.8080519999999
35.1099930000001,25.8158300000001
35.118332,25.828053
35.1522220000001,25.866943
35.1769410000001,25.8961110000001
35.2244420000001,26.0266649999999
35.225555,26.0305520000001
35.2252730000001,26.0399970000001
35.2166599999999,26.093052
35.205276,26.1119420000001
35.240555,26.217777
35.2830509999999,26.301109
35.131104,26.2905539999999
35.087494,26.274998
35.039719,26.241943
35.033607,26.2374990000001
35.0216600000001,26.2055550000001
34.9991610000001,26.142498
34.9980550000001,26.1386110000001
34.992775,26.1197200000001
34.9922180000001,26.1108320000001
34.9933320000001,26.10611
34.9955520000001,26.102776
35.0022200000001,26.1011090000001
35.0061040000001,26.1011090000001
35.0091630000001,26.0997199999999
35.01416,26.094997
35.017494,26.086666
35.033051,25.9874990000001
35.0097200000001,25.596943
35.007217,25.5894430000001
35.0044400000001,25.582222
34.996109,25.5608330000001
34.9944380000001,25.5574990000001
34.989441,25.552219
34.9819410000001,25.513332
34.981384,25.504444
34.984993,25.3352780000001
34.9522170000001,25.188053
34.930832,25.0169410000001
34.9305500000001,24.9280550000001
34.937492,24.82111
34.942215,24.752777
34.9502719999999,24.7558329999999
35.015831,24.762775
35.033051,24.759163
35.0466610000001,24.7561070000001
35.0711060000001,24.7441640000001
35.0763850000001,24.739998
35.0905529999999,24.7230530000001
35.096664,24.698608
35.0969390000001,24.6936069999999
35.094994,24.6858330000001
35.094162,24.676941
35.0952760000001,24.6386110000001
35.0969390000001,24.5886080000001
35.0980530000001,24.5655520000001
35.1033330000001,24.5608330000001
35.119438,24.547775
35.1358260000001,24.5355530000001
35.1424940000001,24.526665
35.186943,24.399441
35.1908260000001,24.385555
35.2002720000001,24.1966629999999
35.2002720000001,24.1922190000001
35.199715,24.139721
35.197777,24.10083
35.1908260000001,24.0705530000001
35.1899950000001,24.0533330000001
35.1899950000001,24.0488849999999
35.1911090000001,24.03833
35.1941600000001,24.0294420000001
35.196106,24.0261080000001
35.221107,23.946663
35.233887,23.890274
35.246666,23.824165
35.246384,23.8194429999999
35.233604,23.702221
35.2311100000001,23.694443
35.2244420000001,23.6819420000001
35.230553,23.5983310000001
35.2319410000001,23.593609
35.2358320000001,23.586666
35.2880550000001,23.5211110000001
35.3019410000001,23.5199970000001
35.526665,23.569164
35.5691600000001,23.582497
35.573051,23.583885
35.592216,23.5938870000001
35.613327,23.6063880000001
35.610832,23.6086080000001
35.6072160000001,23.609444
35.6036070000001,23.609722
35.567497,23.6099970000001
35.5269389999999,23.613609
35.5205540000001,23.616108
35.5177760000001,23.6183320000001
35.4997180000001,23.649166
35.4963840000001,23.6569440000001
35.4961090000001,23.666664
35.5019380000001,23.704441
35.5075000000001,23.718887
35.5116650000001,23.7249980000001
35.5144420000001,23.7274970000001
35.5461040000001,23.7319410000001
35.56316,23.7302759999999
35.574715,23.7269439999999
35.604164,23.711388
35.644165,23.708054
35.6483310000001,23.7083320000001
35.651939,23.7094420000001
35.66555,23.7172200000001
35.685555,23.7386090000001
35.687775,23.7416650000001
35.686386,23.7486080000001
35.6711040000001,23.7705539999999
35.6661070000001,23.7755550000001
35.6619420000001,23.775276
35.659164,23.7727780000001
35.648888,23.766941
35.645271,23.766941
35.613327,23.7722210000001
35.5644380000001,23.781944
35.5544430000001,23.784443
35.548332,23.787498
35.543327,23.7925
35.5402759999999,23.7997210000001
35.5238880000001,23.843609
35.5224990000001,23.848331
35.5216599999999,23.858608
---
35.3997190000001,27.1422200000001
35.4286040000001,27.1216660000001
35.592773,27.0674970000001
35.5963820000001,27.0663870000001
35.6049960000001,27.066109
35.6083300000001,27.0677760000001
35.6669390000001,27.120277
35.7188870000001,27.158333
35.7247160000001,27.1624980000001
35.728882,27.163055
35.7469410000001,27.1586070000001
35.7694400000001,27.1586070000001
35.7958300000001,27.16
35.8255540000001,27.213333
35.826942,27.2172200000001
35.8263850000001,27.228054
35.8244399999999,27.231388
35.811104,27.2308310000001
35.7247160000001,27.215553
35.7180480000001,27.212498
35.601105,27.1774980000001
35.4780499999999,27.2022210000001
35.451111,27.16222
35.4458310000001,27.1574970000001
---
35.8224950000001,23.3299980000001
35.823326,23.3255540000001
35.851105,23.2980540000001
35.8538820000001,23.2958300000001
35.8838880000001,23.2788890000001
35.8963850000001,23.273331
35.8999939999999,23.273052
35.899162,23.275833
35.8938830000001,23.28083
35.887497,23.3033330000001
35.8833310000001,23.314163
35.8813860000001,23.3177759999999
35.8722149999999,23.325832
35.8661040000001,23.329166
35.852219,23.331944
35.825272,23.3322220000001
---
36.1358260000001,23.0458300000001
36.1361080000001,23.040554
36.1419370000001,22.9972190000001
36.1461110000001,22.9880520000001
36.178055,22.929996
36.185829,22.9227750000001
36.19944,22.91222
36.202774,22.91111
36.22583,22.906387
36.3183290000001,22.8958319999999
36.325829,22.895275
36.3774950000001,22.9261090000001
36.3794400000001,22.929443
36.386108,22.9516640000001
36.381943,22.958054
36.378609,22.959164
36.3774950000001,22.956944
36.354164,22.969997
36.3249970000001,22.987778
36.32222,22.989998
36.3074950000001,23.0055540000001
36.3058320000001,23.0097200000001
36.3038860000001,23.0202750000001
36.259438,23.085552
36.2486040000001,23.1013870000001
36.2438890000001,23.1072200000001
36.236938,23.1083300000001
36.144997,23.05722
36.13694,23.0494420000001
---
36.3455510000001,25.778606
36.346931,25.767773
36.3549960000001,25.738888
36.3627780000001,25.7316670000001
36.366096,25.7302700000001
36.3697129999999,25.7302700000001
36.3774950000001,25.7336040000001
36.4008259999999,25.7672200000001
36.401932,25.771111
36.3891530000001,25.798328
36.358887,25.8569370000001
36.3549960000001,25.8569370000001
36.352219,25.854443
36.3499910000001,25.8516620000001
36.3488850000001,25.847775
36.3480529999999,25.838882
---
36.39444,25.394722
36.3966600000001,25.391663
36.4038850000001,25.3908310000001
36.408051,25.391388
36.4108280000001,25.393887
36.4119420000001,25.3977780000001
36.4119420000001,25.401665
36.4105530000001,25.406666
36.4083330000001,25.41
36.4047090000001,25.4102750000001
36.4008259999999,25.408604
36.3980410000001,25.406109
36.39444,25.399162
---
35.890274,27.7813870000001
35.893608,27.768608
35.9111100000001,27.733055
35.9133300000001,27.7302740000001
35.9166640000001,27.7286109999999
35.929718,27.722221
35.9408260000001,27.7191660000001
35.94944,27.7213860000001
35.9788819999999,27.7308310000001
36.1044390000001,27.7408290000001
36.1661000000001,27.719719
36.2516560000001,27.7888830000001
36.268326,27.803055
36.2705540000001,27.8058320000001
36.31971,27.876106
36.332222,27.8958280000001
36.3397220000001,27.9091610000001
36.4049990000001,28.068333
36.4186100000001,28.1074940000001
36.4424900000001,28.2072220000001
36.452492,28.2108310000001
36.4555440000001,28.2127719999999
36.4577640000001,28.215832
36.4569400000001,28.219166
36.4530490000001,28.225826
36.441376,28.2338869999999
36.4311070000001,28.238049
36.343597,28.206944
36.2999879999999,28.186939
36.2105410000001,28.141388
36.1858220000001,28.1227719999999
36.111931,28.063606
36.0688860000001,28.0091630000001
36.0449910000001,27.9566610000001
36.0347140000001,27.945827
36.0186,27.931664
35.988052,27.906109
35.975555,27.8988880000001
35.960831,27.8927760000001
35.93222,27.8655550000001
35.9136050000001,27.8427770000001
35.911659,27.839443
35.893326,27.799721
35.8905490000001,27.7866629999999
---
36.3716660000001,27.3955540000001
36.4108280000001,27.317776
36.4222110000001,27.2974970000001
36.4244310000001,27.29472
36.4610980000001,27.29583
36.4644320000001,27.297771
36.469162,27.3030550000001
36.476662,27.3544430000001
36.4755480000001,27.358887
36.4736100000001,27.362221
36.41111,27.44305
36.4086,27.4458270000001
36.4055400000001,27.4474950000001
36.4016650000001,27.4472200000001
36.3913880000001,27.438889
36.3766560000001,27.4175000000001
36.3755419999999,27.413326
36.372498,27.400272
---
36.329163,25.4472200000001
36.339008,25.4202670000001
36.344601,25.384846
36.3624880000001,25.419437
36.396801,25.430054
36.430359,25.416073
36.4569240000001,25.391371
36.4636080000001,25.370548
36.46666,25.3691640000001
36.4702760000001,25.368889
36.472488,25.371941
36.4772190000001,25.3825
36.474442,25.400272
36.469994,25.4211040000001
36.4655460000001,25.4274980000001
36.446938,25.4508289999999
36.444443,25.453606
36.4161,25.4800000000001
36.408051,25.486382
36.397774,25.488888
36.3591540000001,25.4849970000001
36.3433230000001,25.469166
36.333611,25.457771
---
36.504715,26.31805
36.50499,26.312492
36.5077670000001,26.3044400000001
36.5111010000001,26.2972179999999
36.5180440000001,26.2886090000001
36.521111,26.2869420000001
36.5561070000001,26.270554
36.576935,26.2622150000001
36.5841600000001,26.2599950000001
36.5883259999999,26.2608300000001
36.5916599999999,26.262497
36.5938800000001,26.2652699999999
36.6402659999999,26.380276
36.6405490000001,26.385551
36.633881,26.4061090000001
36.63221,26.4094430000001
36.6008220000001,26.4583280000001
36.5980530000001,26.4605480000001
36.5799870000001,26.4722180000001
36.578331,26.4711040000001
36.5763780000001,26.4666600000001
36.565269,26.405827
36.5194400000001,26.3541600000001
36.511658,26.355827
36.508041,26.355827
36.506386,26.342216
---
36.5249940000001,27.8402750000001
36.551941,27.7966610000001
36.5561070000001,27.7905500000001
36.5749970000001,27.7649960000001
36.5858310000001,27.768887
36.6280520000001,27.8124920000001
36.6413880000001,27.8269389999999
36.64444,27.8344380000001
36.649155,27.8511090000001
36.650269,27.85527
36.650269,27.8597179999999
36.6413880000001,27.8655550000001
36.637772,27.8666650000001
36.614716,27.872772
36.59861,27.876106
36.594437,27.8763890000001
36.542763,27.875275
36.538879,27.873882
36.528885,27.858051
36.5272220000001,27.8547170000001
---
36.590553,24.945553
36.5933300000001,24.9244420000001
36.596107,24.9152760000001
36.636383,24.8569410000001
36.641106,24.8513870000001
36.651939,24.8424989999999
36.654999,24.8411100000001
36.6588819999999,24.840832
36.6597210000001,24.8438870000001
36.661942,24.855553
36.662498,24.859722
36.6613850000001,24.8688890000001
36.632774,24.9383320000001
36.621384,24.9533309999999
36.618332,24.9547200000001
36.5991590000001,24.9624979999999
36.5947190000001,24.9613880000001
36.5924990000001,24.958332
36.590553,24.950275
---
36.631943,25.076939
36.633881,25.06694
36.635818,25.0636060000001
36.639992,25.063889
36.6933289999999,25.102219
36.7158280000001,25.1413880000001
36.71666,25.1458280000001
36.71666,25.1877749999999
36.7147220000001,25.188332
36.7055440000001,25.1841660000001
36.6755450000001,25.1566660000001
36.6605530000001,25.135277
36.650269,25.119717
36.6391530000001,25.099716
36.633881,25.089722
---
36.6977769999999,21.774998
36.701385,21.76722
36.7124940000001,21.7505530000001
36.7155530000001,21.7488860000001
36.7191620000001,21.748608
36.7227710000001,21.749443
36.7524950000001,21.7575000000001
36.754997,21.7605550000001
36.754997,21.764442
36.7433320000001,21.783333
36.7408290000001,21.7855530000001
36.7369380000001,21.7858310000001
---
36.649994,24.33083
36.6511080000001,24.326942
36.6527710000001,24.324718
36.6597210000001,24.322777
36.667496,24.3230550000001
36.7330549999999,24.3405529999999
36.7408290000001,24.3438869999999
36.746109,24.349163
36.7477720000001,24.352776
36.767494,24.513332
36.767494,24.526943
36.7647170000001,24.5358310000001
36.7594380000001,24.548054
36.756386,24.5494420000001
36.700554,24.5505520000001
36.6916660000001,24.5483320000001
36.684441,24.544441
36.677773,24.5405539999999
36.674995,24.5380549999999
36.67305,24.5347209999999
36.662773,24.476944
36.6602710000001,24.4136090000001
---
36.644997,25.3577770000001
36.651665,25.3427730000001
36.65416,25.3397220000001
36.728882,25.25861
36.7627720000001,25.2619439999999
36.7663880000001,25.2641639999999
36.7813800000001,25.275829
36.7833330000001,25.2791600000001
36.7891620000001,25.3030549999999
36.7883220000001,25.308048
36.775826,25.3261110000001
36.717766,25.407219
36.715271,25.408333
36.6611100000001,25.3922200000001
36.6527710000001,25.389439
36.651665,25.385551
---
36.7466660000001,24.658607
36.7469410000001,24.648609
36.749443,24.6283300000001
36.7513890000001,24.6249960000001
36.7569430000001,24.6205519999999
36.778328,24.609722
36.781662,24.6119420000001
36.788055,24.619999
36.789444,24.6238859999999
36.7888870000001,24.6422200000001
36.7874980000001,24.6455540000001
36.7763820000001,24.6652760000001
36.767494,24.670277
36.759995,24.6708300000001
36.7558290000001,24.670277
36.749718,24.665833
36.747498,24.6627770000001
---
36.7388839999999,21.693886
36.772499,21.69611
36.7858280000001,21.699165
36.7966610000001,21.7044410000001
36.7991640000001,21.7072219999999
36.79277,21.728333
36.7891620000001,21.7286110000001
36.7702710000001,21.7205540000001
36.7669370000001,21.7186090000001
36.7419430000001,21.7011110000001
36.739166,21.6986080000001
---
36.7747190000001,24.5497210000001
36.7752760000001,24.544441
36.7797160000001,24.5380549999999
36.7877730000001,24.531666
36.8049930000001,24.5222210000001
36.8122180000001,24.5211110000001
36.823883,24.5211110000001
36.8277740000001,24.522778
36.848328,24.559166
36.8486100000001,24.562496
36.833885,24.5919420000001
36.823883,24.599163
36.807777,24.5949970000001
36.798882,24.592499
36.781662,24.577774
36.779442,24.5747180000001
36.7755510000001,24.5586090000001
---
36.820267,25.451939
36.8205410000001,25.432774
36.8277659999999,25.420277
36.83194,25.4208300000001
36.835831,25.422497
36.8691640000001,25.4741590000001
36.849152,25.481384
36.8469310000001,25.4833300000001
36.843323,25.4833300000001
36.8336110000001,25.4794429999999
36.830826,25.4769439999999
36.8222200000001,25.459995
---
36.7641530000001,25.794437
36.764435,25.7694440000001
36.7672200000001,25.7613870000001
36.7777710000001,25.740273
36.784431,25.7369380000001
36.787491,25.738605
36.8405460000001,25.839439
36.889435,25.961941
36.874161,25.976662
36.8360979999999,25.920551
36.7797090000001,25.826664
---
36.6722110000001,26.9713860000001
36.6724930000001,26.96666
36.675278,26.953053
36.679153,26.9463840000001
36.7061,26.923054
36.7088780000001,26.92083
36.7161029999999,26.91861
36.755272,26.9177700000001
36.761101,26.921944
36.8372120000001,27.0608330000001
36.838875,27.0641590000001
36.8813860000001,27.1524930000001
36.8872150000001,27.168053
36.888878,27.1774980000001
36.900551,27.284443
36.8852769999999,27.3405490000001
36.881104,27.3466610000001
36.8722080000001,27.3527760000001
36.865273,27.355553
36.8588870000001,27.3552700000001
36.849442,27.3441660000001
36.8427660000001,27.329437
36.837494,27.302498
36.83416,27.2794420000001
36.8269349999999,27.243332
36.8197100000001,27.218327
36.7661060000001,27.03611
36.763611,27.028049
36.7513890000001,26.9922220000001
36.7469410000001,26.980553
36.742775,26.974159
36.7402730000001,26.9719430000001
36.736382,26.9705510000001
36.7036059999999,26.9663889999999
36.6816640000001,26.965832
---
36.8763890000001,25.6727710000001
36.8808289999999,25.6127780000001
36.883324,25.609997
36.886658,25.609161
36.8919300000001,25.614716
36.9033280000001,25.6388820000001
36.906097,25.651939
36.899437,25.668884
36.896935,25.6716610000001
36.8838810000001,25.683048
36.880272,25.683884
36.8780520000001,25.680832
---
36.943871,25.0716630000001
36.946091,25.0688860000001
36.981934,25.0272220000001
36.9847110000001,25.024998
36.9991460000001,25.0236050000001
37.003319,25.024162
37.0072100000001,25.025829
37.014702,25.034161
37.0313800000001,25.05444
37.0336000000001,25.057499
37.0352550000001,25.0608329999999
37.0424800000001,25.0791630000001
37.0424800000001,25.083881
37.0405430000001,25.0869410000001
36.951935,25.0766640000001
---
36.9030530000001,24.708054
36.9155500000001,24.6950000000001
36.9302750000001,24.6830520000001
36.9797210000001,24.660275
37.0291600000001,24.639999
37.042221,24.6411090000001
37.04361,24.6497190000001
37.0413820000001,24.6619420000001
37.0297160000001,24.7030530000001
37.0277710000001,24.706665
36.991661,24.740833
36.986382,24.745277
36.958328,24.765274
36.955276,24.7666659999999
36.951385,24.766941
36.9469380000001,24.7658309999999
36.9408260000001,24.761108
36.918884,24.7338869999999
36.911659,24.724163
36.9030530000001,24.7119410000001
---
36.924431,26.969719
36.928055,26.9463840000001
36.932213,26.9355550000001
36.9466630000001,26.9191670000001
37.0688860000001,26.881943
37.073318,26.886662
37.076378,26.890831
37.056107,26.960548
37.0441670000001,26.985828
36.9936070000001,27.0483280000001
36.990555,27.0499950000001
36.9491580000001,27.0499950000001
36.946106,27.049438
36.9441530000001,27.0458300000001
36.924431,26.9755519999999
---
37.090271,25.831944
37.091385,25.8194430000001
37.099442,25.801662
37.103043,25.793884
37.1049960000001,25.7905500000001
37.1166530000001,25.7830510000001
37.1199870000001,25.782494
37.121384,25.785
37.125542,25.825554
37.1124880000001,25.8372150000001
37.1094440000001,25.838608
37.096931,25.836105
37.09304,25.834438
---
36.973885,25.191383
36.979439,25.1658330000001
36.983887,25.152493
36.9941640000001,25.1233330000001
36.9966660000001,25.1202740000001
37.0116580000001,25.10527
37.023888,25.0991590000001
37.027489,25.0983280000001
37.0313800000001,25.098885
37.057213,25.1099970000001
37.0933229999999,25.1327710000001
37.111931,25.1513820000001
37.1216660000001,25.1633259999999
37.140831,25.22361
37.1386110000001,25.268604
37.1283190000001,25.2844430000001
37.052773,25.26833
37.039162,25.2641639999999
37.0083240000001,25.250275
---
37.0952760000001,26.863888
37.0966570000001,26.853886
37.0977710000001,26.8494420000001
37.11055,26.8205530000001
37.169434,26.7694440000001
37.1733249999999,26.7683300000001
37.1763840000001,26.7691610000001
37.187775,26.7780490000001
37.1899950000001,26.7808270000001
37.190819,26.7855529999999
37.1872180000001,26.8205530000001
37.18277,26.855
37.1811070000001,26.8583300000001
37.177216,26.860554
37.150551,26.8724980000001
37.1091540000001,26.888882
37.101662,26.889721
37.0986100000001,26.8891640000001
37.0966570000001,26.886662
---
36.9183200000001,25.45277
36.919991,25.436939
36.922211,25.4333310000001
37.071938,25.3427730000001
37.0749969999999,25.341106
37.0863880000001,25.3466609999999
37.0886080000001,25.3497160000001
37.1863780000001,25.4961049999999
37.1899950000001,25.5030520000001
37.191109,25.506943
37.197777,25.5352750000001
37.198601,25.5394440000001
37.1980440000001,25.54472
37.1961059999999,25.548054
37.1808320000001,25.565552
37.168053,25.576664
37.1599880000001,25.5830540000001
37.1358180000001,25.595833
37.118889,25.600552
37.1152729999999,25.600552
37.1069340000001,25.599442
37.057213,25.590275
37.0441670000001,25.5872150000001
37.0155490000001,25.580273
36.9577640000001,25.5566640000001
36.9549870000001,25.5541650000001
36.9527660000001,25.551105
36.9277730000001,25.486382
36.9194340000001,25.461388
---
37.1305540000001,24.534164
37.1127780000001,24.509163
37.1102749999999,24.501389
37.1216660000001,24.4949990000001
37.1238859999999,24.492222
37.135826,24.460278
37.1361080000001,24.456108
37.132217,24.439442
37.127777,24.433609
37.1238859999999,24.4219440000001
37.124443,24.4169430000001
37.1272200000001,24.414719
37.1311040000001,24.4152759999999
37.1563870000001,24.4211080000001
37.171387,24.4308320000001
37.1841660000001,24.4419440000001
37.1958310000001,24.460278
37.201942,24.479443
37.2027740000001,24.492222
37.201111,24.515831
37.19194,24.5311090000001
37.1891630000001,24.533333
37.186104,24.5347209999999
37.182495,24.5350000000001
---
37.185555,26.7636110000001
37.1866610000001,26.759995
37.1966630000001,26.7649960000001
37.2066570000001,26.772221
37.2088780000001,26.774998
37.2097170000001,26.779716
37.20694,26.787495
37.2022090000001,26.788609
37.186935,26.767494
---
37.2372210000001,23.134998
37.237495,23.129719
37.2416610000001,23.1233330000001
37.2708280000001,23.097775
37.2738880000001,23.096107
37.277496,23.0969430000001
37.278885,23.0994420000001
37.283333,23.115276
37.284164,23.119442
37.283333,23.125275
37.279999,23.1347200000001
37.2727740000001,23.1505550000001
37.266388,23.160275
37.2616650000001,23.166111
37.2588880000001,23.168331
37.255829,23.1669430000001
37.245552,23.1622199999999
37.242218,23.160275
37.240273,23.156666
---
37.2961040000001,23.400276
37.2986070000001,23.3777770000001
37.299721,23.373886
37.3024980000001,23.3744430000001
37.3113859999999,23.3855550000001
37.313049,23.3888850000001
37.3527760000001,23.4774969999999
37.364716,23.5161090000001
37.365555,23.520554
37.3694380000001,23.552498
37.3688890000001,23.561665
37.3661040000001,23.582497
37.364166,23.583332
37.3561100000001,23.5752750000001
37.316666,23.5000000000001
37.315277,23.4963870000001
37.313049,23.449444
37.302216,23.4147190000001
37.3008270000001,23.4108310000001
---
37.30555,24.3747220000001
37.30722,24.370552
37.3094410000001,24.3674960000001
37.313049,24.3666650000001
37.4236070000001,24.3674960000001
37.4272159999999,24.36861
37.4336090000001,24.371944
37.45916,24.3986090000001
37.46833,24.4102750000001
37.481941,24.4386100000001
37.4816670000001,24.442776
37.4747160000001,24.442497
37.470833,24.4408300000001
37.442215,24.4305529999999
37.43972,24.4333310000001
37.4313890000001,24.4452740000001
37.427498,24.4630550000001
37.4269410000001,24.472221
37.408882,24.4822200000001
37.4058300000001,24.483608
37.3980480000001,24.4833300000001
37.3938830000001,24.481667
37.3513870000001,24.44611
37.325554,24.416386
37.314163,24.401665
37.3069379999999,24.3833310000001
37.3058320000001,24.379444
---
37.4072190000001,25.3555530000001
37.4177629999999,25.3280530000001
37.469994,25.3099980000001
37.473328,25.309166
37.4816670000001,25.3102720000001
37.488045,25.313889
37.495544,25.331661
37.5013890000001,25.349442
37.4933320000001,25.4011080000001
37.4722140000001,25.4605480000001
37.469719,25.463608
37.4658279999999,25.463608
37.449997,25.4622150000001
37.4463810000001,25.461105
37.444443,25.457771
37.4105530000001,25.3711050000001
37.407776,25.359161
---
37.3636090000001,24.8844409999999
37.4952770000001,24.895275
37.497215,24.891666
37.5000000000001,24.889442
37.503052,24.8877749999999
37.509995,24.8869439999999
37.5124970000001,24.889721
37.5094380000001,24.909721
37.504997,24.924999
37.5013890000001,24.933331
37.496384,24.93972
37.491104,24.944164
37.475273,24.9511110000001
37.4061050000001,24.971664
37.4027710000001,24.9725000000001
37.399719,24.9699970000001
37.387215,24.9558299999999
37.3855510000001,24.952499
---
37.503883,23.483887
37.5091630000001,23.4519420000001
37.510826,23.4474980000001
37.5227740000001,23.433052
37.526665,23.4327769999999
37.5377730000001,23.483608
37.525833,23.518055
37.524162,23.522499
37.520828,23.5233310000001
37.5127720000001,23.5155530000001
37.5080490000001,23.5097200000001
37.506386,23.5063860000001
37.504715,23.497776
---
37.5272220000001,25.2058300000001
37.5274890000001,25.1958270000001
37.532776,25.168327
37.551102,25.113888
37.639999,24.994999
37.662498,24.978886
37.671944,24.974998
37.6755520000001,24.9758300000001
37.6766660000001,24.979721
37.6774980000001,25.010551
37.676659,25.0422169999999
37.6758189999999,25.0538830000001
37.652489,25.0744439999999
37.649155,25.083054
37.6447220000001,25.1372150000001
37.6419300000001,25.1849980000001
37.641106,25.190552
37.63221,25.214165
37.621941,25.2388880000001
37.6144410000001,25.247498
37.6119310000001,25.250275
37.5916600000001,25.255276
37.5838780000001,25.2555500000001
37.5799870000001,25.254993
37.5363850000001,25.231667
37.534431,25.228333
---
37.5247190000001,24.285275
37.525551,24.2797200000001
37.5280530000001,24.276943
37.5311050000001,24.2752760000001
37.5888820000001,24.269165
37.593048,24.2697220000001
37.60833,24.273609
37.617218,24.276108
37.6277770000001,24.281666
37.6347200000001,24.285831
37.654999,24.298332
37.6577760000001,24.300831
37.677773,24.327221
37.6808320000001,24.3344420000001
37.68222,24.35083
37.68222,24.367222
37.68222,24.370277
37.6733320000001,24.3941650000001
37.654999,24.411388
37.6513820000001,24.411388
37.6191640000001,24.397221
37.612495,24.3930550000001
37.5969390000001,24.3813860000001
37.5855480000001,24.371387
37.580551,24.365833
37.53611,24.31472
37.531662,24.308887
37.526382,24.2986109999999
---
37.5069430000001,25.984161
37.508881,25.980827
37.5149920000001,25.9769440000001
37.5186,25.975552
37.526932,25.9747160000001
37.53138,25.9747160000001
37.544167,25.981937
37.5469440000001,25.984161
37.6163790000001,26.0469440000001
37.62999,26.0644419999999
37.631943,26.06805
37.635544,26.08083
37.679993,26.312492
37.686378,26.351383
37.6866610000001,26.3611110000001
37.683327,26.3616640000001
37.6794360000001,26.360554
37.6724930000001,26.356937
37.6347200000001,26.3233300000001
37.6188890000001,26.308331
37.6144410000001,26.302498
37.591103,26.2674940000001
37.558884,26.2149930000001
37.514435,26.020828
---
37.6772160000001,23.486111
37.6791610000001,23.4763870000001
37.6886059999999,23.4647220000001
37.7333300000001,23.4316640000001
37.7563860000001,23.423885
37.7599949999999,23.4236110000001
37.7624970000001,23.425552
37.764442,23.428886
37.768051,23.464996
37.770271,23.508053
37.7708280000001,23.5416640000001
37.76722,23.5572200000001
37.762772,23.563889
37.759438,23.56472
37.7563860000001,23.5633320000001
37.7500000000001,23.558887
37.7036060000001,23.523609
37.691666,23.5130540000001
---
37.7069400000001,27.0641590000001
37.705269,27.060555
37.7027660000001,27.039719
37.665276,26.8955540000001
37.636658,26.8180500000001
37.691376,26.753883
37.6944430000001,26.746384
37.7083210000001,26.7113880000001
37.7083210000001,26.7055550000001
37.7049870000001,26.6869390000001
37.6983180000001,26.649715
37.696106,26.641106
37.687218,26.6233329999999
37.6849980000001,26.6205480000001
37.6802750000001,26.613331
37.6749879999999,26.5972179999999
37.6769410000001,26.5936090000001
37.685822,26.5816610000001
37.6885990000001,26.5805550000001
37.730553,26.5716630000001
37.7341540000001,26.5727770000001
37.7572100000001,26.5958329999999
37.759438,26.5988850000001
37.7905430000001,26.66555
37.791939,26.66972
37.8080440000001,26.729717
37.8111040000001,26.7433320000001
37.811378,26.748608
37.781937,26.9888880000001
37.7716600000001,27.0286060000001
37.727219,27.06694
37.711937,27.069443
---
37.7252730000001,20.9924960000001
37.713882,20.9986079999999
37.6986080000001,20.994442
37.7197189999999,20.9433330000001
37.7286070000001,20.9241640000001
37.731667,20.9152760000001
37.7311100000001,20.895832
37.728333,20.8783299999999
37.7261050000001,20.870277
37.724159,20.866943
37.687218,20.84111
37.683327,20.8397220000001
37.6463850000001,20.8361090000001
37.6463850000001,20.8311080000001
37.651665,20.8122220000001
37.65361,20.8086090000001
37.7227710000001,20.7136080000001
37.732773,20.7033310000001
37.8088839999999,20.6299970000001
37.8174970000001,20.62722
37.8474959999999,20.6199990000001
37.8608320000001,20.6219440000001
37.8755490000001,20.628609
37.898331,20.64333
37.9205550000001,20.678333
37.930275,20.6997180000001
37.928055,20.702774
37.8488850000001,20.7941670000001
37.8291630000001,20.8633310000001
37.8144380000001,20.8863870000001
37.8052750000001,20.898052
---
37.8724980000001,24.962776
37.767776,24.998608
37.7638850000001,24.998886
37.7599949999999,24.997219
37.7336040000001,24.9858320000001
37.6855550000001,24.9602780000001
37.6930540000001,24.947498
37.7155530000001,24.9166640000001
37.7180480000001,24.9144440000001
37.7663880000001,24.873055
37.8144380000001,24.8305550000001
37.871109,24.768608
37.8736040000001,24.7655530000001
37.878326,24.752777
37.881104,24.7369420000001
37.8733290000001,24.716942
37.872772,24.713333
37.926941,24.6936069999999
37.9513850000001,24.6902769999999
37.9555510000001,24.6905520000001
37.9594420000001,24.692219
37.965828,24.6969409999999
37.9697190000001,24.703331
37.9905549999999,24.7438890000001
37.996941,24.7780530000001
37.9983290000001,24.7916640000001
---
37.877777,23.458332
37.8794399999999,23.448055
37.8933260000001,23.409164
37.8952710000001,23.4055520000001
37.9069440000001,23.40361
37.929161,23.4102750000001
37.9858320000001,23.4374960000001
37.9994430000001,23.484997
38.0008320000001,23.49361
37.999161,23.50111
37.998055,23.506107
37.9949950000001,23.519444
37.9936070000001,23.5244410000001
37.9858320000001,23.538887
37.982773,23.540554
37.9319380000001,23.5472219999999
37.9297180000001,23.5461079999999
37.9205550000001,23.5402760000001
37.918053,23.53722
37.882217,23.4694440000001
37.8786089999999,23.462498
---
38.277496,20.680553
38.121384,20.811665
38.1183320000001,20.8133320000001
38.114441,20.81361
38.105553,20.8119430000001
38.0666660000001,20.7966650000001
38.060272,20.7925000000001
38.059441,20.788055
38.0608290000001,20.734997
38.0905530000001,20.557777
38.102493,20.5172200000001
38.103882,20.512775
38.156662,20.377777
38.1749950000001,20.3444440000001
38.177216,20.3413889999999
38.184441,20.339996
38.196938,20.340832
38.2008290000001,20.3422199999999
38.231941,20.3561100000001
38.3255540000001,20.398609
38.328049,20.44083
38.3249970000001,20.4427760000001
38.3091660000001,20.4736100000001
38.3080520000001,20.478611
38.3083270000001,20.4836080000001
38.309715,20.487221
38.3172150000001,20.500553
38.321106,20.507221
38.327774,20.516388
38.3447190000001,20.5363879999999
38.357498,20.5447200000001
38.361107,20.5466650000001
38.364716,20.547497
38.387772,20.550552
38.394165,20.5477750000001
38.4094390000001,20.539719
38.432777,20.5344430000001
38.436661,20.5338860000001
38.4677730000001,20.5369420000001
38.4705510000001,20.539165
38.471939,20.543053
38.471939,20.548332
38.4711070000001,20.5622220000001
38.4680480000001,20.57111
38.394165,20.612499
---
38.305275,20.719719
38.306389,20.7147220000001
38.309998,20.707222
38.317497,20.699444
38.35305,20.67083
38.3980480000001,20.6447220000001
38.4624940000001,20.6155549999999
38.4691620000001,20.6133310000001
38.4736100000001,20.6141660000001
38.5002750000001,20.6488880000001
38.5011060000001,20.6566659999999
38.4933320000001,20.6711080000001
38.4447170000001,20.706387
38.44194,20.7080540000001
38.3724980000001,20.7433320000001
38.3252720000001,20.761108
38.3216630000001,20.760277
38.309998,20.7355540000001
---
38.149437,26.0147210000001
38.155266,25.9961050000001
38.163605,25.9716610000001
38.1674960000001,25.9647220000001
38.19471,25.924995
38.238319,25.864162
38.2413790000001,25.8624950000001
38.2461010000001,25.8624950000001
38.253876,25.864441
38.263878,25.8691640000001
38.2694400000001,25.873882
38.2902760000001,25.9063840000001
38.294716,25.9180530000001
38.297211,25.9366649999999
38.297211,25.9424930000001
38.3438800000001,25.991665
38.375275,25.989716
38.383881,25.989162
38.387497,25.988049
38.455269,25.9458270000001
38.459435,25.939442
38.4683230000001,25.91666
38.4705510000001,25.9077760000001
38.471931,25.89222
38.4736100000001,25.8880540000001
38.4777759999999,25.8816600000001
38.493889,25.860828
38.500832,25.851944
38.5094380000001,25.8458330000001
38.53611,25.8272210000001
38.539444,25.825554
38.5436100000001,25.8249970000001
38.5705410000001,25.8436090000001
38.5780490000001,25.851109
38.5836110000001,25.8616640000001
38.586388,25.8699990000001
38.588875,25.8847200000001
38.6013790000001,26.0013890000001
38.5649950000001,26.1386110000001
38.5561070000001,26.1508290000001
38.547768,26.1577760000001
38.544434,26.159443
38.5380480000001,26.160553
38.4316640000001,26.138882
38.417496,26.13361
38.408333,26.1333270000001
38.363602,26.146111
38.329163,26.1613850000001
38.326111,26.163052
38.305275,26.1611100000001
38.3013839999999,26.1602750000001
38.246941,26.1022189999999
38.191933,26.0355530000001
38.1802749999999,26.027222
38.1769409999999,26.0255550000001
---
38.544167,20.899441
38.545273,20.896111
38.566383,20.899166
38.5833280000001,20.914165
38.604164,20.935833
38.6052700000001,20.9388890000001
38.602493,20.941387
38.5938869999999,20.9399990000001
38.5455550000001,20.9030530000001
---
38.5308230000001,25.5619390000001
38.5927660000001,25.5272220000001
38.5963750000001,25.5272220000001
38.5997090000001,25.52916
38.6019440000001,25.53194
38.60833,25.5661089999999
38.600822,25.5919420000001
38.592499,25.6105539999999
38.589989,25.613331
38.5836110000001,25.61694
38.5772090000001,25.620274
38.5424960000001,25.609997
38.5388790000001,25.608887
38.5355530000001,25.6072199999999
38.5333330000001,25.6041600000001
38.531937,25.5999950000001
---
38.564438,20.5436100000001
38.5677719999999,20.542774
38.588333,20.5422210000001
38.683884,20.557777
38.688049,20.5591660000001
38.7788850000001,20.6016650000001
38.8269420000001,20.6430549999999
38.832222,20.648331
38.8355480000001,20.6555520000001
38.8347170000001,20.701385
38.832222,20.709721
38.827774,20.715832
38.8074950000001,20.729443
38.8038860000001,20.7300000000001
38.6349950000001,20.724163
38.6263890000001,20.7230529999999
38.6236040000001,20.7205539999999
38.5811080000001,20.6436080000001
---
38.7797160000001,24.683609
38.776939,24.6808320000001
38.7674940000001,24.6591639999999
38.7641600000001,24.6469420000001
38.7652740000001,24.6263890000001
38.7663880000001,24.6205519999999
38.7683260000001,24.6169430000001
38.773605,24.6124990000001
38.785271,24.604721
38.7897189999999,24.598053
38.7899930000001,24.5927770000001
38.780548,24.57111
38.773605,24.566944
38.7699970000001,24.566944
38.7608260000001,24.5688860000001
38.7683260000001,24.553333
38.783607,24.5347209999999
38.8808290000001,24.456665
38.8969420000001,24.450275
38.946938,24.4497180000001
38.9505540000001,24.450832
38.9538880000001,24.452774
38.9627760000001,24.4583319999999
38.965553,24.4608309999999
38.9755549999999,24.477219
38.977219,24.4808310000001
38.9786070000001,24.484722
38.97805,24.4899980000001
38.972771,24.502499
38.970833,24.5061069999999
38.9261090000001,24.577499
38.8241650000001,24.665554
38.8074950000001,24.679165
38.804718,24.6813890000001
38.79805,24.6830520000001
---
38.842499,23.4713860000001
38.811386,23.5161090000001
38.764717,23.5919420000001
38.706665,23.7652740000001
38.68222,23.846664
38.662773,23.946663
38.6633300000001,23.9511110000001
38.67305,24.0075
38.6466599999999,24.153889
38.5733260000001,24.15361
38.3924940000001,24.187222
38.231941,24.247219
38.2177730000001,24.257221
38.214996,24.259441
38.204437,24.269165
38.189995,24.2991640000001
38.160271,24.3347210000001
38.158607,24.3388860000001
38.144165,24.4277760000001
38.1388850000001,24.460552
38.138329,24.465832
38.1380540000001,24.47583
38.141106,24.5538860000001
38.147499,24.568607
38.0641630000001,24.5905530000001
38.060272,24.5908320000001
38.04805,24.5894430000001
38.0397190000001,24.5883330000001
38.031662,24.5872190000001
38.0272220000001,24.5861090000001
38.0041660000001,24.5758319999999
37.987221,24.5641630000001
37.956108,24.516941
37.9541629999999,24.513332
37.953331,24.504444
37.9555510000001,24.4830550000001
37.95694,24.478054
37.9936070000001,24.3872180000001
38.0447160000001,24.326111
38.156662,24.208611
38.2152710000001,24.1486090000001
38.2883300000001,24.1108320000001
38.3658290000001,24.0499990000001
38.373886,24.0569420000001
38.37722,24.0591660000001
38.3811040000001,24.0588870000001
38.384163,24.05722
38.391937,24.049721
38.393051,24.0447199999999
38.401665,24.0000000000001
38.401939,23.9947200000001
38.3924940000001,23.9780540000001
38.389442,23.9705540000001
38.3866650000001,23.9383320000001
38.3849950000001,23.905277
38.3891600000001,23.805832
38.39222,23.773331
38.409996,23.673332
38.4188840000001,23.6422200000001
38.4522170000001,23.6169429999999
38.4705510000001,23.618053
38.4724960000001,23.6213870000001
38.478333,23.6263890000001
38.503052,23.636944
38.507217,23.6374970000001
38.5252760000001,23.6319430000001
38.541664,23.625832
38.5444410000001,23.623608
38.5700000000001,23.5986100000001
38.5724950000001,23.595554
38.6322170000001,23.4922220000001
38.7424930000001,23.3313870000001
38.830826,23.1999969999999
38.832771,23.19611
38.8474960000001,23.157497
38.850273,23.1480520000001
38.8522190000001,23.137218
38.851662,23.132774
38.850273,23.1288870000001
38.848053,23.1258320000001
38.8452760000001,23.1180530000001
38.839439,23.0980530000001
38.8230510000001,22.8330540000001
38.825272,22.8302760000001
38.8291630000001,22.829998
38.8374939999999,22.832497
38.8488850000001,22.837776
38.8613820000001,22.8449970000001
38.8627780000001,22.848888
38.891663,22.929996
38.983604,23.0966639999999
39.003326,23.129719
39.036659,23.279442
39.038887,23.2925000000001
39.0386050000001,23.299721
39.036659,23.310555
39.0349960000001,23.3149990000001
39.0075000000001,23.370831
39.005554,23.3747220000001
39.0027770000001,23.3769420000001
38.9994430000001,23.3777770000001
38.9947200000001,23.3766630000001
38.9913860000001,23.3747220000001
38.984161,23.374165
38.977219,23.3758320000001
38.970833,23.378609
38.872498,23.4463880000001
38.8533330000001,23.461941
---
39.0713880000001,23.7244420000001
39.0738830000001,23.7094420000001
39.0861050000001,23.6627770000001
39.0927730000001,23.6577760000001
39.1974950000001,23.5908319999999
39.2008290000001,23.589996
39.204437,23.5908319999999
39.2066649999999,23.5938870000001
39.207497,23.5983310000001
39.2049940000001,23.6108320000001
39.1261060000001,23.783054
39.1241610000001,23.786663
39.121384,23.788887
39.117775,23.7891650000001
39.114166,23.787777
39.0994420000001,23.775276
39.0936050000001,23.7702750000001
39.0836110000001,23.7538870000001
39.074715,23.736664
---
39.1299969999999,23.4558300000001
39.1438830000001,23.3974989999999
39.1449970000001,23.393608
39.152222,23.392498
39.159996,23.3938870000001
39.16333,23.395832
39.198883,23.4444430000001
39.2083280000001,23.4613880000001
39.2080540000001,23.471664
39.2052760000001,23.486942
39.2030490000001,23.4899980000001
39.193329,23.501389
39.1883320000001,23.5066640000001
39.1822200000001,23.5099980000001
39.1755519999999,23.5119439999999
39.1716610000001,23.512218
39.163055,23.5105550000001
39.159721,23.5086099999999
---
39.174164,20.178055
39.177498,20.165554
39.179443,20.1627770000001
39.2005540000001,20.136665
39.2213820000001,20.1241650000001
39.2327730000001,20.1227760000001
39.2363820000001,20.123608
39.2394410000001,20.133331
39.240273,20.1374970000001
39.2224960000001,20.1649969999999
39.2030490000001,20.1874960000001
39.186386,20.1994439999999
39.1758270000001,20.202221
39.174438,20.1983300000001
---
39.1330490000001,23.855553
39.1347200000001,23.8513869999999
39.1416630000001,23.8361090000001
39.1480480000001,23.833611
39.152222,23.8341640000001
39.2602770000001,23.9236109999999
39.289162,23.9491650000001
39.289719,23.9536090000001
39.2874980000001,23.956665
39.284996,23.956665
39.2677760000001,23.978611
39.26416,23.9794430000001
39.2602770000001,23.9780540000001
39.1786040000001,23.9216650000001
39.163605,23.904442
39.1366650000001,23.8624990000001
---
39.2694400000001,26.377773
39.266663,26.379993
39.264709,26.383327
39.253876,26.4049989999999
39.219437,26.474716
39.1541600000001,26.5283320000001
39.0533220000001,26.606667
39.0441670000001,26.612221
39.0261080000001,26.6183320000001
39.021935,26.6188890000001
39.0152660000001,26.61694
39.012497,26.614441
38.9741520000001,26.525272
38.9724880000001,26.5183299999999
38.9683230000001,26.4505540000001
38.9710999999999,26.39027
38.9777760000001,26.3238870000001
39.0172200000001,26.1874920000001
39.040276,26.1363870000001
39.07222,26.089165
39.0749970000001,26.0869410000001
39.078049,26.088608
39.090828,26.1077770000001
39.09166,26.112495
39.090828,26.117222
39.1027760000001,26.1675000000001
39.1563800000001,26.276939
39.1677629999999,26.2861100000001
39.176384,26.29277
39.1805499999999,26.293327
39.184166,26.2922170000001
39.1894380000001,26.2869420000001
39.202492,26.2616620000001
39.2044300000001,26.2524990000001
39.2044300000001,26.240555
39.2041630000001,26.2352710000001
39.201111,26.1991620000001
39.19471,26.1724970000001
39.191109,26.1652759999999
39.1849980000001,26.1611100000001
39.1691670000001,26.1577760000001
39.1585999999999,26.153606
39.112221,26.1122210000001
39.1097109999999,26.1097179999999
39.0897220000001,26.0847210000001
39.0860980000001,26.077496
39.0844350000001,26.06805
39.084717,26.062775
39.089432,26.045277
39.105164,25.9881060000001
39.141106,25.889996
39.153603,25.864162
39.1780550000001,25.8366619999999
39.1805499999999,25.8338810000001
39.183601,25.8322220000001
39.2500000000001,25.8547170000001
39.253052,25.856384
39.258041,25.861938
39.2711110000001,25.8802760000001
39.2869420000001,25.9077760000001
39.2919390000001,25.9238819999999
39.2841570000001,25.921944
39.279999,25.9224970000001
39.2772220000001,25.9247210000001
39.275826,25.928883
39.2738880000001,25.950272
39.2719350000001,25.9786109999999
39.2716600000001,25.9844440000001
39.323601,26.169167
39.3255540000001,26.172771
39.327766,26.175831
39.33194,26.1763879999999
39.345551,26.1708300000001
39.3677750000001,26.164993
39.371941,26.1658330000001
39.374985,26.1783290000001
39.383041,26.221661
39.383041,26.2274929999999
39.3744349999999,26.3238870000001
39.341103,26.3961110000001
39.3258289999999,26.419994
39.3224949999999,26.414719
39.3058320000001,26.394997
39.303055,26.392494
39.2852710000001,26.3797190000001
39.2735980000001,26.377216
---
39.4647220000001,24.988888
39.4661100000001,24.9858320000001
39.4786070000001,24.9794430000001
39.484718,24.976387
39.5080490000001,24.969719
39.5166629999999,24.9713860000001
39.5333330000001,24.9766650000001
39.537216,24.9783330000001
39.558884,24.9958310000001
39.5617220000001,25.0000000000001
39.562752,25.001942
39.5633089999999,25.006386
39.5608140000001,25.01527
39.5560840000001,25.0272220000001
39.5458150000001,25.044994
39.537766,25.0524980000001
39.5308230000001,25.0536080000001
39.523315,25.049721
39.503593,25.0313839999999
39.466385,24.9924960000001
---
39.7836070000001,19.946941
39.7744370000001,19.950554
39.7622149999999,19.950554
39.7441640000001,19.942776
39.7311100000001,19.929165
39.7286070000001,19.9263879999999
39.722771,19.9161109999999
39.721382,19.91222
39.7161100000001,19.8755530000001
39.7058260000001,19.848888
39.702774,19.842499
39.6999970000001,19.8399960000001
39.695831,19.838608
39.6763839999999,19.839443
39.649162,19.846664
39.477219,19.9277760000001
39.471664,19.9319420000001
39.434441,20.018055
39.431938,20.0277750000001
39.43222,20.032776
39.436943,20.048054
39.442215,20.0574990000001
39.44722,20.0633320000001
39.4536060000001,20.0674970000001
39.4536060000001,20.071663
39.451385,20.074718
39.3777770000001,20.1216660000001
39.373886,20.122219
39.370552,20.1202770000001
39.364998,20.1149980000001
39.363052,20.1116640000001
39.368332,20.0797200000001
39.4444430000001,19.8841629999999
39.4463880000001,19.880276
39.4516600000001,19.875275
39.483887,19.854721
39.4869380000001,19.8530539999999
39.493889,19.85083
39.5197220000001,19.8469430000001
39.5358280000001,19.8472209999999
39.54277,19.8497199999999
39.5519409999999,19.844166
39.576111,19.8233300000001
39.5813830000001,19.818333
39.5905530000001,19.8063890000001
39.6247180000001,19.7402760000001
39.674721,19.6758310000001
39.677216,19.6733320000001
39.7444380000001,19.6413880000001
39.75666,19.6399990000001
39.772499,19.650833
39.7930530000001,19.673054
39.7949980000001,19.6922190000001
39.794441,19.696941
39.790276,19.791664
39.7905500000001,19.7966650000001
39.7938840000001,19.803886
39.8183289999999,19.855
39.81694,19.864998
39.794441,19.9261089999999
---
39.8383330000001,19.393608
39.8386080000001,19.3880540000001
39.840271,19.3841630000001
39.844719,19.377777
39.8477710000001,19.3761100000001
39.865555,19.377777
39.8686070000001,19.378887
39.871109,19.3816640000001
39.8702770000001,19.422497
39.869995,19.4277759999999
39.8674930000001,19.430553
39.8638839999999,19.4286080000001
39.843605,19.404163
---
39.952209,25.3919369999999
39.9105530000001,25.3566670000001
39.9041599999999,25.351662
39.8799900000001,25.3380550000001
39.8760990000001,25.3363880000001
39.8508220000001,25.338329
39.8477710000001,25.3397220000001
39.836937,25.3488850000001
39.834435,25.3519440000001
39.832497,25.3555530000001
39.825554,25.365273
39.8144380000001,25.373608
39.810822,25.3724980000001
39.7863850000001,25.355827
39.7888790000001,25.3388820000001
39.7938770000001,25.3177760000001
39.796944,25.308331
39.800819,25.3008310000001
39.8052750000001,25.2941670000001
39.8080440000001,25.2919429999999
39.86805,25.266937
39.8888780000001,25.278332
39.8924870000001,25.279442
39.896378,25.2791600000001
39.9099880000001,25.267773
39.912209,25.2649960000001
39.913605,25.2597200000001
39.9138790000001,25.239716
39.9130480000001,25.2352710000001
39.9091570000001,25.2286110000001
39.8969350000001,25.2136080000001
39.8891530000001,25.2077710000001
39.854713,25.1819419999999
39.8466570000001,25.178608
39.84304,25.178608
39.827492,25.201664
39.8105550000001,25.2219430000001
39.8052750000001,25.227219
39.801384,25.226662
39.7994310000001,25.2230529999999
39.7997210000001,25.168327
39.800819,25.1624949999999
39.842499,25.06694
39.848053,25.0608329999999
39.86055,25.05444
39.9633260000001,25.043053
39.9835970000001,25.045277
39.9897160000001,25.0499950000001
40.005272,25.1325000000001
40.0066530000001,25.1402700000001
40.0030520000001,25.226662
40.002495,25.2319370000001
39.988319,25.271938
40.0058289999999,25.368607
40.0336,25.447777
40.0338750000001,25.4513820000001
40.03138,25.453606
40.00972,25.4455530000001
40.004715,25.4416659999999
---
40.3977740000001,25.5663830000001
40.401375,25.5574990000001
40.4224930000001,25.515831
40.4369350000001,25.4902730000001
40.4549870000001,25.4641650000001
40.4577640000001,25.4608310000001
40.4758220000001,25.443886
40.496384,25.4941640000001
40.506943,25.5255550000001
40.5105440000001,25.5427700000001
40.5116580000001,25.555832
40.5113750000001,25.5713840000001
40.5099950000001,25.5794369999999
40.49305,25.6572190000001
40.471375,25.6902729999999
40.4661030000001,25.6947170000001
40.462494,25.695553
40.4283220000001,25.6961100000001
40.424721,25.6950000000001
40.4224930000001,25.69194
40.4124910000001,25.66
40.3985980000001,25.6061100000001
40.398041,25.601662
---
40.6113820000001,24.766388
40.5788880000001,24.671108
40.5708310000001,24.643608
40.5741650000001,24.6427760000001
40.5799940000001,24.638885
40.610275,24.6016650000001
40.6166610000001,24.59111
40.6241610000001,24.575275
40.6252750000001,24.569443
40.620552,24.533607
40.6216660000001,24.5297200000001
40.63694,24.513611
40.639999,24.5119440000001
40.6580510000001,24.5094409999999
40.692772,24.521664
40.7141650000001,24.533607
40.723885,24.5408330000001
40.7505489999999,24.5655520000001
40.776939,24.596943
40.7788850000001,24.600555
40.789993,24.6213870000001
40.796661,24.6411090000001
40.797775,24.6452750000001
40.7963870000001,24.6547200000001
40.7805480000001,24.6966630000001
40.7655490000001,24.73333
40.749161,24.7613870000001
40.7319410000001,24.7638850000001
40.6316600000001,24.773331
---
41.707764,26.3097149999999
41.7110520000001,26.361095
41.690819,26.398331
41.633606,26.5194440000001
41.611382,26.570271
41.5460970000001,26.604443
41.419716,26.6358299999999
41.416382,26.636387
41.408875,26.6366620000001
41.378609,26.6372150000001
41.3669360000001,26.6366620000001
41.3588870000001,26.635277
41.3544390000001,26.6338840000001
41.350822,26.6316600000001
41.3369370000001,26.617775
41.332497,26.611382
41.3294299999999,26.6036110000001
41.2594380000001,26.4152760000001
41.253319,26.38472
41.253319,26.3797190000001
41.254166,26.3686069999999
41.256943,26.35833
41.234711,26.3249969999999
41.0930400000001,26.3238870000001
41.033333,26.3672220000001
41.0286030000001,26.373882
41.025551,26.3752750000001
41.0219349999999,26.375549
40.955826,26.3613820000001
40.9519350000001,26.3594439999999
40.901932,26.287495
40.888611,26.2511060000001
40.877213,26.213608
40.8186039999999,26.1733280000001
40.7555469999999,26.1299930000001
40.75,26.1247220000001
40.7455440000001,26.118332
40.739716,26.1077770000001
40.7361070000001,26.090549
40.734154,26.067219
40.734375,26.051804
40.7358250000001,26.0447200000001
40.743332,26.038326
40.75721,26.035
40.7922130000001,26.028332
40.807213,26.041943
40.8297200000001,26.022778
40.8477710000001,25.911659
40.8524860000001,25.80555
40.851379,25.771111
40.8480529999999,25.748608
40.845833,25.719994
40.852219,25.682217
40.8694310000001,25.5805550000001
40.8866580000001,25.501389
40.905266,25.419437
40.9369349999999,25.35611
40.940819,25.3477750000001
40.9452670000001,25.320553
40.946663,25.3041650000001
40.9452670000001,25.300278
40.9383320000001,25.2355540000001
40.9419329999999,25.176388
40.9519350000001,25.135277
40.9544300000001,25.1322170000001
40.960541,25.1291660000001
40.973328,25.1327710000001
40.9763790000001,25.1355510000001
40.986931,25.1558269999999
40.991379,25.166386
40.9941640000001,25.166111
41.008324,25.1477780000001
41.0102770000001,25.14333
41.011375,25.1380540000001
41.007622,25.074509
41.004845,25.039951
41.0042720000001,25.0354500000001
40.91555,24.8874970000001
40.8949970000001,24.858608
40.8519669999999,24.801344
40.851944,24.7802770000001
40.857773,24.632221
40.8586040000001,24.6274990000001
40.864166,24.6230550000001
40.8983310000001,24.599163
40.9480510000001,24.5688860000001
40.9505540000001,24.5666660000001
40.9519420000001,24.561386
40.9549940000001,24.507774
40.94416,24.43111
40.9369430000001,24.398052
40.934166,24.390553
40.895271,24.337219
40.8805540000001,24.320274
40.877777,24.3174970000001
40.8738860000001,24.31583
40.848328,24.311386
40.828888,24.31583
40.742493,24.1566659999999
40.7394410000001,24.149166
40.719162,24.0966640000001
40.7161100000001,24.084164
40.7161100000001,24.068607
40.717773,24.051941
40.7283330000001,23.994442
40.729721,23.9891660000001
40.737495,23.96611
40.7549970000001,23.9158330000001
40.758888,23.9083330000001
40.775276,23.8866649999999
40.7872160000001,23.8461070000001
40.7863850000001,23.836666
40.7549970000001,23.7352750000001
40.746666,23.7230530000001
40.7413859999999,23.7174990000001
40.73555,23.712219
40.7127760000001,23.696388
40.69194,23.689163
40.6797180000001,23.687775
40.6730500000001,23.690277
40.5830540000001,23.7949980000001
40.5083310000001,23.823055
40.4911040000001,23.818607
40.4763870000001,23.8202739999999
40.463051,23.8247180000001
40.4569400000001,23.828053
40.4488830000001,23.8349990000001
40.4219439999999,23.858608
40.4066620000001,23.8741650000001
40.399437,23.8833309999999
40.3974990000001,23.8872180000001
40.384163,23.9227750000001
40.378609,23.9611090000001
40.384438,24.001942
40.3858260000001,24.0058330000001
40.3524930000001,24.1691670000001
40.3472209999999,24.181942
40.3141630000001,24.238052
40.3116610000001,24.2411080000001
40.1872180000001,24.37611
40.1769410000001,24.386944
40.16861,24.3930550000001
40.162498,24.3963850000001
40.151939,24.398331
40.143326,24.3966640000001
40.1402740000001,24.393887
40.138611,24.390274
40.1197200000001,24.320553
40.1188890000001,24.3111079999999
40.1188890000001,24.3061099999999
40.119995,24.3011090000001
40.121941,24.297222
40.1274950000001,24.292774
40.134163,24.290833
40.141937,24.290554
40.1544420000001,24.284721
40.2727740000001,24.171665
40.2752760000001,24.1691670000001
40.2819440000001,24.159443
40.2841639999999,24.1497189999999
40.2899929999999,24.124165
40.2899929999999,24.113888
40.2877730000001,24.0955540000001
40.2922210000001,24.051941
40.2936100000001,24.0469440000001
40.300278,24.02972
40.3133320000001,24.0013890000001
40.3172150000001,23.993889
40.331665,23.9688870000001
40.33416,23.9658319999999
40.3452760000001,23.956665
40.3524930000001,23.947498
40.3586040000001,23.9369430000001
40.363884,23.9241640000001
40.367218,23.907776
40.3733290000001,23.850555
40.3711090000001,23.832222
40.3519440000001,23.7316670000001
40.3505549999999,23.7277760000001
40.335274,23.7083320000001
40.322777,23.698887
40.319443,23.696941
40.3063890000001,23.692776
40.2977750000001,23.691109
40.2747190000001,23.6991649999999
40.262215,23.7049980000001
40.2408290000001,23.72472
40.196106,23.7738880000001
40.1897200000001,23.784443
40.191109,23.793331
40.19194,23.798054
40.1738819999999,23.879997
40.1644440000001,23.9061090000001
40.162498,23.91
40.1291660000001,23.974442
40.1138840000001,23.989719
40.111107,23.9922220000001
40.0305480000001,24.0147210000001
40.0113830000001,24.014999
40.006943,24.013885
39.9549940000001,23.9927750000001
39.9527740000001,23.989719
39.9513850000001,23.9858320000001
39.943329,23.942219
39.943054,23.9322200000001
39.968048,23.899998
40.025551,23.8269420000001
40.080276,23.7905540000001
40.088882,23.7916640000001
40.091942,23.789997
40.1247180000001,23.762497
40.1680530000001,23.725555
40.1916660000001,23.7030530000001
40.21833,23.671108
40.228607,23.6530530000001
40.233055,23.638885
40.2813870000001,23.4136090000001
40.281662,23.4033320000001
40.2808299999999,23.3988880000001
40.275551,23.3883319999999
40.265549,23.3766630000001
40.2452770000001,23.3536110000001
40.2277759999999,23.338333
40.2177730000001,23.331944
40.2136080000001,23.330276
40.209442,23.3299980000001
40.202774,23.331665
40.1438830000001,23.368053
40.0452730000001,23.4797210000001
40.0316620000001,23.4988860000001
40.0261080000001,23.5108299999999
39.9997180000001,23.595833
39.994438,23.6127779999999
39.971382,23.675552
39.932777,23.747776
39.925552,23.748886
39.922218,23.746666
39.920555,23.743332
39.915833,23.7269439999999
39.9119420000001,23.709999
39.9161070000001,23.643608
39.9194410000001,23.612221
39.9219440000001,23.595833
39.9711070000001,23.436943
39.9927750000001,23.379444
40.1191640000001,23.3208310000001
40.126938,23.3241650000001
40.176384,23.3244439999999
40.187775,23.323608
40.2016600000001,23.320553
40.2180480000001,23.314442
40.224159,23.311108
40.2291640000001,23.3055530000001
40.233887,23.298332
40.2377780000001,23.290833
40.2480550000001,23.265274
40.249718,23.26083
40.273048,23.177498
40.2991640000001,23.110832
40.3966599999999,22.8994410000001
40.4749980000001,22.843609
40.503883,22.863052
40.5027769999999,22.874443
40.503883,22.888885
40.5124970000001,22.922222
40.5197220000001,22.946663
40.528328,22.9647219999999
40.5355530000001,22.973888
40.5447160000001,22.98111
40.549164,22.98222
40.5588840000001,22.978611
40.619438,22.9502750000001
40.625549,22.946663
40.6305540000001,22.9413870000001
40.6427760000001,22.9116629999999
40.644997,22.9013860000001
40.644997,22.8963850000001
40.6386110000001,22.8658330000001
40.6294400000001,22.8619420000001
40.6261059999999,22.8627780000001
40.6219409999999,22.8624990000001
40.5974960000001,22.8594440000001
40.5922160000001,22.853886
40.5697170000001,22.816944
40.5677720000001,22.8133320000001
40.5183260000001,22.704441
40.510277,22.652775
40.4766619999999,22.59111
40.463333,22.582497
40.459999,22.5836110000001
40.4077760000001,22.6111110000001
40.393326,22.621109
40.383049,22.6299970000001
40.291664,22.612499
40.277496,22.6041640000001
40.1605530000001,22.548885
40.1561050000001,22.5477750000001
40.147774,22.547222
40.133049,22.548885
40.05722,22.5688860000001
40.0122150000001,22.594997
39.995552,22.615833
39.9891700000001,22.6258260000001
39.9661100000001,22.6863860000001
39.958885,22.703053
39.95472,22.7097210000001
39.951942,22.7122190000001
39.79361,22.852219
39.784164,22.856388
39.7738879999999,22.8594440000001
39.7511060000001,22.8605539999999
39.729721,22.8649980000001
39.7233280000001,22.867496
39.618889,22.913055
39.5936050000001,22.924442
39.5844420000001,22.929443
39.577499,22.93861
39.5733260000001,22.945553
39.5291600000001,23.020832
39.5274960000001,23.025276
39.4569400000001,23.1180530000001
39.4399950000001,23.1380540000001
39.331665,23.25861
39.321106,23.2677760000001
39.309998,23.2763859999999
39.2269440000001,23.3266640000001
39.2238850000001,23.328331
39.1927720000001,23.3433300000001
39.1858290000001,23.344997
39.1780550000001,23.344997
39.170555,23.341389
39.154442,23.3252749999999
39.1480480000001,23.3158300000001
39.1052700000001,23.206108
39.0936050000001,23.1611100000001
39.0877760000001,23.122498
39.085548,23.0902750000001
39.0852740000001,23.085278
39.0861050000001,23.0805550000001
39.0938870000001,23.0580519999999
39.0958329999999,23.0544430000001
39.0988850000001,23.0527760000001
39.1030500000001,23.054165
39.133606,23.069721
39.1405490000001,23.0738870000001
39.146385,23.0788879999999
39.1494369999999,23.086109
39.1524960000001,23.109722
39.1436079999999,23.115276
39.1405490000001,23.116943
39.132217,23.114441
39.121941,23.1080550000001
39.119164,23.105553
39.104164,23.098331
39.101662,23.10083
39.102493,23.1050000000001
39.130272,23.1744420000001
39.150833,23.210831
39.1536100000001,23.2133330000001
39.177498,23.221664
39.1816640000001,23.2222210000001
39.1849980000001,23.2211070000001
39.2555540000001,23.178608
39.2711110000001,23.16333
39.2736050000001,23.1608310000001
39.304161,23.122776
39.3063890000001,23.1197200000001
39.3527760000001,22.995277
39.36055,22.9461100000001
39.359718,22.9416660000001
39.358604,22.937775
39.2738880000001,22.8297200000001
39.2713850000001,22.8266640000001
39.265274,22.82222
39.253883,22.816944
39.245827,22.816944
39.238884,22.8180540000001
39.217499,22.8224979999999
39.2069400000001,22.8247180000001
39.1880489999999,22.8338850000001
39.161385,22.8502769999999
39.1558300000001,22.8544430000001
39.155548,22.8586080000001
39.17083,22.8752750000001
39.174164,22.8774990000001
39.1777730000001,22.8763890000001
39.156387,22.91333
39.1186070000001,22.9652750000001
39.107498,22.973888
39.0680540000001,22.995277
39.0427700000001,22.9949990000001
39.0361100000001,23.034164
39.036942,23.0727770000001
39.0163880000001,23.0513879999999
38.9777760000001,23.0097200000001
38.9286040000001,22.937775
38.8911060000001,22.8330540000001
38.871109,22.759998
38.8702770000001,22.755554
38.8699950000001,22.7508320000001
38.871384,22.7344440000001
38.878498,22.682997
38.879993,22.678165
38.8852770000001,22.6588860000001
38.890549,22.6541630000001
38.894165,22.6533320000001
38.8969420000001,22.651665
38.902496,22.646942
38.904442,22.6433300000001
38.9091639999999,22.616943
38.9088820000001,22.6119420000001
38.8825,22.526943
38.880272,22.523888
38.8761060000001,22.523609
38.8608320000001,22.5230520000001
38.857216,22.5233309999999
38.8341599999999,22.5536080000001
38.832497,22.558052
38.8258290000001,22.579166
38.8249969999999,22.5847210000001
38.823608,22.60611
38.82444,22.610275
38.827499,22.6177750000001
38.8304410000001,22.6685539999999
38.8230510000001,22.713333
38.787498,22.756664
38.779999,22.7719420000001
38.7516630000001,22.9536090000001
38.692497,23.0638890000001
38.6833270000001,23.068607
38.648331,23.0922200000001
38.6313860000001,23.1058310000001
38.6291660000001,23.108887
38.627495,23.113331
38.6280520000001,23.117496
38.632774,23.1336099999999
38.6430510000001,23.1677740000001
38.6508330000001,23.1858330000001
38.652771,23.1891630000001
38.654999,23.192219
38.659164,23.1936070000001
38.6624980000001,23.192776
38.65416,23.2813870000001
38.6533280000001,23.2869420000001
38.645271,23.316109
38.6427760000001,23.3188860000001
38.6233290000001,23.333885
38.620277,23.3355520000001
38.6099930000001,23.338333
38.605827,23.338333
38.6019440000001,23.3369410000001
38.5674970000001,23.3055530000001
38.538055,23.334999
38.53611,23.3388860000001
38.5077740000001,23.399441
38.4988860000001,23.465832
38.499443,23.534721
38.4633330000001,23.592499
38.446106,23.59333
38.431107,23.6019440000001
38.361382,23.6555520000001
38.3591610000001,23.6586070000001
38.34861,23.675552
38.3238830000001,23.799164
38.313049,23.8511090000001
38.294998,23.9266660000001
38.2816620000001,23.9605520000001
38.196938,24.0738870000001
38.193054,24.0741649999999
38.1591640000001,24.068886
38.1430510000001,24.0605550000001
38.067772,24.0055540000001
37.971382,24.0108300000001
37.8724980000001,24.0305520000001
37.8452760000001,24.056664
37.7999950000001,24.086109
37.796387,24.0869410000001
37.7786100000001,24.0902750000001
37.774719,24.089722
37.6894380000001,24.069443
37.6769410000001,24.062222
37.65583,24.040833
37.651665,24.034443
37.651939,24.0302770000001
37.669716,23.950832
37.674164,23.944443
37.7202760000001,23.9244419999999
37.761108,23.907776
37.782776,23.8874970000001
37.8041610000001,23.8616640000001
37.8122180000001,23.847221
37.822777,23.8216630000001
37.8244400000001,23.8172190000001
37.834442,23.774441
37.966942,23.562496
37.969162,23.5594440000001
37.9786070000001,23.555553
37.9822160000001,23.5563890000001
37.9852750000001,23.56361
37.9883270000001,23.5708310000001
38.000549,23.588055
38.00666,23.592499
38.0186080000001,23.5975000000001
38.026939,23.5983310000001
38.0294420000001,23.5972210000001
38.038887,23.5861090000001
38.042496,23.5780530000001
38.043327,23.5722200000001
38.0405500000001,23.5155530000001
38.0380550000001,23.507774
38.0205539999999,23.4586110000001
38.0038829999999,23.4283330000001
38.0011060000001,23.4258310000001
37.991943,23.418888
37.9799960000001,23.4122200000001
37.97805,23.331665
37.9777760000001,23.248333
37.975555,23.235554
37.9741590000001,23.2316670000001
37.951942,23.1766680000001
37.9327770000001,23.1536100000001
37.9261090000001,23.144444
37.9208300000001,23.1341630000001
37.918053,23.126389
37.9152760000001,23.1091650000001
37.9127730000001,23.0638890000001
37.9186100000001,23.0352750000001
37.923607,23.016941
37.918327,23.0116650000001
37.8841630000001,22.992222
37.8805540000001,22.9913860000001
37.851387,23.0024989999999
37.8488850000001,23.004719
37.844994,23.0122180000001
37.8418730000001,23.0215950000001
37.839439,23.063053
37.8386080000001,23.0836110000001
37.84166,23.1036110000001
37.7580490000001,23.148609
37.6199950000001,23.161388
37.6166610000001,23.1622199999999
37.611664,23.1699980000001
37.595276,23.1958310000001
37.5533290000001,23.277496
37.532494,23.322777
37.531662,23.3286090000001
37.5336070000001,23.3366660000001
37.5427700000001,23.35833
37.546387,23.364998
37.550278,23.3663859999999
37.5666660000001,23.360554
37.586388,23.3466640000001
37.604439,23.329441
37.6066670000001,23.3263850000001
37.588333,23.40583
37.5272290000001,23.421801
37.504715,23.4455530000001
37.4769440000001,23.4983329999999
37.461662,23.5208320000001
37.4583280000001,23.5219420000001
37.4391630000001,23.5252760000001
37.436386,23.522778
37.429443,23.513611
37.4258270000001,23.5066640000001
37.4233320000001,23.4991650000001
37.410271,23.422222
37.4091640000001,23.4130550000001
37.4111100000001,23.391941
37.41333,23.3813860000001
37.4161070000001,23.3544430000001
37.400833,23.2705540000001
37.380554,23.2316670000001
37.37722,23.229721
37.313332,23.19611
37.3044430000001,23.2016640000001
37.29805,23.2041659999999
37.2958300000001,23.2011110000001
37.290276,23.1822200000001
37.2905500000001,23.177219
37.2961040000001,23.153889
37.2974930000001,23.149719
37.3530500000001,23.0702740000001
37.358604,23.066387
37.393051,23.066387
37.395271,23.0694430000001
37.3961110000001,23.0736080000001
37.39444,23.077774
37.3902739999999,23.0844420000001
37.389717,23.0888859999999
37.3924940000001,23.1061100000001
37.4180529999999,23.1369440000001
37.4372180000001,23.136108
37.4480510000001,23.1288870000001
37.5158310000001,22.9791640000001
37.534164,22.931942
37.535828,22.9274980000001
37.5899960000001,22.779999
37.5902710000001,22.774719
37.5888820000001,22.762218
37.58194,22.7436099999999
37.5741650000001,22.730553
37.5683290000001,22.72583
37.5613860000001,22.722775
37.549721,22.7230530000001
37.487221,22.7274970000001
37.483887,22.7286110000001
37.408051,22.7586100000001
37.3455510000001,22.8091659999999
37.1941600000001,22.9113880000001
37.1905520000001,22.9116629999999
37.18055,22.907497
37.174721,22.9024959999999
37.171104,22.9005550000001
37.1419370000001,22.895275
37.1305540000001,22.8961110000001
37.11805,22.901943
37.113052,22.9072190000001
37.1116640000001,22.910275
37.110832,22.919998
37.1186070000001,22.926941
37.1202770000001,22.930275
37.1205519999999,22.9349980000001
37.1186070000001,22.954441
37.116104,22.9572220000001
37.024719,23.0063860000001
36.990555,23.0091629999999
36.9377750000001,23.0141640000001
36.9344410000001,23.014999
36.868607,23.0527760000001
36.8224950000001,23.090832
36.7747190000001,23.114166
36.7713850000001,23.1149980000001
36.7680510000001,23.113052
36.748329,23.0869410000001
36.7399980000001,23.0669440000001
36.7411040000001,23.062222
36.740555,23.0527760000001
36.7327730000001,23.032219
36.729164,23.0302770000001
36.716385,23.026665
36.656662,23.02861
36.6355510000001,23.0327760000001
36.6322169999999,23.0338860000001
36.6261060000001,23.036942
36.57666,23.0788879999999
36.5624920000001,23.109997
36.455826,23.2005540000001
36.449997,23.2041659999999
36.446388,23.204441
36.437775,23.2030530000001
36.433884,23.2013850000001
36.4319380000001,23.1983300000001
36.4261090000001,23.1402739999999
36.426384,23.135277
36.439995,23.089996
36.518883,22.9727750000001
36.521111,22.9697190000001
36.5236050000001,22.967499
36.5480499999999,22.95472
36.6472170000001,22.888054
36.7958300000001,22.7880550000001
36.798607,22.7855530000001
36.800552,22.781944
36.802216,22.7727780000001
36.8058320000001,22.730553
36.8049930000001,22.643608
36.804443,22.6341629999999
36.8024980000001,22.62611
36.7922210000001,22.5961070000001
36.7891620000001,22.5888860000001
36.773888,22.572777
36.6677700000001,22.512775
36.6061100000001,22.482498
36.592773,22.4794430000001
36.532219,22.480553
36.525551,22.482498
36.5194400000001,22.4855539999999
36.50444,22.49361
36.5016630000001,22.4958310000001
36.499058,22.5000000000001
36.4974980000001,22.5024990000001
36.494438,22.504166
36.487778,22.506107
36.4727710000001,22.507221
36.4652710000001,22.5077740000001
36.4530490000001,22.508331
36.448608,22.5074999999999
36.386108,22.4888880000001
36.4027710000001,22.476665
36.4738850000001,22.397499
36.535553,22.377499
36.69944,22.3561100000001
36.8149950000001,22.2969440000001
36.8733290000001,22.24361
36.8927760000001,22.185555
36.950829,22.146385
37.0024950000001,22.1605530000001
37.0133290000001,22.158886
37.0197220000001,22.156387
37.02166,22.1527750000001
37.022774,22.147778
37.026665,22.1208310000001
37.03083,22.073055
37.03083,22.063053
37.0291600000001,22.049999
37.024719,22.0291629999999
37.007217,21.9794429999999
36.9974980000001,21.9536090000001
36.987778,21.9374960000001
36.981384,21.9330520000001
36.96666,21.9263880000001
36.8666610000001,21.9227750000001
36.862778,21.9230540000001
36.8486100000001,21.925552
36.820549,21.9313890000001
36.8174970000001,21.9330520000001
36.8122180000001,21.937775
36.803055,21.949718
36.7980500000001,21.9616660000001
36.762215,21.9380530000001
36.7202760000001,21.881386
36.7213820000001,21.876663
36.7236100000001,21.873608
36.728882,21.868889
36.7594380000001,21.8463860000001
36.779442,21.8327750000001
36.7855530000001,21.829441
36.7922210000001,21.827499
36.799721,21.826942
36.8027730000001,21.825275
36.8049930000001,21.8222200000001
36.8061070000001,21.818333
36.8058320000001,21.8097190000001
36.800278,21.770275
36.798607,21.76722
36.794998,21.7652739999999
36.79055,21.7641640000001
36.8152770000001,21.7044410000001
36.818054,21.702774
36.84333,21.691387
36.870552,21.6863859999999
36.8825000000001,21.6866650000001
36.891106,21.688053
36.914162,21.69722
36.919716,21.7069440000001
36.9261090000001,21.7113880000001
36.9299930000001,21.7127760000001
36.933609,21.7136080000001
36.9444430000001,21.7119410000001
36.9502720000001,21.7077750000001
37.009438,21.6374969999999
37.026939,21.6122210000001
37.0611040000001,21.581944
37.0666660000001,21.580276
37.144997,21.5649990000001
37.152496,21.564163
37.1613850000001,21.566109
37.1938860000001,21.577221
37.197777,21.5788880000001
37.20694,21.5855520000001
37.212219,21.590553
37.2241590000001,21.605
37.234444,21.630276
37.268326,21.66972
37.273605,21.6749990000001
37.3052750000001,21.694721
37.309715,21.695831
37.325829,21.6963880000001
37.376389,21.681389
37.423882,21.6597210000001
37.44194,21.6497190000001
37.504715,21.604721
37.53083,21.580555
37.538055,21.5722200000001
37.549721,21.557777
37.56694,21.532497
37.651665,21.401108
37.7786100000001,21.2936099999999
37.7891620000001,21.2769430000001
37.8088839999999,21.234444
37.8155520000001,21.21833
37.8186040000001,21.2094420000001
37.826111,21.1741640000001
37.82972,21.1469420000001
37.8347170000001,21.1202770000001
37.8405530000001,21.109997
37.846664,21.106388
37.8544390000001,21.106388
37.8769380000001,21.1094440000001
37.8944400000001,21.1124990000001
37.9294430000001,21.1241650000001
37.936943,21.1274990000001
37.941109,21.13361
37.9408260000001,21.138885
37.939163,21.1424979999999
37.9308320000001,21.1491659999999
37.928886,21.1527750000001
37.926941,21.163609
37.9277730000001,21.1777759999999
37.930275,21.1905520000001
37.9397200000001,21.2072220000001
37.9458309999999,21.216389
37.9941640000001,21.2836070000001
38.0288850000001,21.3158300000001
38.114166,21.367222
38.13694,21.373886
38.1524960000001,21.373886
38.1638870000001,21.372776
38.2113879999999,21.3844409999999
38.2008290000001,21.4450000000001
38.18972,21.4733310000001
38.1833270000001,21.483055
38.1616590000001,21.5297200000001
38.1594390000001,21.539719
38.148888,21.595276
38.152222,21.612499
38.158882,21.6416659999999
38.168053,21.668331
38.1699980000001,21.6716650000001
38.175278,21.6769410000001
38.21666,21.715832
38.226662,21.722221
38.248886,21.732498
38.2736049999999,21.740276
38.276665,21.742775
38.303886,21.773609
38.3080520000001,21.7799990000001
38.338333,21.848888
38.340828,21.85833
38.3294370000001,21.9586110000001
38.309715,22.021385
38.3036040000001,22.0247190000001
38.2927700000001,22.0263860000001
38.285828,22.0283319999999
38.2738880000001,22.042221
38.203606,22.171387
38.2016600000001,22.174999
38.1852720000001,22.2155530000001
38.1819380000001,22.224442
38.1463850000001,22.37833
38.133331,22.4555550000001
38.113327,22.5369420000001
38.0761110000001,22.6522220000001
38.0494380000001,22.709999
38.0438840000001,22.7216640000001
38.0416640000001,22.72472
38.0363850000001,22.729443
38.0063860000001,22.761108
37.971382,22.7994420000001
37.941109,22.857498
37.938049,22.8680529999999
37.938049,22.9080540000001
37.9436040000001,22.943054
37.9469380000001,22.9549980000001
37.948608,22.9583320000001
37.95694,22.9661100000001
37.966942,22.9722209999999
37.9822160000001,22.978886
37.9852750000001,22.9772189999999
38.0016630000001,22.9491650000001
38.0222170000001,22.907776
38.029999,22.890553
38.0311050000001,22.8727760000001
38.0294420000001,22.869164
38.029999,22.858887
38.0313870000001,22.853886
38.0347210000001,22.854721
38.036659,22.8580549999999
38.049995,22.881386
38.079163,22.944443
38.081108,22.9524990000001
38.0808260000001,22.962498
38.07222,22.995831
38.0674970000001,23.0088880000001
38.061386,23.0191650000001
38.0597150000001,23.0236090000001
38.058327,23.045555
38.0574950000001,23.0591660000001
38.058609,23.097775
38.0588840000001,23.1024969999999
38.060772,23.114134
38.062492,23.1247220000001
38.07444,23.1688879999999
38.0955510000001,23.2099990000001
38.0997160000001,23.216389
38.1030500000001,23.21833
38.149437,23.226387
38.153053,23.2261090000001
38.1555480000001,23.223053
38.2097170000001,23.1205520000001
38.211105,23.1161080000001
38.217499,23.025276
38.2136080000001,22.966942
38.2080539999999,22.943054
38.1869430000001,22.944443
38.1950000000001,22.923332
38.226387,22.8352780000001
38.23333,22.7813869999999
38.244438,22.7655530000001
38.3236080000001,22.6897200000001
38.3305510000001,22.5877760000001
38.3449939999999,22.533886
38.375275,22.510277
38.4247210000001,22.463886
38.4272160000001,22.460831
38.444443,22.4175
38.446106,22.4130550000001
38.4480510000001,22.4033319999999
38.4455490000001,22.4005550000001
38.391937,22.37833
38.3880540000001,22.3769420000001
38.3847200000001,22.3777770000001
38.3636090000001,22.388332
38.35083,22.396664
38.347771,22.396385
38.345276,22.3936080000001
38.3358309999999,22.381943
38.3341600000001,22.378609
38.3341600000001,22.368332
38.3372190000001,22.1938860000001
38.3469390000001,22.1683310000001
38.371384,22.125553
38.3980480000001,22.0427740000001
38.406662,21.975555
38.4094390000001,21.947777
38.35305,21.7130549999999
38.3547210000001,21.6602750000001
38.354164,21.6366650000001
38.3436050000001,21.595833
38.319717,21.5466650000001
38.312218,21.5333329999999
38.366661,21.463886
38.433052,21.365555
38.432777,21.350555
38.3949970000001,21.339443
38.388611,21.334999
38.3391650000001,21.2669409999999
38.3216630000001,21.2383310000001
38.298882,21.1761090000001
38.29805,21.1719440000001
38.2991640000001,21.160831
38.304161,21.147778
38.3480530000001,21.108887
38.363052,21.1086080000001
38.3697200000001,21.1105539999999
38.379715,21.126942
38.3866650000001,21.135555
38.393051,21.1397210000001
38.3969420000001,21.139442
38.429718,21.1227760000001
38.4380490000001,21.116386
38.434151,21.1108150000001
38.430569,21.108913
38.429173,21.1050000000001
38.429443,21.1027759999999
38.430832,21.106388
38.4338840000001,21.108887
38.4372180000001,21.110832
38.445274,21.1124990000001
38.4488830000001,21.1113849999999
38.503052,21.0863880000001
38.6699980000001,20.9894409999999
38.672218,20.986385
38.7319410000001,20.9011080000001
38.759438,20.8097189999999
38.757217,20.774719
38.7583310000001,20.7697220000001
38.7608260000001,20.766666
38.7633290000001,20.7641639999999
38.797775,20.7333300000001
38.801109,20.7322199999999
38.809441,20.732777
38.909721,20.749722
38.931664,20.7811090000001
38.94194,20.970276
38.93055,21.0297200000001
38.9274980000001,21.0316659999999
38.915833,21.031944
38.9113850000001,21.031109
38.9061050000001,21.025833
38.902756,21.024067
38.895828,21.025833
38.893608,21.028889
38.8830490000001,21.04583
38.8811040000001,21.0494420000001
38.864166,21.083332
38.863884,21.086941
38.9319380000001,21.140831
38.9752730000001,21.1663860000001
38.9824980000001,21.1649970000001
38.9852750000001,21.16333
39.0019380000001,21.149998
39.0155490000001,21.138611
39.046661,21.1091650000001
39.0488820000001,21.1061100000001
39.053055,21.0986100000001
39.054718,21.0941660000001
39.0566640000001,21.0830500000001
39.0133290000001,21.0452770000001
39.058052,20.9330520000001
39.1138840000001,20.8261110000001
39.114441,20.821663
39.113052,20.8177760000001
39.0852740000001,20.774719
39.0205540000001,20.7574999999999
38.997772,20.7874980000001
38.974716,20.8241650000001
38.972496,20.827221
38.9697190000001,20.82972
38.9663850000001,20.83083
38.962219,20.8305549999999
38.9583280000001,20.829166
38.9574970000001,20.824718
38.949715,20.7408330000001
38.9508290000001,20.735832
38.9524990000001,20.7319410000001
38.9605480000001,20.72472
38.977219,20.7122190000001
38.992493,20.7033310000001
38.995827,20.7022210000001
39,20.702499
39.006104,20.7111090000001
39.009163,20.7136080000001
39.012497,20.715275
39.0205540000001,20.715275
39.0461040000001,20.703888
39.061943,20.694721
39.0702740000001,20.688053
39.0797200000001,20.676388
39.1858290000001,20.5344430000001
39.2736050000001,20.4802740000001
39.275833,20.4669420000001
39.2844390000001,20.3855550000001
39.2874980000001,20.34861
39.2886050000001,20.34333
39.3147200000001,20.3044429999999
39.3191600000001,20.2983320000001
39.3266599999999,20.290276
39.4377749999999,20.2141650000001
39.4399950000001,20.2152750000001
39.441383,20.245277
39.51944,20.2277760000001
39.6191640000001,20.18861
39.628052,20.1761090000001
39.6338880000001,20.1652760000001
39.6799930000001,20.0633320000001
39.681664,20.0594440000001
39.6827770000001,20.0541650000001
39.6912,20.0100290000001
39.694717,20.013332
39.697495,20.0211110000001
39.6972200000001,20.0319440000001
39.681389,20.0905530000001
39.679161,20.0938870000001
39.673882,20.0986100000001
39.6694410000001,20.1050000000001
39.656105,20.1413879999999
39.650276,20.166664
39.6452709999999,20.1933330000001
39.644722,20.1991650000001
39.6463850000001,20.2183300000001
39.648331,20.2216640000001
39.72361,20.3147200000001
39.726105,20.317497
39.729439,20.3194430000001
39.733604,20.320831
39.7399980000001,20.3180540000001
39.7719420000001,20.298054
39.8030550000001,20.2894440000001
39.8066640000001,20.291386
39.808609,20.29472
39.811661,20.302219
39.8121190000001,20.306129
39.788887,20.3716660000001
39.787498,20.37611
39.7872159999999,20.3813860000001
39.7886050000001,20.385277
39.799164,20.401943
39.804443,20.4072190000001
39.815826,20.41222
39.82444,20.4144439999999
39.836937,20.4152760000001
39.84333,20.41222
39.849159,20.408886
39.8913880000001,20.36972
39.9216610000001,20.3380549999999
39.924721,20.3363880000001
39.990273,20.3147200000001
39.993332,20.3161090000001
40.0580519999999,20.4219440000001
40.0680540000001,20.43861
40.072495,20.449997
40.074165,20.461571
40.0661090000001,20.4769440000001
40.0649950000001,20.48222
40.066383,20.5558320000001
40.0705490000001,20.5833320000001
40.0752720000001,20.604721
40.085274,20.621387
40.0913850000001,20.6572190000001
40.094162,20.665276
40.0980530000001,20.671944
40.1013870000001,20.673885
40.223053,20.7211070000001
40.227219,20.7213860000001
40.2466660000001,20.720833
40.255272,20.7147220000001
40.264999,20.710831
40.2738880000001,20.711941
40.278328,20.713055
40.281662,20.714996
40.305275,20.7333300000001
40.3091660000001,20.740276
40.3119429999999,20.75861
40.394722,20.78722
40.431541,20.791924
40.4622190000001,20.833332
40.4652710000001,20.910831
40.463051,20.914165
40.461662,20.9186100000001
40.4644390000001,20.936943
40.466942,20.9455530000001
40.4688870000001,20.9488870000001
40.4713820000001,20.951942
40.5619430000001,21.041386
40.566109,21.0427740000001
40.6186069999999,21.0530550000001
40.6227719999999,21.053608
40.6619420000001,21.0541650000001
40.673332,21.0530550000001
40.676666,21.0519410000001
40.685829,21.046665
40.698563,21.0365869999999
40.708054,21.028889
40.715553,21.020832
40.7930530000001,20.983887
40.8558880000001,20.98349
40.8572159999999,21.1215549999999
40.857498,21.150833
40.8686070000001,21.3147200000001
40.8719410000001,21.3430520000001
40.874443,21.356667
40.8783260000001,21.3686099999999
40.8880540000001,21.380554
40.9069440000001,21.399719
40.9116590000001,21.405552
40.91777,21.4155539999999
40.9191670000001,21.41972
40.9105530000001,21.5136110000001
40.908882,21.5297200000001
40.9072190000001,21.533607
40.9047160000001,21.5366629999999
40.891106,21.548332
40.8749920000001,21.5700000000001
40.8730550000001,21.573608
40.872215,21.57972
40.8727720000001,21.599998
40.9288859999999,21.780277
40.932777,21.792221
41.0494380000001,21.9119420000001
41.0533290000001,21.913609
41.0569380000001,21.9138870000001
41.0672150000001,21.9105529999999
41.07444,21.909164
41.095276,21.9161110000001
41.1299970000001,21.97361
41.1336060000001,21.980553
41.1677700000001,22.2055549999999
41.1713870000001,22.2566640000001
41.170555,22.2624970000001
41.153328,22.3047220000001
41.134438,22.3433300000001
41.121384,22.4347190000001
41.121384,22.450275
41.121384,22.484722
41.1199950000001,22.58083
41.1194380000001,22.5855520000001
41.1199950000001,22.5902750000001
41.1427760000001,22.7205540000001
41.1447220000001,22.729164
41.1488880000001,22.735832
41.159164,22.741943
41.1633299999999,22.7436099999999
41.2277760000001,22.758053
41.25174,22.7615430000001
41.2966610000001,22.7652740000001
41.299721,22.763611
41.3019409999999,22.7605550000001
41.3052749999999,22.7594410000001
41.309441,22.7597200000001
41.3153150000001,22.7639880000001
41.3244400000001,22.7722210000001
41.331665,22.7813869999999
41.3469390000001,22.8038860000001
41.3486100000001,22.8130530000001
41.343048,22.926388
41.342125,22.935604
41.3355480000001,22.9755549999999
41.320549,23.0944440000001
41.3208310000001,23.119999
41.322777,23.180832
41.3247149999999,23.1894420000001
41.3291630000001,23.2011110000001
41.3369370000001,23.2147220000001
41.3463819999999,23.2272190000001
41.3497159999999,23.2294430000001
41.3533330000001,23.2302740000001
41.366943,23.226387
41.374992,23.2283330000001
41.377495,23.231388
41.3997190000001,23.2738880000001
41.404716,23.285275
41.406105,23.2947200000001
41.409439,23.440552
41.397217,23.538887
41.3916630000001,23.5511090000001
41.3808289999999,23.598053
41.377495,23.631107
41.3780520000001,23.63583
41.4086070000001,23.7383310000001
41.4366610000001,23.7963870000001
41.451942,23.8863870000001
41.440552,23.974442
41.4411090000001,23.978886
41.4852750000001,24.066387
41.51722,24.063053
41.5208280000001,24.063053
41.5244370000001,24.0649990000001
41.541107,24.080276
41.549995,24.0933300000001
41.551109,24.0975
41.5508270000001,24.101665
41.541107,24.1572190000001
41.5437850000001,24.1999929999999
41.554993,24.215275
41.567772,24.2455519999999
41.5700000000001,24.253887
41.5705490000001,24.263885
41.5700000000001,24.269444
41.5486070000001,24.304722
41.5463870000001,24.307777
41.5519410000001,24.4661100000001
41.5033260000001,24.564442
41.489441,24.5674970000001
41.4374920000001,24.6033330000001
41.43222,24.608887
41.430275,24.6124990000001
41.370552,24.7677760000001
41.3522190000001,24.809444
41.378326,24.8124960000001
41.402496,24.817497
41.404999,24.8194430000001
41.411942,24.898888
41.411942,24.903889
41.370438,25.036507
41.362572,25.061192
41.3174900000001,25.163052
41.3052749999999,25.185833
41.3014530000001,25.190826
41.2544330000001,25.239441
41.252769,25.243889
41.24305,25.2797160000001
41.24305,25.2850000000001
41.2491610000001,25.335831
41.250542,25.344994
41.289444,25.503609
41.3130420000001,25.549995
41.3200000000001,25.559441
41.3222200000001,25.567776
41.3177720000001,25.6530490000001
41.3360980000001,25.814159
41.3097080000001,25.8811040000001
41.309166,25.886662
41.3111039999999,25.9055519999999
41.319443,25.9791600000001
41.3211060000001,25.9877780000001
41.3547130000001,26.1399959999999
41.439438,26.198051
41.536942,26.183884
41.54332,26.181664
41.6294330000001,26.1372150000001
41.63221,26.1347200000001
41.63221,26.129719
41.6286090000001,26.117493
41.627213,26.1030499999999
41.628876,26.0991590000001
41.660271,26.0686040000001
41.6858220000001,26.0658260000001
41.6974950000001,26.066109
41.7119370000001,26.0744440000001
41.7166600000001,26.08083
41.739159,26.1386110000001
41.746666,26.163052
41.748322,26.1719439999999
41.7480550000001,26.1774980000001
41.7435,26.2227590000001
41.740028,26.234772
41.737267,26.236961
41.715828,26.264996
41.709991,26.277222
41.708054,26.2941670000001
---
