11.996387,-61.7525019999999
12,-61.7801509999999
12.001389,-61.7836149999999
12.004721,-61.7872239999999
12.009165,-61.7897259999999
12.172222,-61.724724
12.1969429999999,-61.7075039999999
12.218054,-61.686668
12.2277770000001,-61.675835
12.236666,-61.6586149999999
12.237778,-61.653061
12.237499,-61.647507
12.2327770000001,-61.6175
12.23111,-61.611946
12.2277770000001,-61.610001
12.224165,-61.606392
12.2205540000001,-61.604729
12.1866660000001,-61.5997239999999
12.125555,-61.5963899999999
12.0794430000001,-61.611115
12.048054,-61.628616
12.0441670000001,-61.6316679999999
12.034166,-61.6425019999999
12.029165,-61.65139
12.0161090000001,-61.683334
12.0038870000001,-61.717506
11.9974990000001,-61.7469479999999
---
12.2944429999999,-61.585556
12.298054,-61.589172
12.3036099999999,-61.58889
12.314444,-61.585556
12.3191660000001,-61.583336
12.323055,-61.5788959999999
12.320833,-61.573891
12.3158320000001,-61.572227
12.3088870000001,-61.572502
12.3036099999999,-61.574173
12.295555,-61.580002
---
12.434999,-61.491669
12.4380550000001,-61.49556
12.4436090000001,-61.496948
12.469444,-61.49556
12.474998,-61.493896
12.478888,-61.490837
12.529165,-61.434448
12.5288889999999,-61.4275049999999
12.5269430000001,-61.42556
12.512777,-61.420563
12.5075,-61.419449
12.494999,-61.418617
12.457499,-61.425285
12.453609,-61.4283369999999
---
