6.88166600000005,-58.463058
6.89138800000012,-58.465279
6.89777800000002,-58.4655609999999
6.90388900000011,-58.4647289999999
6.90916600000008,-58.4627839999999
6.94722200000007,-58.4374999999999
6.96361100000001,-58.4219509999999
6.96666600000003,-58.418335
6.96916599999992,-58.413338
6.97138900000004,-58.402229
6.97166600000003,-58.395836
6.97138900000004,-58.3772279999999
6.96749999999992,-58.3377839999999
6.96499899999998,-58.333336
6.95666600000004,-58.328056
6.95249900000005,-58.329727
6.93166600000012,-58.363335
6.92638899999997,-58.371948
6.91750000000008,-58.410004
6.91027700000001,-58.429726
6.90027700000002,-58.446671
6.89694400000013,-58.450562
---
8.34083199999992,-59.78334
8.34472100000005,-59.7688899999999
8.35333300000008,-59.7605589999999
8.36777700000005,-59.773895
8.37638900000013,-59.779167
8.38666499999999,-59.781952
8.39305500000006,-59.782227
8.39833299999998,-59.780838
8.40555400000005,-59.773895
8.40833300000014,-59.76973
8.41000000000003,-59.7647249999999
8.41027599999995,-59.758614
8.40805399999999,-59.753616
8.35999900000007,-59.668335
8.34944300000012,-59.650841
8.17388699999998,-59.355835
8.05638899999997,-59.1547239999999
8.04583200000008,-59.137222
8.03416600000014,-59.121391
8.02277800000007,-59.111946
8.01416599999999,-59.1069489999999
7.99527699999993,-59.098892
7.98666599999996,-59.093895
7.98305499999998,-59.090561
7.96916600000009,-59.0758359999999
7.85111000000012,-58.943893
7.73055600000004,-58.806946
7.67972200000008,-58.7688899999999
7.63611000000009,-58.7513959999999
7.59750000000008,-58.721672
7.59388799999999,-58.718338
7.59305499999999,-58.714729
7.56944400000003,-58.641945
7.37444399999998,-58.489723
7.36277799999999,-58.480835
7.34999900000014,-58.4727779999999
7.34083300000003,-58.4686129999999
7.32972100000006,-58.4663929999999
7.13583299999999,-58.4655609999999
7.11500000000007,-58.466667
7.024722,-58.476952
7.01249999999999,-58.4788889999999
7.00333300000005,-58.483612
6.99916600000006,-58.486671
6.98944399999999,-58.4975049999999
6.98025299999995,-58.510742
6.96722200000005,-58.529724
6.95416599999999,-58.5444489999999
6.94222200000007,-58.553337
6.93277700000004,-58.55806
6.91638899999998,-58.563057
6.81055500000014,-58.5922239999999
6.79305599999998,-58.59584
6.78083299999992,-58.597778
6.76777700000008,-58.599449
6.65666600000003,-58.609169
6.48949399999998,-58.6190869999999
6.42611000000005,-58.6461179999999
6.417777,-58.628059
6.41394400000007,-58.600723
6.41999899999996,-58.593338
6.46497500000004,-58.581329
6.50027799999998,-58.575279
6.51944400000002,-58.572784
6.53249899999997,-58.572784
6.56222200000008,-58.576118
6.59638899999999,-58.574173
6.60888900000009,-58.5722269999999
6.66833300000013,-58.553894
6.67861099999999,-58.550003
6.68305499999997,-58.547501
6.79444400000006,-58.479446
6.82388900000012,-58.460007
6.83166599999998,-58.4538959999999
6.86611099999999,-58.425835
6.8744440000001,-58.413612
6.87777699999998,-58.403618
6.88083300000005,-58.3930589999999
6.89527700000002,-58.327225
6.89555500000012,-58.3208389999999
6.89472200000012,-58.314728
6.89138800000012,-58.303612
6.87722200000007,-58.258057
6.874999,-58.253334
6.84305499999999,-58.208618
6.81222200000002,-58.172615
6.82388900000012,-58.162506
6.82722200000001,-58.15889
6.8308320000001,-58.14917
6.81722200000002,-58.0444489999999
6.81388900000013,-58.03334
6.79055499999998,-57.986389
6.77861000000001,-57.9702839999999
6.77222199999994,-57.963058
6.75055500000008,-57.9433359999999
6.73166700000013,-57.92778
6.71111100000002,-57.914452
6.69527699999998,-57.902779
6.68444399999999,-57.8930589999999
6.67416600000007,-57.882507
6.57000000000005,-57.757782
6.49111099999999,-57.648613
6.47916600000002,-57.632782
6.43888900000013,-57.5969469999999
6.43027700000005,-57.591667
6.30416600000007,-57.526115
6.289444,-57.520561
6.2838890000001,-57.519447
6.27076700000009,-57.519188
6.33333299999998,-57.503616
6.33805500000005,-57.501114
6.34111000000007,-57.497505
6.34222200000005,-57.492226
6.34305500000005,-57.4794459999999
6.34194399999996,-57.473335
6.33805500000005,-57.463058
6.29000000000002,-57.3636169999999
6.27472199999994,-57.33667
6.211389,-57.261116
6.16916700000013,-57.220284
6.14749899999998,-57.199722
6.13111000000004,-57.188896
6.10833300000002,-57.1777799999999
6.06222200000002,-57.163895
6.05166600000001,-57.160835
5.96611000000007,-57.136948
5.96083300000009,-57.1355589999999
5.94777800000008,-57.1350019999999
5.941667,-57.1355589999999
5.64361100000008,-57.1744459999999
5.63138900000013,-57.1761169999999
5.60888900000009,-57.18084
5.59249999999997,-57.184723
5.57333299999999,-57.1930619999999
5.56444400000009,-57.198059
5.48611099999999,-57.248505
5.40138800000005,-57.265839
5.38499900000011,-57.270004
5.38027800000009,-57.272224
5.3727770000001,-57.278336
5.35972199999998,-57.2994459999999
5.30361099999999,-57.324448
5.229444,-57.2863919999999
5.22333200000003,-57.279167
5.2205550000001,-57.268059
5.22277700000012,-57.256393
5.25994500000002,-57.235207
5.23222199999998,-57.212502
5.21499899999992,-57.202507
5.18083300000012,-57.188614
5.16861099999994,-57.188614
5.15777700000007,-57.198334
5.14138800000012,-57.222778
5.14083300000004,-57.2288889999999
5.14638800000012,-57.2358399999999
5.15722199999999,-57.238617
5.16999900000008,-57.246391
5.17527800000005,-57.254723
5.17777700000005,-57.265839
5.17638899999992,-57.278336
5.17222199999998,-57.2877809999999
5.16027700000001,-57.296951
5.082222,-57.3208389999999
5.06972200000013,-57.3230589999999
5.02611100000001,-57.3272249999999
4.98972100000003,-57.413895
4.98916600000013,-57.42028
4.98916600000013,-57.4736179999999
4.9919440000001,-57.608063
4.99249900000001,-57.613892
5.00027800000009,-57.6341709999999
5.01166599999999,-57.6702799999999
5.01250000000005,-57.676392
5.01027800000008,-57.688057
4.92777700000011,-57.8411179999999
4.85555599999998,-57.9013899999999
4.82194399999997,-57.9233399999999
4.80499900000001,-57.926392
4.78777700000006,-57.9233399999999
4.77944399999996,-57.917778
4.77611100000007,-57.900284
4.772222,-57.890839
4.76444400000003,-57.8847269999999
4.68194399999993,-57.84417
4.67250000000013,-57.840004
4.666944,-57.838615
4.65472199999999,-57.838615
4.62888799999996,-57.846947
4.50361100000009,-57.902779
4.34916600000003,-57.948616
4.31722200000002,-57.949173
4.29305599999998,-57.952507
4.28777699999995,-57.953896
4.27944400000007,-57.959167
4.23972099999997,-58.002785
4.21666600000003,-58.034172
4.209722,-58.0411149999999
4.2024990000001,-58.047226
4.18610999999993,-58.05806
4.17416600000007,-58.065559
4.15916600000008,-58.0713959999999
4.15222199999999,-58.0713959999999
4.00833300000011,-58.047226
3.99472200000014,-58.0402829999999
3.96361100000013,-58.016396
3.92916600000012,-57.9688949999999
3.91666700000013,-57.953896
3.90972199999999,-57.946945
3.894722,-57.934723
3.8866660000001,-57.9291689999999
3.809166,-57.876671
3.79083299999996,-57.8675
3.77166700000009,-57.8594509999999
3.74611099999998,-57.850563
3.74083300000007,-57.849167
3.72250000000003,-57.846947
3.69555500000013,-57.84639
3.68972200000013,-57.845558
3.67361100000005,-57.8411179999999
3.66500000000008,-57.835838
3.65277800000013,-57.821114
3.64777800000013,-57.812225
3.62416600000012,-57.760559
3.61722200000003,-57.7469479999999
3.61027799999994,-57.734726
3.53833300000014,-57.6686169999999
3.51861100000008,-57.6544489999999
3.46666600000003,-57.638062
3.46111100000013,-57.636948
3.45500000000004,-57.637222
3.44527799999997,-57.641396
3.41388799999999,-57.6577839999999
3.35638900000009,-57.642227
3.36000000000007,-57.618057
3.36055499999998,-57.606117
3.35944400000011,-57.599449
3.34638899999993,-57.5305559999999
3.34722199999993,-57.429451
3.38333299999994,-57.306946
3.37749999999994,-57.301392
3.33027699999997,-57.28334
3.32388900000007,-57.2811129999999
3.31666700000011,-57.2813949999999
3.30388900000014,-57.288338
3.27055500000006,-57.292503
3.26416600000005,-57.292503
3.18138900000014,-57.290001
3.14388800000006,-57.2852779999999
3.13805500000007,-57.2819519999999
3.103611,-57.2550049999999
3.06500000000005,-57.220284
3.03583300000014,-57.210281
3.0125000000001,-57.205002
3.00555500000013,-57.2038959999999
2.99972200000013,-57.206116
2.99249999999995,-57.212502
2.98611099999999,-57.215279
2.87888900000007,-57.213341
2.82777700000003,-57.2038959999999
2.82138900000012,-57.2013929999999
2.81444399999992,-57.194168
2.75972199999995,-57.125282
2.75777800000009,-57.118896
2.75694399999998,-57.111671
2.75472200000002,-57.1052779999999
2.749166,-57.098061
2.48305499999998,-56.9447249999999
2.42805499999997,-56.9177779999999
2.28333300000003,-56.853889
2.19333300000005,-56.8105619999999
2.1408330000001,-56.775002
2.02874000000003,-56.6918719999999
2.02611100000007,-56.684174
2.02611100000007,-56.682045
2.02611100000007,-56.67028
2.02805499999999,-56.646118
2.02805499999999,-56.585838
2.02666700000009,-56.573616
2.02388900000011,-56.5627819999999
2.017222,-56.5491709999999
1.96861100000012,-56.4811169999999
1.95555500000006,-56.4736179999999
1.94449900000012,-56.470634
1.92249999999996,-56.5255579999999
1.91861100000006,-56.574173
1.92472199999997,-56.581673
1.93222200000002,-56.595001
1.93972200000013,-56.621674
1.939167,-56.6347269999999
1.92055499999998,-56.724449
1.91861100000006,-56.729172
1.91027800000001,-56.741394
1.90694400000001,-56.7450029999999
1.89944400000013,-56.751114
1.89444400000014,-56.753059
1.88138899999996,-56.7608339999999
1.87527800000009,-56.766945
1.87333300000012,-56.7716669999999
1.87250000000012,-56.78334
1.89166700000004,-56.873894
1.91972199999998,-56.996674
1.92611099999999,-57.011116
1.94388900000013,-57.041115
1.95277799999997,-57.05278
1.95611100000008,-57.054726
1.98416700000007,-57.0608369999999
2.00694399999998,-57.0641709999999
2.01444400000003,-57.070557
2.01972200000012,-57.078613
2.02194400000008,-57.0836179999999
2.02333300000009,-57.089172
2.02388900000011,-57.100563
2.02194400000008,-57.1055599999999
1.99666600000006,-57.163063
1.97111100000006,-57.199173
1.95138900000001,-57.227226
1.94861100000003,-57.231392
1.94722200000001,-57.236946
1.95194400000008,-57.2458339999999
1.976111,-57.26973
1.97888900000004,-57.273895
1.98083300000013,-57.278893
1.98222200000009,-57.284172
1.98277800000011,-57.2905579999999
1.98222200000009,-57.296669
1.98138900000009,-57.30278
1.975278,-57.324722
1.96916700000014,-57.339172
1.9130550000001,-57.420006
1.90555499999999,-57.426117
1.89999999999992,-57.4275049999999
1.88694400000009,-57.4283369999999
1.880833,-57.4275049999999
1.86166600000001,-57.428612
1.81777799999998,-57.4466709999999
1.81444399999998,-57.448616
1.80611100000004,-57.45417
1.73638899999997,-57.5075069999999
1.72527800000006,-57.5172269999999
1.71583300000003,-57.528061
1.70138900000006,-57.5541689999999
1.69805599999995,-57.5644449999999
1.6925,-57.63028
1.69305500000007,-57.636391
1.69666600000005,-57.6536179999999
1.70472200000012,-57.679726
1.71027800000013,-57.695282
1.71638899999999,-57.716667
1.71861100000001,-57.7283399999999
1.72055599999999,-57.7469479999999
1.72055599999999,-57.753616
1.71722199999999,-57.763893
1.713055,-57.773338
1.66500000000013,-57.876114
1.62000000000006,-57.9722289999999
1.606944,-57.9727779999999
1.58027800000008,-57.9805599999999
1.56444400000004,-57.985283
1.520555,-58.001671
1.51638900000012,-58.004448
1.51361100000014,-58.008614
1.51222200000012,-58.0138929999999
1.51777800000013,-58.127785
1.57055500000007,-58.268333
1.58277800000013,-58.297226
1.482778,-58.378616
1.47944400000006,-58.38195
1.47666600000002,-58.386116
1.47250000000014,-58.402504
1.45467400000013,-58.502289
1.36638900000014,-58.471672
1.35055500000004,-58.4669489999999
1.3438890000001,-58.4669489999999
1.331389,-58.468338
1.32055500000013,-58.4711149999999
1.3075,-58.479172
1.27583299999998,-58.502785
1.26972200000006,-58.510284
1.26777799999996,-58.5155559999999
1.26694400000008,-58.5216669999999
1.2691660000001,-58.526672
1.27527800000007,-58.572502
1.28833300000002,-58.682785
1.28833300000002,-58.6897279999999
1.28694400000006,-58.695282
1.27527800000007,-58.7041699999999
1.26555500000006,-58.708336
1.26027800000008,-58.70945
1.23611099999999,-58.719727
1.22861100000006,-58.726112
1.21305500000011,-58.745003
1.20611100000002,-58.7588959999999
1.18888900000007,-58.796669
1.18555500000008,-58.806946
1.18555500000008,-58.813614
1.18750000000011,-58.825562
1.19027800000009,-58.836395
1.20194400000008,-58.865837
1.20805499999994,-58.873337
1.2205560000001,-58.8883359999999
1.23000000000008,-58.899445
1.23416700000007,-58.902229
1.23972199999997,-58.903618
1.24861100000004,-58.898613
1.25138900000002,-58.894447
1.25611099999992,-58.8925019999999
1.26083299999999,-58.894447
1.26555500000006,-58.8966669999999
1.27333300000009,-58.902779
1.29583300000013,-58.921394
1.3027780000001,-58.9283369999999
1.31444400000004,-58.957504
1.31972200000013,-58.9727779999999
1.3447220000001,-59.104729
1.37916700000011,-59.232506
1.38361100000009,-59.241669
1.38666699999999,-59.24556
1.39666699999998,-59.256111
1.56333300000011,-59.4144519999999
1.6425000000001,-59.4783399999999
1.65861099999995,-59.488892
1.6875,-59.507507
1.7188890000001,-59.598892
1.72000000000003,-59.6119459999999
1.72666599999997,-59.633614
1.73111100000006,-59.6427839999999
1.74138900000014,-59.653336
1.76277800000008,-59.672783
1.77138900000006,-59.67778
1.80222199999997,-59.653618
1.834722,-59.631668
1.84138900000005,-59.630005
1.84641900000008,-59.634109
1.85722200000004,-59.7147289999999
1.85361100000006,-59.7244489999999
1.85250000000013,-59.730003
1.85333300000013,-59.736115
1.85750000000013,-59.746117
1.8652780000001,-59.751945
1.90583299999992,-59.756111
1.91194400000001,-59.7563929999999
2.07277800000008,-59.743614
2.23361100000005,-59.727501
2.23972199999997,-59.726669
2.245833,-59.726952
2.27805499999994,-59.7302779999999
2.2830550000001,-59.7319489999999
2.2872220000001,-59.734451
2.29055499999998,-59.745285
2.29361100000011,-59.778061
2.29555499999998,-59.7902829999999
2.29722200000009,-59.795563
2.30472200000014,-59.808891
2.33055500000012,-59.8497239999999
2.35638899999992,-59.887222
2.35944400000011,-59.891396
2.36361100000011,-59.89389
2.37694399999998,-59.900558
2.38166699999999,-59.902504
2.38722200000007,-59.900841
2.40361100000001,-59.8891679999999
2.4105550000001,-59.888618
2.4516660000001,-59.892227
2.45722200000006,-59.8933329999999
2.56777799999998,-59.92556
2.61638900000003,-59.9541699999999
2.67833300000001,-59.9861149999999
2.68722200000008,-59.988892
2.69361100000003,-59.9894489999999
2.86027800000011,-59.98278
2.89916700000009,-59.978889
3.02583299999998,-59.962784
3.07194399999997,-59.949722
3.20416599999999,-59.904724
3.27638900000011,-59.869728
3.29777800000005,-59.856117
3.31611100000009,-59.840004
3.32805500000001,-59.83139
3.35722200000009,-59.811951
3.36194399999999,-59.809723
3.49083299999995,-59.8102799999999
3.49583300000012,-59.811951
3.50416700000011,-59.8177799999999
3.52416700000003,-59.831947
3.62055500000008,-59.7861179999999
3.711389,-59.6655579999999
3.89944400000007,-59.568611
3.99888800000002,-59.581673
4.16722199999998,-59.7052839999999
4.17416600000007,-59.711945
4.19138800000002,-59.7222289999999
4.21083300000004,-59.7294459999999
4.22750000000013,-59.7327799999999
4.29333300000013,-59.730835
4.37333300000012,-59.675285
4.37833300000011,-59.672783
4.38444400000003,-59.6733399999999
4.38888800000001,-59.675835
4.41416600000002,-59.717224
4.45611100000013,-59.791115
4.50638900000007,-59.929726
4.50777699999998,-59.935005
4.50888800000007,-59.941391
4.50916599999999,-59.961113
4.50194399999998,-59.967781
4.49416600000001,-60.035561
4.49388900000002,-60.055
4.50888800000007,-60.128059
4.51055500000001,-60.133339
4.51749999999998,-60.147507
4.52249900000004,-60.149445
4.57333299999999,-60.152229
4.59666600000003,-60.123894
4.59833200000003,-60.101669
4.59750000000014,-60.095558
4.59861100000006,-60.089729
4.60833300000013,-60.0791699999999
4.6161110000001,-60.0733339999999
4.62083200000006,-60.0708389999999
4.70722199999994,-60.025841
4.73444400000011,-60.0205609999999
4.83694400000013,-60.005836
5.02249899999993,-59.983063
5.11000000000007,-60.013893
5.16151300000013,-60.0808719999999
5.17305499999998,-60.081947
5.21722200000005,-60.098335
5.24388900000002,-60.11306
5.24749899999995,-60.1161119999999
5.27111099999996,-60.188896
5.27361100000007,-60.200562
5.273889,-60.207504
5.27222200000006,-60.212502
5.25944399999992,-60.2475049999999
5.25749999999999,-60.252502
5.24638800000002,-60.261948
5.23694400000005,-60.2666699999999
5.22888900000009,-60.272507
5.19916599999999,-60.3111109999999
5.19749900000005,-60.315834
5.19694399999997,-60.3222269999999
5.19138800000002,-60.5397259999999
5.19138800000002,-60.553062
5.193333,-60.565285
5.19500000000005,-60.5708389999999
5.19722200000007,-60.575562
5.20305500000006,-60.5836179999999
5.20972199999994,-60.590836
5.21194400000013,-60.595558
5.21305500000005,-60.601669
5.21749999999992,-60.680557
5.21472200000011,-60.698334
5.20479899999992,-60.73037
5.22250000000008,-60.748894
5.25833299999999,-60.781113
5.3480550000001,-60.8602829999999
5.63472200000001,-61.116112
5.93893400000002,-61.388771
5.94000000000011,-61.389725
5.957494,-61.383797
5.96083300000009,-61.379723
5.96111099999996,-61.3736109999999
5.96444400000007,-61.3566739999999
5.96999899999997,-61.341949
5.97556199999997,-61.333839
5.99249900000001,-61.3230589999999
6.05633699999999,-61.282822
6.08638899999994,-61.270279
6.106111,-61.26445
6.10944400000005,-61.261116
6.17999900000001,-61.1644519999999
6.184999,-61.155838
6.29916600000007,-61.138618
6.40861000000001,-61.1400069999999
6.52972200000005,-61.191673
6.53222199999999,-61.196671
6.53638800000004,-61.198891
6.57444400000009,-61.2047269999999
6.58138799999995,-61.2047269999999
6.65638799999994,-61.17556
6.66111100000012,-61.17334
6.71104199999996,-61.134026
6.71416700000009,-61.1291729999999
6.71694400000001,-61.118614
6.73083300000008,-61.059723
6.72694399999995,-61.049728
6.72166600000008,-61.041115
6.71777700000001,-61.030838
6.72027700000007,-60.9525069999999
6.72249999999997,-60.941116
6.72777699999995,-60.932503
6.75972200000007,-60.895836
6.76305499999995,-60.892227
6.76861100000013,-60.893333
6.78833300000002,-60.816116
6.75999900000005,-60.725281
6.75805500000001,-60.7130579999999
6.76250000000005,-60.7038959999999
6.77083299999998,-60.691673
6.79000000000008,-60.676392
6.80749999999995,-60.665001
6.82749899999999,-60.649727
6.833888,-60.6416699999999
6.836389,-60.637222
6.84194400000007,-60.622505
6.85083300000014,-60.590836
6.87472199999996,-60.526947
6.88777700000014,-60.498894
6.90666599999997,-60.463615
6.94749900000011,-60.40834
7.04361100000006,-60.302505
7.05722100000008,-60.288612
7.06277799999998,-60.2869489999999
7.08999900000003,-60.281395
7.11666600000007,-60.276947
7.12083200000012,-60.279167
7.14194400000008,-60.306671
7.14499999999998,-60.311394
7.15527700000013,-60.33667
7.16944400000011,-60.3497239999999
7.17555499999997,-60.35778
7.17999900000001,-60.367226
7.19583300000005,-60.456116
7.18027700000005,-60.501114
7.17694399999999,-60.504723
7.17222200000009,-60.50695
7.16138800000004,-60.510284
7.14888900000005,-60.512222
7.14361099999996,-60.5138929999999
7.13972200000006,-60.516945
7.12388800000002,-60.535561
7.12499900000012,-60.5405579999999
7.19444400000003,-60.6175
7.22194400000006,-60.630836
7.24472100000008,-60.634445
7.25111099999998,-60.635002
7.25805500000007,-60.634445
7.26333299999999,-60.633057
7.28000000000003,-60.621948
7.28805499999999,-60.6152799999999
7.294444,-60.6077799999999
7.30277700000005,-60.59584
7.31083300000012,-60.589729
7.31638800000002,-60.588058
7.33361100000008,-60.590836
7.33916700000003,-60.5919489999999
7.38194400000003,-60.610001
7.436666,-60.645561
7.44916600000005,-60.660835
7.45138800000007,-60.6658399999999
7.45166599999999,-60.671112
7.44999999999999,-60.68306
7.45222199999995,-60.6877819999999
7.45583200000004,-60.691116
7.49611099999993,-60.7122269999999
7.505833,-60.715836
7.52888900000005,-60.7197269999999
7.53555500000004,-60.71917
7.54583300000013,-60.715279
7.54972200000003,-60.712502
7.56611099999998,-60.6936109999999
7.56805500000007,-60.688614
7.56805500000007,-60.675285
7.56472199999996,-60.6644519999999
7.56388899999996,-60.65834
7.56944400000003,-60.650284
7.63694399999997,-60.590279
7.64166600000004,-60.587227
7.70277700000003,-60.570557
7.709722,-60.570007
7.72166600000003,-60.578613
7.72666600000002,-60.57917
7.80222099999997,-60.5352779999999
7.80555500000014,-60.5313949999999
7.81472200000007,-60.520004
7.82166599999999,-60.506393
7.87749999999994,-60.319725
7.92157300000008,-60.2575449999999
7.94638799999996,-60.237228
8.02444299999996,-60.1313929999999
8.03222099999994,-60.11834
8.04083300000002,-60.099724
8.04166600000002,-60.0875019999999
8.03500000000003,-60.051117
8.03472100000005,-60.043892
8.03694300000001,-60.032784
8.0413880000001,-60.023338
8.04861099999999,-60.016945
8.05333300000007,-60.013893
8.06749899999994,-60.00695
8.12805400000008,-59.983063
8.13444300000009,-59.982224
8.13999900000005,-59.983063
8.14777800000013,-59.988892
8.15333199999992,-59.9902799999999
8.15944300000001,-59.9891739999999
8.1688880000001,-59.984726
8.18083199999995,-59.974724
8.19999500000011,-59.946182
8.21111100000007,-59.922226
8.21861100000012,-59.888893
8.22499800000014,-59.848335
8.22888799999993,-59.831947
8.23611099999999,-59.8255619999999
8.27499999999998,-59.801392
8.29166600000013,-59.804726
8.30083300000013,-59.809174
8.31138800000002,-59.815002
8.40083300000009,-59.886116
8.51833199999999,-59.9811169999999
8.53527600000001,-59.9902799999999
8.51888799999995,-59.9638899999999
8.509165,-59.9525069999999
8.48777800000005,-59.932503
8.48055499999998,-59.926117
8.45694400000002,-59.90834
8.44833199999994,-59.903336
8.44333300000005,-59.901672
8.43444399999999,-59.8969499999999
8.42166500000013,-59.88945
8.397221,-59.8725049999999
8.37944399999992,-59.855835
8.36166599999996,-59.831673
8.34111000000001,-59.789169
---
