13.246111,-87.628891
13.2483330000001,-87.646667
13.24861,-87.656677
13.249443,-87.659454
13.2513890000001,-87.661118
13.2750000000001,-87.6700129999999
13.2783320000001,-87.6697239999999
13.285555,-87.6630709999999
13.2894440000001,-87.656403
13.2969440000001,-87.639175
13.2966650000001,-87.6361239999999
13.288887,-87.618896
13.2861100000001,-87.614731
13.2841660000001,-87.6133419999999
13.2791650000001,-87.611389
13.2669430000001,-87.610001
13.2577759999999,-87.610291
13.2549990000001,-87.611115
13.2513890000001,-87.614456
13.2472210000001,-87.62001
13.2463870000001,-87.622513
---
13.363054,-87.5672299999999
13.322777,-87.573334
13.3105550000001,-87.577789
13.305277,-87.5797269999999
13.3036100000001,-87.5816799999999
13.302776,-87.5880579999999
13.3047220000001,-87.615845
13.3102760000001,-87.631393
13.3127770000001,-87.6361239999999
13.3272210000001,-87.6527859999999
13.3311100000001,-87.6561129999999
13.3358329999999,-87.65834
13.3391670000001,-87.65834
13.3591650000001,-87.6527859999999
13.3611109999999,-87.651123
13.36972,-87.637222
13.3708320000001,-87.6347349999999
13.363637,-87.6101679999999
13.372499,-87.591949
13.372499,-87.5855559999999
13.3686099999999,-87.571945
---
15.997221,-85.767227
15.996111,-85.761398
15.956665,-85.6594539999999
15.9555549999999,-85.656952
15.9391650000001,-85.634735
15.932777,-85.623337
15.924999,-85.6064
15.918888,-85.5914
15.9080540000001,-85.563614
15.904722,-85.55278
15.8891660000001,-85.497787
15.8888870000001,-85.4944459999999
15.890554,-85.406403
15.890833,-85.393341
15.898888,-85.245834
15.908888,-85.177231
15.9219440000001,-85.1194459999999
15.923887,-85.113892
15.927221,-85.105835
15.931665,-85.099731
15.945276,-85.088058
15.9605540000001,-85.072235
15.9744430000001,-85.050568
15.9836100000001,-85.030838
15.9861110000001,-85.023056
15.991278,-84.996964
15.977499,-84.920563
15.8849980000001,-84.675224
15.8840000000001,-84.674065
15.8824999999999,-84.673561
15.8811660000001,-84.674065
15.8713319999999,-84.681229
15.835833,-84.6255649999999
15.822222,-84.629181
15.8083320000001,-84.6255649999999
15.7927760000001,-84.616959
15.7791649999999,-84.605835
15.7761100000001,-84.601959
15.7738880000001,-84.597229
15.7730540000001,-84.591675
15.7824990000001,-84.5111239999999
15.8213880000001,-84.439453
15.8302760000001,-84.44278
15.8461090000001,-84.525558
15.8499980000001,-84.479736
15.828609,-84.2647249999999
15.823332,-84.255569
15.7024990000001,-84.1152799999999
15.631109,-84.0377809999999
15.459999,-83.8555599999999
15.477777,-83.910568
15.5099980000001,-83.941681
15.511389,-83.943893
15.534721,-84.0066679999999
15.536665,-84.015015
15.550278,-84.161957
15.550278,-84.2052919999999
15.549999,-84.2086179999999
15.5483320000001,-84.210281
15.545555,-84.210846
15.5427760000001,-84.210281
15.5186100000001,-84.200012
15.37611,-84.1025089999999
15.3719440000001,-84.0991669999999
15.351387,-84.0775149999999
15.3469430000001,-84.0713959999999
15.2422220000001,-83.922791
15.2388879999999,-83.915848
15.2377780000001,-83.906403
15.239166,-83.900284
15.2566660000001,-83.833893
15.25861,-83.8289029999999
15.2644440000001,-83.824173
15.2711110000001,-83.824722
15.273611,-83.825562
15.2772220000001,-83.8289029999999
15.2830540000001,-83.8372339999999
15.319166,-83.892227
15.320276,-83.89473
15.342222,-83.946945
15.344166,-83.959167
15.3436110000001,-83.9727779999999
15.3444440000001,-83.978897
15.3477760000001,-83.986389
15.3533330000001,-83.994446
15.360277,-84.001404
15.369165,-84.01001
15.3930550000001,-84.028336
15.3974990000001,-84.030838
15.4052770000001,-84.028336
15.4077760000001,-84.023346
15.4141650000001,-84.001953
15.414999,-83.9952849999999
15.410555,-83.9716799999999
15.404722,-83.956116
15.3905540000001,-83.9277799999999
15.385277,-83.9189
15.3252770000001,-83.824722
15.318333,-83.813904
15.286943,-83.776398
15.285,-83.774445
15.2777770000001,-83.768616
15.2711110000001,-83.765015
15.1966649999999,-83.758347
15.200554,-83.7447359999999
15.2647210000001,-83.633896
15.2667220000001,-83.631905
15.2695540000001,-83.626236
15.2700540000001,-83.624573
15.2608870000001,-83.5792309999999
15.2688880000001,-83.531403
15.250555,-83.520569
15.244999,-83.5191799999999
15.217222,-83.528061
15.197222,-83.542511
15.196943,-83.545563
15.198055,-83.548065
15.201387,-83.551392
15.213055,-83.55751
15.2158320000001,-83.557785
15.2244430000001,-83.563339
15.231388,-83.5738979999999
15.2327770000001,-83.5797269999999
15.2336100000001,-83.589447
15.2333320000001,-83.5925139999999
15.2311099999999,-83.597229
15.1974979999999,-83.622787
15.195276,-83.624176
15.1891650000001,-83.6249999999999
15.174999,-83.6219479999999
15.1713890000001,-83.618347
15.16861,-83.614182
15.1577760000001,-83.5780639999999
15.1572210000001,-83.571671
15.157499,-83.568344
15.1600000000001,-83.563614
15.2030540000001,-83.496948
15.232222,-83.496399
15.2797220000001,-83.5063929999999
15.2813870000001,-83.508057
15.2933330000001,-83.523895
15.2997760000001,-83.5416179999999
15.308277,-83.566284
15.333445,-83.62529
15.3349440000001,-83.6281129999999
15.3376110000001,-83.6296159999999
15.339443,-83.6294559999999
15.3474440000001,-83.624947
15.3497770000001,-83.6229549999999
15.3524440000001,-83.619278
15.352943,-83.61779
15.3532770000001,-83.6159519999999
15.3526110000001,-83.612289
15.3501100000001,-83.606277
15.346777,-83.60112
15.3010000000001,-83.5056
15.2788890000001,-83.445007
15.2730539999999,-83.430008
15.2602770000001,-83.400284
15.2524990000001,-83.3866729999999
15.2277770000001,-83.359177
15.221666,-83.353897
15.1755540000001,-83.333893
15.170555,-83.33223
15.1391660000001,-83.325562
15.10861,-83.314728
15.0969430000001,-83.3091739999999
15.0888880000001,-83.30307
15.07,-83.287231
15.0613880000001,-83.2780609999999
15.0555550000001,-83.270004
15.0513879999999,-83.263626
15.0377769999999,-83.242508
15.033054,-83.2333369999999
15.029999,-83.2261199999999
15.0158330000001,-83.190292
14.9929790000001,-83.131851
14.9872210000001,-83.15889
14.9813880000001,-83.222778
14.9813880000001,-83.233612
14.9824980000001,-83.239731
15.0047210000001,-83.324173
15.014999,-83.3589019999999
15.022221,-83.384171
15.006109,-83.48584
14.9483320000001,-83.5464019999999
14.920555,-83.564453
14.915277,-83.569458
14.7861100000001,-83.841125
14.7850000000001,-83.8436129999999
14.777777,-83.864456
14.7538870000001,-83.9380649999999
14.7552780000001,-83.978622
14.754444,-84.0352779999999
14.7163890000001,-84.1966709999999
14.6819440000001,-84.260284
14.6197200000001,-84.474731
14.617777,-84.482788
14.6180550000001,-84.489731
14.6783330000001,-84.688614
14.8099989999999,-84.7939
14.8161109999999,-84.7983399999999
14.8194429999999,-84.801956
14.8249990000001,-84.810562
14.8294430000001,-84.823624
14.83111,-84.832504
14.8305550000001,-84.8388979999999
14.808611,-84.906677
14.8047220000001,-84.913345
14.7413120000001,-84.98436
14.7261100000001,-84.9952849999999
14.669998,-85.030014
14.598236,-85.018929
14.5883329999999,-85.022507
14.5734650000001,-85.03241
14.553333,-85.061111
14.5466650000001,-85.071945
14.5441670000001,-85.07695
14.5433330000001,-85.083069
14.543888,-85.089447
14.489166,-85.1463929999999
14.4266660000001,-85.180557
14.3869440000001,-85.181122
14.3836100000001,-85.17778
14.363888,-85.162231
14.3577769999999,-85.158066
14.353054,-85.156113
14.3469430000001,-85.155289
14.337627,-85.1562959999999
14.3333320000001,-85.158615
14.324722,-85.166306
14.3180540000001,-85.174728
14.3113880000001,-85.1858369999999
14.297499,-85.210556
14.295277,-85.2155609999999
14.2955550000001,-85.2322239999999
14.298332,-85.254181
14.2958320000001,-85.276398
14.289444,-85.29834
14.2811110000001,-85.314728
14.2713870000001,-85.3297269999999
14.238609,-85.376114
14.2324980000001,-85.3802799999999
14.1791650000001,-85.4069519999999
14.1633320000001,-85.411957
14.1491660000001,-85.414734
14.1422210000001,-85.418335
14.1224990000001,-85.436951
14.045719,-85.5439609999999
14.0449980000001,-85.55307
14.04361,-85.558624
14.0405540000001,-85.5661159999999
13.9649980000001,-85.72612
13.9625,-85.7305599999999
13.957777,-85.732788
13.891666,-85.748901
13.885832,-85.749725
13.8830550000001,-85.748901
13.8797210000001,-85.74556
13.869999,-85.726959
13.8636089999999,-85.723068
13.8544430000001,-85.721954
13.836943,-85.725006
13.829235,-85.732315
13.828609,-85.736389
13.8352780000001,-85.7902829999999
13.837776,-85.79834
13.8594439999999,-85.828903
13.958887,-85.968338
13.9802760000001,-85.996124
13.9972210000001,-86.017502
14.0008320000001,-86.020844
14.007776,-86.024445
14.0175,-86.025284
14.027777,-86.021667
14.043888,-86.006668
14.0508330000001,-86.0030669999999
14.057499,-86.003342
14.063332,-86.008057
14.0658320000001,-86.015839
14.065277,-86.022232
14.057499,-86.066391
14.0544429999999,-86.073898
14.034443,-86.116394
14.0294440000001,-86.121948
14.024443,-86.123901
14.0019440000001,-86.128616
13.9924980000001,-86.133057
13.984444,-86.139175
13.7708320000001,-86.31279
13.7649990000001,-86.320847
13.760277,-86.3302919999999
13.757776,-86.3383479999999
13.748888,-86.398056
13.7494429999999,-86.404175
13.7641660000001,-86.470001
13.779165,-86.566391
13.7774980000001,-86.697784
13.7763880000001,-86.7072299999999
13.775,-86.712784
13.7697220000001,-86.725281
13.7563880000001,-86.754181
13.7516210000001,-86.763016
13.71069,-86.7642059999999
13.5677780000001,-86.750839
13.465471,-86.727051
13.4341659999999,-86.7108459999999
13.3538880000001,-86.696121
13.3055550000001,-86.693344
13.2969440000001,-86.695007
13.287222,-86.7025149999999
13.265276,-86.733063
13.2624990000001,-86.737228
13.2613890000001,-86.739731
13.2608320000001,-86.7452849999999
13.281111,-86.771393
13.286388,-86.780014
13.2988869999999,-86.813065
13.2991660000001,-86.816116
13.2966650000001,-86.827789
13.2833330000001,-86.860001
13.253887,-86.897232
13.2455540000001,-86.906403
13.24111,-86.909454
13.1950000000001,-86.91806
13.163332,-86.9133449999999
13.0827770000001,-86.924728
13.037498,-86.954727
13.0358309999999,-86.95668
12.9891660000001,-87.020279
12.987221,-87.025284
12.981388,-87.040558
12.979721,-87.046112
12.980555,-87.049179
12.984722,-87.051956
12.9936100000001,-87.051956
13.000277,-87.063614
12.9986100000001,-87.093063
12.986599,-87.301392
13.0294440000001,-87.315567
13.0897220000001,-87.3414
13.1091650000001,-87.360565
13.1950000000001,-87.442505
13.2691650000001,-87.5108339999999
13.2736110000001,-87.513062
13.279722,-87.5133359999999
13.286665,-87.51001
13.2980539999999,-87.500565
13.346109,-87.451126
13.3491650000001,-87.4472349999999
13.352221,-87.439453
13.3737510000001,-87.380005
13.3788870000001,-87.380005
13.3925,-87.380005
13.3947220000001,-87.381119
13.410831,-87.3963929999999
13.413887,-87.400284
13.4152770000001,-87.446396
13.413887,-87.452225
13.3977780000001,-87.474731
13.3925,-87.476395
13.38611,-87.47612
13.3741660000001,-87.470566
13.3658330000001,-87.468338
13.3633330000001,-87.469177
13.3591650000001,-87.4722289999999
13.3561100000001,-87.475845
13.346388,-87.531403
13.35697,-87.551926
13.371357,-87.561745
13.3825860000001,-87.589821
13.3741640000001,-87.607361
13.3804799999999,-87.614731
13.4057450000001,-87.614029
13.431008,-87.614029
13.4496060000001,-87.615433
13.461185,-87.625259
13.462939,-87.6350859999999
13.460133,-87.641052
13.4520620000001,-87.649124
13.4208330000001,-87.651222
13.3853920000001,-87.659996
13.362584,-87.681053
13.3536110000001,-87.7105559999999
13.3547210000001,-87.7336119999999
13.3561100000001,-87.742508
13.3691650000001,-87.764175
13.4053860000001,-87.8155819999999
13.4430540000001,-87.75029
13.4711090000001,-87.713348
13.4816570000001,-87.71109
13.5000000000001,-87.712509
13.5025630000001,-87.7129969999999
13.5067440000001,-87.7159579999999
13.5097060000001,-87.719803
13.52103,-87.747849
13.5217290000001,-87.7506409999999
13.519985,-87.752548
13.5100560000001,-87.75621
13.5080550000001,-87.757782
13.5069199999999,-87.760223
13.508312,-87.765793
13.5232960000001,-87.7825159999999
13.525038,-87.784256
13.5724260000001,-87.776947
13.7333320000001,-87.725006
13.8190080000001,-87.6946719999999
13.820276,-87.703064
13.8247200000001,-87.712234
13.8319440000001,-87.723068
13.8372210000001,-87.728348
13.864166,-87.75029
13.8969440000001,-87.8008419999999
13.8990880000001,-87.897507
13.895832,-87.90834
13.894999,-87.9405669999999
13.8961110000001,-87.953339
13.875046,-88.005859
13.93117,-88.040436
13.9638880000001,-88.060013
13.9905550000001,-88.1219479999999
13.9769440000001,-88.161667
13.987619,-88.196884
13.9402769999999,-88.235001
13.905283,-88.2596129999999
13.8852770000001,-88.310562
13.892221,-88.3280639999999
13.874861,-88.34523
13.867777,-88.352234
13.8808330000001,-88.37056
13.8841650000001,-88.3813929999999
13.884443,-88.393616
13.88361,-88.413071
13.874443,-88.429169
13.8658330000001,-88.434174
13.8541660000001,-88.4650119999999
13.8552760000001,-88.47084
13.8658330000001,-88.488892
13.91,-88.4983369999999
13.9216650000001,-88.500565
13.970276,-88.49501
13.9813879999999,-88.504181
13.983332,-88.509171
14.01466,-88.628006
14.014999,-88.631958
14.014086,-88.661484
14.036388,-88.6986239999999
14.041111,-88.704727
14.0469439999999,-88.708893
14.052221,-88.710556
14.0872210000001,-88.717224
14.0975,-88.72139
14.115555,-88.734177
14.1325000000001,-88.7489009999999
14.136389,-88.755569
14.138332,-88.761124
14.1377770000001,-88.7672269999999
14.1316660000001,-88.778061
14.12611,-88.78334
14.102777,-88.798065
14.0969430000001,-88.8027799999999
14.0930540000001,-88.809174
14.091944,-88.8152919999999
14.093332,-88.821671
14.0975,-88.827515
14.102221,-88.830002
14.107498,-88.831116
14.114166,-88.831116
14.1302779999999,-88.835556
14.146666,-88.843338
14.1711100000001,-88.860291
14.1824990000001,-88.8700099999999
14.1927780000001,-88.88028
14.203609,-88.897781
14.2072220000001,-88.9086149999999
14.2077770000001,-88.914734
14.2055550000001,-88.926392
14.2033329999999,-88.931122
14.1891650000001,-88.9488979999999
14.1883320000001,-88.9547269999999
14.193054,-88.960007
14.205,-88.9605559999999
14.216984,-88.9594729999999
14.221943,-88.9605559999999
14.253887,-88.977783
14.324999,-89.021957
14.330276,-89.027512
14.3347210000001,-89.037231
14.3224980000001,-89.1089019999999
14.3224980000001,-89.1152799999999
14.32361,-89.121124
14.3288880000001,-89.133621
14.354721,-89.1744539999999
14.3758320000001,-89.213348
14.4011100000001,-89.297791
14.4040910000001,-89.3155669999999
14.4074989999999,-89.327515
14.4108309999999,-89.3338929999999
14.416111,-89.339737
14.4319820000001,-89.348312
14.4669440000001,-89.3519589999999
14.4727760000001,-89.3508449999999
14.479443,-89.347229
14.580832,-89.239456
14.583332,-89.235001
14.5847210000001,-89.2294459999999
14.585833,-89.200012
14.584166,-89.1944579999999
14.684721,-89.137787
14.7150689999999,-89.131073
14.729721,-89.1508479999999
14.7344440000001,-89.156403
14.7402759999999,-89.161392
14.839167,-89.220001
14.8438870000001,-89.2222289999999
14.855555,-89.224731
14.8650000000001,-89.224731
14.878887,-89.22139
14.8913880000001,-89.209732
14.8958319999999,-89.203339
14.9076119999999,-89.185989
14.9172210000001,-89.1791689999999
14.9261090000001,-89.1744539999999
14.9358330000001,-89.170288
14.9780540000001,-89.154175
14.9813880000001,-89.154175
14.9858320000001,-89.156952
14.9938890000001,-89.1700129999999
14.996387,-89.17778
15.0005550000001,-89.180557
15.0033319999999,-89.181396
15.029999,-89.1708369999999
15.0569440000001,-89.15834
15.0734810000001,-89.150375
15.076944,-89.142792
15.1355550000001,-88.98056
15.247221,-88.8372339999999
15.2955230000001,-88.758118
15.349998,-88.668335
15.4497200000001,-88.552505
15.50462,-88.486511
15.6352770000001,-88.3277889999999
15.663283,-88.317024
15.671389,-88.3139039999999
15.7141670000001,-88.240005
15.724443,-88.214737
15.7169410000001,-88.208153
15.709999,-88.20195
15.7005540000001,-88.190292
15.6908320000001,-88.175568
15.6847210000001,-88.16362
15.681944,-88.152512
15.6816650000001,-88.138626
15.682499,-88.1322329999999
15.685276,-88.124451
15.688889,-88.117508
15.7027759999999,-88.103348
15.786388,-88.0319519999999
15.8647210000001,-87.916397
15.8877770000001,-87.8647309999999
15.898611,-87.816681
15.9005550000001,-87.8077849999999
15.9005550000001,-87.797791
15.8936100000001,-87.762787
15.894444,-87.7489009999999
15.8983330000001,-87.742508
15.9036100000001,-87.7369539999999
15.918055,-87.727234
15.919722,-87.725571
15.9219440000001,-87.72084
15.9227770000001,-87.714447
15.9224990000001,-87.704727
15.920832,-87.6991729999999
15.882776,-87.6286159999999
15.8624990000001,-87.5941769999999
15.8083320000001,-87.53334
15.803888,-87.527237
15.799721,-87.520569
15.787498,-87.486954
15.7838880000001,-87.476669
15.783054,-87.470566
15.783333,-87.463623
15.785276,-87.44751
15.787498,-87.442505
15.82,-87.384735
15.8227770000001,-87.38028
15.8361110000001,-87.3133389999999
15.827776,-87.2863919999999
15.7994440000001,-87.163345
15.758888,-86.964737
15.7563880000001,-86.938904
15.755554,-86.897507
15.7688880000001,-86.825012
15.7738880000001,-86.811951
15.784166,-86.797501
15.7883320000001,-86.727783
15.801109,-86.488342
15.779999,-86.435013
15.771467,-86.418076
15.7702770000001,-86.416397
15.7669430000001,-86.405838
15.7663880000001,-86.39917
15.7666659999999,-86.392502
15.7694440000001,-86.357788
15.8088870000001,-86.2763979999999
15.8136099999999,-86.266678
15.820833,-86.256393
15.827776,-86.248901
15.8313880000001,-86.2458339999999
15.8547210000001,-86.230835
15.85861,-86.2275089999999
15.874443,-86.201401
15.8808330000001,-86.186676
15.88361,-86.178894
15.8947220000001,-86.129181
15.8961110000001,-86.1200099999999
15.8969440000001,-86.102783
15.8949990000001,-86.044449
15.8949990000001,-86.020279
15.8969440000001,-85.9969479999999
15.899721,-85.98584
15.912222,-85.9594569999999
15.9219440000001,-85.944458
15.932777,-85.930557
15.944443,-85.9180599999999
15.952499,-85.911957
15.9591659999999,-85.90834
15.972776,-85.9044489999999
15.9783330000001,-85.903336
15.988609,-85.903336
15.9974990000001,-85.905014
15.9991660000001,-85.906952
16.000553,-85.912506
16.0016630000001,-85.931122
16.0022200000001,-85.944733
16.0022200000001,-85.95195
16.0000000000001,-85.967514
16.0000000000001,-85.974731
16.0016630000001,-85.9802859999999
16.014999,-86.012787
16.0166660000001,-86.0147249999999
16.018887,-86.0155639999999
16.0216640000001,-86.0150149999999
16.0238880000001,-86.013336
16.025276,-86.0113979999999
16.025833,-86.008621
16.025833,-86.0014039999999
16.019997,-85.923889
16.010555,-85.841949
---
16.069443,-86.954178
16.0713880000001,-86.9655609999999
16.079166,-86.9825129999999
16.082775,-86.989182
16.0847210000001,-86.9908449999999
16.087219,-86.991669
16.0924990000001,-86.9908449999999
16.0994420000001,-86.984451
16.10083,-86.9822239999999
16.1177749999999,-86.923889
16.121666,-86.876114
16.119442,-86.871674
16.117222,-86.870285
16.1141660000001,-86.871124
16.090553,-86.88028
16.0880550000001,-86.881668
16.0866660000001,-86.883621
---
16.270275,-86.6266779999999
16.2713850000001,-86.632507
16.2755550000001,-86.635284
16.293053,-86.634445
16.310555,-86.621948
16.328331,-86.608063
16.3377760000001,-86.5963899999999
16.3422200000001,-86.58667
16.4055520000001,-86.447235
16.4066660000001,-86.444733
16.4216650000001,-86.4102779999999
16.4238849999999,-86.401947
16.4352760000001,-86.340286
16.4363860000001,-86.3341669999999
16.4319420000001,-86.3033449999999
16.423332,-86.2633359999999
16.4161110000001,-86.2794489999999
16.413055,-86.315292
16.400555,-86.371124
16.399166,-86.376953
16.3099980000001,-86.574722
16.2977750000001,-86.5977779999999
16.296108,-86.599731
---
16.408333,-85.950562
16.4086070000001,-85.953903
16.4133300000001,-85.9552919999999
16.441666,-85.941116
16.445831,-85.9383389999999
16.4947200000001,-85.9002839999999
16.504719,-85.8805689999999
16.506664,-85.86528
16.503609,-85.841125
16.498886,-85.8355559999999
16.4927749999999,-85.834732
16.487778,-85.836395
16.4841650000001,-85.839737
16.45583,-85.871124
16.409721,-85.944733
---
17.4052770000001,-83.952515
17.4086070000001,-83.956116
17.414165,-83.9588929999999
17.417774,-83.955292
17.416943,-83.948624
17.414165,-83.944458
17.4086070000001,-83.9430689999999
17.4052770000001,-83.946671
---
17.408333,-83.916397
17.409164,-83.922791
17.4127770000001,-83.926392
17.416664,-83.926392
17.420277,-83.922791
17.4186100000001,-83.910004
17.4138869999999,-83.9077909999999
17.409721,-83.910568
---
