22.2008290000001,114.241364
22.2177730000001,114.207489
22.2555540000001,114.137207
22.265553,114.125809
22.269718,114.123306
22.275276,114.122208
22.279999,114.124977
22.2830539999999,114.12886
22.284721,114.13443
22.2863850000001,114.146378
22.291664,114.194427
22.290554,114.201103
22.2847669999999,114.206703
22.2691650000001,114.23082
22.266109,114.234993
22.2544439999999,114.244141
22.2500000000001,114.246643
22.2449950000001,114.248322
22.207771,114.248871
22.203327,114.246094
---
22.1936070000001,113.843048
22.198067,113.833527
22.2027740000001,113.830833
22.219994,113.822769
22.232216,113.825272
22.244438,113.834991
22.2513890000001,113.842484
22.2813870000001,113.883041
22.2838860000001,113.887772
22.2880519999999,113.897774
22.3402750000001,114.043587
22.3399960000001,114.04776
22.3358310000001,114.050262
22.32888,114.049698
22.3069420000001,114.026657
22.266388,113.99498
22.261665,113.992477
22.2363820000001,113.992203
22.2180520000001,113.964996
22.1969410000001,113.909416
22.1958270000001,113.896652
---
22.339718,114.309982
22.3402750000001,114.304153
22.3422200000001,114.298599
22.3458290000001,114.295258
22.351387,114.294144
22.3619419999999,114.294434
22.368053,114.296097
22.361824,114.310928
22.3599970000001,114.313873
22.3549960000001,114.315536
22.348885,114.315536
22.342773,114.314148
---
22.430828,114.239433
22.474163,114.308594
22.475552,114.313873
22.474438,114.318878
22.433331,114.386932
22.429718,114.389977
22.4233280000001,114.390266
22.374996,114.38443
22.369717,114.382202
22.3658290000001,114.37886
22.377037,114.329697
22.381836,114.29261
22.3595890000001,114.262077
22.3242529999999,114.274292
22.285427,114.306572
22.260561,114.296104
22.3180540000001,114.198029
22.35194,114.025543
22.3544429999999,113.932213
22.3624950000001,113.909988
22.3699950000001,113.902481
22.3744389999999,113.899986
22.4022179999999,113.895264
22.40694,113.896652
22.4099959999999,113.900543
22.4463840000001,113.949417
22.508739,114.033691
22.5091381491746,114.033330400444
22.5505482468971,114.222595782982
22.5500410000001,114.222267
22.474438,114.219437
---
