31.786388,35.25444
31.7880550000001,35.2516630000001
31.8038860000001,35.2436070000001
31.808052,35.246384
31.8088870000001,35.248886
31.808052,35.2563860000001
31.803608,35.263611
31.7897190000001,35.262497
31.7872200000001,35.2597200000001
---
33.244164,35.6266630000001
33.244164,35.62944
33.246605,35.633583
33.250549,35.6402740000001
33.2555540000001,35.6513820000001
33.252777,35.66777
33.251717,35.669617
33.2511060000001,35.676384
33.2491610000001,35.681938
33.2388840000001,35.683052
33.212173,35.669022
33.2052760000001,35.6669390000001
33.124992,35.6524960000001
33.0912090000001,35.650024
33.050552,35.6424940000001
33.0000000000001,35.6349950000001
32.9405520000001,35.6341630000001
32.930832,35.6333310000001
32.909996,35.62722
32.9016650000001,35.621941
32.8949049999999,35.6144640000001
32.8913880000001,35.6186070000001
32.8674930000001,35.6391600000001
32.8605500000001,35.64222
32.8497160000001,35.6424940000001
32.8153149999999,35.639206
32.8074950000001,35.656662
32.8033290000001,35.662216
32.796661,35.6649930000001
32.7813870000001,35.667496
32.761993,35.6654820000001
32.7274930000001,35.651939
32.7027739999999,35.64666
32.6852720000001,35.648888
32.6872180000001,35.6319350000001
32.686096,35.6277620000001
32.680275,35.6158290000001
32.6761320000001,35.6097640000001
32.645828,35.5719380000001
32.404999,35.5469440000001
32.394196,35.552567
32.412773,35.48111
32.4833300000001,35.425278
32.488052,35.422493
32.5008320000001,35.4122160000001
32.5075000000001,35.40416
32.5222170000001,35.3580549999999
32.523888,35.3497160000001
32.523888,35.347221
32.517776,35.3227769999999
32.516106,35.311943
32.5155490000001,35.295555
32.516937,35.282494
32.5197220000001,35.2688830000001
32.523605,35.258049
32.5463870000001,35.2080540000001
32.5274960000001,35.1794430000001
32.4808269999999,35.0927730000001
32.4705510000001,35.0799940000001
32.467216,35.077217
32.44722,35.066383
32.4252780000001,35.0566640000001
32.3944400000001,35.047218
32.3833310000001,35.0458300000001
32.3713840000001,35.0483320000001
32.363609,35.047218
32.2408290000001,35.026939
32.2377780000001,35.0241619999999
32.1530529999999,34.979164
32.1325000000001,34.985832
32.054161,35.0061040000001
32.0280530000001,35.0074999999999
31.9853170000001,35.000862
31.9688870000001,34.9874950000001
31.8613849999999,34.96611
31.8305510000001,34.965557
31.8247180000001,34.9711070000001
31.821941,34.979164
31.8202739999999,35.01416
31.82222,35.0358280000001
31.8330730000001,35.1082840000001
31.813053,35.1530530000001
31.75,35.2097170000001
31.745831,35.1669390000001
31.7438890000001,35.1588820000001
31.7083320000001,35.097496
31.646942,35.001663
31.633331,34.9855499999999
31.6033550000001,34.9613650000001
31.5947190000001,34.9536059999999
31.5897220000001,34.9508290000001
31.5813870000001,34.9483260000001
31.559166,34.9458310000001
31.5188870000001,34.9502719999999
31.503609,34.9477770000001
31.4955520000001,34.945
31.4899980000001,34.9424970000001
31.481667,34.9372180000001
31.443886,34.9105530000001
31.4202770000001,34.891937
31.40472,34.884438
31.3913880000001,34.8849950000001
31.3825000000001,34.887772
31.377499,34.8905490000001
31.370831,34.896111
31.3636090000001,34.90416
31.3574980000001,34.9122160000001
31.352219,34.922775
31.3499980000001,34.933609
31.3502770000001,34.946938
31.3619420000001,35.1386110000001
31.374996,35.211105
31.378609,35.2297210000001
31.384163,35.240555
31.40361,35.259163
31.4811100000001,35.373329
31.487221,35.3838880000001
31.4921190000001,35.39608
31.494999,35.405273
31.499443,35.443054
31.499443,35.45916
31.497322,35.4781950000001
31.449165,35.4786070000001
31.4277760000001,35.476387
31.411942,35.4738849999999
31.4008330000001,35.4711070000001
31.351387,35.4524990000001
31.225277,35.411385
31.200275,35.432777
31.170555,35.4541630000001
31.158333,35.4594420000001
31.1494410000001,35.462219
31.121109,35.462219
31.09972,35.4549940000001
30.9558180000001,35.4022140000001
30.9472160000001,35.396378
30.942017,35.3909760000001
30.928661,35.3681340000001
30.9241640000001,35.3611070000001
30.918053,35.354721
30.886944,35.337776
30.791111,35.299995
30.759163,35.292496
30.6819420000001,35.255554
30.621944,35.2197190000001
30.5947190000001,35.206108
30.4441640000001,35.1586070000001
30.4152790000001,35.15609
30.319443,35.1613850000001
30.1516650000001,35.1669390000001
30.1263890000001,35.164719
30.118889,35.1622160000001
30.1094440000001,35.156944
30.094166,35.143883
30.077499,35.125275
30.0624960000001,35.1122210000001
30.05611,35.106941
30.0516660000001,35.1044390000001
30.0438880000001,35.101662
29.9536090000001,35.0730510000001
29.9208300000001,35.0722200000001
29.898052,35.0722200000001
29.8852770000001,35.0733260000001
29.8766630000001,35.076111
29.8588870000001,35.0755540000001
29.6408309999999,35.007217
29.577015,34.974625
29.5700000000001,34.977493
29.5457530000001,34.9799800000001
29.5491640000001,34.9658280000001
29.55146,34.9625629999999
29.523331,34.9380490000001
29.4867060000001,34.903801
29.532497,34.8777770000001
29.598888,34.8624950000001
29.6144410000001,34.870277
29.6233330000001,34.8733290000001
29.6383319999999,34.8744430000001
29.6455540000001,34.873886
29.656109,34.871666
29.7408330000001,34.847771
29.9911080000001,34.7536089999999
30.089344,34.7233430000001
30.3649980000001,34.614441
30.406944,34.5452730000001
30.4347190000001,34.543327
30.486111,34.558884
30.6911090000001,34.4894410000001
30.8594440000001,34.401382
31.1627770000001,34.287498
31.216541,34.2675780000001
31.25972,34.33416
31.2911110000001,34.3677750000001
31.2947200000001,34.370552
31.299721,34.3730550000001
31.314442,34.3736040000001
31.347775,34.3649980000001
31.3608320000001,34.3641660000001
31.3947220000001,34.388885
31.4711070000001,34.4786070000001
31.498608,34.5133290000001
31.514721,34.539993
31.5330540000001,34.558609
31.5469440000001,34.5591660000001
31.5960960000001,34.490547
31.6033330000001,34.495277
31.6263890000001,34.511108
31.6838870000001,34.553886
31.7269439999999,34.5861050000001
31.8749960000001,34.6699980000001
31.9402770000001,34.70472
31.954998,34.7119370000001
32.0008320000001,34.729996
32.006386,34.7316670000001
32.0144420000001,34.7327730000001
32.125549,34.778885
32.1780550000001,34.7977750000001
32.192368,34.8028030000001
32.290833,34.8341600000001
32.407494,34.868332
32.4144440000001,34.8711090000001
32.4249950000001,34.873886
32.510277,34.8955539999999
32.713333,34.9391630000001
32.758049,34.9455490000001
32.7761080000001,34.9455490000001
32.808609,34.946938
32.8238830000001,34.950554
32.828049,34.953888
32.8330540000001,34.9613880000001
32.839165,34.980827
32.839165,34.9833300000001
32.8363880000001,34.988052
32.82444,35.003883
32.815552,35.0127720000001
32.815277,35.0172200000001
32.82222,35.0324940000001
32.824165,35.0358280000001
32.84333,35.0563890000001
32.8549960000001,35.06694
32.863327,35.0708310000001
32.882217,35.0755540000001
32.892578,35.0776750000001
32.946938,35.0724950000001
32.9619370000001,35.071663
32.9869380000001,35.0788880000001
33.0180510000001,35.0880510000001
33.0688860000001,35.1019440000001
33.0774990000001,35.1030500000001
33.088333,35.102776
33.0936050000001,35.1008299999999
33.095551,35.109444
33.09861,35.2649990000001
33.0880510000001,35.321938
33.063049,35.349159
33.061943,35.354721
33.061943,35.3763890000001
33.062218,35.379166
33.067772,35.4227750000001
33.0688860000001,35.4283290000001
33.094162,35.504715
33.1019439999999,35.505829
33.1149900000001,35.505829
33.1236040000001,35.522217
33.1255489999999,35.5249940000001
33.1288829999999,35.527771
33.1888890000001,35.543053
33.204163,35.5424960000001
33.270271,35.585548
33.2457280000001,35.623634
---
