-11.4666649999999,-151.787781
-11.464445,-151.796661
-11.462221,-151.800018
-11.449722,-151.808044
-11.445278,-151.809723
-11.430555,-151.814453
-11.408611,-151.818604
-11.4025,-151.818909
-11.396389,-151.817505
-11.392502,-151.814453
-11.391668,-151.808624
-11.393614,-151.803894
-11.397223,-151.800018
-11.422777,-151.785553
-11.436666,-151.778656
-11.4466689999999,-151.77533
-11.45278,-151.77533
-11.459444,-151.776428
-11.4633329999999,-151.779724
-11.466391,-151.78363
---
-10.107224,-152.396393
-10.101391,-152.4039
-10.097221,-152.406708
-10.093889,-152.403107
-10.095835,-152.395599
-10.099169,-152.392242
-10.1052779999999,-152.391418
---
-9.95472299999994,-150.228882
-9.95083399999999,-150.231384
-9.94527999999997,-150.233063
-9.93861399999997,-150.233063
-9.929169,-150.228882
-9.92583299999995,-150.225281
-9.92389100000003,-150.220551
-9.92972200000003,-150.21582
-9.94527999999997,-150.219177
-9.95416599999999,-150.224152
---
-9.91639099999998,-150.231384
-9.91166899999996,-150.233612
-9.895557,-150.230835
-9.89083499999992,-150.228882
-9.89194700000002,-150.223358
-9.89611200000002,-150.220551
-9.90139199999999,-150.219177
-9.90750099999997,-150.220001
-9.91583399999996,-150.225281
---
-5.64194599999996,-155.889771
-5.64139,-155.902802
-5.63805600000001,-155.913086
-5.63111099999992,-155.920013
-5.61889000000002,-155.92807
-5.61555700000002,-155.92337
-5.61416699999995,-155.904175
-5.61333399999995,-155.870544
-5.61666599999995,-155.86026
-5.61944499999993,-155.85614
-5.62361099999993,-155.853333
-5.62972200000002,-155.854187
-5.63999999999999,-155.878052
---
-4.53499999999997,-172.197266
-4.53444500000001,-172.203369
-4.53166799999997,-172.214172
-4.52888899999999,-172.219177
-4.51944500000002,-172.229431
-4.51527900000002,-172.231934
-4.50972299999995,-172.233337
-4.50444599999997,-172.231384
-4.500834,-172.228638
-4.49611099999998,-172.219757
-4.493334,-172.208893
-4.49194399999999,-172.196381
-4.51388899999995,-172.169769
-4.52833499999997,-172.18335
-4.53166799999997,-172.1875
---
-4.46333499999997,-171.243347
-4.46277899999996,-171.24942
-4.45861199999996,-171.258911
-4.45583299999998,-171.263062
-4.45166699999999,-171.265869
-4.44638800000001,-171.264496
-4.43611099999993,-171.247223
-4.43611099999993,-171.24057
-4.43805500000002,-171.235535
-4.45249999999999,-171.226654
-4.45861199999996,-171.227509
-4.46138999999999,-171.231689
---
-4.10250100000002,-154.95639
-4.06694599999992,-155.008667
-4.060834,-155.016113
-4.05444399999993,-155.016663
-4.05166699999995,-155.013947
-4.04833399999995,-155.006439
-4.03194500000001,-154.962494
-4.03055599999999,-154.950317
-4.03138899999999,-154.944153
-4.03416600000003,-154.940002
-4.039445,-154.938629
-4.04555499999998,-154.939209
---
-3.14444500000002,-171.082214
-3.14305499999995,-171.087799
-3.13750099999993,-171.089722
-3.13194499999997,-171.090576
-3.11833300000001,-171.090576
-3.11222299999991,-171.089722
-3.10888899999992,-171.086426
-3.11027799999994,-171.080841
-3.12472199999996,-171.078064
-3.13611200000003,-171.07666
-3.14166699999993,-171.078064
---
-2.84333299999992,-171.625
-2.86722199999997,-171.621399
-2.86944499999993,-171.626373
-2.86666599999995,-171.631104
-2.84750000000003,-171.649445
-2.83981599999998,-171.66098
-2.83636799999999,-171.66806
-2.83326499999993,-171.68103
-2.83361099999996,-171.672791
-2.78444499999995,-171.72641
-2.77833399999997,-171.726959
-2.77277800000002,-171.725586
-2.76861100000002,-171.722809
-2.76583399999993,-171.718872
-2.76388900000001,-171.709991
-2.76666599999993,-171.698334
-2.76861100000002,-171.694153
-2.79611099999994,-171.653107
-2.80972200000002,-171.639191
-2.81805600000001,-171.633087
-2.83249999999998,-171.627808
---
-2.67083399999996,176.842743
-2.66888899999998,176.838013
-2.66250000000002,176.830536
-2.65499999999992,176.824402
-2.64833399999992,176.81665
-2.64472199999994,176.814148
-2.628333,176.796356
-2.62555600000002,176.792206
-2.620833,176.776367
-2.61194499999993,176.771637
-2.60777799999994,176.774139
-2.60722299999992,176.780548
-2.60777799999994,176.790802
-2.61055599999992,176.801636
-2.61611099999993,176.809967
-2.62,176.812744
-2.62222200000002,176.817474
-2.62777799999998,176.825806
-2.63388899999995,176.833313
-2.64472199999994,176.842743
-2.65361100000001,176.847473
-2.66472199999998,176.85025
-2.669445,176.848297
---
-2.50999999999999,175.969696
-2.50916699999999,175.963593
-2.50583399999999,175.960236
-2.49499999999995,175.957458
-2.48444499999994,175.960785
-2.481111,175.964417
-2.48333299999996,175.969116
-2.48666699999995,175.971069
-2.49888900000002,175.972473
-2.505,175.971893
---
-1.92250000000001,175.581909
-1.828056,175.548309
-1.82166699999999,175.54776
-1.82305600000001,175.55304
-1.86972199999997,175.586639
-1.88333299999994,175.592743
-1.88888900000001,175.594421
-1.89499999999993,175.594971
-1.90611100000001,175.592194
-1.91972199999998,175.58609
---
-1.80944399999993,175.527771
-1.77944400000001,175.496338
-1.77583299999992,175.492737
-1.76972199999994,175.493561
-1.76833299999993,175.49884
-1.76916699999992,175.508026
-1.77777800000001,175.519714
-1.78138899999999,175.523041
-1.789444,175.528595
-1.79972199999997,175.531921
-1.80611099999993,175.531372
---
-1.55444499999999,175.030273
-1.55388900000003,175.017212
-1.55194399999999,175.012482
-1.54500000000002,175.005554
-1.54027799999994,175.003601
-1.52861099999996,175.001648
-1.51777800000002,175.004974
-1.44027799999992,175.03775
-1.43527799999993,175.039978
-1.43472200000002,175.046082
-1.43611099999993,175.051636
-1.43888900000002,175.056915
-1.45749999999998,175.06665
-1.46749999999992,175.069427
-1.47444400000001,175.069427
-1.52027800000002,175.060516
-1.52999999999997,175.056366
-1.55250000000001,175.041931
---
-1.41083299999997,174.86911
-1.40861100000001,174.857452
-1.40527800000001,174.853577
-1.39916699999992,174.853577
-1.39694500000002,174.856903
-1.39777800000002,174.863861
-1.40333299999992,174.871887
-1.40805599999999,174.873291
---
-1.43888900000002,176.46109
-1.43805600000002,176.454956
-1.43527799999993,176.450806
-1.43138900000002,176.447479
-1.42305499999998,176.442474
-1.32999999999998,176.391937
-1.32444500000003,176.390533
-1.32249999999999,176.395264
-1.32777800000002,176.403595
-1.33333299999998,176.409149
-1.34833300000003,176.421356
-1.35666700000002,176.42691
-1.40527800000001,176.453583
-1.41888899999998,176.46051
-1.43000000000001,176.463867
-1.43527799999993,176.464691
---
-1.289444,175.97467
-1.36555599999997,176.021912
-1.375833,176.025269
-1.38666699999993,176.022491
-1.38944400000003,176.018311
-1.36833300000001,176.014984
-1.36277799999999,176.013611
-1.34444499999995,176.0047
-1.28750000000002,175.958862
-1.28527800000001,175.954132
-1.28611100000001,175.947754
-1.29222199999998,175.940247
-1.29638899999998,175.943024
-1.30194399999999,175.944427
-1.30388899999997,175.939697
-1.30249999999995,175.934143
-1.29777799999999,175.93219
-1.29222199999998,175.933319
-1.28416700000002,175.938873
-1.28055599999993,175.942474
-1.27916699999992,175.947754
-1.27916699999992,175.954681
---
-1.26611099999997,174.767212
-1.26555599999995,174.761108
-1.26277799999997,174.756927
-1.25055600000002,174.748566
-1.24083300000001,174.744415
-1.15861099999995,174.721344
-1.145555,174.717743
-1.13999999999999,174.71637
-1.13805600000001,174.721344
-1.13944399999997,174.726624
-1.14277799999996,174.730255
-1.15388899999994,174.738281
-1.207222,174.767212
-1.255833,174.767761
---
-0.819443999999919,174.478577
-0.809166999999945,174.490234
-0.80583299999995,174.493835
-0.801110999999992,174.495789
-0.788055999999926,174.495239
-0.763889000000006,174.484955
-0.750277999999923,174.478027
-0.697499999999934,174.464966
-0.653610999999955,174.458008
-0.659167000000025,174.46637
-0.662500000000023,174.469696
-0.672777999999994,174.473022
-0.770277999999962,174.495789
-0.799721999999974,174.5
-0.809999999999945,174.496338
-0.816666999999939,174.489685
---
-0.652221999999995,174.452454
-0.61666699999995,174.399139
-0.610555999999974,174.391663
-0.597500000000025,174.377167
-0.593332999999916,174.386932
-0.594721999999933,174.392487
-0.638611000000026,174.458008
-0.641945000000021,174.461639
-0.64833299999998,174.462189
-0.651666999999975,174.458862
---
0.130278000000089,173.61441
0.13166700000005,173.608307
0.139166999999929,173.602753
0.144722000000058,173.601624
0.212500000000034,173.604126
0.215832999999975,173.625519
0.216667000000029,173.631622
0.213056000000051,173.634979
0.196111000000087,173.637207
0.190556000000015,173.637207
0.189166999999998,173.637207
0.182742999999959,173.637039
0.176943999999935,173.636383
0.165833000000077,173.633881
0.155556000000104,173.630249
0.141944000000024,173.623566
0.133610999999974,173.618011
---
0.200278000000083,173.399414
0.22750000000002,173.400818
0.233055999999976,173.402191
0.229722000000038,173.412476
0.226944000000003,173.416382
0.220000000000141,173.423309
0.215278000000069,173.425537
0.209166999999979,173.424683
0.203610999999967,173.409698
---
0.244167000000061,173.378845
0.246110999999985,173.374115
0.25027799999998,173.371338
0.256943999999976,173.371338
0.262500000000102,173.372742
0.26611100000008,173.376617
0.26472200000012,173.382172
0.259167000000048,173.383026
0.244167000000061,173.384979
---
0.294722000000036,173.928314
0.296111000000053,173.923035
0.302221999999915,173.923584
0.318055999999956,173.935242
0.32083300000005,173.939423
0.316666999999995,173.9422
0.310555000000022,173.939972
0.29805499999992,173.931915
---
0.402222000000052,173.9086
0.392222000000061,173.919434
0.388611000000083,173.922211
0.383889000000011,173.924133
0.379722000000015,173.921631
0.39833299999998,173.898315
0.411389000000042,173.870239
0.428333000000066,173.832458
0.428333000000066,173.809143
0.431111000000101,173.804962
0.436667000000057,173.806366
0.441389000000129,173.808594
0.448333000000048,173.815247
0.450278000000026,173.820251
0.449722000000008,173.826355
0.448333000000048,173.830536
---
0.962221999999997,173.079956
0.958055000000002,173.084137
0.951944000000083,173.084137
0.904722000000049,173.056091
0.892222000000004,173.04776
0.82638900000012,172.990234
0.823054999999954,172.986908
0.821667000000048,172.981354
0.824999999999932,172.98468
0.901944000000071,173.045807
0.910000000000139,173.050537
0.943611000000033,173.065521
0.954722000000118,173.066925
0.96083299999998,173.066376
0.964999999999975,173.063599
0.986667000000011,173.037476
1.00000000000006,173.016388
1.00000000000006,173.00943
0.989444000000105,173.006104
0.987500000000011,173.001099
1.01500000000004,172.987457
1.02111100000013,172.988861
1.02027800000013,172.994415
1.01833299999993,172.999115
1.00944400000009,173.017761
1.00666699999999,173.021912
---
1.33555500000011,172.933319
1.33694400000007,172.924408
1.33888900000011,172.919708
1.34250000000009,172.916382
1.34638899999999,172.914154
1.35055500000004,172.917755
1.35194400000006,172.922485
1.35138899999998,172.928589
1.34583299999997,172.943573
1.34250000000009,172.947205
1.33833300000009,172.944427
1.33611100000007,172.939697
---
1.34499999999997,173.113007
1.35138899999998,173.098572
1.373333,173.11911
1.37055500000002,173.12384
1.36638900000014,173.126068
1.36166600000013,173.128021
1.35472200000004,173.128021
1.34916600000008,173.126617
---
1.40527700000001,173.060242
1.40750000000008,173.055237
1.41500000000002,173.04303
1.417778,173.039703
1.42194400000005,173.036926
1.43277700000004,173.034149
1.43888900000002,173.0336
1.44444399999992,173.034698
1.41833300000008,173.056641
1.41027800000012,173.062195
---
1.46500000000009,173.016388
1.46777699999996,173.012207
1.47194399999995,173.008881
1.50055599999996,172.997192
1.49527699999999,173.001099
1.47250000000014,173.012756
---
1.52611100000001,172.978577
1.52805500000011,172.973846
1.53361100000006,172.968292
1.53777800000006,172.965515
1.55333300000012,172.960785
1.61916599999995,172.955231
1.59666700000002,172.966919
1.53500000000008,172.980804
1.52944400000007,172.981903
---
1.83833299999998,172.878571
1.83972199999999,172.873016
1.84388899999999,172.856628
1.85555499999998,172.836639
1.85888899999992,172.832733
1.86361100000005,172.834137
1.86444400000005,172.84024
1.86305500000003,172.852448
1.86166600000001,172.858002
1.84861100000006,172.87912
1.84249999999997,172.887482
1.83833299999998,172.884705
---
1.70472200000012,173.00943
1.7197220000001,173.023315
1.72722199999998,173.029419
1.75555500000002,173.035522
1.76777800000008,173.034149
1.81083299999995,173.026642
1.81638900000013,173.025269
1.81999999999994,173.021912
1.82611100000003,173.013611
1.85611099999994,172.981903
1.92666600000007,172.929962
1.93138900000002,172.92804
1.93611099999993,172.929962
1.90611100000001,172.961365
1.88833300000005,172.978577
1.82527800000003,173.024414
1.82111100000003,173.027191
1.80972200000008,173.029419
1.77111099999996,173.036102
1.75194400000004,173.037476
1.7247220000001,173.030823
1.7197220000001,173.028595
1.71166600000004,173.022491
1.70888900000011,173.019135
1.70611100000013,173.014984
---
1.92944400000005,172.886108
1.93277699999993,172.882721
1.93972200000013,172.882721
1.94388900000013,172.885529
1.94250000000011,172.890808
1.93972200000013,172.894989
1.93361100000004,172.895813
1.93000000000006,172.891663
---
1.93750000000011,173.317749
1.93833300000011,173.311646
1.941666,173.308319
1.94805500000001,173.307465
1.958055,173.311096
1.96583299999998,173.349396
1.962222,173.352173
1.95611100000008,173.351349
1.95055500000007,173.349976
1.94722200000001,173.346619
1.94027799999992,173.328857
---
1.96972200000005,173.316376
1.97388900000004,173.313599
1.99638799999997,173.3172
2.01222200000001,173.321899
2.01583300000004,173.325256
2.01694400000014,173.330811
2.01444400000003,173.334961
2.00944400000003,173.337738
1.98888899999997,173.343842
1.982777,173.343018
---
1.97194400000006,-157.35083
1.93166600000006,-157.336426
1.92833299999995,-157.339722
1.91861100000006,-157.343872
1.9130550000001,-157.345306
1.88833300000005,-157.348053
1.86916600000012,-157.349457
1.85638900000004,-157.348602
1.84527700000007,-157.345856
1.84111100000001,-157.343079
1.83833299999998,-157.339172
1.83305500000012,-157.330841
1.82333300000005,-157.31308
1.80138899999997,-157.25946
1.77000000000004,-157.199188
1.76444400000008,-157.191101
1.754166,-157.180878
1.74527699999993,-157.175842
1.73499999999996,-157.172546
1.72805499999998,-157.172546
1.72277700000006,-157.17392
1.71444400000001,-157.179443
1.713055,-157.185028
1.70500000000004,-157.235016
1.754166,-157.328064
1.7897220000001,-157.436401
1.85277699999995,-157.563904
1.85888800000004,-157.571381
1.86722200000003,-157.576935
1.8719440000001,-157.578918
1.88305499999996,-157.581696
1.89611100000002,-157.582214
1.89999999999992,-157.579712
1.92333299999996,-157.548096
1.93444400000004,-157.531708
1.93583300000006,-157.526123
1.93583300000006,-157.520599
1.93305500000002,-157.516663
1.92749999999995,-157.51532
1.92138799999998,-157.515869
1.91722200000009,-157.518646
1.90750000000003,-157.52948
1.90555499999999,-157.534454
1.90277700000001,-157.538605
1.89611100000002,-157.545319
1.89111100000002,-157.547546
1.88583299999999,-157.54892
1.87888800000002,-157.54892
1.8719440000001,-157.543884
1.86916600000012,-157.540039
1.84527700000007,-157.483063
1.84194400000001,-157.472809
1.8316660000001,-157.429443
1.90499900000003,-157.370026
1.92416599999996,-157.354736
1.93305500000002,-157.350006
1.93833300000011,-157.350006
1.94333300000011,-157.351959
1.94861100000003,-157.36026
1.98500000000007,-157.439209
2.00138799999996,-157.483063
1.9952770000001,-157.49057
1.99583300000006,-157.496643
1.99804699999993,-157.5
1.99860999999999,-157.500854
2.01166600000005,-157.508362
2.01638800000012,-157.510284
2.02666599999998,-157.506989
2.03083299999997,-157.504181
2.03305400000011,-157.492493
2.03305400000011,-157.48584
2.02555500000011,-157.441101
2.02138800000012,-157.431671
---
3.05277699999999,172.875244
3.05638800000003,172.851074
3.05499900000001,172.838867
3.05222200000009,172.827759
3.04666700000001,172.818848
3.017222,172.787476
3.01388900000012,172.784149
3.00222200000002,172.774994
3.00277800000003,172.768311
3.00555500000013,172.764984
3.02416600000009,172.749115
3.02944399999996,172.747742
3.06305500000008,172.828583
3.06388899999996,172.834137
3.06444400000009,172.870239
---
3.24388800000003,172.96637
3.28138799999999,172.957458
3.28611100000001,172.959412
3.28972199999998,172.962738
3.29638900000003,172.976624
3.29361100000006,172.980804
3.27444400000013,172.976624
3.2486100000001,172.968292
---
3.86833300000006,-159.283081
3.86499999999995,-159.279724
3.82722200000006,-159.248871
3.82194399999997,-159.247528
3.81500000000011,-159.247528
3.8094440000001,-159.248871
3.80194400000005,-159.255005
3.78972200000004,-159.271698
3.78777700000006,-159.276428
3.78361000000007,-159.292816
3.78222199999999,-159.304993
3.78644400000007,-159.310944
3.78727700000007,-159.318298
3.78894400000002,-159.324951
3.79011000000003,-159.327789
3.79177700000008,-159.330292
3.79577699999993,-159.334442
3.80411000000004,-159.338455
3.80727700000006,-159.338455
3.81061100000005,-159.333618
3.8094440000001,-159.326599
3.80811000000006,-159.323639
3.80244400000004,-159.317139
3.80333200000013,-159.313904
3.80138800000003,-159.309174
3.80055500000003,-159.296112
3.80555500000003,-159.287231
3.80888800000014,-159.283936
3.819166,-159.280609
3.83138799999995,-159.279175
3.83611100000013,-159.281158
3.84361100000001,-159.287231
3.900555,-159.347504
3.90527700000007,-159.356384
3.90666600000009,-159.361969
3.90722200000005,-159.368042
3.90666600000009,-159.374176
3.90444299999996,-159.37915
3.89277700000002,-159.388062
3.8866660000001,-159.388611
3.88055500000002,-159.388062
3.86972100000014,-159.385284
3.86194400000005,-159.385223
3.85261000000014,-159.37822
3.84927700000003,-159.377396
3.84811000000013,-159.380371
3.84811000000013,-159.383545
3.84977700000002,-159.386047
3.86000000000001,-159.401672
3.86416600000007,-159.40448
3.87861000000004,-159.410553
3.88472200000001,-159.411438
3.89083199999999,-159.410553
3.895555,-159.40863
3.91222099999999,-159.397522
3.91888899999992,-159.390869
3.92444399999999,-159.382507
3.92722200000003,-159.371643
3.92777700000011,-159.358612
3.92583200000013,-159.346954
3.92083300000002,-159.340027
---
4.68499800000001,-160.400879
4.69166500000011,-160.41449
4.69527600000009,-160.41806
4.6999990000001,-160.420013
4.70610900000008,-160.420563
4.71221999999995,-160.420013
4.71694300000013,-160.41806
4.72055399999994,-160.41449
4.72527600000001,-160.405609
4.72583200000003,-160.392548
4.72444200000012,-160.387268
4.71833199999998,-160.37973
4.71221999999995,-160.378906
4.69916400000011,-160.380859
4.69444200000004,-160.383087
4.6877770000001,-160.390015
4.68555400000002,-160.394745
---
