39.4955439999999,124.839981
39.4961010000001,124.83194
39.501663,124.831673
39.5499950000001,124.849716
39.5961000000001,124.881927
39.6055530000001,124.88916
39.6088870000001,124.893883
39.61277,124.905823
39.613884,124.912491
39.6113820000001,124.928589
39.60833,124.934143
39.603325,124.935532
39.5574950000001,124.923599
39.552216,124.921921
39.534721,124.906372
39.513611,124.877762
39.5074999999999,124.868042
39.501938,124.857208
39.497215,124.8461
---
42.3861080000001,130.654694
42.376656,130.659149
42.371933,130.661102
42.366386,130.661102
42.339989,130.652771
42.3288800000001,130.650818
42.3233260000001,130.650543
42.313881,130.654968
42.306381,130.663879
42.292206,130.697418
42.283882,130.688873
42.277214,130.678589
42.2747120000001,130.673035
42.253609,130.604675
42.253609,130.596924
42.2575000000001,130.592468
42.263611,130.593842
42.276939,130.598572
42.282768,130.598572
42.292221,130.594116
42.3005450000001,130.587463
42.3041610000001,130.583038
42.306656,130.578033
42.3088839999999,130.570251
42.323883,130.500275
42.324997,130.476349
42.3241650000001,130.469421
42.3119350000001,130.420807
42.1677700000001,130.208313
42.069717,130.087738
41.9820330000001,129.986359
41.9778590000001,129.981903
41.883873,129.949707
41.761108,129.855225
41.756943,129.8508
41.75444,129.845245
41.75444,129.837738
41.7605510000001,129.813019
41.7613830000001,129.804688
41.7572170000001,129.784973
41.754715,129.779419
41.730545,129.760529
41.6486050000001,129.699402
41.642769,129.69635
41.6311040000001,129.690521
41.6202700000001,129.68692
41.5497210000001,129.664154
41.5311050000001,129.660522
41.525269,129.660522
41.4822080000001,129.666077
41.476936,129.667206
41.4627690000001,129.673859
41.45388,129.679413
41.441376,129.689423
41.430275,129.703033
41.421661,129.721893
41.407211,129.753326
41.380272,129.800262
41.3769380000001,129.805817
41.3722150000001,129.808014
41.3288800000001,129.789429
41.3227690000001,129.786652
41.3002700000001,129.769714
41.1838760000001,129.720795
41.1772160000001,129.718567
41.1427690000001,129.715515
41.112213,129.713867
41.012215,129.718018
40.995544,129.719116
40.9847180000001,129.720245
40.9755480000001,129.7258
40.958885,129.739136
40.9552690000001,129.743561
40.94249,129.753601
40.9377670000001,129.755829
40.9319380000001,129.755829
40.8627700000001,129.728851
40.8569410000001,129.7258
40.829994,129.709412
40.829163,129.702454
40.833603,129.68692
40.833603,129.664154
40.828049,129.608307
40.826385,129.594696
40.8219379999999,129.567749
40.8205490000001,129.561371
40.690269,129.229126
40.6811070000001,129.213867
40.675827,129.210236
40.669991,129.207458
40.5922160000001,129.17276
40.5788800000001,129.168304
40.56562,129.171082
40.5630490000001,129.171631
40.557213,129.168854
40.54055,129.159424
40.530273,129.152466
40.4827650000001,129.112732
40.474709,129.10553
40.471375,129.100525
40.463882,129.084137
40.460548,129.071625
40.460548,129.064148
40.4627690000001,129.046936
40.45166,128.98053
40.4491580000001,128.974976
40.4247130000001,128.941925
40.4086,128.924408
40.400269,128.916077
40.3958280000001,128.911926
40.3858260000001,128.904968
40.38166,128.900818
40.371376,128.886383
40.3655469999999,128.876068
40.3630520000001,128.870514
40.3416600000001,128.812195
40.3355480000001,128.794128
40.3338780000001,128.788025
40.2727660000001,128.636658
40.174164,128.598022
40.053604,128.332458
40.0236049999999,128.184143
40.022766,128.141083
40.0272140000001,128.111908
40.0338820000001,128.055237
40.0372160000001,128.001373
39.971657,127.933594
39.9172130000001,127.887207
39.911102,127.886383
39.8974910000001,127.882202
39.888046,127.874687
39.8838500000001,127.863403
39.8461,127.727203
39.816101,127.623596
39.814156,127.617477
39.811661,127.611923
39.8030470000001,127.596367
39.7822110000001,127.560532
39.744156,127.521378
39.734993,127.513893
39.7247090000001,127.506943
39.719437,127.503883
39.712769,127.501663
39.6944350000001,127.5
39.644714,127.50444
39.4647140000001,127.529427
39.4486010000001,127.531937
39.4272160000001,127.535812
39.3272170000001,127.556641
39.317772,127.561371
39.3124920000001,127.562477
39.306381,127.561653
39.3013840000001,127.558319
39.2977750000001,127.553589
39.296661,127.539429
39.298882,127.531662
39.3060990000001,127.522774
39.3102720000001,127.51944
39.339714,127.522491
39.3447110000001,127.526093
39.3524930000001,127.534714
39.365547,127.537773
39.386383,127.532761
39.391106,127.530548
39.4238820000001,127.506943
39.42749,127.502487
39.4294360000001,127.49498
39.4302750000001,127.486923
39.42749,127.474152
39.4205470000001,127.457207
39.4177700000001,127.45166
39.4144360000001,127.44693
39.404945,127.438751
39.39222,127.411102
39.372215,127.374687
39.244713,127.374687
39.233047,127.375809
39.2180480000001,127.380539
39.2008290000001,127.393051
39.1897129999999,127.406372
39.166939,127.443588
39.163605,127.449142
39.1605450000001,127.454712
39.141106,127.536377
39.139435,127.545258
39.1249920000001,127.645538
39.088326,127.782761
39.0491640000001,127.809708
38.989433,127.854156
38.985268,127.857483
38.962769,127.880257
38.8599930000001,128.008026
38.856941,128.013611
38.852493,128.038025
38.8474879999999,128.061096
38.845268,128.068848
38.834435,128.093842
38.81916,128.122192
38.802773,128.136658
38.735268,128.201355
38.7333300000001,128.226624
38.736938,128.260529
38.7388840000001,128.266663
38.7274860000001,128.293304
38.7022170000001,128.337189
38.6836010000001,128.358856
38.6794360000001,128.362183
38.6747130000001,128.36441
38.669716,128.365509
38.6252440000001,128.363556
38.5991590000001,128.32135
38.5888820000001,128.30719
38.5838780000001,128.303589
38.578331,128.30191
38.5627670000001,128.305542
38.5580440000001,128.307739
38.531937,128.313599
38.5205460000001,128.313599
38.51416,128.312744
38.4886020000001,128.307739
38.4683230000001,128.301361
38.4505460000001,128.293304
38.4302750000001,128.279694
38.411659,128.260529
38.395271,128.243561
38.3816600000001,128.224976
38.365547,128.200806
38.3499980000001,128.176086
38.3438800000001,128.166077
38.3352660000001,128.150818
38.330276,128.139984
38.328331,128.134155
38.3119350000001,128.079956
38.3066560000001,128.054688
38.30555,128.010529
38.306099,127.988037
38.3083270000001,127.971367
38.3136060000001,127.885269
38.3202740000001,127.676086
38.3191600000001,127.661926
38.307495,127.537491
38.3124920000001,127.450821
38.323326,127.366379
38.318886,127.251389
38.3119350000001,127.197479
38.2991640000001,127.133881
38.297218,127.127762
38.2874980000001,127.106087
38.2808230000001,127.095833
38.2599950000001,127.068047
38.2538830000001,127.058029
38.2461010000001,127.042213
38.22924,127.005798
38.218048,126.99054
38.209435,126.982758
38.194153,126.972763
38.183052,126.966927
38.1544490000001,126.955109
38.1286010000001,126.935257
38.016106,126.824432
38.000549,126.807213
37.9788740000001,126.780273
37.9683230000001,126.766663
37.957771,126.745529
37.9524920000001,126.727768
37.8339080000001,126.688492
37.788605,126.624687
37.7708280000001,126.587486
37.771935,126.580551
37.774437,126.573883
37.820274,126.479156
37.8522190000001,126.426651
37.859436,126.418053
37.863609,126.414703
37.8859859999999,126.399803
37.887215,126.392212
37.887215,126.384987
37.8805470000001,126.353317
37.8472140000001,126.214157
37.843605,126.202209
37.823608,126.1436
37.818329,126.142212
37.8077699999999,126.144707
37.7797160000001,126.158867
37.763611,126.161377
37.751663,126.160812
37.7380449999999,126.157211
37.7336040000001,126.15332
37.7327650000001,126.146652
37.7330469999999,126.140549
37.73999,126.108032
37.7424930000001,126.101646
37.7947160000001,126.066383
37.863609,126.042763
37.9055480000001,125.97554
37.90638,125.967758
37.905266,125.961113
37.897217,125.945251
37.892769,125.94136
37.887215,125.94165
37.8830490000001,125.944977
37.871933,125.969147
37.868324,125.973602
37.864159,125.976929
37.8333280000001,125.985809
37.8277740000001,125.986099
37.8224950000001,125.982758
37.83416,125.925537
37.83638,125.918053
37.8388820000001,125.911377
37.9411010000001,125.824432
37.9824910000001,125.806931
37.9866560000001,125.803307
37.989716,125.79776
38.0016630000001,125.752213
38.003609,125.744713
38.016937,125.672493
38.0261,125.605263
38.027214,125.589157
38.019157,125.573608
38.013611,125.57222
38.0086060000001,125.573608
37.9936070000001,125.590271
37.9899900000001,125.594711
37.9833300000001,125.604713
37.9741590000001,125.621368
37.9672090000001,125.641937
37.965828,125.650543
37.91082,125.724426
37.8188860000001,125.643051
37.7788770000001,125.57193
37.7855530000001,125.56192
37.7858280000001,125.555817
37.7844390000001,125.521103
37.710548,125.383041
37.7069400000001,125.378311
37.6713790000001,125.342758
37.6802750000001,125.337196
37.713051,125.332207
37.7191540000001,125.334717
37.7897720000001,125.380547
37.7949980000001,125.387207
37.8163829999999,125.434982
37.821938,125.452766
37.837494,125.487488
37.876381,125.514999
37.8827670000001,125.515823
37.88694,125.512207
37.896103,125.495819
37.9124910000001,125.4561
37.9066540000001,125.426376
37.896103,125.387497
37.863884,125.354713
37.859436,125.350807
37.8863830000001,125.308594
37.930275,125.252487
37.931664,125.243591
37.925552,125.233871
37.9211040000001,125.22998
37.895828,125.224426
37.885269,125.218048
37.878326,125.209152
37.869438,125.194138
37.86277,125.176933
37.8619380000001,125.170532
37.862495,125.162491
37.8680500000001,125.132477
37.8755490000001,125.094711
37.878876,125.078598
37.892494,125.029984
37.896942,125.015823
37.8999940000001,125.010269
37.9244380000001,124.980553
37.930275,124.98027
37.9372100000001,124.981934
37.948326,124.987488
37.952774,124.991364
38.0416640000001,125.114433
38.043327,125.120529
38.0463870000001,125.185257
38.0461040000001,125.200546
38.039993,125.211647
38.035828,125.214996
38.0313800000001,125.217484
38.0208280000001,125.219994
38.0166630000001,125.223602
38.0141600000001,125.22998
38.012772,125.238876
38.0130540000001,125.246094
38.015831,125.251389
38.060547,125.27388
38.0647130000001,125.274986
38.06916,125.272491
38.072769,125.268051
38.0758290000001,125.262497
38.0783310000001,125.256104
38.082214,125.240807
38.0911030000001,125.133041
38.086937,125.106644
38.0794369999999,125.083054
38.071938,125.066673
38.0683290000001,125.054703
38.0630490000001,125.02916
38.062767,125.014427
38.104713,124.870819
38.1011050000001,124.859154
38.0952680000001,124.788879
38.0966570000001,124.766937
38.1116640000001,124.680542
38.114159,124.673866
38.1211010000001,124.664703
38.1311040000001,124.661102
38.135551,124.664703
38.138046,124.669983
38.1419370000001,124.681931
38.1430510000001,124.688583
38.13916,124.721649
38.1397170000001,124.736366
38.1480480000001,124.751938
38.188881,124.821381
38.229156,124.862488
38.2522200000001,124.868317
38.2694400000001,124.867477
38.3324969999999,124.86554
38.4633260000001,124.958328
38.5838780000001,124.9897
38.5883260000001,124.993591
38.5894319999999,125.000267
38.58194,125.051933
38.579437,125.058594
38.6447140000001,125.156647
38.652771,125.300537
38.6505430000001,125.31749
38.6702730000001,125.3461
38.690544,125.37442
38.693047,125.3797
38.700546,125.447197
38.676659,125.549988
38.6736070000001,125.555817
38.669991,125.560257
38.6488800000001,125.576393
38.6383290000001,125.589706
38.635269,125.595261
38.625267,125.621643
38.623047,125.629433
38.6211010000001,125.646103
38.623047,125.652206
38.6245120000001,125.652588
38.6272130000001,125.65332
38.63166,125.650818
38.652771,125.63472
38.6569369999999,125.631363
38.6577610000001,125.630547
38.6569369999999,125.629791
38.717766,125.517212
38.7216570000001,125.479156
38.722214,125.432213
38.707214,125.367752
38.6958240000001,125.288307
38.6958240000001,125.284714
38.700829,125.271652
38.7163850000001,125.244713
38.7866590000001,125.143883
38.7963870000001,125.139977
38.801659,125.138893
38.8077700000001,125.139427
38.8636089999999,125.146942
38.875549,125.151932
38.9219360000001,125.199707
38.999161,125.235809
39.0522160000001,125.259163
39.115547,125.284149
39.155266,125.290268
39.203323,125.339706
39.2158279999999,125.359421
39.237495,125.388321
39.279716,125.411652
39.3080439999999,125.421921
39.358887,125.401657
39.391937,125.362762
39.394997,125.357208
39.429993,125.338043
39.435822,125.337769
39.442215,125.338593
39.454163,125.343597
39.4644390000001,125.349991
39.521103,125.399429
39.5297160000001,125.407211
39.5723570000001,125.450439
39.5763850000001,125.448318
39.5788800000001,125.44165
39.575272,125.429703
39.552216,125.372757
39.5258259999999,125.311371
39.51944,125.294144
39.5191570000001,125.286652
39.557213,125.123032
39.5602720000001,125.117477
39.6055530000001,125.037491
39.6624910000001,124.945534
39.721375,124.8461
39.774994,124.752213
39.776939,124.744431
39.774994,124.738312
39.7697140000001,124.73526
39.7641600000001,124.735527
39.714157,124.746368
39.681664,124.754707
39.677216,124.756943
39.6708300000001,124.756378
39.635551,124.746933
39.630272,124.743874
39.626656,124.739151
39.6247100000001,124.733322
39.596657,124.64415
39.594994,124.638046
39.594437,124.632202
39.594994,124.624153
39.6130520000001,124.616089
39.647217,124.629433
39.6524890000001,124.632751
39.6691590000001,124.649147
39.6822129999999,124.651657
39.6872100000001,124.650269
39.799995,124.561653
39.8097150000001,124.536377
39.821106,124.498871
39.8297200000001,124.44664
39.8283310000001,124.43248
39.8316650000001,124.406372
39.8649980000001,124.363602
39.9113770000001,124.322769
39.91777,124.323608
39.9230500000001,124.32666
40.0141600000001,124.38443
40.021935,124.392761
40.039719,124.392761
40.0936199999999,124.373596
40.102219,124.381363
40.1302719999999,124.410812
40.242218,124.554703
40.281662,124.620819
40.2855530000001,124.633041
40.293884,124.679703
40.299721,124.697746
40.3050460000001,124.708443
40.308975,124.713547
40.3966599999999,124.812477
40.4661030000001,124.876648
40.4705430000001,124.880539
40.4758220000001,124.891373
40.4769360000001,124.898331
40.4752660000001,124.90416
40.4591600000001,124.962196
40.455269,125.033867
40.457214,125.039978
40.462212,125.04332
40.4680480000001,125.042763
40.4899899999999,125.02832
40.498329,125.021103
40.537498,125.042763
40.585266,125.140549
40.6474910000001,125.286102
40.6499940000001,125.314987
40.6399920000001,125.369141
40.6538009999999,125.412689
40.7033230000001,125.457489
40.7413790000001,125.55304
40.755829,125.603867
40.7949980000001,125.651093
40.7986070000001,125.646378
40.803879,125.645264
40.816666,125.649719
40.8216630000001,125.653053
40.8486020000001,125.683868
40.852219,125.688583
40.859161,125.698029
40.8599700000001,125.70311
40.879158,125.921921
40.8766560000001,125.928864
40.876938,125.936371
40.877769,125.943039
40.8938830000001,126.006653
40.899994,126.016937
41.034721,126.124687
41.1527710000001,126.27916
41.158043,126.282494
41.171661,126.286377
41.1758270000001,126.285812
41.1849900000001,126.290268
41.2144390000001,126.309982
41.273605,126.36499
41.2777710000001,126.368874
41.31916,126.411102
41.3424910000001,126.437759
41.3572160000001,126.4561
41.3669360000001,126.478867
41.3677670000001,126.485809
41.365273,126.492477
41.389992,126.510269
41.568604,126.584427
41.5730510000001,126.58194
41.5897140000001,126.568047
41.5988770000001,126.563026
41.610916,126.563347
41.616974,126.566559
41.6202700000001,126.571381
41.660545,126.645538
41.6911010000001,126.712769
41.708046,126.795532
41.732765,126.842758
41.738884,126.853043
41.7541660000001,126.863312
41.7686000000001,126.87442
41.7883300000001,126.896378
41.7961040000001,126.91304
41.7977749999999,126.919144
41.7944409999999,126.936096
41.7083280000001,127.048027
41.6911010000001,127.060806
41.643501,127.057037
41.6213760000001,127.100807
41.593605,127.134987
41.5299910000001,127.159416
41.4724880000001,127.270828
41.418053,127.620819
41.413132,127.694153
41.4099880000001,127.835274
41.4241640000001,127.871094
41.447212,127.92276
41.4480439999999,127.929703
41.4469380000001,127.93692
41.4158250000001,128.011658
41.389435,128.044128
41.3713760000001,128.106628
41.369713,128.112732
41.3747100000001,128.131348
41.37999,128.149994
41.3824920000001,128.155823
41.4022140000001,128.185516
41.4088820000001,128.195251
41.416664,128.204407
41.4411010000001,128.222473
41.5302730000001,128.282196
41.57222,128.302185
41.577774,128.30191
41.5883260000001,128.299713
41.5930480000001,128.297211
41.63694,128.26944
41.6452710000001,128.262756
41.6555480000001,128.245789
41.6638790000001,128.226624
41.6763840000001,128.203857
41.7083280000001,128.160797
41.7208250000001,128.150543
41.7961040000001,128.101898
41.8099900000001,128.094971
41.8849950000001,128.068848
41.9105450000001,128.060791
41.9749910000001,128.049988
41.9882970000001,128.050232
41.9991610000001,128.054413
42.0033260000001,128.058868
42.0374980000001,128.268585
42.0391619999999,128.282471
42.039719,128.33609
42.0374980000001,128.361359
42.0286030000001,128.422485
42.023323,128.436096
42.016663,128.44635
42.0069580000001,128.45163
42.004166,128.452759
41.9991610000001,128.464691
41.9961010000001,128.481079
41.995544,128.48941
41.995544,128.5047
42.0002750000001,128.570251
42.0183260000001,128.675812
42.019989,128.681915
42.0274890000001,128.698853
42.029716,128.844971
42.0227660000001,128.895538
42.021103,128.912201
42.024437,128.925812
42.0277710000001,128.930542
42.03611,128.939148
42.046104,128.94635
42.0580440000001,128.952179
42.069443,128.952179
42.076103,128.954132
42.0811080000001,128.957733
42.0869369999999,128.968292
42.0941930000001,129.014099
42.0949940000001,129.016693
42.1394350000001,129.11441
42.1680530000001,129.152466
42.2172090000001,129.210236
42.223045,129.213287
42.227768,129.21109
42.265831,129.209412
42.3758240000001,129.246063
42.4458240000001,129.341919
42.4466550000001,129.356628
42.4344330000001,129.4422
42.4311070000001,129.448029
42.38694,129.514709
42.4358220000001,129.695526
42.444153,129.711914
42.4608229999999,129.721344
42.472763,129.727448
42.4780430000001,129.729126
42.5141600000001,129.733856
42.5302730000001,129.731903
42.5397190000001,129.727173
42.5552670000001,129.723846
42.704712,129.751099
42.7163850000001,129.753326
42.7297130000001,129.757751
42.8536070000001,129.807465
42.942482,129.847046
42.9897080000001,129.87558
42.993874,129.879761
43.0033190000001,129.901642
43.005821,129.907532
43.0083240000001,129.921234
43.003876,129.937195
43.000824,129.943085
42.9899830000001,129.952026
42.9580460000001,130.034149
42.908325,130.184143
42.9049910000001,130.202179
42.895271,130.245514
42.8924940000001,130.252197
42.884163,130.259155
42.8791580000001,130.260254
42.8666610000001,130.257751
42.831665,130.250275
42.8116610000001,130.243286
42.7894360000001,130.236359
42.7830510000001,130.236084
42.718323,130.243286
42.709991,130.250275
42.645271,130.323303
42.6383289999999,130.333588
42.6174930000001,130.376617
42.5680540000001,130.51416
42.5372160000001,130.522491
42.443047,130.567474
42.4344330000001,130.574127
42.42749,130.584137
42.424438,130.589966
42.422218,130.597748
42.4218600000001,130.60437
42.413879,130.628845
42.41082,130.63443
42.4069370000001,130.638885
---
