33.2333300000001,126.599426
33.231377,126.586929
33.2236020000001,126.508614
33.221375,126.482483
33.2224880000001,126.476089
33.2294310000001,126.445534
33.234718,126.424698
33.2355499999999,126.416931
33.2272110000001,126.340553
33.225548,126.330833
33.2191540000001,126.314697
33.216385,126.309708
33.2094349999999,126.301086
33.205269,126.297211
33.195541,126.290543
33.1930470000001,126.285812
33.1902690000001,126.27388
33.190826,126.266388
33.1938780000001,126.261108
33.216385,126.226929
33.2294310000001,126.207207
33.24749,126.186096
33.2624970000001,126.170532
33.2788770000001,126.157761
33.289436,126.155258
33.314713,126.158333
33.344154,126.176376
33.352776,126.183594
33.4227680000001,126.270264
33.4502720000001,126.312477
33.452774,126.31749
33.4730450000001,126.372208
33.4747090000001,126.378036
33.531662,126.633614
33.539993,126.695824
33.5508270000001,126.793053
33.5519330000001,126.813026
33.5505450000001,126.821381
33.547775,126.827477
33.5405500000001,126.835823
33.536369,126.839661
33.525269,126.890823
33.5233230000001,126.898041
33.45388,126.941093
33.4244380000001,126.936653
33.392769,126.918869
33.3877719999999,126.915817
33.3791580000001,126.908333
33.311661,126.847488
33.3083270000001,126.843048
33.282768,126.764709
33.270271,126.725273
33.23999,126.622208
---
34.278603,126.739151
34.2791600000001,126.731369
34.2841640000001,126.700821
34.287216,126.695534
34.3161010000001,126.651382
34.320274,126.648041
34.324997,126.645828
34.349998,126.649147
34.370544,126.654709
34.375549,126.657761
34.3824920000001,126.663879
34.384995,126.668869
34.388885,126.687187
34.38916,126.694138
34.38694,126.701393
34.3783260000001,126.713882
34.363884,126.73082
34.2963869999999,126.770828
34.2869420000001,126.774986
34.281937,126.771927
34.2808230000001,126.765549
---
34.4144360000001,127.160538
34.414993,127.145828
34.420273,127.133614
34.4344330000001,127.115807
34.460274,127.111366
34.4638820000001,127.114151
34.4716570000001,127.125809
34.473602,127.131653
34.485268,127.199142
34.48555,127.213043
34.4836270000001,127.222717
34.4741590000001,127.239433
34.470543,127.243591
34.465828,127.245819
34.4533230000001,127.244141
34.447212,127.241653
34.4311070000001,127.232758
34.4266589999999,127.228867
34.4205469999999,127.219437
34.418884,127.213608
---
34.473877,127.785538
34.4747090000001,127.780823
34.487495,127.758331
34.517212,127.716087
34.5213780000001,127.713043
34.5266570000001,127.711929
34.530823,127.71582
34.538887,127.741364
34.5419390000001,127.751099
34.5408330000001,127.764427
34.5383300000001,127.770828
34.5336690000001,127.776321
34.5194400000001,127.786377
34.490829,127.798317
34.4849930000001,127.798317
34.4797130000001,127.795258
34.4763790000001,127.790817
---
34.3511050000001,126.179703
34.3519360000001,126.171921
34.3544390000001,126.150269
34.3555530000001,126.1436
34.378876,126.112488
34.387215,126.106087
34.3966600000001,126.101646
34.4069370000001,126.099152
34.4127660000001,126.098877
34.419159,126.099716
34.4249950000001,126.101929
34.5699920000001,126.238876
34.5733260000001,126.243317
34.573051,126.253326
34.5658260000001,126.273323
34.555824,126.298317
34.539993,126.334991
34.498878,126.376923
34.494713,126.380257
34.491653,126.381119
34.483879,126.383331
34.478325,126.383614
34.471931,126.382751
34.441658,126.367752
34.4047090000001,126.346939
34.401382,126.342484
34.3713760000001,126.261932
34.369713,126.256378
34.3533250000001,126.199142
34.351387,126.186653
---
34.57222,127.799713
34.5733260000001,127.793053
34.5761029999999,127.786652
34.5908280000001,127.758614
34.5969390000001,127.748322
34.6044390000001,127.739967
34.6086040000001,127.736649
34.613327,127.734421
34.6185990000001,127.733322
34.635826,127.733047
34.6399920000001,127.736923
34.6641540000001,127.768051
34.661377,127.794144
34.6413880000001,127.812187
34.6219330000001,127.812759
34.5816650000001,127.806641
34.575554,127.803864
---
34.6472170000001,125.971916
34.648605,125.963608
34.668884,125.926376
34.676102,125.917763
34.6808240000001,125.915543
34.6858220000001,125.914429
34.692215,125.914993
34.6974870000001,125.918053
34.699997,125.923309
34.712769,125.9561
34.716934,125.981369
34.7078020000001,125.99379
34.700272,126.003052
34.6960979999999,126.006378
34.691376,126.008614
34.685547,126.006104
34.6811070000001,126.002487
34.668053,125.991364
---
34.789993,126.000549
34.7919390000001,126.000816
34.789993,126.003883
34.7852710000001,126.006378
34.773048,126.003052
34.7683260000001,126.005257
34.7641600000001,126.008614
34.7599950000001,126.009163
34.7580490000001,126.003326
34.758606,125.995819
34.760551,125.988312
34.7580490000001,125.983597
34.752777,125.98027
34.7519380000001,125.973877
34.7544399999999,125.966927
34.7566600000001,125.951103
34.754715,125.945251
34.751106,125.940811
34.7452700000001,125.938309
34.7280430000001,125.939148
34.722763,125.936096
34.718323,125.932213
34.716934,125.911926
34.7177660000001,125.904427
34.7280430000001,125.890549
34.732491,125.888321
34.738884,125.888893
34.751106,125.892212
34.763885,125.893883
34.767212,125.898041
34.7727659999999,125.908333
34.7727659999999,125.915268
34.7738800000001,125.921654
34.7719349999999,125.944427
34.773048,125.950821
34.775826,125.955833
34.789719,125.973602
34.791664,125.979156
34.7924960000001,125.985527
34.7919390000001,125.993042
---
34.827774,128.080811
34.832771,128.013306
34.8352660000001,127.997208
34.8372120000001,127.989967
34.8436050000001,127.979713
34.851936,127.973312
34.8583300000001,127.974152
34.8641590000001,127.976929
34.907768,128.007751
34.9138790000001,128.017212
34.9138790000001,128.024139
34.911659,128.031372
34.908043,128.035797
34.878525,128.065765
34.873878,128.075806
34.869713,128.078857
34.830276,128.085785
---
34.8538820000001,126.04248
34.8583300000001,125.993042
34.8608250000001,125.986923
34.864998,125.983597
34.8683240000001,125.98526
34.8902740000001,126.002213
34.9255520000001,126.057747
34.928329,126.062759
34.9261020000001,126.069992
34.92305,126.075272
34.9213490000001,126.076637
34.9097140000001,126.094437
34.8902740000001,126.091087
34.8849950000001,126.089706
34.866936,126.082207
34.8624950000001,126.078598
34.8591610000001,126.074158
34.854439,126.063599
---
34.798332,127.962196
34.7999950000001,127.968048
34.8172150000001,127.990257
34.8208309999999,128.001923
34.817772,128.032471
34.813324,128.055542
34.8083270000001,128.069122
34.80471,128.073303
34.7999950000001,128.075531
34.7063830000001,128.062469
34.701103,128.060791
34.6974870000001,128.056641
34.6949920000001,128.044434
34.696938,127.984993
34.6977690000001,127.977203
34.7105480000001,127.888603
34.7122120000001,127.880257
34.7197110000001,127.860527
34.723877,127.857208
34.738884,127.852768
34.843048,127.82222
34.8558270000001,127.826927
34.879715,127.836929
34.917496,127.867752
34.9261020000001,127.875526
34.9294360000001,127.879967
34.931107,127.885818
34.933052,127.898613
34.929993,127.915268
34.9272160000001,127.921371
34.924164,127.926651
34.9205470000001,127.930817
34.9161000000001,127.933868
34.911377,127.936096
34.901924,127.937714
34.874161,127.909714
34.869156,127.906647
34.8472140000001,127.909149
34.841934,127.910263
34.832771,127.916382
34.800827,127.9561
---
34.788048,128.743011
34.7816620000001,128.741913
34.724159,128.685516
34.7222140000001,128.679962
34.70916,128.641937
34.7072140000001,128.636108
34.701103,128.612457
34.6977690000001,128.594116
34.6994320000001,128.588287
34.7038800000001,128.585236
34.7602770000001,128.601074
34.8091580000001,128.604126
34.8305510000001,128.6008
34.8349910000001,128.597748
34.8366550000001,128.591919
34.823608,128.552185
34.8161010000001,128.539703
34.811935,128.535797
34.8058240000001,128.526093
34.8091580000001,128.521088
34.8322140000001,128.498016
34.8363800000001,128.494965
34.8458250000001,128.490509
34.856384,128.488556
34.868881,128.490509
34.8802720000001,128.494415
34.887497,128.501923
34.889992,128.507202
34.9524920000001,128.641083
34.9602740000001,128.663605
34.976654,128.71109
34.9430470000001,128.72821
34.942215,128.72995
34.933327,128.735229
34.8827669999999,128.754425
34.8769380000001,128.754425
---
35.0458300000001,126.099716
35.047218,126.093048
35.055267,126.059418
35.0594330000001,126.056091
35.0838780000001,126.058319
35.090828,126.059982
35.094994,126.063873
35.0986020000001,126.068047
35.1305470000001,126.117477
35.1422200000001,126.137207
35.1458280000001,126.14888
35.146103,126.155823
35.1433260000001,126.162201
35.1333310000001,126.149719
35.132523,126.146942
35.0802760000001,126.14444
35.053047,126.11554
35.0469440000001,126.106087
---
36.399437,126.421097
36.4027710000001,126.382202
36.4038770000001,126.375259
36.4105450000001,126.36554
36.4341580000001,126.338318
36.438599,126.335823
36.559715,126.325272
36.565544,126.324997
36.5716630000001,126.327477
36.581108,126.334427
36.5883259999999,126.341927
36.591103,126.346939
36.592766,126.352768
36.5930480000001,126.359993
36.590828,126.376373
36.586105,126.378593
36.4108199999999,126.433868
36.4038770000001,126.431931
36.399719,126.428307
---
36.8241650000001,126.163597
36.8277740000001,126.159149
36.833054,126.158043
36.838043,126.161102
36.839989,126.166931
36.8368380000001,126.172447
36.829437,126.173866
36.8258290000001,126.169434
---
37.449997,130.875519
37.4508290000001,130.868561
37.4677660000001,130.818848
37.4719310000001,130.815796
37.4813770000001,130.811646
37.507217,130.805817
37.513054,130.805817
37.5183260000001,130.807465
37.529991,130.838562
37.53138,130.844696
37.5455469999999,130.912201
37.545273,130.919434
37.5191570000001,130.924133
37.5152660000001,130.922058
37.4819340000001,130.922485
37.4766540000001,130.920807
37.453323,130.887482
---
37.5922160000001,126.448593
37.5924910000001,126.418869
37.5938800000001,126.410263
37.598877,126.397491
37.60527,126.386383
37.6088869999999,126.381927
37.6172100000001,126.375259
37.621658,126.373032
37.6269380000001,126.371918
37.7202680000001,126.364151
37.784721,126.366653
37.7902760000001,126.368042
37.8166660000001,126.396942
37.8188860000001,126.400543
37.821938,126.420258
37.8211060000001,126.42804
37.818054,126.433594
37.8144380000001,126.438026
37.806343,126.443604
37.7797160000001,126.495247
37.7766569999999,126.500549
37.769989,126.510536
37.765831,126.513893
37.761108,126.516098
37.7558290000001,126.517212
37.6277690000001,126.539429
37.5972140000001,126.513893
37.594437,126.501389
---
37.9144360000001,124.651932
37.9158250000001,124.643333
37.918327,124.636658
37.922493,124.633041
37.947487,124.613312
37.9572140000001,124.609711
37.968597,124.615257
37.9741590000001,124.623871
37.9824910000001,124.688873
37.9841610000001,124.709991
37.983604,124.718048
37.981659,124.72554
37.9780430000001,124.72554
37.9763790000001,124.731659
37.9647140000001,124.743042
37.9599910000001,124.745529
37.9547120000001,124.746643
37.949715,124.743591
37.946098,124.739151
37.918053,124.701393
37.9161000000001,124.695534
---
38.14444,128.625793
38.125549,128.63443
38.1213760000001,128.637756
38.11721,128.641083
37.859436,128.858002
37.856102,128.863281
37.8519360000001,128.878296
37.8480450000001,128.882721
37.736107,128.998566
37.724434,129.010529
37.685822,129.049988
37.6688840000001,129.063019
37.657494,129.063019
37.638603,129.059967
37.6244350000001,129.066376
37.525551,129.136108
37.4647140000001,129.189697
37.3713760000001,129.258881
37.2572170000001,129.342468
37.2336040000001,129.353027
37.228325,129.354126
37.1500240000001,129.362488
37.1469420000001,129.365784
37.134995,129.376343
37.068329,129.429413
37.0588840000001,129.433594
37.053322,129.431915
37.0483320000001,129.428589
37.0449980000001,129.423859
37.0347209999999,129.417206
37.0280460000001,129.414978
37.02166,129.413879
37.016106,129.413879
36.9422149999999,129.416077
36.8999940000001,129.423584
36.878876,129.427765
36.8688810000001,129.430817
36.8161010000001,129.453857
36.8072130000001,129.459137
36.7888870000001,129.468567
36.774437,129.474976
36.768883,129.474976
36.7102740000001,129.473022
36.69249,129.471619
36.685822,129.469696
36.679718,129.466919
36.676384,129.462189
36.6713789999999,129.451904
36.664711,129.442474
36.6602710000001,129.438568
36.634163,129.422211
36.622765,129.417755
36.6166610000001,129.416931
36.583054,129.418854
36.577774,129.419983
36.567772,129.423035
36.5583270000001,129.427185
36.5458300000001,129.43692
36.5361100000001,129.441071
36.506386,129.450531
36.5005490000001,129.450531
36.4063800000001,129.439148
36.400269,129.438019
36.3941570000001,129.435242
36.3697129999999,129.41803
36.3572159999999,129.405823
36.3394010000001,129.390533
36.327461,129.385254
36.3143999999999,129.381927
36.308563,129.381927
36.036018,129.386902
36.0257420000001,129.388855
36.0165790000001,129.394104
36.0129620000001,129.398285
36.000481,129.419037
35.997215,129.425537
35.99305,129.449982
35.99305,129.457184
35.9947130000001,129.463013
36.0000000000001,129.471832
36.008003,129.481628
36.015747,129.490265
36.0510410000001,129.528137
36.0771030000001,129.551147
36.0787730000001,129.557251
36.0765530000001,129.564484
36.064041,129.573914
36.0348660000001,129.585297
36.0193100000001,129.588348
36.007645,129.588348
35.999596,129.586914
35.9888840000001,129.583862
35.683327,129.486633
35.6446080000001,129.464752
35.6027760000001,129.473297
35.592216,129.47525
35.5802760000001,129.474396
35.55027,129.469421
35.5372160000001,129.46637
35.475822,129.439423
35.344994,129.347473
35.3424910000001,129.342194
35.3008270000001,129.281097
35.29583,129.277771
35.2088850000001,129.241638
35.1899030000001,129.237488
35.146942,129.174683
35.1122130000001,129.136932
35.084991,128.978577
35.134827,128.973907
35.094154,128.929413
35.090828,128.924988
35.0891570000001,128.919128
35.08416,128.810516
35.0927660000001,128.734955
35.1011050000001,128.71051
35.1486049999999,128.619965
35.173325,128.611359
35.169991,128.572754
35.042221,128.386108
35.03611,128.378021
35.0094380000001,128.371063
35.0047150000001,128.372467
35.0047150000001,128.379395
35.008331,128.391083
35.010826,128.396088
35.017769,128.405243
35.024437,128.407196
35.0297160000001,128.410522
35.0322110000001,128.415527
35.0502700000001,128.465515
35.0538790000001,128.477173
35.051102,128.483307
35.047493,128.487457
35.008331,128.501373
34.8858260000001,128.469971
34.8685990000001,128.463013
34.8455430000001,128.451904
34.8388820000001,128.445801
34.8347170000001,128.434967
34.83194,128.408875
34.833603,128.403046
34.871376,128.33551
34.899994,128.346344
34.9052660000001,128.356628
34.9097140000001,128.356079
34.9313810000001,128.351074
34.943604,128.34079
34.9494320000001,128.329132
34.934158,128.227753
34.9305500000001,128.216064
34.9280470000001,128.21109
34.9227680000001,128.207733
34.9119340000001,128.208862
34.8997189999999,128.208008
34.8944400000001,128.206635
34.8883290000001,128.203857
34.8894350000001,128.176361
34.8944400000001,128.154144
34.921661,128.072754
34.9244380000001,128.06665
34.930824,128.056091
34.937492,128.050262
34.942215,128.048035
34.9474870000001,128.046936
34.986382,128.020538
34.955269,127.909416
34.9474870000001,127.893883
34.9430470000001,127.883041
34.9402690000001,127.863876
34.946655,127.830833
34.9602810000001,127.767403
34.9052660000001,127.660812
34.9008260000001,127.643051
34.9016570000001,127.635269
34.903603,127.628036
34.9105450000001,127.618591
34.92305,127.609154
34.9385990000001,127.605553
34.9419330000001,127.60054
34.9416580000001,127.593323
34.9383240000001,127.588882
34.9177700000001,127.569153
34.9119340000001,127.568604
34.8869400000001,127.576393
34.8491590000001,127.60498
34.840828,127.611366
34.8141560000001,127.638603
34.811935,127.654709
34.8138810000001,127.66748
34.815544,127.673027
34.8258289999999,127.686371
34.830276,127.690262
34.8388820000001,127.704987
34.8405460000001,127.710823
34.8416600000001,127.717209
34.8438800000001,127.773613
34.8263850000001,127.77388
34.794998,127.76944
34.727486,127.747757
34.7233200000001,127.743874
34.616936,127.640823
34.6149980000001,127.634987
34.6383289999999,127.576393
34.6513820000001,127.556374
34.656097,127.554153
34.692215,127.556374
34.704712,127.558319
34.7174910000001,127.562759
34.766663,127.567757
34.8569410000001,127.522491
34.8516620000001,127.493874
34.8186040000001,127.41832
34.802216,127.39888
34.7513890000001,127.363876
34.7019350000001,127.387497
34.6983260000001,127.391937
34.68943,127.4086
34.6769410000001,127.429428
34.641937,127.485809
34.637772,127.488876
34.5966570000001,127.513321
34.591377,127.514427
34.5786060000001,127.509987
34.4710999999999,127.389427
34.4436040000001,127.315262
34.511383,127.243591
34.5119400000001,127.16832
34.515831,127.139709
34.5194400000001,127.135536
34.527771,127.12915
34.5372160000001,127.124687
34.54805,127.123306
34.554993,127.125259
34.5652690000001,127.131653
34.6330490000001,127.20166
34.6355510000001,127.206383
34.632492,127.211929
34.627213,127.213043
34.6208270000001,127.213043
34.614159,127.211113
34.5969390000001,127.202766
34.574715,127.19165
34.5694430000001,127.192749
34.568886,127.207207
34.5694430000001,127.242203
34.652214,127.328598
34.6563800000001,127.332489
34.692764,127.352768
34.698044,127.351646
34.73777,127.338318
34.7419360000001,127.335274
34.7430500000001,127.328598
34.727486,127.27388
34.707497,127.21666
34.660271,127.112488
34.650543,127.09166
34.619987,127.036926
34.602219,127.00972
34.537773,126.989433
34.5316619999999,126.988586
34.5263820000001,126.985527
34.5041660000001,126.966377
34.487213,126.938309
34.4491580000001,126.896942
34.43499,126.887772
34.412491,126.889427
34.4424900000001,126.81694
34.4455410000001,126.811653
34.4630510000001,126.800812
34.491936,126.799988
34.5297160000001,126.804977
34.558327,126.804153
34.5694430000001,126.802757
34.5794370000001,126.799149
34.5830540000001,126.794983
34.5861050000001,126.789703
34.587212,126.783333
34.585548,126.777481
34.5827710000001,126.772491
34.5733260000001,126.765549
34.5577700000001,126.756104
34.4344330000001,126.683868
34.3002700000001,126.600273
34.2994380000001,126.594147
34.3005450000001,126.556374
34.3161010000001,126.524986
34.345268,126.478317
34.4733200000001,126.461929
34.479156,126.461929
34.484718,126.463318
34.5438840000001,126.391373
34.5649950000001,126.318329
34.5680540000001,126.312759
34.590271,126.288307
34.633881,126.273041
34.6708300000001,126.265266
34.683327,126.266937
34.742218,126.289429
34.7474900000001,126.292763
34.751106,126.296944
34.751106,126.303864
34.749161,126.311371
34.7461010000001,126.316673
34.7347180000001,126.328323
34.712769,126.343323
34.699158,126.351089
34.595825,126.41748
34.578049,126.45166
34.6194380000001,126.43248
34.6483310000001,126.451393
34.64222,126.461929
34.637215,126.472763
34.616386,126.521652
34.614159,126.52887
34.6136090000001,126.536652
34.616661,126.606087
34.6177670000001,126.612488
34.6194380000001,126.618317
34.6241610000001,126.620247
34.7152710000001,126.503052
34.721657,126.492477
34.724991,126.476929
34.7505490000001,126.494141
34.7794340000001,126.608032
34.7805480000001,126.62915
34.782211,126.634987
34.807495,126.660812
34.8127670000001,126.659714
34.8774870000001,126.59082
34.873047,126.539978
34.8169400000001,126.5336
34.8038789999999,126.531097
34.783333,126.5186
34.778877,126.514999
34.775551,126.510536
34.7760999999999,126.499153
34.7836070000001,126.381363
34.7855529999999,126.375809
34.789162,126.371368
34.793884,126.369141
34.800545,126.371094
34.8091580000001,126.378593
34.8944400000001,126.413307
34.9636080000001,126.433594
34.946655,126.376923
34.9405440000001,126.376083
34.930824,126.369431
34.917496,126.343872
34.919441,126.338043
34.9224930000001,126.332764
34.928604,126.322487
34.932213,126.318047
34.961937,126.304153
35.110275,126.248322
35.1166610000001,126.249153
35.123322,126.251099
35.128601,126.254173
35.13472,126.263611
35.136658,126.26944
35.1516570000001,126.344994
35.148048,126.349426
35.1324920000001,126.353043
35.1272130000001,126.354156
35.120827,126.353317
35.1166610000001,126.349716
35.1063840000001,126.343323
35.100273,126.34082
35.095543,126.343048
35.06916,126.359711
35.020271,126.416382
35.0180510000001,126.421097
35.023323,126.431374
35.0688860000001,126.457207
35.0905460000001,126.458878
35.0947110000001,126.455551
35.1005480000001,126.443863
35.1055530000001,126.431374
35.111664,126.420822
35.1191559999999,126.411377
35.1477740000001,126.387497
35.180275,126.360527
35.227768,126.363602
35.3122100000001,126.378311
35.336937,126.387497
35.4066540000001,126.421921
35.4116589999999,126.424988
35.4161,126.428864
35.4301909999999,126.441353
35.4477690000001,126.44693
35.462494,126.45694
35.501106,126.484154
35.5097200000001,126.491653
35.5124969999999,126.496933
35.5249940000001,126.523041
35.5269389999999,126.52887
35.5469440000001,126.619431
35.5322110000001,126.678589
35.5288770000001,126.683868
35.533333,126.687759
35.539162,126.687477
35.5736080000001,126.674988
35.588043,126.669144
35.59166,126.664993
35.5941540000001,126.6586
35.594994,126.651093
35.594711,126.643883
35.5899890000001,126.546944
35.585548,126.535812
35.57666,126.521378
35.575829,126.514999
35.576385,126.507217
35.578049,126.498596
35.5841600000001,126.488037
35.5961,126.477203
35.604439,126.470833
35.6091610000001,126.468597
35.6358260000001,126.474701
35.6399920000001,126.479431
35.7369380000001,126.632202
35.742218,126.642487
35.7663879999999,126.695824
35.770828,126.70665
35.776382,126.738312
35.778328,126.751938
35.861664,126.801086
35.8947140000001,126.788307
35.8930510000001,126.782494
35.8824920000001,126.733047
35.8824920000001,126.725807
35.888603,126.61998
35.8908309999999,126.615257
35.8961030000001,126.614151
35.919441,126.614151
35.9258270000001,126.615257
35.961937,126.628311
35.9672090000001,126.631653
35.9716570000001,126.642487
35.984718,126.705261
35.99527,126.761932
36.035271,126.853554
36.04306,126.86882
36.054718,126.872993
36.057777,126.871048
36.0606,126.869217
36.0555499999999,126.8591
36.0058060000001,126.739471
36.000809,126.70726
35.999985,126.688873
35.9999620000001,126.685333
36.0047070000001,126.67363
36.1364060000001,126.544418
36.219162,126.536636
36.3941570000001,126.495819
36.481102,126.480553
36.574715,126.464432
36.579994,126.46582
36.588043,126.474152
36.591934,126.500267
36.590828,126.506943
36.587494,126.512497
36.5849910000001,126.518883
36.586937,126.524696
36.592766,126.527206
36.598602,126.526932
36.6597140000001,126.516098
36.7238770000001,126.497208
36.7419360000001,126.475273
36.7436070000001,126.469437
36.7402730000001,126.354713
36.73999,126.347488
36.736656,126.343048
36.6972120000001,126.30748
36.6927640000001,126.303589
36.687492,126.304703
36.678329,126.309418
36.661659,126.322769
36.650269,126.334717
36.645546,126.336929
36.599434,126.315536
36.58194,126.293053
36.6277689999999,126.299149
36.6394350000001,126.298866
36.7127689999999,126.274986
36.7174910000001,126.272774
36.7111049999999,126.256104
36.707497,126.251389
36.702492,126.248322
36.6897130000001,126.243874
36.6852650000001,126.239967
36.6824950000001,126.234993
36.680824,126.229156
36.6713789999999,126.192749
36.6702730000001,126.186096
36.6727680000001,126.17276
36.67527,126.166092
36.705269,126.128036
36.7091600000001,126.123596
36.751663,126.12886
36.8096540000001,126.164261
36.819885,126.191666
36.878326,126.184418
36.8824920000001,126.188309
36.9599910000001,126.286102
36.962494,126.291092
36.963608,126.29776
36.962212,126.304428
36.9422149999999,126.308868
36.884438,126.321663
36.8780440000001,126.320831
36.8677670000001,126.314423
36.8436050000001,126.297211
36.815269,126.280548
36.809715,126.27916
36.804436,126.280273
36.7947160000001,126.283867
36.7858280000001,126.289429
36.787216,126.294434
36.8038790000001,126.324707
36.8519360000001,126.401093
36.8967130000001,126.415092
36.912048,126.415092
36.9148830000001,126.413773
36.9333270000001,126.413597
36.9358220000001,126.407211
36.93055,126.389709
36.9294360000001,126.383041
36.948875,126.352768
36.9524920000001,126.348328
36.9566570000001,126.344994
36.9855500000001,126.334991
36.9891590000001,126.339706
36.9944380000001,126.349991
36.996384,126.35582
37.004715,126.392761
37.004715,126.422493
37.004715,126.429428
37.0027770000001,126.437187
36.9997180000001,126.442467
36.9913790000001,126.449142
36.9336010000001,126.478043
36.9283290000001,126.479156
36.922218,126.476646
36.90638,126.468483
36.8982160000001,126.461983
36.894718,126.462158
36.863884,126.463318
36.843048,126.468323
36.8394320000001,126.472488
36.8391570000001,126.478867
36.8424910000001,126.483322
36.8522190000001,126.49054
36.864159,126.495529
36.870827,126.497482
36.941376,126.51416
36.9955440000001,126.49054
37.0497210000001,126.499153
37.052773,126.502487
37.0522160000001,126.517761
37.0502700000001,126.525269
37.024994,126.56749
37.0213780000001,126.571663
36.9727630000001,126.61998
36.9716570000001,126.682213
36.969986,126.761383
36.9691540000001,126.76915
36.9672090000001,126.776657
36.963608,126.781097
36.913879,126.823318
36.9091570000001,126.825546
36.894157,126.830551
36.878326,126.834152
36.8727650000001,126.834152
36.8597180000001,126.831673
36.853607,126.828873
36.841103,126.827209
36.765831,126.828598
36.7611080000001,126.830833
36.7569430000001,126.834152
36.7533260000001,126.838593
36.7524950000001,126.846367
36.81694,126.906097
36.9108200000001,126.992203
36.9297179999999,127.000229
36.9169390000001,126.921654
36.9169390000001,126.914429
36.9194409999999,126.908043
36.9469380000001,126.870247
36.950546,126.865807
37.044441,126.756104
37.0486070000001,126.752777
37.0541610000001,126.754173
37.118599,126.773041
37.1236040000001,126.776382
37.125549,126.782211
37.133881,126.819443
37.138046,126.853043
37.138885,126.859421
37.140831,126.865257
37.145828,126.868591
37.172218,126.869713
37.1763840000001,126.869141
37.1741640000001,126.769989
37.172218,126.763893
37.168884,126.75943
37.1488800000001,126.738586
37.1316600000001,126.723038
37.128044,126.718597
37.1236040000001,126.707489
37.1216580000001,126.694427
37.1244350000001,126.687759
37.156097,126.661102
37.161934,126.660812
37.2486040000001,126.658867
37.2538830000001,126.661926
37.2555540000001,126.668053
37.2622150000001,126.699417
37.2449950000001,126.752777
37.231934,126.766098
37.2608260000001,126.856087
37.262772,126.861923
37.266937,126.865807
37.2716599999999,126.863602
37.3044360000001,126.847488
37.3083270000001,126.843323
37.308044,126.836113
37.2974930000001,126.814987
37.295547,126.809143
37.295547,126.801933
37.30471,126.770538
37.328049,126.722214
37.3867870000001,126.741928
37.3849950000001,126.732758
37.3847200000001,126.72554
37.386108,126.716927
37.401932,126.67276
37.404434,126.666092
37.4074940000001,126.660812
37.411102,126.656372
37.4713750000001,126.625526
37.4813770000001,126.621918
37.485825,126.625809
37.487495,126.631927
37.4838790000001,126.664146
37.4849930000001,126.670822
37.488045,126.674423
37.5405500000001,126.662773
37.5549930000001,126.658867
37.56675,126.65213
37.5913770000001,126.62915
37.619987,126.572487
37.6383290000001,126.553307
37.6424940000001,126.549988
37.6472170000001,126.547493
37.652214,126.546371
37.715546,126.532211
37.7211,126.531937
37.7624970000001,126.532761
37.763611,126.546654
37.7605510000001,126.641373
37.684433,126.680542
37.8339080000001,126.688492
37.9524920000001,126.727768
37.957771,126.745529
37.9683230000001,126.766663
37.9788740000001,126.780273
38.000549,126.807213
38.016106,126.824432
38.1286010000001,126.935257
38.1544490000001,126.955109
38.183052,126.966927
38.194153,126.972763
38.209435,126.982758
38.218048,126.99054
38.22924,127.005798
38.2461010000001,127.042213
38.2538830000001,127.058029
38.2599950000001,127.068047
38.2808230000001,127.095833
38.2874980000001,127.106087
38.297218,127.127762
38.2991640000001,127.133881
38.3119350000001,127.197479
38.318886,127.251389
38.323326,127.366379
38.3124920000001,127.450821
38.307495,127.537491
38.3191600000001,127.661926
38.3202740000001,127.676086
38.3136060000001,127.885269
38.3083270000001,127.971367
38.306099,127.988037
38.30555,128.010529
38.3066560000001,128.054688
38.3119350000001,128.079956
38.328331,128.134155
38.330276,128.139984
38.3352660000001,128.150818
38.3438800000001,128.166077
38.3499980000001,128.176086
38.365547,128.200806
38.3816600000001,128.224976
38.395271,128.243561
38.411659,128.260529
38.4302750000001,128.279694
38.4505460000001,128.293304
38.4683230000001,128.301361
38.4886020000001,128.307739
38.51416,128.312744
38.5205460000001,128.313599
38.531937,128.313599
38.5580440000001,128.307739
38.5627670000001,128.305542
38.578331,128.30191
38.5838780000001,128.303589
38.5888820000001,128.30719
38.5991590000001,128.32135
38.6252440000001,128.363556
38.579437,128.38916
38.3305510000001,128.532471
---
