29.4147189999999,48.392487
29.4100000000001,48.394722
29.4036060000001,48.3952640000001
29.398888,48.392487
29.395554,48.3883290000001
29.39444,48.381943
29.402222,48.375275
29.431107,48.3402710000001
29.433327,48.3347170000001
29.4347150000001,48.328331
29.4361080000001,48.3133320000001
29.437492,48.2922129999999
29.4361080000001,48.285828
29.4336050000001,48.2808230000001
29.4338840000001,48.274437
29.4361080000001,48.2691570000001
29.441109,48.2669300000001
29.4472200000001,48.268044
29.462772,48.2741550000001
29.4669420000001,48.2774890000001
29.468884,48.2830430000001
29.470833,48.3038790000001
29.469994,48.3108220000001
29.457497,48.3547130000001
29.450272,48.362488
---
29.5944400000001,48.2027660000001
29.5961040000001,48.1885990000001
29.601105,48.178322
29.6044430000001,48.1747210000001
29.6122210000001,48.1677630000001
29.6211050000001,48.162491
29.7733310000001,48.0799870000001
29.9297220000001,48.1461029999999
29.9686090000001,48.116936
29.972771,48.1138840000001
29.978329,48.112221
29.9816630000001,48.1163790000001
29.983604,48.122765
29.9919400000001,48.152222
29.9927750000001,48.1594309999999
29.9902730000001,48.172768
29.988049,48.178322
29.98193,48.1885380000001
29.966389,48.199158
29.95472,48.208321
29.866383,48.2797090000001
29.798882,48.3355410000001
29.7822190000001,48.347771
29.771664,48.352219
29.744999,48.359444
29.7319370000001,48.3599930000001
29.713329,48.3563770000001
29.6999970000001,48.348885
29.6869390000001,48.339722
29.674995,48.3299870000001
29.6600000000001,48.3155520000001
29.623882,48.278328
29.613888,48.2663879999999
29.605,48.2527690000001
29.599716,48.24305
29.595833,48.2319340000001
29.5947190000001,48.2247090000001
---
29.9641650000001,48.0202640000001
29.9649930000001,48.013878
29.967773,48.0091629999999
29.973885,48.008606
29.985554,48.0119320000001
29.9936070000001,48.0186000000001
30.0111050000001,48.037766
30.019161,48.052216
30.022495,48.0641560000001
30.0261080000001,48.0913850000001
30.0249979999999,48.106377
30.0230480000001,48.1116640000001
30.0180550000001,48.1141590000001
30.014721,48.109993
29.976105,48.0466540000001
29.968052,48.032219
---
30.0166630000001,47.9388810000001
30.017555,47.943474
29.9816630000001,47.951111
29.8641620000001,47.9822160000001
29.848328,47.9872210000001
29.8330540000001,47.9927750000001
29.8036080000001,48.0060960000001
29.7719379999999,48.0247120000001
29.7677729999999,48.0274889999999
29.7344440000001,48.0524980000001
29.7311100000001,48.056389
29.729443,48.0624850000001
29.731384,48.0683290000001
29.714165,48.088051
29.615829,48.1474910000001
29.582771,48.1644440000001
29.5655520000001,48.1677630000001
29.5591660000001,48.1680529999999
29.553055,48.1672130000001
29.5505490000001,48.1622090000001
29.5466609999999,48.151108
29.546104,48.145554
29.547218,48.138321
29.559994,48.1047130000001
29.5649990000001,48.0947190000001
29.5691600000001,48.091652
29.5741620000001,48.089432
29.5847210000001,48.0860980000001
29.5924990000001,48.079163
29.627499,48.0155490000001
29.6313860000001,48.003876
29.6322170000001,47.996666
29.631943,47.9816670000001
29.629719,47.9688800000001
29.6277730000001,47.9633260000001
29.619717,47.948601
29.4074940000001,47.7083210000001
29.3758320000001,47.7072220000001
29.329994,47.816109
29.3286060000001,47.8224870000001
29.328331,47.830269
29.3299500000001,47.854137
29.330273,47.858887
29.331387,47.865265
29.3352740000001,47.877213
29.3402750000001,47.8869320000001
29.361938,47.924988
29.384438,47.9622120000001
29.3849950000001,47.987488
29.3678260000001,48.005993
29.344994,48.028603
29.2547190000001,48.0797119999999
29.212513,48.097401
29.1030500000001,48.1222080000001
29.0338859999999,48.1438830000001
29.0241620000001,48.1483310000001
28.97805,48.17305
28.961105,48.1849980000001
28.836662,48.2788849999999
28.7422220000001,48.36055
28.714165,48.379715
28.683048,48.380829
28.6630520000001,48.3760990000001
28.6577760000001,48.374161
28.545277,48.416588
28.544167,48.3024980000001
28.538883,47.6888809999999
28.6141620000001,47.6177750000001
28.6349950000001,47.6027680000001
28.6999970000001,47.575272
28.706104,47.5747149999999
28.7330509999999,47.5766530000001
28.759995,47.5766530000001
28.766106,47.576111
28.777222,47.573318
28.7966610000001,47.564713
28.8505520000001,47.5405430000001
28.9230539999999,47.506943
28.984465,47.4633939999999
28.998882,47.460831
28.9994389999999,47.4599910000001
29.0530550000001,46.996666
29.075272,46.800278
29.098053,46.587769
29.1030500000001,46.548607
29.1041980000001,46.5469440000001
29.1052020000001,46.547356
29.114716,46.5524980000001
29.1261060000001,46.561935
29.130276,46.565819
29.14333,46.5816570000001
29.1561090000001,46.598885
29.1786080000001,46.635277
29.1861079999999,46.650269
29.1908569999999,46.65741
29.2303429999999,46.690384
29.266315,46.7149120000001
29.356384,46.7755510000001
29.4336050000001,46.8277660000001
29.4758260000001,46.858887
29.5499950000001,46.918053
29.559441,46.9299930000001
29.5716630000001,46.940269
29.585274,46.948318
29.646111,46.9813770000001
29.7941630000001,47.0477680000001
29.9019390000001,47.0922090000001
29.9122160000001,47.0966570000001
29.9463840000001,47.1136020000001
29.974716,47.1288760000001
29.9911080000001,47.14193
30.0019420000001,47.153603
30.0152700000001,47.1699910000001
30.031109,47.199158
30.035553,47.209435
30.0816610000001,47.351105
30.0827710000001,47.39666
30.0830540000001,47.436661
30.084438,47.715546
30.0838810000001,47.7313770000001
30.0188870000001,47.9310990000001
---
