-30.321392,27.464722
-30.318336,27.416943
-30.317329,27.378922
-30.226112,27.362499
-30.046669,27.296944
-29.996391,27.226387
-29.9925,27.223888
-29.951668,27.204441
-29.923708,27.191437
-29.856113,27.16
-29.735558,27.100277
-29.697502,27.071663
-29.693611,27.068333
-29.690281,27.064442
-29.6875,27.059444
-29.681667,27.042774
-29.679169,27.037777
-29.671669,27.030552
-29.644104,27.011726
-29.625278,27.011108
-29.621113,27.014164
-29.618057,27.018887
-29.568611,27.151402
-29.565002,27.163055
-29.554447,27.214996
-29.546112,27.251942
-29.53278,27.292774
-29.525839,27.30055
-29.499447,27.312496
-29.449448,27.359165
-29.300003,27.451385
-29.276756,27.492008
-29.20639,27.540833
-29.10667,27.629166
-29.09111,27.643053
-29.078335,27.633888
-29.073612,27.633053
-29.042503,27.636108
-29.038334,27.637497
-28.918056,27.797497
-28.9025,27.89222
-28.862225,28.016666
-28.810001,28.066944
-28.74028,28.11861
-28.699448,28.174721
-28.696667,28.179165
-28.697224,28.186386
-28.699722,28.191109
-28.711943,28.20083
-28.710556,28.279442
-28.710003,28.295277
-28.697502,28.34972
-28.695278,28.355
-28.691669,28.358887
-28.686668,28.361111
-28.670002,28.365276
-28.665279,28.367496
-28.661114,28.370277
-28.629169,28.397499
-28.626392,28.401943
-28.613613,28.459721
-28.610035,28.488205
-28.611389,28.513885
-28.610001,28.565552
-28.608891,28.572498
-28.607502,28.578888
-28.600834,28.594997
-28.587223,28.611111
-28.571667,28.639442
-28.569725,28.644722
-28.569447,28.651108
-28.571945,28.65583
-28.591114,28.680275
-28.601112,28.692497
-28.706947,28.7925
-28.757502,28.80694
-28.76162,28.865726
-28.764446,28.871109
-28.789169,28.898052
-28.801392,28.908054
-28.841946,28.933331
-28.87167,28.946941
-28.876392,28.949718
-28.879723,28.953609
-28.909447,28.998333
-29.033611,29.200554
-29.070835,29.279442
-29.073059,29.292221
-29.080559,29.315277
-29.084446,29.326385
-29.092503,29.333054
-29.278614,29.430832
-29.342503,29.454998
-29.347225,29.456108
-29.353336,29.455555
-29.416389,29.429996
-29.426113,29.425831
-29.433334,29.418053
-29.436111,29.413609
-29.437778,29.407219
-29.438892,29.39222
-29.442131,29.380074
-29.446114,29.368053
-29.455559,29.347221
-29.474167,29.312496
-29.476948,29.307777
-29.494446,29.296665
-29.505001,29.293331
-29.510712,29.292809
-29.581949,29.295277
-29.606113,29.298611
-29.617779,29.296665
-29.621948,29.293888
-29.627224,29.283886
-29.630558,29.271111
-29.631111,29.247498
-29.633614,29.234165
-29.639725,29.216942
-29.660278,29.176666
-29.667503,29.169167
-29.714447,29.146664
-29.719448,29.144444
-29.748611,29.133053
-29.761669,29.132774
-29.779449,29.136665
-29.798336,29.12722
-29.803337,29.124996
-29.814445,29.122498
-29.820557,29.121944
-29.826668,29.123055
-29.832226,29.124722
-29.836113,29.128052
-29.844723,29.141941
-29.845837,29.148331
-29.848335,29.153332
-29.851669,29.157497
-29.908337,29.170277
-29.913891,29.168888
-29.918335,29.165833
-29.921112,29.16111
-29.953335,29.101387
-29.980003,29.043888
-29.989841,29.022499
-30.055279,28.906387
-30.065002,28.885277
-30.101391,28.790554
-30.135281,28.674442
-30.13139,28.624996
-30.128334,28.612778
-30.128891,28.521385
-30.14167,28.41222
-30.143059,28.40583
-30.145279,28.400276
-30.16028,28.377777
-30.205833,28.351665
-30.210003,28.34861
-30.246948,28.310276
-30.326668,28.2575
-30.498337,28.16
-30.549446,28.149166
-30.554447,28.146942
-30.650528,28.079937
-30.64917,28.021664
-30.644169,27.972775
-30.638889,27.93972
-30.636391,27.926941
-30.599724,27.74361
-30.597778,27.738052
-30.594448,27.733887
-30.488613,27.615555
-30.480556,27.609165
-30.432503,27.576385
-30.423615,27.570553
-30.404911,27.564617
---
