6.416389,-10.812223
6.441388,-10.828611
6.461944,-10.849167
6.478055,-10.8675
6.483889,-10.875
6.497222,-10.896112
6.537777,-10.970001
6.587279,-11.075859
6.691944,-11.345278
6.695833,-11.355001
6.698333,-11.359167
6.732222,-11.38139
6.742222,-11.385279
6.748333,-11.384445
6.769444,-11.371389
6.783055,-11.365002
6.794722,-11.363056
6.80111,-11.36389
6.805833,-11.366112
6.828055,-11.378334
6.836111,-11.384167
6.908055,-11.463335
6.927091,-11.492331
6.923611,-11.468613
6.923611,-11.463057
6.93611,-11.429724
6.941944,-11.421391
7.018888,-11.380001
7.07861,-11.351389
7.116666,-11.341667
7.150833,-11.338612
7.212777,-11.307501
7.216944,-11.305279
7.235,-11.267502
7.243889,-11.23889
7.252222,-11.205002
7.255278,-11.194168
7.2575,-11.189445
7.260833,-11.186111
7.322222,-11.143333
7.332777,-11.140001
7.343562,-11.137777
7.351388,-11.131945
7.384444,-11.102779
7.508333,-10.935835
7.51111,-10.931946
7.511944,-10.925556
7.510833,-10.92
7.506666,-10.917223
7.504722,-10.913612
7.50611,-10.908335
7.520555,-10.880835
7.527778,-10.867224
7.530555,-10.863056
7.54188,-10.850863
7.5475,-10.845556
7.566388,-10.830002
7.669722,-10.747501
7.701944,-10.724724
7.724166,-10.705833
7.741666,-10.68889
7.744444,-10.684723
7.760555,-10.652224
7.772499,-10.607779
7.858889,-10.601946
8.030554,-10.603056
8.035276,-10.602222
8.112499,-10.529167
8.123055,-10.519167
8.131388,-10.506945
8.136389,-10.497778
8.143888,-10.477222
8.144444,-10.470835
8.144165,-10.452501
8.1425,-10.440556
8.139166,-10.43
8.144999,-10.360834
8.146387,-10.355278
8.15361,-10.341667
8.165554,-10.325834
8.189999,-10.302223
8.198332,-10.296946
8.203888,-10.295557
8.451666,-10.264168
8.458611,-10.264446
8.488377,-10.266651
8.477499,-10.218334
8.479443,-10.213335
8.482498,-10.209167
8.512777,-10.169724
8.474998,-9.965557
8.502848,-9.896172
8.499443,-9.87639
8.49472,-9.845835
8.506388,-9.796112
8.50861,-9.791389
8.51222,-9.787779
8.492222,-9.677223
8.489166,-9.6625
8.471109,-9.639168
8.346931,-9.48365
8.165554,-9.462778
8.031387,-9.410002
8.021111,-9.406389
8.014166,-9.406113
8.00861,-9.407501
7.976944,-9.416389
7.972221,-9.418335
7.968055,-9.421112
7.958888,-9.431391
7.95,-9.436111
7.944444,-9.437223
7.901111,-9.437223
7.837777,-9.410278
7.750278,-9.360001
7.742367,-9.353859
7.739385,-9.35745
7.735277,-9.360001
7.688889,-9.375278
7.677221,-9.377224
7.647222,-9.379446
7.640833,-9.378613
7.631944,-9.373611
7.611111,-9.366945
7.559999,-9.384167
7.489444,-9.413057
7.479722,-9.417223
7.475555,-9.42
7.461666,-9.433334
7.450555,-9.449722
7.44361,-9.456667
7.44,-9.460001
7.43111,-9.464724
7.373055,-9.48778
7.366944,-9.486946
7.361989,-9.485161
7.380833,-9.467779
7.387777,-9.461113
7.401944,-9.4475
7.424999,-9.422501
7.428611,-9.330557
7.428611,-9.325001
7.421389,-9.311668
7.382222,-9.241112
7.349166,-9.206667
7.237222,-9.099724
7.226944,-9.096111
7.222221,-9.098057
7.198889,-9.106945
7.206666,-9.093889
7.208611,-9.089169
7.228611,-9.036945
7.251666,-8.972502
7.255278,-8.913057
7.251944,-8.909723
7.2675,-8.846945
7.270833,-8.843613
7.281111,-8.840279
7.309444,-8.834446
7.405277,-8.79389
7.415555,-8.783611
7.512777,-8.709167
7.518332,-8.707779
7.555277,-8.711113
7.559999,-8.713335
7.560807,-8.719093
7.561944,-8.722502
7.565833,-8.72389
7.572222,-8.723057
7.640833,-8.710556
7.650555,-8.70639
7.654166,-8.702778
7.68111,-8.675001
7.695,-8.660557
7.692489,-8.573427
7.691749,-8.551689
7.658055,-8.554167
7.650555,-8.555
7.634722,-8.559168
7.622515,-8.557524
7.61861,-8.555834
7.615019,-8.550703
7.606944,-8.539167
7.571388,-8.486946
7.561325,-8.469749
7.535181,-8.439243
7.527675,-8.432987
7.496388,-8.415834
7.469166,-8.408335
7.456111,-8.40889
7.444444,-8.410833
7.420278,-8.410002
7.377222,-8.403057
7.315277,-8.391945
7.229444,-8.350557
7.203055,-8.323334
7.180833,-8.287779
7.17611,-8.285557
7.022778,-8.290556
6.860833,-8.308334
6.855277,-8.309446
6.810555,-8.327501
6.784444,-8.339724
6.748055,-8.359167
6.730833,-8.369167
6.715555,-8.378613
6.667222,-8.418056
6.652416,-8.43507
6.653953,-8.439746
6.659166,-8.444445
6.657777,-8.450279
6.65361,-8.452778
6.648055,-8.454168
6.635833,-8.455278
6.631666,-8.458057
6.630278,-8.463612
6.632777,-8.473057
6.628611,-8.475834
6.626666,-8.480835
6.623055,-8.484167
6.618333,-8.486113
6.61361,-8.483891
6.609444,-8.486946
6.609166,-8.492224
6.613333,-8.495001
6.615277,-8.499723
6.614444,-8.504723
6.610555,-8.507223
6.604166,-8.506668
6.598888,-8.505001
6.594166,-8.505835
6.591944,-8.510557
6.593888,-8.515278
6.600555,-8.522501
6.604722,-8.525278
6.606111,-8.530834
6.6025,-8.534168
6.596389,-8.534723
6.584722,-8.532501
6.578055,-8.532501
6.566388,-8.534168
6.562222,-8.536945
6.559999,-8.541668
6.559166,-8.547779
6.563889,-8.56389
6.562222,-8.569445
6.558888,-8.572779
6.553333,-8.572779
6.549444,-8.563057
6.546111,-8.560835
6.543333,-8.565001
6.539721,-8.568335
6.534166,-8.569445
6.53,-8.572224
6.526667,-8.5825
6.526388,-8.589445
6.529166,-8.600557
6.525,-8.603334
6.518888,-8.603889
6.507815,-8.606384
6.495,-8.549723
6.493055,-8.545
6.490277,-8.540834
6.435833,-8.475279
6.360555,-8.374445
6.275,-8.169724
6.275555,-8.143612
6.277778,-8.122223
6.293611,-8.067501
6.300555,-7.999445
6.261944,-7.897779
6.245277,-7.875834
6.209444,-7.829167
6.202777,-7.822223
6.070555,-7.789167
6.019444,-7.778056
6.009166,-7.781389
5.982499,-7.785833
5.973611,-7.781112
5.950555,-7.762222
5.947222,-7.758889
5.944444,-7.754723
5.915,-7.708889
5.909721,-7.700556
5.905555,-7.690834
5.904444,-7.685556
5.905833,-7.68
5.910555,-7.678056
5.9175,-7.678334
5.938055,-7.655001
5.883055,-7.563612
5.843333,-7.498056
5.857499,-7.461112
5.859722,-7.4525
5.862499,-7.441389
5.860555,-7.436389
5.853611,-7.429445
5.849722,-7.426667
5.839444,-7.423334
5.811388,-7.427778
5.789444,-7.433056
5.74361,-7.436111
5.714999,-7.431667
5.646388,-7.405556
5.631428,-7.399767
5.569444,-7.3725
5.540833,-7.391389
5.485833,-7.416389
5.437222,-7.436389
5.430555,-7.436389
5.398333,-7.426945
5.393611,-7.425
5.364444,-7.406389
5.361111,-7.402779
5.360555,-7.398056
5.368889,-7.392501
5.374166,-7.391389
5.376944,-7.387222
5.375833,-7.381667
5.372222,-7.378056
5.367499,-7.376112
5.335555,-7.3675
5.329444,-7.366667
5.323333,-7.3675
5.314444,-7.371945
5.10111,-7.495278
5.093611,-7.50139
5.092222,-7.506945
5.094722,-7.511111
5.051389,-7.560556
4.905833,-7.588334
4.821944,-7.590834
4.810821,-7.587425
4.787499,-7.56389
4.78361,-7.561111
4.777499,-7.560278
4.744166,-7.557778
4.609444,-7.551111
4.6025,-7.551111
4.537222,-7.554445
4.4575,-7.559723
4.451388,-7.560278
4.393332,-7.56389
4.387221,-7.563056
4.3825,-7.561111
4.374999,-7.554723
4.371666,-7.55139
4.352806,-7.525402
4.349548,-7.537667
4.343333,-7.600834
4.343888,-7.606945
4.355277,-7.706667
4.357778,-7.717778
4.359722,-7.722501
4.387777,-7.776668
4.423888,-7.816668
4.452777,-7.845278
4.475555,-7.886945
4.498055,-7.93889
4.502222,-7.948611
4.505278,-7.958889
4.541111,-8.085556
4.56111,-8.177502
4.562499,-8.190001
4.569166,-8.236946
4.570555,-8.2425
4.574444,-8.252224
4.643332,-8.337778
4.749722,-8.538057
4.796666,-8.63389
4.811666,-8.671667
4.813055,-8.676945
4.816667,-8.709446
4.831388,-8.724724
4.914444,-8.852222
4.925833,-8.875278
4.99361,-9.023335
4.998888,-9.037224
5.004722,-9.058334
5.055555,-9.142778
5.122777,-9.23889
5.210833,-9.352779
5.256389,-9.407778
5.270913,-9.420408
5.285277,-9.433613
5.314166,-9.459446
5.336111,-9.478613
5.343611,-9.484724
5.419722,-9.545557
5.476666,-9.591391
5.48,-9.595001
5.573889,-9.733334
5.602221,-9.774168
5.610833,-9.784723
5.851666,-10.041945
5.855,-10.045279
5.864444,-10.049723
5.870555,-10.049446
5.926944,-10.095278
6.048611,-10.233612
6.06111,-10.248335
6.068333,-10.261667
6.072222,-10.271112
6.083055,-10.315001
6.091389,-10.340557
6.093888,-10.344723
6.108611,-10.364168
6.118889,-10.368057
6.15238,-10.366753
6.157222,-10.366667
6.167222,-10.377224
6.203333,-10.441946
6.205,-10.453611
6.205,-10.460556
6.202222,-10.464724
6.195833,-10.46389
6.170833,-10.452223
6.209999,-10.600834
6.217983,-10.638012
6.2225,-10.656389
6.234444,-10.691668
6.271111,-10.764168
6.303611,-10.806946
6.306944,-10.810278
6.31111,-10.811668
6.315833,-10.81139
6.376389,-10.792778
6.403,-10.806074
---
