55.27655,20.9848140000001
55.2872010000001,20.9428330000001
55.3308260000001,20.982773
55.3524930000001,21.002499
55.4008260000001,21.0394400000001
55.411659,21.04472
55.4224930000001,21.049999
55.4516600000001,21.064442
55.499718,21.0830540000001
55.5147170000001,21.0886080000001
55.5311050000001,21.092495
55.548882,21.09444
55.594154,21.095829
55.665268,21.0963860000001
55.6783290000001,21.0952760000001
55.7033230000001,21.092495
55.7180480000001,21.0883290000001
55.719986,21.089996
55.7147140000001,21.097218
55.7036060000001,21.10944
55.697487,21.1149980000001
55.688324,21.122498
55.6777730000001,21.127773
55.6291580000001,21.13472
55.574997,21.128052
55.42083,21.1030500000001
55.333054,21.048885
55.3263850000001,21.044441
---
56.219154,25.0724980000001
56.2105480000001,25.0811079999999
56.201103,25.0969430000001
56.1972120000001,25.1061060000001
56.188881,25.133884
56.1861040000001,25.1458280000001
56.1844330000001,25.1602750000001
56.183327,25.183052
56.180824,25.2624970000001
56.169159,25.327496
56.1663820000001,25.4297180000001
56.1513820000001,25.5827750000001
56.1152730000001,25.6969410000001
56.1080470000001,25.699162
56.098045,25.7049940000001
56.094994,25.707771
56.0899890000001,25.714996
55.9994350000001,25.891106
55.980545,25.932217
55.976936,25.9422190000001
55.9597170000001,25.996384
55.9551540000001,26.0142750000001
55.9380420000001,26.0583310000001
55.8674930000001,26.1908300000001
55.8599930000001,26.20166
55.851662,26.210827
55.8399889999999,26.2219390000001
55.8188860000001,26.239162
55.814995,26.2402730000001
55.7847209999999,26.256943
55.775269,26.263332
55.76944,26.2688870000001
55.7641600000001,26.2752760000001
55.739716,26.3133320000001
55.7263790000001,26.3386080000001
55.71888,26.35833
55.714157,26.375553
55.686378,26.4983290000001
55.6838760000001,26.5108300000001
55.6808240000001,26.5313870000001
55.6761020000001,26.575275
55.6749950000001,26.5913849999999
55.674835,26.613209
55.661934,26.6208310000001
55.642769,26.624439
55.605827,26.629162
55.601662,26.629162
55.593048,26.626663
55.446938,26.526665
55.349716,26.4572180000001
55.3455430000001,26.455551
55.341377,26.45583
55.3388820000001,26.4591600000001
55.333603,26.472771
55.3238830000001,26.505833
55.317772,26.528885
55.313049,26.554718
55.314713,26.5669399999999
55.3294370000001,26.619164
55.331108,26.6313860000001
55.330276,26.6458280000001
55.3136060000001,26.7669410000001
55.308884,26.7838860000001
55.3011020000001,26.8011090000001
55.2936100000001,26.8116650000001
55.2852710000001,26.8197170000001
55.281105,26.8197170000001
55.2749940000001,26.8138850000001
55.2644420000001,26.799721
55.2591630000001,26.7922210000001
55.2505490000001,26.7752760000001
55.190826,26.6416630000001
55.1483310000001,26.5213850000001
55.1522140000001,26.5027770000001
55.1549909999999,26.4816630000001
55.1480480000001,26.284164
55.1433260000001,26.276108
55.1297150000001,26.2594409999999
55.123604,26.2533300000001
55.110825,26.2497180000001
55.090546,26.2508320000001
55.0819400000001,26.250275
55.071106,26.248329
55.0299910000001,26.2194400000001
55.0213780000001,26.209995
54.977211,26.160828
54.961937,26.0763850000001
54.9549939999999,25.9433289999999
54.9561,25.9299960000001
54.953606,25.911942
54.9422150000001,25.87722
54.939987,25.873051
54.8758240000001,25.7952770000001
54.8702700000001,25.788887
54.793053,25.738884
54.789436,25.73666
54.784996,25.7361070000001
54.683052,25.7269400000001
54.6666640000001,25.7272190000001
54.655823,25.731106
54.652489,25.733051
54.626381,25.7486040000001
54.617767,25.7566639999999
54.611382,25.7613870000001
54.604439,25.7641640000001
54.5924910000001,25.765274
54.5883260000001,25.765553
54.5791630000001,25.7641640000001
54.569992,25.7555540000001
54.564438,25.748882
54.5516589999999,25.731106
54.545273,25.718327
54.5308230000001,25.666939
54.526657,25.6583290000001
54.517494,25.6488840000001
54.3661040000001,25.5572200000001
54.3591610000001,25.5530510000001
54.351105,25.550274
54.3327710000001,25.5474970000001
54.3286060000001,25.5474970000001
54.3249970000001,25.5486070000001
54.3219380000001,25.551388
54.3169400000001,25.558331
54.3136060000001,25.568886
54.3116610000001,25.5819399999999
54.311378,25.6111070000001
54.3144380000001,25.641384
54.3172149999999,25.659161
54.320831,25.675552
54.3249970000001,25.6911050000001
54.3302760000001,25.6983300000001
54.333328,25.701107
54.3352660000001,25.7052730000001
54.333603,25.7105520000001
54.3286060000001,25.717495
54.2508320000001,25.804996
54.248047,25.807774
54.2438810000001,25.8080519999999
54.1752700000001,25.793053
54.1672130000001,25.789997
54.160545,25.7852750000001
54.154991,25.7716640000001
54.153877,25.766109
54.1377720000001,25.6811070000001
54.1361080000001,25.669163
54.1361080000001,25.662216
54.1430510000001,25.5519410000001
54.144997,25.538887
54.1469420000001,25.534443
54.183052,25.504719
54.18721,25.5061070000001
54.1977690000001,25.541386
54.2033230000001,25.547775
54.2363819999999,25.5758290000001
54.240273,25.5772210000001
54.243607,25.57444
54.2519380000001,25.5647200000001
54.3019330000001,25.50333
54.3041610000001,25.498882
54.3066560000001,25.47805
54.306099,25.471661
54.3049930000001,25.4661060000001
54.299721,25.451939
54.288887,25.438328
54.273605,25.4241640000001
54.2683259999999,25.4172169999999
54.261108,25.40583
54.255829,25.391663
54.2541660000001,25.3724980000001
54.252777,25.345829
54.2213750000001,25.207497
54.2105480000001,25.201385
54.186104,25.178883
54.172493,25.161942
54.1444400000001,25.101387
54.1374970000001,25.0824970000001
54.13472,25.071941
54.1297149999999,25.043053
54.1299900000001,25.0305520000001
54.1311040000001,25.024441
54.13694,25.0102770000001
54.139435,25.0066640000001
54.1452710000001,25.0013890000001
54.1547090000001,24.9861070000001
54.1577680000001,24.9758259999999
54.1586,24.968884
54.1580430000001,24.955273
54.1466600000001,24.863052
54.144997,24.85083
54.1422200000001,24.8402750000001
54.1397170000001,24.8369410000001
54.1083300000001,24.799721
54.1052700000001,24.7969439999999
54.101387,24.795551
54.0913770000001,24.801388
54.0788800000001,24.8105550000001
54.063881,24.8224980000001
54.061378,24.8261070000001
54.054993,24.83083
54.0419390000001,24.838329
54.0344390000001,24.8405530000001
54.018051,24.8413849999999
54.0041660000001,24.8394390000001
53.9966580000001,24.8361090000001
53.986382,24.829163
53.9772110000001,24.820831
53.9688800000001,24.7347179999999
53.968597,24.7277720000001
53.969437,24.7208290000001
53.9738770000001,24.7127720000001
53.9799879999999,24.70805
53.9908290000001,24.7041630000001
53.994156,24.702217
54,24.6966630000001
54.0016630000001,24.691662
54.0019379999999,24.6852720000001
53.992218,24.612217
53.9547120000001,24.5230520000001
53.9460980000001,24.505833
53.9247130000001,24.471661
53.920547,24.463329
53.894997,24.406384
53.8897170000001,24.3924940000001
53.888603,24.38694
53.8880460000001,24.3808289999999
53.8997190000001,24.2777750000001
53.903877,24.269165
53.9091570000001,24.262775
53.9161000000001,24.25972
53.9244380000001,24.2591630000001
53.934433,24.2533300000001
53.943047,24.244995
53.948326,24.238605
53.9574969999999,24.2236060000001
53.963326,24.209438
53.965546,24.1972160000001
53.967491,24.1755520000001
53.9663850000001,24.1552730000001
53.964157,24.1438870000001
53.960274,24.1349950000001
53.953049,24.123886
53.9499970000001,24.121384
53.9424900000001,24.1102750000001
53.9394300000001,24.1005520000001
53.9374920000001,24.088608
53.936653,24.075275
53.9372100000001,24.016109
53.9388809999999,23.9861070000001
53.940544,23.898884
53.9355469999999,23.7838860000001
53.923882,23.709438
53.928879,23.5988850000001
53.9327700000001,23.5897180000001
53.9391560000001,23.5686070000001
53.943321,23.5436100000001
53.9466550000001,23.516666
53.947044,23.50404
53.960548,23.508053
54.0302730000001,23.517776
54.0472180000001,23.51722
54.11721,23.49416
54.138329,23.4844400000001
54.172768,23.4591600000001
54.175552,23.456383
54.231934,23.3619420000001
54.238884,23.3502730000001
54.2472150000001,23.333054
54.2872160000001,23.204441
54.3044360000001,23.1158290000001
54.3799900000001,23.0030520000001
54.381054,23.001991
54.383049,22.9999999999999
54.387772,22.9927710000001
54.3891600000001,22.987495
54.408043,22.8702740000001
54.4086000000001,22.856106
54.406937,22.843609
54.4033200000001,22.8266640000001
54.3974910000001,22.81361
54.39444,22.8108290000001
54.363838,22.785885
54.376938,22.7763860000001
54.4194410000001,22.7408290000001
54.42749,22.731384
54.4397130000001,22.713608
54.4481200000001,22.707069
54.455826,22.7022170000001
54.4733200000001,22.6944390000001
54.4936069999999,22.691383
54.5227660000001,22.693886
54.53611,22.695827
54.691376,22.719162
54.6949920000001,22.721107
54.7172090000001,22.7452739999999
54.7697140000001,22.809441
54.773605,22.8183289999999
54.7744369999999,22.8319399999999
54.7758260000001,22.837776
54.7774890000001,22.842495
54.782768,22.849442
54.8002700000001,22.861385
54.810547,22.8677750000001
54.8144380000001,22.869164
54.8233260000001,22.869164
54.8386,22.8649980000001
54.8758240000001,22.8533290000001
54.8874970000001,22.849442
54.896942,22.842495
54.901657,22.8349950000001
54.962494,22.7322160000001
54.9638820000001,22.7266620000001
54.963608,22.7194400000001
54.9605480000001,22.70166
54.9583280000001,22.6822169999999
54.958603,22.6591610000001
54.9597170000001,22.6530490000001
54.9616620000001,22.648331
54.963608,22.643887
54.9663850000001,22.6408310000001
54.9697110000001,22.6386069999999
55.0430530000001,22.603607
55.046661,22.6022190000001
55.0633240000001,22.512775
55.067215,22.27972
55.066383,22.2580530000001
55.061661,22.1972160000001
55.060272,22.184162
55.0552670000001,22.146385
55.053879,22.1405530000001
55.0522160000001,22.1358299999999
55.0494380000001,22.132217
55.040276,22.124439
55.037498,22.121109
55.030823,22.108608
55.0280460000001,22.0980529999999
55.0266570000001,22.0772210000001
55.027489,22.061943
55.0299910000001,22.050274
55.132767,21.7322160000001
55.1366580000001,21.7227710000001
55.139435,21.719994
55.146103,21.7155490000001
55.1788790000001,21.6544420000001
55.184715,21.640274
55.197212,21.564163
55.2519380000001,21.4313850000001
55.2827680000001,21.389717
55.2870940000001,21.3812830000001
55.2886050000001,21.3741650000001
55.2883070000001,21.3678780000001
55.2868580000001,21.363308
55.27063,21.327656
55.2588880000001,21.3002739999999
55.2519380000001,21.2805520000001
55.2493060000001,21.2691500000001
55.248985,21.2639350000001
55.260639,21.268602
55.275684,21.2661630000001
55.279343,21.271448
55.283333,21.2886090000001
55.2874980000001,21.289719
55.291664,21.2891650000001
55.3228490000001,21.2767349999999
55.3346410000001,21.2539650000001
55.3659480000001,21.255999
55.36676,21.2385160000001
55.3598480000001,21.2307890000001
55.34074,21.1946030000001
55.34074,21.1836260000001
55.353344,21.1868780000001
55.4183960000001,21.2417680000001
55.437099,21.247866
55.4633260000001,21.2472150000001
55.4705430000001,21.244438
55.574997,21.1974950000001
55.6761020000001,21.145275
55.679161,21.1430510000001
55.7094350000001,21.116386
55.7149959999999,21.109997
55.7224880000001,21.0974960000001
55.7305450000001,21.0791630000001
55.7333300000001,21.0761069999999
55.7366559999999,21.0738870000001
55.781662,21.058331
55.8827670000001,21.04472
55.90416,21.043331
55.916664,21.0430530000001
55.9277730000001,21.047775
55.9455410000001,21.0577740000001
55.95694,21.0622180000001
55.9777680000001,21.0666660000001
55.9913790000001,21.0672190000001
56.0499950000001,21.0605550000001
56.0619350000001,21.0577740000001
56.0773090000001,21.051685
56.0794370000001,21.058052
56.0841600000001,21.089165
56.0866550000001,21.108887
56.087494,21.1238860000001
56.088043,21.146664
56.083328,21.1972160000001
56.083878,21.204716
56.085548,21.2097170000001
56.0899890000001,21.2180519999999
56.0961,21.223328
56.1072160000001,21.2288820000001
56.1230470000001,21.2338829999999
56.141106,21.2347180000001
56.1622090000001,21.2391620000001
56.1683270000001,21.244438
56.1786040000001,21.2588880000001
56.23555,21.3458289999999
56.23999,21.354443
56.2408290000001,21.361107
56.241104,21.3766630000001
56.2408290000001,21.3849950000001
56.2397160000001,21.3913840000001
56.2394330000001,21.407772
56.2405470000001,21.42194
56.2419360000001,21.427773
56.248878,21.447773
56.295273,21.5666660000001
56.323326,21.7355500000001
56.369156,21.9052730000001
56.412766,22.0386090000001
56.4161000000001,22.048885
56.419441,22.0672190000001
56.4236070000001,22.139439
56.424164,22.154442
56.4038770000001,22.3094410000001
56.4063800000001,22.481384
56.4063800000001,22.497215
56.404434,22.519165
56.3997190000001,22.5536080000001
56.3947140000001,22.5869410000001
56.389992,22.6119420000001
56.3869400000001,22.6233290000001
56.3849950000001,22.6280520000001
56.3802720000001,22.6358300000001
56.3752670000001,22.643608
56.3672100000001,22.653606
56.362495,22.6613850000001
56.358604,22.6711080000001
56.356659,22.691383
56.3791580000001,22.8272210000001
56.3824920000001,22.8374980000001
56.3869400000001,22.8461070000001
56.397491,22.8602749999999
56.4102710000001,22.8863830000001
56.420547,22.916939
56.423325,22.928051
56.4244380000001,22.933884
56.4238820000001,22.941383
56.4222180000001,22.9469409999999
56.4180530000001,22.955551
56.398605,22.98666
56.393051,22.9927710000001
56.3833310000001,22.999161
56.3661040000001,23.0083310000001
56.355553,23.013054
56.3494339999999,23.0180550000001
56.3341600000001,23.0313870000001
56.328606,23.037498
56.319443,23.053886
56.3136060000001,23.0680540000001
56.3058240000001,23.096107
56.30555,23.104443
56.306656,23.1102750000001
56.3138810000001,23.1299970000001
56.3224949999999,23.1472170000001
56.345543,23.1802750000001
56.348877,23.1813850000001
56.351105,23.177494
56.352219,23.1711080000001
56.35527,23.1680529999999
56.3591610000001,23.167496
56.361938,23.1711080000001
56.364716,23.182217
56.380821,23.296108
56.3802720000001,23.3199959999999
56.3777690000001,23.3322180000001
56.369156,23.35833
56.364998,23.3677750000001
56.345268,23.441662
56.343048,23.4544410000001
56.3341600000001,23.5252760000001
56.3347170000001,23.5474970000001
56.3372120000001,23.559441
56.3413770000001,23.568054
56.3491590000001,23.5788840000001
56.355553,23.5847210000001
56.362213,23.596943
56.3641590000001,23.6086080000001
56.361382,23.7263830000001
56.3599930000001,23.7411040000001
56.342766,23.873608
56.3322140000001,23.948883
56.3227690000001,23.991383
56.318054,24.0083310000001
56.2855530000001,24.065273
56.281662,24.07444
56.26416,24.1358300000001
56.2613830000001,24.147774
56.2611080000001,24.1633299999999
56.263329,24.175274
56.2894360000001,24.2649989999999
56.3083270000001,24.320274
56.3105470000001,24.3322180000001
56.3108220000001,24.339718
56.3091580000001,24.3452760000001
56.3016589999999,24.364719
56.2955469999999,24.3788830000001
56.2819370000001,24.4041630000001
56.2761000000001,24.418327
56.2727660000001,24.4294400000001
56.269714,24.44944
56.2691570000001,24.4733279999999
56.269714,24.4799960000001
56.28833,24.558331
56.2905500000001,24.562775
56.3124920000001,24.582497
56.3291630000001,24.6027759999999
56.365829,24.653328
56.4486010000001,24.87944
56.450829,24.8913840000001
56.450546,24.899719
56.4494320000001,24.9061050000001
56.4452670000001,24.91555
56.439987,24.9222179999999
56.406937,24.942219
56.3824920000001,24.956661
56.3536070000001,24.9705510000001
56.3291630000001,24.981937
56.3049930000001,24.99305
56.2955469999999,25.0000000000001
---
