50.166107,6.02861
50.160828,6.031111
50.159164,6.033889
50.131943,6.12
50.127846,6.134414
50.121941,6.130278
50.116386,6.128055
50.090828,6.118333
50.058884,6.112778
50.055832,6.113333
50.013885,6.130555
49.993889,6.140555
49.952217,6.173055
49.949997,6.175278
49.897499,6.234166
49.884163,6.250278
49.880554,6.255278
49.855316,6.315938
49.848328,6.321111
49.817772,6.395555
49.808884,6.429722
49.811104,6.481944
49.811104,6.522222
49.808609,6.524444
49.80555,6.524722
49.706627,6.505835
49.696106,6.484722
49.693604,6.473055
49.691109,6.46611
49.665833,6.420833
49.525864,6.356486
49.489166,6.362778
49.459389,6.36217
49.469162,6.328333
49.476662,6.302777
49.505974,6.247318
49.507774,6.239721
49.508331,6.229722
49.504715,6.165277
49.503883,6.156111
49.489716,6.124166
49.487221,6.123055
49.480553,6.122499
49.471664,6.12
49.469719,6.118055
49.454163,6.094444
49.453049,6.090555
49.448326,5.981388
49.448608,5.977777
49.501106,5.855277
49.51416,5.838611
49.536385,5.811666
49.538887,5.809999
49.545044,5.80788
49.549164,5.834167
49.550278,5.837777
49.571663,5.863055
49.640549,5.900277
49.662773,5.899166
49.709885,5.87615
49.719719,5.869444
49.78083,5.790277
49.789993,5.764999
49.791107,5.750833
49.79277,5.748055
49.795273,5.746666
49.834999,5.734444
49.907494,5.747777
49.95166,5.770833
49.956108,5.774722
49.957771,5.777499
49.962494,5.791389
49.986938,5.834444
50.077217,5.883055
50.080551,5.883055
50.098885,5.886666
50.104164,5.889444
50.10611,5.891666
50.16861,5.969722
50.171387,5.976388
50.181389,6.013888
50.18222,6.021944
50.181252,6.026256
---
