-17.09528,49.8272170000001
-17.088337,49.82
-17.049168,49.817215
-17.0394479999999,49.8180540000001
-16.913891,49.8605500000001
-16.902779,49.8672180000001
-16.759724,49.961662
-16.725559,50.010551
-16.878613,49.952217
-16.907501,49.93972
-16.958889,49.909996
-17.0897249999999,49.8336110000001
---
-15.436668,47.212776
-15.434446,47.207771
-15.431667,47.203331
-15.427502,47.2005540000001
-15.4205569999999,47.206665
-15.42,47.2130510000001
-15.420834,47.219444
-15.423613,47.2236100000001
-15.428612,47.2258300000001
-15.434168,47.224159
-15.436668,47.2197190000001
---
-13.42,48.33194
-13.406113,48.224442
-13.404724,48.2202760000001
-13.3947239999999,48.2088850000001
-13.3913899999999,48.2055510000001
-13.364168,48.1980510000001
-13.338057,48.192215
-13.318056,48.1916660000001
-13.27,48.196663
-13.2025009999999,48.2663879999999
-13.1966669999999,48.2813870000001
-13.195278,48.2869420000001
-13.195278,48.294167
-13.1958349999999,48.319443
-13.2000009999999,48.3222200000001
-13.211113,48.3249970000001
-13.3941669999999,48.3619380000001
-13.406668,48.3633270000001
-13.410002,48.3597179999999
-13.418056,48.3424990000001
---
-12.626945,49.598053
-12.623611,49.594444
-12.618891,49.592499
-12.613335,49.592499
-12.610001,49.595833
-12.610556,49.602219
-12.614168,49.605827
-12.618891,49.6077730000001
-12.624445,49.6077730000001
-12.62639,49.6044390000001
---
-12.187223,49.3699950000001
-12.2072239999999,49.371941
-12.204445,49.362778
-12.19389,49.3552700000001
-12.184446,49.3497159999999
-12.1644459999999,49.335274
-12.157501,49.3255540000001
-12.14389,49.26194
-12.148056,49.251938
-12.1674459999999,49.243885
-12.1722779999999,49.240551
-12.225,49.232498
-12.278612,49.267494
-12.2855569999999,49.274437
-12.301111,49.3274990000001
-12.303335,49.346382
-12.299446,49.3563840000001
-12.293335,49.3641660000001
-12.283611,49.368332
-12.272223,49.370552
-12.262501,49.3663860000001
-12.282778,49.428604
-12.345835,49.518326
-12.384445,49.5438839999999
-12.485279,49.5908280000001
-12.507778,49.5955510000001
-12.520279,49.596664
-12.532501,49.596664
-12.542223,49.592499
-12.565103,49.574886
-12.582493,49.5765270000001
-12.5998819999999,49.574558
-12.609398,49.566685
-12.6182569999999,49.5624200000001
-12.633349,49.5620920000001
-12.648771,49.5706210000001
-12.652052,49.589981
-12.648335,49.5986100000001
-12.701946,49.6536100000001
-12.816113,49.79805
-12.950001,49.8947220000001
-12.958334,49.9002760000001
-13.0394459999999,49.943329
-13.074446,49.9474950000001
-13.0866679999999,49.9472200000001
-13.096945,49.943604
-13.118891,49.940826
-13.181112,49.933327
-13.224445,49.943604
-13.346668,49.9794390000001
-13.449446,50.0247190000001
-13.4638899999999,50.038055
-13.483891,50.0344390000001
-13.496113,50.0344390000001
-13.5133339999999,50.0377730000001
-13.521667,50.043327
-13.529167,50.0511090000001
-13.534723,50.059441
-13.541668,50.0666660000001
-13.550556,50.071388
-13.627501,50.1019440000001
-13.761946,50.1380540000001
-13.773613,50.1402740000001
-13.8202779999999,50.148331
-13.832779,50.1497190000001
-13.852501,50.150276
-13.876667,50.14666
-13.896389,50.145271
-13.98889,50.1441649999999
-13.998611,50.1497190000001
-14.015001,50.160828
-14.049446,50.174995
-14.061945,50.176109
-14.105001,50.1711040000001
-14.2016679999999,50.160553
-14.221668,50.1599960000001
-14.2319449999999,50.1633300000001
-14.241667,50.168327
-14.249168,50.174721
-14.25528,50.1824950000001
-14.259445,50.192215
-14.2658349999999,50.1999970000001
-14.2738899999999,50.2055510000001
-14.291945,50.2155530000001
-14.304167,50.2169420000001
-14.3111109999999,50.2169420000001
-14.342501,50.213882
-14.374723,50.203888
-14.4186119999999,50.192215
-14.4311119999999,50.1908260000001
-14.451668,50.190552
-14.570278,50.1999970000001
-14.71139,50.238327
-14.826113,50.2719420000001
-14.905001,50.2999950000001
-14.9986109999999,50.337494
-15.0977779999999,50.4011080000001
-15.1458339999999,50.433609
-15.20389,50.483887
-15.249453,50.4967800000001
-15.262779,50.498055
-15.308889,50.501389
-15.322779,50.501389
-15.405834,50.482773
-15.580002,50.433609
-15.81889,50.3263850000001
-15.8736109999999,50.2997209999999
-15.968889,50.2408290000001
-15.9744449999999,50.2322159999999
-15.979723,50.172775
-15.927515,50.1379320000001
-15.9230559999999,50.104439
-15.9180559999999,50.0966640000001
-15.8669449999999,50.0338820000001
-15.8575,50.02916
-15.810556,50.026382
-15.798334,50.026665
-15.6811119999999,49.961662
-15.561111,49.9038850000001
-15.548056,49.903053
-15.468334,49.902222
-15.432501,49.8661040000001
-15.431667,49.824165
-15.435835,49.7513890000001
-15.44278,49.729996
-15.4474999999999,49.720551
-15.4658339999999,49.6961059999999
-15.488335,49.676941
-15.504723,49.664444
-15.5375,49.6413879999999
-15.5575009999999,49.633606
-15.570557,49.6327740000001
-15.583612,49.6338880000001
-15.6819459999999,49.657494
-15.706112,49.666664
-15.725279,49.675827
-15.8997229999999,49.7336040000001
-15.908611,49.734444
-15.917501,49.7327730000001
-15.92639,49.729164
-15.945557,49.717773
-15.964169,49.70472
-16.010002,49.687775
-16.030556,49.6813890000001
-16.039448,49.6797180000001
-16.050556,49.680275
-16.0594479999999,49.682495
-16.0980569999999,49.6958310000001
-16.109726,49.699997
-16.118614,49.7041630000001
-16.1275019999999,49.7097170000001
-16.138058,49.720551
-16.145557,49.729721
-16.153336,49.748886
-16.154724,49.759163
-16.152225,49.7691650000001
-16.1819459999999,49.8169400000001
-16.1972239999999,49.8361050000001
-16.2172239999999,49.8502730000001
-16.226948,49.8536070000001
-16.2358359999999,49.854439
-16.2475009999999,49.852219
-16.286667,49.838333
-16.308613,49.832497
-16.33889,49.825829
-16.347778,49.8249970000001
-16.365559,49.825554
-16.395279,49.8302760000001
-16.416389,49.8344420000001
-16.424168,49.8438870000001
-16.424168,49.8538820000001
-16.4344479999999,49.8594440000001
-16.45528,49.863052
-16.4738919999999,49.862778
-16.554169,49.84861
-16.565834,49.8458329999999
-16.64167,49.7994380000001
-16.65139,49.7919390000001
-16.6719469999999,49.7724990000001
-16.689724,49.7538830000001
-16.6972239999999,49.7430500000001
-16.7058329999999,49.7241590000001
-16.714725,49.719162
-16.723892,49.717499
-16.73278,49.716942
-16.756947,49.720833
-16.7863919999999,49.736664
-16.796112,49.7430500000001
-16.8058359999999,49.75
-16.8141669999999,49.759438
-16.826115,49.7794420000001
-16.83028,49.7886050000001
-16.887501,49.638054
-16.8897249999999,49.628052
-16.8941689999999,49.617218
-16.9005579999999,49.6069409999999
-16.908611,49.596939
-16.919445,49.590271
-17.046391,49.531662
-17.297226,49.428886
-17.3158339999999,49.4227750000001
-17.326115,49.4205549999999
-17.343891,49.418884
-17.362503,49.421661
-17.381947,49.4352720000001
-17.410835,49.453049
-17.420002,49.456383
-17.486946,49.4752730000001
-17.554447,49.4886090000001
-17.678337,49.5097200000001
-17.689445,49.511108
-17.711391,49.510277
-17.771114,49.5011060000001
-17.793892,49.494995
-17.83139,49.481667
-17.915836,49.4555510000001
-17.9480589999999,49.445831
-17.9969479999999,49.4333270000001
-18.0725019999999,49.4144440000001
-18.21389,49.3841629999999
-18.3127779999999,49.3722150000001
-18.325279,49.370827
-18.3513909999999,49.368332
-18.5372239999999,49.304161
-18.703892,49.231384
-18.879448,49.1677700000001
-18.940281,49.1438830000001
-18.970558,49.1302720000001
-19.0347249999999,49.097496
-19.06889,49.0752720000001
-19.088058,49.066383
-19.194447,49.0316620000001
-19.215836,49.0249940000001
-19.2508349999999,49.0180510000001
-19.276112,49.0141600000001
-19.334446,49.002495
-19.356392,48.9963840000001
-19.3769449999999,48.988884
-19.457779,48.9563830000001
-19.53167,48.9219440000001
-19.588612,48.892776
-19.60778,48.8830490000001
-19.628334,48.875549
-19.65028,48.8694380000001
-19.6844479999999,48.8616640000001
-19.742779,48.849159
-19.766113,48.8444440000001
-19.825279,48.833611
-19.933056,48.8130490000001
-20.039169,48.7780530000001
-20.0911139999999,48.759163
-20.111115,48.7508320000001
-20.167225,48.722221
-20.193058,48.7058260000001
-20.221668,48.691383
-20.298336,48.6544420000001
-20.33667,48.6363830000001
-20.3880579999999,48.6166610000001
-20.416176,48.6077880000001
-20.439445,48.6011050000001
-20.493614,48.5849989999999
-20.645557,48.5394440000001
-20.697502,48.5211110000001
-20.914169,48.4677730000001
-20.985558,48.456383
-21.292225,48.370552
-21.4797249999999,48.304161
-21.745003,48.2177730000001
-21.923058,48.140831
-21.959167,48.120277
-21.978336,48.1102750000001
-22.110558,48.0508270000001
-22.191113,48.015274
-22.220558,48.0030520000001
-22.4319459999999,47.9197160000001
-22.461945,47.9080510000001
-22.4858359999999,47.900833
-22.513889,47.8944400000001
-22.669445,47.864716
-22.78167,47.8477710000001
-22.826668,47.842499
-22.849445,47.8397220000001
-22.867226,47.8372190000001
-22.888336,47.8316650000001
-22.968334,47.8105550000001
-22.9977799999999,47.802773
-23.138336,47.7597200000001
-23.3397249999999,47.712494
-23.5616679999999,47.6288830000001
-23.621948,47.616943
-23.643059,47.615829
-23.664448,47.612495
-23.79417,47.5872189999999
-23.8391689999999,47.5758290000001
-23.8725009999999,47.5633320000001
-24.015003,47.4980550000001
-24.030834,47.488052
-24.124126,47.426178
-24.1777799999999,47.40361
-24.306114,47.339439
-24.412502,47.319717
-24.458889,47.315552
-24.471111,47.313049
-24.503891,47.3033290000001
-24.557503,47.2816620000001
-24.74139,47.198608
-24.813614,47.148605
-24.8316689999999,47.135277
-24.841393,47.1313860000001
-24.850834,47.128883
-24.8611149999999,47.1272200000001
-24.870556,47.126938
-24.88028,47.1274950000001
-24.8905559999999,47.12944
-24.899445,47.133888
-24.908337,47.1366650000001
-24.917225,47.137772
-24.928059,47.1330490000001
-24.9738919999999,47.0944440000001
-25.0686109999999,46.9063870000001
-25.167503,46.73027
-25.1713909999999,46.7194440000001
-25.191669,46.6466599999999
-25.182781,46.58416
-25.175003,46.544167
-25.1669459999999,46.523331
-25.161667,46.503052
-25.161667,46.41333
-25.173615,46.336662
-25.186111,46.290833
-25.196945,46.2580490000001
-25.219448,46.193329
-25.226948,46.1719440000001
-25.3100009999999,45.9630510000001
-25.328892,45.9230499999999
-25.339447,45.904716
-25.403336,45.7944410000001
-25.4361109999999,45.739166
-25.453892,45.7136080000001
-25.4680559999999,45.6986080000001
-25.497223,45.670555
-25.5091669999999,45.653328
-25.551392,45.5716630000001
-25.562225,45.5502780000001
-25.568611,45.5302730000001
-25.5755579999999,45.4877779999999
-25.578335,45.462494
-25.588337,45.214722
-25.553059,45.1294400000001
-25.54417,45.1252750000001
-25.535004,45.11805
-25.520836,45.098053
-25.4024999999999,44.914719
-25.335556,44.8083270000001
-25.321114,44.7824939999999
-25.3166689999999,44.7697220000001
-25.310558,44.747498
-25.30389,44.7113880000001
-25.293892,44.5877760000001
-25.2863919999999,44.522217
-25.272781,44.443329
-25.255558,44.355827
-25.246391,44.349159
-25.1680559999999,44.2972180000001
-25.1577799999999,44.293327
-25.158611,44.3030550000001
-25.167503,44.323051
-25.17667,44.332497
-25.194447,44.3499980000001
-25.215557,44.3686070000001
-25.2327799999999,44.38916
-25.230278,44.3991619999999
-25.220837,44.407776
-25.21167,44.4119420000001
-25.193336,44.401939
-25.153057,44.3372190000001
-25.069168,44.1844410000001
-25.064724,44.174721
-25.0594479999999,44.1627730000001
-25.055836,44.150276
-25.05389,44.1397170000001
-25.0577809999999,44.129715
-25.0627779999999,44.11972
-25.061668,44.10833
-25.0544469999999,44.0974959999999
-25.004448,44.0322190000001
-24.985279,44.01722
-24.9763909999999,44.016937
-24.958336,44.0230480000001
-24.944447,44.0219420000001
-24.92028,44.0163880000001
-24.8997229999999,44.011108
-24.88028,44.005272
-24.861389,43.9938890000001
-24.8502809999999,43.9852750000001
-24.83028,43.967499
-24.8108369999999,43.953888
-24.761112,43.9258270000001
-24.741112,43.9177700000001
-24.722504,43.9133300000001
-24.71278,43.915276
-24.688057,43.928886
-24.677223,43.931107
-24.668335,43.931389
-24.638615,43.9244380000001
-24.629448,43.9211040000001
-24.5988919999999,43.90583
-24.50528,43.8344420000001
-24.491669,43.819443
-24.477222,43.797493
-24.47139,43.7872160000001
-24.462502,43.7658310000001
-24.45639,43.7555540000001
-24.438614,43.732216
-24.417225,43.711937
-24.384445,43.6916660000001
-24.3316689999999,43.6713869999999
-24.31139,43.6641620000001
-24.188892,43.6644440000001
-24.043613,43.664719
-23.8686139999999,43.662216
-23.8291699999999,43.6541600000001
-23.8197249999999,43.652222
-23.810001,43.648888
-23.7616689999999,43.6249920000001
-23.65778,43.636383
-23.647781,43.6383290000001
-23.628056,43.6472170000001
-23.619446,43.652222
-23.613892,43.6733320000001
-23.6027789999999,43.7038880000001
-23.58889,43.735275
-23.581669,43.7458270000001
-23.573059,43.7500000000001
-23.472504,43.760551
-23.463612,43.7594380000001
-23.452225,43.753052
-23.443058,43.7452770000001
-23.395,43.687492
-23.361946,43.646385
-23.357502,43.6369399999999
-23.347504,43.630554
-23.31139,43.6149980000001
-23.30167,43.6116640000001
-23.278057,43.6069410000001
-23.2658349999999,43.6058269999999
-23.170834,43.597496
-23.150837,43.5969390000001
-23.129448,43.5977710000001
-23.099167,43.5969390000001
-23.0783349999999,43.588051
-23.06778,43.578331
-23.0488889999999,43.5558320000001
-23.023056,43.5205540000001
-23.012779,43.504715
-23.008057,43.4927750000001
-22.9975009999999,43.4822160000001
-22.895836,43.3927760000001
-22.875278,43.375832
-22.861946,43.366104
-22.852779,43.3619380000001
-22.841667,43.358055
-22.800835,43.3488850000001
-22.659447,43.317215
-22.498058,43.2861100000001
-22.282501,43.2388840000001
-22.213337,43.2608260000001
-22.162781,43.250549
-22.1522249999999,43.247215
-22.068745,43.236824
-21.908337,43.2791600000001
-21.882778,43.3144380000001
-21.8463899999999,43.3280490000001
-21.776947,43.332771
-21.758614,43.3341599999999
-21.670559,43.421104
-21.6638909999999,43.4311070000001
-21.661114,43.443054
-21.6622239999999,43.4524990000001
-21.672501,43.4722209999999
-21.6636119999999,43.472496
-21.598057,43.4694440000001
-21.4763909999999,43.4661100000001
-21.463337,43.4661100000001
-21.3955569999999,43.476387
-21.383335,43.4783330000001
-21.372501,43.4819410000001
-21.333889,43.5005490000001
-21.301392,43.5449980000001
-21.2805559999999,43.5797200000001
-21.2788929999999,43.59166
-21.2763899999999,43.6161040000001
-21.2722239999999,43.6649930000001
-21.271946,43.698883
-21.2738909999999,43.7122190000001
-21.276947,43.7222210000001
-21.283611,43.7302700000001
-21.286114,43.741104
-21.2705569999999,43.7683260000001
-21.2647249999999,43.776665
-21.233334,43.8024980000001
-21.225281,43.808609
-21.207226,43.819717
-21.1569479999999,43.8411100000001
-21.080002,43.861382
-21.0088919999999,43.8755489999999
-20.945835,43.8788830000001
-20.879169,43.8977740000001
-20.8594469999999,43.9066619999999
-20.850002,43.911659
-20.7880589999999,43.94944
-20.764168,43.9680480000001
-20.7436139999999,43.9919430000001
-20.7461129999999,44.002777
-20.7458339999999,44.015274
-20.7400019999999,44.023605
-20.723892,44.03611
-20.7149999999999,44.041664
-20.651947,44.079437
-20.600834,44.1005550000001
-20.59,44.1041640000001
-20.441948,44.1761090000001
-20.2944449999999,44.2663880000001
-20.157223,44.340271
-20.137222,44.353333
-20.128613,44.3611070000001
-20.119724,44.3708270000001
-20.103336,44.3899989999999
-20.096111,44.399719
-20.077778,44.428886
-20.0686109999999,44.4374920000001
-19.980556,44.479721
-19.9702799999999,44.4822160000001
-19.961391,44.48333
-19.941391,44.4824980000001
-19.881947,44.473328
-19.8727799999999,44.4705509999999
-19.845558,44.4402770000001
-19.841114,44.430832
-19.841393,44.421387
-19.840279,44.410271
-19.8324999999999,44.399719
-19.812225,44.3874970000001
-19.7819479999999,44.3716660000001
-19.772224,44.369995
-19.557224,44.4383320000001
-19.5483359999999,44.442215
-19.544724,44.45472
-19.545002,44.464996
-19.542503,44.4761050000001
-19.53167,44.4822160000001
-19.5222239999999,44.484161
-19.502781,44.4827730000001
-19.438335,44.469162
-19.378891,44.4386060000001
-19.35778,44.425552
-19.251392,44.351662
-19.230003,44.3363880000001
-19.16917,44.2863850000001
-19.144936,44.2656710000001
-19.1400029999999,44.2619400000001
-19.081112,44.231384
-19.070557,44.2274930000001
-19.0616679999999,44.227219
-18.973614,44.231384
-18.966114,44.2477720000001
-18.957226,44.2494430000001
-18.853058,44.2616650000001
-18.841946,44.261383
-18.820557,44.256943
-18.770279,44.2416610000001
-18.741112,44.2311100000001
-18.667503,44.1991649999999
-18.591114,44.1636050000001
-18.582226,44.1588820000001
-18.513615,44.113884
-18.5016669999999,44.1055530000001
-18.470001,44.0822220000001
-18.4591669999999,44.0724950000001
-18.4513889999999,44.0633320000001
-18.441948,44.0541610000001
-18.423058,44.04055
-18.412502,44.0358280000001
-18.4036139999999,44.0355530000001
-18.340279,44.043053
-18.240559,44.0458300000001
-18.201389,44.0436100000001
-18.167503,44.0394439999999
-18.135559,44.0341640000001
-18.126667,44.031662
-18.116669,44.026108
-18.1077799999999,44.0230480000001
-18.056393,44.01194
-17.980278,44.003609
-17.9588889999999,44.0013890000001
-17.948612,44.0011060000001
-17.929169,44.002777
-17.917503,44.0047150000001
-17.8775019999999,44.013611
-17.865837,44.0219420000001
-17.8469469999999,44.026939
-17.8175009999999,44.030273
-17.7755579999999,44.0319440000001
-17.756947,44.031387
-17.69278,43.9936070000001
-17.683613,43.988052
-17.6622239999999,43.9694440000001
-17.6522249999999,43.959717
-17.632504,43.9433290000001
-17.611946,43.928886
-17.600834,43.9244380000001
-17.5805589999999,43.921661
-17.570278,43.922775
-17.512222,43.9294429999999
-17.500557,43.931389
-17.479446,43.937218
-17.450836,43.94722
-17.4394449999999,43.952499
-17.421112,43.964165
-17.317223,44.039719
-17.176392,44.1377719999999
-17.098057,44.182495
-17.037224,44.2152710000001
-16.919724,44.275276
-16.796947,44.3461070000001
-16.788334,44.351662
-16.779167,44.363327
-16.772503,44.373604
-16.763889,44.383331
-16.753334,44.392494
-16.703613,44.4324950000001
-16.692223,44.437775
-16.506668,44.465828
-16.495834,44.46611
-16.4777789999999,44.463333
-16.466667,44.4586110000001
-16.4575,44.453331
-16.4333339999999,44.4369430000001
-16.413059,44.4219440000001
-16.393333,44.409721
-16.382778,44.404442
-16.3736109999999,44.4005510000001
-16.364723,44.398605
-16.346111,44.3972170000001
-16.337223,44.398888
-16.2147249999999,44.438889
-16.2038919999999,44.4427720000001
-16.195278,44.4494400000001
-16.184448,44.45916
-16.183334,44.4613879999999
-16.177223,44.488884
-16.176392,44.500275
-16.183334,44.5072170000001
-16.186947,44.573051
-16.188335,44.6094440000001
-16.199722,44.803055
-16.210281,44.8736040000001
-16.142685,45.0000000000001
-16.120556,45.0344390000001
-16.10778,45.049995
-16.1005589999999,45.0566640000001
-16.092503,45.062492
-16.074169,45.0733260000001
-16.049446,45.09111
-16.003891,45.129997
-15.996389,45.136665
-15.990557,45.1447219999999
-15.950279,45.216942
-15.931391,45.254715
-15.927502,45.264999
-15.932779,45.2738880000001
-15.943056,45.2772220000001
-16.055557,45.29361
-16.067223,45.291107
-16.093334,45.2886050000001
-16.100281,45.2886050000001
-16.110558,45.2916640000001
-16.117779,45.2986070000001
-16.117779,45.3066640000001
-16.110279,45.3269420000001
-16.105003,45.335548
-16.066948,45.395554
-16.041389,45.4127730000001
-16.031113,45.41111
-16.0266689999999,45.401108
-16.032686,45.3958320000001
-16.03389,45.388611
-16.00639,45.374443
-15.9877799999999,45.3658290000001
-15.978889,45.3683320000001
-15.973333,45.3905490000001
-15.9491669999999,45.5724949999999
-15.987501,45.594162
-15.998611,45.5936050000001
-16.008057,45.5891650000001
-16.02417,45.5772170000001
-16.034447,45.573326
-16.042225,45.579437
-16.0552789999999,45.6069410000001
-16.0575029999999,45.6177750000001
-16.036667,45.627495
-15.9072229999999,45.645271
-15.8947239999999,45.6455540000001
-15.883057,45.6438830000001
-15.791668,45.71666
-15.7977789999999,45.739166
-15.814724,45.8074950000001
-15.814724,45.826111
-15.809446,45.8347170000001
-15.7869449999999,45.868889
-15.782223,45.878326
-15.773056,45.910828
-15.772501,45.921387
-15.78389,45.9574969999999
-15.804445,45.9563830000001
-15.835279,45.951942
-15.845001,45.9558260000001
-15.853334,45.9649960000001
-15.8719459999999,46.063606
-15.8611129999999,46.0724950000001
-15.810835,46.071938
-15.784168,46.0705490000001
-15.783056,46.0605550000001
-15.788889,46.0488820000001
-15.798334,46.0386050000001
-15.807779,46.0311050000001
-15.816389,46.02166
-15.8238909999999,46.011383
-15.813334,46.0033260000001
-15.804445,46.0063860000001
-15.7936119999999,46.0130540000001
-15.775278,46.0277710000001
-15.7566679999999,46.0483320000001
-15.7400019999999,46.068886
-15.732224,46.0797200000001
-15.720278,46.099442
-15.711113,46.1205520000001
-15.703611,46.1513820000001
-15.703611,46.1719440000001
-15.705002,46.201942
-15.714169,46.2324980000001
-15.759724,46.246109
-15.806112,46.23555
-15.846945,46.2466659999999
-15.878334,46.2572170000001
-15.901112,46.2658310000001
-15.9325009999999,46.279999
-15.951946,46.293053
-15.961113,46.302216
-15.973333,46.321106
-15.977222,46.331108
-15.966112,46.477219
-15.9566669999999,46.4783330000001
-15.885834,46.4472200000001
-15.853889,46.4130550000001
-15.8375019999999,46.3847200000001
-15.8338889999999,46.375549
-15.778057,46.3399959999999
-15.7172239999999,46.3044430000001
-15.7075,46.3024980000001
-15.68639,46.308884
-15.674723,46.3127750000001
-15.6449999999999,46.329163
-15.6341669999999,46.331665
-15.624723,46.338333
-15.615835,46.347221
-15.506111,46.462776
-15.498056,46.4736100000001
-15.493334,46.483887
-15.4433349999999,46.5741650000001
-15.364723,46.7052760000001
-15.268057,46.833611
-15.261946,46.84166
-15.247778,46.8555530000001
-15.2305559999999,46.880272
-15.225834,46.8894420000001
-15.198891,46.9472200000001
-15.197224,46.9591600000001
-15.202223,46.9683300000001
-15.210001,46.974716
-15.334446,47.076385
-15.3438889999999,47.0719379999999
-15.368891,47.054993
-15.37639,47.0483320000001
-15.382502,47.0405500000001
-15.397501,47.0130540000001
-15.405834,47.0072170000001
-15.502224,46.962219
-15.513334,46.958885
-15.539446,46.95694
-15.546112,46.95694
-15.558056,46.9594420000001
-15.554724,46.9694440000001
-15.545834,46.974716
-15.4936119999999,47.042221
-15.479723,47.0930480000001
-15.445184,47.1290130000001
-15.4446369999999,47.142681
-15.458771,47.1807790000001
-15.4484649999999,47.206665
-15.4484649999999,47.223618
-15.42167,47.2378350000001
-15.41292,47.235645
-15.413334,47.2122190000001
-15.40139,47.1961060000001
-15.305557,47.111938
-15.260279,47.0830540000001
-15.223333,47.0597150000001
-15.198057,47.058052
-15.1850009999999,47.058327
-15.1752799999999,47.063049
-15.150278,47.0805510000001
-15.119167,47.105553
-15.1119459999999,47.111938
-14.993891,47.2227710000001
-14.9125,47.3105550000001
-14.875278,47.2999950000001
-14.858612,47.28833
-14.852856,47.285431
-14.8422239999999,47.2927700000001
-14.809723,47.316383
-14.777779,47.3416600000001
-14.726667,47.389717
-14.665279,47.4549940000001
-14.663612,47.4655530000001
-14.711668,47.500832
-14.826946,47.506386
-14.848333,47.499443
-14.857779,47.494995
-14.88139,47.476662
-14.888889,47.4702760000001
-14.909723,47.4483260000001
-14.92528,47.4361040000001
-14.97139,47.412498
-14.9825,47.410828
-15.086945,47.409164
-15.0986119999999,47.4111100000001
-15.1069449999999,47.4166640000001
-15.1105559999999,47.4272160000001
-15.1080569999999,47.438606
-15.103334,47.448051
-15.082779,47.4833300000001
-15.0766679999999,47.4919430000001
-14.950279,47.56694
-14.857224,47.6130520000001
-14.8272229999999,47.624992
-14.7875,47.6391600000001
-14.778057,47.643608
-14.701946,47.6877750000001
-14.6836129999999,47.6986080000001
-14.60389,47.811275
-14.621668,47.9686050000001
-14.625834,47.9786070000001
-14.634167,47.984161
-14.6625,47.995552
-14.6866679999999,47.998886
-14.70639,47.997772
-14.728334,47.9916610000001
-14.740002,47.9894410000001
-14.7599999999999,47.987495
-14.76889,47.992493
-14.7655559999999,48.0016630000001
-14.749445,48.0133290000001
-14.7280559999999,48.0208280000001
-14.715834,48.0224990000001
-14.708889,48.0224990000001
-14.639446,48.0172200000001
-14.631111,48.0133290000001
-14.6227779999999,48.006943
-14.5758339999999,47.941109
-14.5708349999999,47.9319380000001
-14.5691679999999,47.919167
-14.570557,47.906387
-14.573612,47.895828
-14.5791679999999,47.887215
-14.590891,47.827888
-14.6036129999999,47.755554
-14.6027789999999,47.746384
-14.558334,47.7208330000001
-14.44278,47.70166
-14.4205569999999,47.69944
-14.408335,47.699715
-14.3572239999999,47.7138820000001
-14.3469449999999,47.717773
-14.2613909999999,47.7788850000001
-14.230835,47.8261109999999
-14.2369459999999,47.8338850000001
-14.246389,47.8527759999999
-14.252224,47.8752750000001
-14.253889,47.9277730000001
-14.226223,47.9357150000001
-14.215223,47.941551
-14.188557,47.948387
-14.181056,47.949387
-14.1748909999999,47.947384
-14.13389,47.9424970000001
-14.128334,47.935555
-14.1150019999999,47.9194410000001
-14.101112,47.90416
-14.092779,47.904442
-14.08889,47.9141620000001
-14.08889,47.925552
-14.098333,47.9458310000001
-14.1202789999999,47.9872210000001
-14.125834,47.995827
-14.138334,48.011108
-14.147501,48.0166630000001
-14.158335,48.014999
-14.192112,47.9987220000001
-14.197945,47.996052
-14.231445,47.98772
-14.284723,47.9744420000001
-14.3066669999999,47.971382
-14.3169459999999,47.974716
-14.324446,47.980827
-14.326946,47.9930500000001
-14.322779,48.0030520000001
-14.1555559999999,48.048332
-14.1061119999999,48.0524980000001
-14.0791679999999,48.044716
-14.06889,48.041107
-14.063412,48.031403
-14.056667,48.0038830000001
-14.051668,47.9947200000001
-14.0461119999999,47.9863819999999
-14.014723,47.9480510000001
-14.00639,47.94194
-13.9966679999999,47.946388
-13.995556,47.95916
-13.996389,47.972496
-13.994722,47.983055
-13.9649999999999,48.0230480000001
-13.956112,48.021111
-13.925001,47.968048
-13.9152789999999,47.9491650000001
-13.909445,47.9266660000001
-13.8975009999999,47.9105530000001
-13.878056,47.9016649999999
-13.826946,47.883606
-13.788334,47.874443
-13.776669,47.872498
-13.651669,47.890274
-13.639168,47.892494
-13.616667,47.897774
-13.59639,47.905273
-13.589445,47.9124980000001
-13.5855559999999,47.922493
-13.589169,47.9316640000001
-13.592224,47.9427719999999
-13.592224,47.955551
-13.581112,48.019722
-13.574167,48.0269389999999
-13.550001,48.0477749999999
-13.5402789999999,48.0452730000001
-13.53389,48.0374980000001
-13.529167,48.02861
-13.520834,48.0230480000001
-13.514723,48.03083
-13.514723,48.037773
-13.518057,48.063332
-13.523613,48.0716630000001
-13.600834,48.1527710000001
-13.663612,48.1658330000001
-13.715834,48.174995
-13.754168,48.179993
-13.761112,48.1869430000001
-13.804445,48.2419430000001
-13.808056,48.2524950000001
-13.808056,48.2872160000001
-13.798613,48.30555
-13.793335,48.314163
-13.787224,48.321938
-13.7730559999999,48.3355480000001
-13.607224,48.3558270000001
-13.600557,48.3558270000001
-13.589445,48.3524930000001
-13.581945,48.346382
-13.565279,48.335274
-13.554167,48.3341600000001
-13.547501,48.3411100000001
-13.5427779999999,48.3505549999999
-13.525278,48.425552
-13.515556,48.503883
-13.444168,48.500549
-13.425556,48.5369420000001
-13.441389,48.6452710000001
-13.444168,48.6563870000001
-13.449167,48.6655500000001
-13.439724,48.682495
-13.423056,48.721382
-13.4211119999999,48.7322160000001
-13.427223,48.739716
-13.367779,48.7927700000001
-13.354168,48.7983320000001
-13.286945,48.808327
-13.219168,48.815552
-13.1980569999999,48.812492
-13.190556,48.812492
-13.1200009999999,48.8238830000001
-13.077778,48.844719
-13.0411129999999,48.8636090000001
-12.976946,48.8972170000001
-12.9688889999999,48.903053
-12.956112,48.918053
-12.887222,48.945549
-12.876945,48.9491650000001
-12.822224,48.9594420000001
-12.81139,48.9569400000001
-12.6738889999999,48.9024960000001
-12.573057,48.8797150000001
-12.507223,48.82222
-12.465834,48.7822190000001
-12.460279,48.771111
-12.456667,48.7633290000001
-12.446945,48.7447200000001
-12.4411129999999,48.736382
-12.4341679999999,48.7308270000001
-12.4030569999999,48.7563860000001
-12.3991679999999,48.7663880000001
-12.413334,48.85083
-12.416113,48.8619380000001
-12.423056,48.8702770000001
-12.4450019999999,48.875549
-12.455278,48.8791659999999
-12.480001,48.895554
-12.495834,48.9072190000001
-12.494722,48.9186100000001
-12.48889,48.9402770000001
-12.4827789999999,48.9480510000001
-12.4744449999999,48.9538880000001
-12.415001,48.9613880000001
-12.3577789999999,48.969162
-12.34889,48.974159
-12.341391,48.9805530000001
-12.276669,49.0638890000001
-12.2805559999999,49.0966640000001
-12.252224,49.150833
-12.238056,49.1644440000001
-12.229168,49.169441
-12.163445,49.191105
-12.156112,49.19194
-12.125557,49.1894380000001
-12.114168,49.1636050000001
-12.103613,49.12944
-12.05389,49.1572190000001
-11.978056,49.220833
-11.97139,49.2280500000001
-11.945557,49.258331
-11.94639,49.2699969999999
-11.947779,49.274437
-11.9541679999999,49.2838820000001
-11.964445,49.297218
-11.9844459999999,49.309715
-12.003056,49.320549
-12.0619449999999,49.3472210000001
-12.090834,49.356941
---
