2.31611099999992,104.124397
2.31382600000006,104.126282
2.30833299999995,104.134407
2.30583300000006,104.146088
2.30305500000009,104.149979
2.29944400000005,104.153313
2.29444400000011,104.155243
2.28777700000001,104.154968
2.28500000000008,104.150803
2.28138800000005,104.141083
2.27861100000013,104.136917
2.27666599999998,104.131912
2.27833300000003,104.126633
2.28527700000012,104.119957
2.28833300000002,104.115799
2.29416700000007,104.101067
2.29833300000001,104.098312
2.30888800000008,104.095253
2.31500000000005,104.094704
2.31916600000011,104.097748
2.31805500000002,104.103851
2.32055500000013,104.114967
2.31888900000013,104.120239
---
2.35888900000003,111.365257
2.37194399999999,111.350807
2.44249900000011,111.304977
2.44805500000007,111.303589
2.454722,111.303589
2.46638799999994,111.305542
2.49721700000009,111.311836
2.59444400000012,111.304977
2.68083300000006,111.295258
2.73333300000002,111.29332
2.74583300000012,111.294708
2.75111099999998,111.296097
2.76555499999995,111.3022
2.76972199999994,111.304977
2.77583300000003,111.312477
2.78000000000003,111.32222
2.78138800000011,111.327477
2.78000000000003,111.333054
2.77527700000002,111.341927
2.76833299999998,111.348877
2.76000000000005,111.354431
2.708055,111.377762
2.69833299999993,111.381653
2.68000000000006,111.383881
2.65249899999998,111.383881
2.61500000000007,111.380257
2.53611099999995,111.376923
2.49527699999999,111.376923
2.48277700000011,111.378311
2.47194400000012,111.381088
2.40805499999999,111.399429
2.39388800000006,111.405823
2.38166600000005,111.413879
2.37611099999998,111.413879
2.37388800000008,111.409149
2.36027799999999,111.370819
---
2.70527700000002,104.164413
2.71055500000011,104.155533
2.73083300000013,104.141647
2.75388900000002,104.12941
2.77000000000004,104.124969
2.78166600000003,104.123291
2.88972200000001,104.1633
2.89305500000012,104.166924
2.8950000000001,104.171913
2.89222200000012,104.175797
2.87944399999998,104.183853
2.86778600000014,104.187943
2.86638800000009,104.189407
2.84194399999996,104.199127
2.8266660000001,104.204147
2.7855550000001,104.217194
2.77444400000002,104.219704
2.72972200000004,104.221626
2.72277700000006,104.221359
2.71749899999998,104.219971
2.711389,104.211906
2.70527700000002,104.171082
---
4.16833599999995,117.68692
4.20527700000008,117.649719
4.21277699999996,117.6436
4.21694400000013,117.640823
4.22861000000012,117.638893
4.23805400000009,117.649719
4.25916600000005,117.683319
4.26059299999997,117.688316
4.25999900000005,117.723877
4.25861099999997,117.743042
4.25805500000013,117.749153
4.25527800000003,117.760269
4.25111100000004,117.769707
4.23944300000011,117.785538
4.17404299999998,117.903557
4.17305499999998,117.879433
4.17194400000005,117.839706
4.16972099999998,117.726646
---
4.48472099999998,118.742752
4.48055500000004,118.752487
4.46916600000009,118.761383
4.46361100000001,118.762772
4.45944400000002,118.759987
4.45388800000001,118.751663
4.44666600000005,118.731934
4.44111000000004,118.689423
4.45138800000012,118.670822
4.48138800000004,118.642212
4.48610999999994,118.639977
4.49222100000003,118.640823
4.49583200000001,118.64415
4.49722100000002,118.649719
4.49223099999995,118.659988
4.49777700000004,118.670258
4.49972100000008,118.674988
4.49972100000008,118.681931
---
4.55166500000007,118.513893
4.54749900000002,118.516663
4.5422210000001,118.518051
4.53611000000001,118.517487
4.53194300000001,118.514709
4.52916599999992,118.510536
4.52777700000013,118.50499
4.52916599999992,118.49942
4.53194300000001,118.495529
4.53611000000001,118.492752
4.5413880000001,118.491364
4.54694400000005,118.492752
4.55110999999999,118.495529
4.55361000000005,118.49942
4.5535890000001,118.501663
4.55444300000005,118.50444
4.55444300000005,118.50972
---
4.59805500000004,118.566093
4.60027700000006,118.529709
4.66361000000001,118.350807
4.66638799999998,118.346649
4.67055400000004,118.343872
4.67472100000003,118.346649
4.67527700000005,118.352768
4.67604899999998,118.394623
4.689165,118.478867
4.65083200000004,118.576393
4.644722,118.59082
4.63861100000014,118.598328
4.63499900000005,118.597488
4.60083200000014,118.570267
---
5.24944300000004,115.162201
5.25166600000011,115.158867
5.25777700000003,115.158333
5.27610399999992,115.166382
5.33277700000002,115.184143
5.34722099999999,115.190262
5.35805399999998,115.199997
5.37083200000012,115.214432
5.38194299999998,115.23082
5.38388800000001,115.235527
5.38472200000007,115.241928
5.37583200000012,115.246643
5.30416600000007,115.262497
5.29805500000003,115.263046
5.29388800000004,115.260269
5.2658330000001,115.24054
5.25972200000001,115.233047
---
5.25277700000004,100.285248
5.27111099999996,100.203857
5.29333200000002,100.196083
5.42749900000007,100.179688
5.45777700000008,100.181641
5.46250000000009,100.183853
5.46444399999996,100.188858
5.46666599999998,100.247742
5.46694400000007,100.261093
5.46472200000005,100.272751
5.458055,100.294128
5.45361000000008,100.303574
5.45027700000003,100.306923
5.44611900000007,100.308273
5.42777600000005,100.320251
5.38083200000011,100.324692
5.33805500000011,100.318314
5.33277700000002,100.316933
5.25610999999992,100.288857
---
5.70583200000004,115.666656
5.72499900000003,115.631088
5.72833299999996,115.627762
5.73166600000008,115.631088
5.735276,115.648331
5.73583199999996,115.654427
5.73305399999998,115.6586
5.72083300000008,115.666656
5.71194400000002,115.671371
5.70722200000012,115.672211
---
5.81222099999997,118.165268
5.81499899999994,118.161102
5.81916599999994,118.158333
5.82444400000003,118.158333
5.84074600000008,118.169983
5.84638800000005,118.174698
5.84888799999999,118.178864
5.85527699999994,118.193314
5.85583200000008,118.199417
5.85527699999994,118.212486
5.85249900000014,118.223312
5.84833199999997,118.233047
5.84361100000001,118.234993
5.838055,118.234993
5.8333330000001,118.233047
5.82638800000012,118.226089
5.82388900000012,118.221916
5.82166600000005,118.217209
5.82027700000003,118.211647
5.81222099999997,118.171921
---
6.00250000000005,116.053307
6.00499900000005,116.049149
6.021388,116.024429
6.02694400000001,116.016098
6.03166600000009,116.01416
6.03583199999997,116.016937
6.03916500000008,116.020264
6.04053999999996,116.025879
6.04111000000006,116.033333
6.03999899999997,116.056641
6.0363870000001,116.059982
6.01527700000014,116.066093
6.00999900000005,116.066093
6.00583299999994,116.063599
6.00305499999996,116.059418
---
6.19444299999998,115.603043
6.195832,115.597488
6.20472200000012,115.592743
6.208888,115.592758
6.21361100000001,115.594711
6.21972099999999,115.602203
6.22111000000001,115.607758
6.21972099999999,115.613312
6.21638800000011,115.616653
6.21166600000004,115.618591
6.20555500000012,115.619431
6.20055500000012,115.617477
6.19722099999996,115.613876
6.19527599999998,115.609154
---
6.40194300000013,99.89386
6.39194400000002,99.911636
6.38916600000005,99.915802
6.38361099999997,99.9171910000001
6.336388,99.923019
6.33083199999999,99.923019
6.28916500000003,99.87413
6.2872210000001,99.8691250000001
6.27749900000003,99.839142
6.27666600000003,99.843857
6.27055499999994,99.844421
6.25883499999998,99.8357700000001
6.19333200000005,99.8371890000001
6.18777699999998,99.8371890000001
6.17416600000001,99.8299710000001
6.16110999999995,99.821915
6.15777700000007,99.818588
6.15666599999997,99.8130190000001
6.15888799999999,99.808014
6.17138800000004,99.7930300000001
6.17860999999999,99.7863619999999
6.1869430000001,99.780807
6.19194300000009,99.7788540000001
6.20222200000006,99.7758030000001
6.20833299999993,99.776642
6.25555500000002,99.8060760000001
6.27416599999998,99.828583
6.249166,99.742752
6.24861000000004,99.736374
6.36083200000013,99.6569370000001
6.36971999999992,99.6522059999999
6.38499900000005,99.646942
6.4072220000001,99.6419370000001
6.4197210000001,99.6408230000001
6.424443,99.6436
6.42611000000005,99.7033230000001
6.42499899999996,99.7166600000001
6.42222099999998,99.7274780000001
6.41305399999999,99.7322080000001
6.40777700000001,99.7494199999999
6.41111000000006,99.7913510000001
6.41222099999999,99.796921
6.46415300000007,99.852951
6.43638700000002,99.8591310000001
6.42249900000007,99.8657990000001
6.41611000000006,99.8732910000001
---
6.44749800000011,100.661087
6.44749800000011,100.666641
6.4533330000001,100.681351
6.48000000000008,100.716919
6.50361100000003,100.748581
6.50194399999998,100.75415
6.43611000000004,100.822746
6.419443,100.833588
6.32555500000001,100.854141
6.31944399999992,100.854691
6.29696399999995,100.84787
6.28499900000014,100.846916
6.26027799999997,100.849136
6.24277700000005,100.852188
6.23805400000003,100.854141
6.23444399999994,100.857468
6.23861000000005,100.945801
6.23972099999997,100.95137
6.24249800000007,100.955544
6.26944400000008,101.009697
6.253333,101.105797
6.25166600000011,101.111359
6.24888800000014,101.115517
6.19416500000006,101.121628
6.18722099999997,101.121628
6.18333200000006,101.118851
6.18055400000009,101.11441
6.17860999999999,101.109413
6.11888800000008,101.099136
6.05027700000005,101.106354
6.001666,101.117737
5.99055500000009,101.120239
5.984444,101.119423
5.93110999999999,101.104141
5.92694400000005,101.101357
5.92083299999996,101.093582
5.91694400000006,101.083588
5.914444,101.072479
5.91472099999999,101.065521
5.9113880000001,101.054962
5.90361000000013,101.042473
5.89611100000013,101.035797
5.80610899999999,100.993584
5.79499900000002,100.990517
5.78805400000005,100.99025
5.77962300000002,100.994659
5.72916599999996,101.057457
5.6383320000001,101.132187
5.63194299999998,101.139687
5.63110999999998,101.145813
5.63249899999994,101.151642
5.6383320000001,101.164978
5.6474990000001,101.183029
5.65472100000005,101.19635
5.66722099999998,101.218307
5.66999900000013,101.222473
5.67333200000002,101.226067
5.70583200000004,101.256088
5.70972200000006,101.258873
5.72138799999999,101.261368
5.80722099999997,101.311897
5.86305400000003,101.452187
5.88057100000009,101.506042
5.91083200000008,101.555237
5.91666600000002,101.569977
5.9172210000001,101.57637
5.91611,101.582474
5.90805400000011,101.602463
5.90249900000003,101.610519
5.86055500000003,101.658859
5.85555500000004,101.660797
5.84861000000006,101.660522
5.83777700000007,101.657471
5.83166600000004,101.656631
5.82527700000003,101.657204
5.81499899999994,101.660248
5.77083299999998,101.684967
5.76361099999997,101.691643
5.76138900000001,101.69635
5.76097100000004,101.699547
5.78861000000001,101.743584
5.78972099999993,101.74913
5.78888799999993,101.762482
5.78249899999997,101.769974
5.77388900000005,101.775253
5.76472200000006,101.779694
5.75277699999992,101.788567
5.74722100000014,101.796631
5.74277699999993,101.806084
5.74111000000005,101.81163
5.73972100000003,101.8172
5.73944299999999,101.824142
5.74138700000003,101.829147
5.74333200000007,101.833862
5.85388799999998,101.938293
5.86194299999994,101.943848
5.8727760000001,101.946907
5.87972100000007,101.947189
5.89777800000002,101.944962
5.90888799999999,101.942459
5.92749899999995,101.940804
5.94833200000011,101.94136
5.96472199999999,101.946091
5.96944299999996,101.948303
5.98166600000002,101.956917
6.00472200000007,101.975517
6.01222100000007,101.981918
6.01888800000012,101.989143
6.03833200000008,102.011093
6.15416499999998,102.09053
6.23613799999998,102.09523
6.21805400000011,102.123016
6.19360900000009,102.166656
6.19277600000009,102.173027
6.193331,102.179153
6.19499800000006,102.184143
6.20444300000014,102.195534
6.20944300000014,102.193588
6.21361000000013,102.190811
6.21722,102.187477
6.21999800000003,102.183319
6.21749800000009,102.221649
6.18944299999998,102.313026
6.18166500000001,102.326103
6.16944300000006,102.34166
6.15166599999998,102.358597
6.12083199999995,102.382751
6.11222099999998,102.388046
6.07777700000008,102.4086
6.06388800000002,102.415268
6.0200000000001,102.432747
5.90722199999999,102.485809
5.89805500000006,102.490257
5.88555499999995,102.498322
5.87860999999998,102.50499
5.8531680000001,102.539726
5.82861000000014,102.58136
5.81222099999997,102.60524
5.80277600000011,102.616638
5.78861000000001,102.630249
5.77194400000008,102.640808
5.75499900000011,102.651367
5.74527599999993,102.655243
5.72833299999996,102.665802
5.7247210000001,102.669128
5.72111000000012,102.672737
5.59222099999994,102.838028
5.58638799999994,102.846359
5.568333,102.876907
5.54999900000007,102.915253
5.54555399999998,102.924683
5.54416600000008,102.930252
5.5422210000001,102.950256
5.5405550000001,102.955811
5.53833199999997,102.960533
5.52694400000013,102.976913
5.47694400000006,103.03775
5.45555500000012,103.058006
5.44055500000013,103.070824
5.41027700000012,103.096077
5.38333300000011,103.117462
5.37138700000003,103.126358
5.28277699999995,103.181923
5.24055500000009,103.208313
5.20555499999995,103.228027
5.17694400000005,103.24025
5.15749899999997,103.248016
5.11333300000001,103.265533
5.08610999999996,103.279137
4.94916499999994,103.356079
4.8580540000001,103.409973
4.76527700000003,103.441071
4.62694400000009,103.454971
4.49110999999994,103.454147
4.48499900000007,103.453308
4.47194400000006,103.453583
4.41166600000014,103.464981
4.37472100000002,103.476357
4.35444400000006,103.483307
4.34527700000012,103.487747
4.31833300000005,103.49469
4.29916600000013,103.492737
4.28805399999999,103.48941
4.27305500000011,103.483582
4.234444,103.46637
4.16643700000003,103.446564
4.15305400000011,103.416924
4.15055500000011,103.41275
4.14638800000012,103.409973
4.11722100000003,103.397202
4.10555500000004,103.394699
4.0849990000001,103.394127
4.05777600000005,103.401077
4.03222199999993,103.409126
3.958889,103.413857
3.86305499999997,103.376358
3.75388899999996,103.3358
3.74222200000008,103.334702
3.72638800000004,103.339142
3.64277700000008,103.371078
3.62222100000008,103.384979
3.57277700000003,103.424973
3.54805500000003,103.448303
3.53388899999993,103.461639
3.52972199999994,103.464417
3.50666699999999,103.478027
3.50027800000004,103.478577
3.49555500000002,103.476357
3.49222200000014,103.472748
3.47277700000012,103.457748
3.444999,103.443848
3.4352770000001,103.439407
3.39249900000004,103.426361
3.37166600000006,103.425797
3.32972200000006,103.427193
3.31805500000002,103.428848
3.30138799999997,103.432457
3.28055499999999,103.439407
3.25833300000005,103.444412
3.21833200000009,103.45137
3.18777700000004,103.454697
3.17416600000007,103.454147
3.14861100000007,103.45137
3.13166600000011,103.447456
3.12138800000002,103.443573
3.05277699999999,103.434692
2.97027700000012,103.43219
2.95722199999994,103.432457
2.95111100000008,103.433029
2.93388800000002,103.435791
2.91777800000006,103.440247
2.89277700000002,103.449127
2.88361099999997,103.453583
2.857778,103.469421
2.83666600000009,103.482468
2.80805500000014,103.501648
2.78833300000008,103.516083
2.77333299999992,103.528847
2.75138900000007,103.548019
2.73722199999992,103.561363
2.70611000000002,103.592194
2.68055499999997,103.618851
2.66409300000004,103.637016
2.66083300000014,103.653313
2.63999999999999,103.727753
2.625833,103.765259
2.58166599999993,103.817467
2.57750000000004,103.820251
2.5627770000001,103.825813
2.523889,103.834412
2.5108330000001,103.833313
2.484444,103.824982
2.46833299999997,103.829147
2.46361100000007,103.831093
2.44666600000011,103.841637
2.38583300000005,103.898323
2.24305500000003,103.977463
2.1366660000001,104.019699
2.059166,104.058296
1.96611100000007,104.115799
1.80500000000001,104.188293
1.72277700000006,104.221359
1.713055,104.22525
1.63333300000011,104.253593
1.43777799999992,104.293297
1.3736110000001,104.281647
1.36555500000003,104.275803
1.36361099999993,104.271088
1.34222199999999,104.216919
1.34027800000007,104.211906
1.33777800000001,104.200813
1.33833300000009,104.18718
1.33999999999998,104.174683
1.3455550000001,104.152473
1.36111100000005,104.115799
1.36611100000005,104.106918
1.3725,104.099701
1.37694399999998,104.097198
1.46888899999999,104.047737
1.5033590000001,104.077591
1.62944400000004,103.983582
1.63305500000001,103.980263
1.64027800000008,103.973587
1.643055,103.969704
1.64694400000008,103.959412
1.64555500000012,103.953857
1.64166599999999,103.95108
1.5972220000001,103.967468
1.59222199999994,103.969421
1.58805499999994,103.971909
1.58444400000013,103.97525
1.57388900000007,103.985237
1.57111100000009,103.98941
1.56388900000007,103.995796
1.55194399999993,104.004433
1.5380550000001,104.010803
1.53194400000001,104.011368
1.46194399999996,104.010529
1.44555500000001,104.005814
1.44083300000011,104.003593
1.43277700000004,103.998016
1.42361099999999,103.986633
1.41972200000009,103.976913
1.41805499999998,103.965263
1.43083299999995,103.908577
1.43222200000014,103.903313
1.43472200000002,103.89859
1.4508330000001,103.880524
1.46249999999998,103.86441
1.47194399999995,103.846077
1.47555499999993,103.8358
1.47666600000002,103.829697
1.47666600000002,103.823029
1.47500000000002,103.811081
1.44944400000009,103.688293
1.44666600000011,103.684128
1.43666599999995,103.673286
1.3455550000001,103.579971
1.26952800000004,103.512138
1.31000000000006,103.464417
1.32277699999997,103.45636
1.332222,103.452759
1.37388800000008,103.440247
1.43694400000004,103.421356
1.45361100000008,103.41774
1.48472199999992,103.407753
1.49444399999999,103.403847
1.50777700000003,103.396927
1.519722,103.388313
1.53027700000007,103.378304
1.53666600000008,103.370796
1.54888800000003,103.348587
1.56555500000007,103.316933
1.57888800000001,103.28775
1.58722199999994,103.261368
1.59249899999998,103.245506
1.60444400000011,103.215813
1.61472199999997,103.191353
1.72777700000006,103.011917
1.831388,102.852188
1.84277700000001,102.83609
1.84777699999995,102.827187
1.85166600000008,102.816933
1.85388899999998,102.805527
1.85249900000008,102.779968
1.84583300000008,102.726067
1.84833300000014,102.714691
1.85277699999995,102.704971
1.86194400000011,102.693573
1.86888800000003,102.686897
1.88583299999999,102.676643
2.04805499999998,102.553299
2.07583199999999,102.512192
2.08666600000004,102.495239
2.09088799999995,102.487518
2.1005550000001,102.467468
2.11527699999999,102.433578
2.16916600000013,102.29274
2.20555400000012,102.196617
2.21194400000002,102.182457
2.217221,102.173019
2.22277600000007,102.164688
2.26861000000008,102.104141
2.35611000000011,102.013031
2.39003600000001,101.98616
2.415277,101.931351
2.47249900000003,101.849701
2.57333300000005,101.785522
2.58305500000012,101.774689
2.58972100000011,101.760529
2.59194300000013,101.748863
2.59249899999992,101.73497
2.59147700000011,101.72052
2.59472100000011,101.698013
2.65499900000003,101.549408
2.67166600000007,101.517471
2.68091400000003,101.504822
2.69722200000001,101.486633
2.70777800000002,101.476639
2.71972099999999,101.467743
2.73638800000003,101.457199
2.74055500000003,101.454697
2.75027799999998,101.450813
2.76361100000008,101.443573
2.78027700000001,101.433029
2.80222199999997,101.413589
2.81083300000012,101.401367
2.81583300000011,101.392471
2.82166600000011,101.377457
2.82555500000001,101.360237
2.8266660000001,101.319138
2.82888800000006,101.307457
2.834722,101.292473
2.84111099999996,101.284973
2.84611000000007,101.283043
2.85222200000004,101.282471
2.89416600000004,101.281357
2.92000000000007,101.294693
2.95388799999995,101.316071
2.96805500000011,101.329422
2.97666600000008,101.341347
2.98249900000008,101.356079
2.98777699999999,101.36441
2.99444400000004,101.371628
3.00055600000002,101.372467
3.03305499999999,101.371078
3.05722200000008,101.368301
3.06277699999998,101.367188
3.07722200000006,101.361359
3.08555500000011,101.355797
3.0963880000001,101.34581
3.12027699999993,101.32164
3.13000000000011,101.317749
3.13555500000001,101.31665
3.20611000000008,101.305801
3.23222200000004,101.305237
3.25444399999998,101.300247
3.26888800000012,101.294418
3.28083300000009,101.285797
3.33361099999996,101.242188
3.33694400000007,101.238861
3.33999999999998,101.234703
3.34444400000012,101.22525
3.35388900000004,101.199982
3.36083300000007,101.193298
3.37555500000013,101.180527
3.46472200000011,101.111633
3.47333300000008,101.106354
3.49916600000006,101.09108
3.53472199999993,101.071907
3.55472200000008,101.064972
3.57694400000003,101.059967
3.59694400000001,101.05275
3.61333300000013,101.041641
3.62805500000002,101.02803
3.75388899999996,100.884979
3.76555500000012,100.868584
3.76916599999993,100.858307
3.77166600000004,100.839691
3.77194400000013,100.825813
3.77361100000002,100.813583
3.77722199999999,100.810242
3.78138800000011,100.807457
3.78750000000008,100.806923
3.79444399999994,100.80719
3.80000000000013,100.808578
3.80472200000003,100.810791
3.82083300000011,100.822197
3.82833299999999,100.828583
3.844334,100.844131
3.83916599999998,100.785522
3.83916599999998,100.77858
3.84166600000003,100.759979
3.84333299999992,100.754433
3.84833300000008,100.745506
3.85666700000007,100.733307
3.86666599999995,100.722473
3.87027699999999,100.719131
3.8858330000001,100.70636
3.89416599999998,100.70108
3.90388800000005,100.697189
3.91694400000011,100.696907
3.9747210000001,100.702469
3.98694399999994,100.703857
3.99444400000004,100.710533
3.99722200000002,100.714691
3.99833300000012,100.720253
3.99694399999993,100.725517
3.98750000000013,100.737183
3.98527700000005,100.741913
3.98222200000004,100.759979
3.98249900000008,100.773033
3.98500000000007,100.784126
4.01749899999999,100.86969
4.02305499999994,100.869957
4.03138800000005,100.864693
4.15194300000002,100.696907
4.15888799999999,100.684692
4.16416500000003,100.668854
4.16583299999996,100.656357
4.16472099999999,100.650803
4.15666600000003,100.638313
4.154721,100.633324
4.15611000000001,100.627747
4.16249900000003,100.620506
4.17722100000003,100.61441
4.22166499999997,100.601913
4.30277600000005,100.580811
4.33999900000003,100.572197
4.39916600000009,100.583038
4.586388,100.588867
4.74499899999995,100.589142
4.75055500000013,100.590813
4.75388800000002,100.594131
4.75444400000004,100.600517
4.79833200000013,100.60553
4.88611000000009,100.510803
4.91083200000014,100.456093
4.90888800000005,100.45108
4.91388800000004,100.442177
4.92111,100.435516
4.98388800000004,100.402191
5.03666600000008,100.379959
5.08055500000006,100.362183
5.08610999999996,100.361076
5.09027699999996,100.363861
5.11999900000001,100.404663
5.13805500000001,100.41275
5.16805499999998,100.424683
5.19416500000011,100.433578
5.28249900000003,100.430801
5.51333299999993,100.382736
5.52444400000002,100.380249
5.53916499999997,100.37413
5.54333199999996,100.371628
5.569166,100.349136
5.60916500000002,100.35025
5.66194300000006,100.368584
5.68333200000001,100.37413
5.82111099999997,100.375793
5.875832,100.369423
5.91749900000002,100.363586
5.96388800000005,100.35553
5.99722100000008,100.348022
6.02777700000001,100.337479
6.13444400000003,100.286636
6.20833299999993,100.250809
6.22111000000001,100.242737
6.23083200000008,100.233856
6.24444300000005,100.212753
6.25600100000014,100.194412
6.25805500000007,100.191353
6.26499899999999,100.184692
6.28666600000003,100.171913
6.31666700000005,100.160797
6.40777700000001,100.128853
6.41961700000002,100.126862
6.42494699999992,100.127113
6.436666,100.141922
6.46305499999994,100.164139
6.46694400000007,100.166924
6.47666500000003,100.171356
6.56944400000009,100.193573
6.58111100000013,100.19191
6.59083300000003,100.187737
6.60416600000008,100.180527
6.61888800000014,100.174408
6.62583200000006,100.174683
6.687499,100.189957
6.69305400000007,100.191643
6.70249899999993,100.195801
6.7066660000001,100.198853
6.70936800000004,100.203842
6.71111000000008,100.214981
6.7066660000001,100.264137
6.70388800000012,100.293854
6.70166599999993,100.298859
6.69888800000012,100.30275
6.69472100000013,100.305527
6.63527700000009,100.328583
6.62416600000006,100.331093
6.61805400000003,100.33165
6.60416600000008,100.33136
6.59194400000013,100.332474
6.58694400000013,100.334412
6.58277700000014,100.336906
6.54388799999998,100.374397
6.54076600000008,100.379044
6.53610999999995,100.387482
6.51555500000012,100.436897
6.45138800000007,100.64386
6.44833199999999,100.654968
---
6.70861100000008,117.51416
6.70305400000001,117.515549
6.68944300000004,117.515549
6.67861000000011,117.512772
6.66972100000004,117.508041
6.66305399999993,117.501099
6.66027700000006,117.496933
6.6424990000001,117.466927
6.63499899999999,117.453873
6.63110999999992,117.444138
6.62833200000011,117.433319
6.62555400000014,117.415543
6.62610999999993,117.409149
6.63999899999999,117.353043
6.64194399999997,117.348328
6.6474990000001,117.339981
6.651388,117.337196
6.65611000000007,117.335274
6.66166600000003,117.335274
6.672527,117.342743
6.67666500000007,117.395538
6.67722100000009,117.401657
6.67999900000007,117.412773
6.68610999999999,117.4272
6.69083200000006,117.436096
6.69444300000004,117.439423
6.70305400000001,117.444138
6.70916600000004,117.444977
6.71472199999999,117.443588
6.71805500000011,117.440262
6.72027700000007,117.435257
6.72166499999997,117.423027
6.72027700000007,117.410812
6.72027700000007,117.40387
6.72361000000001,117.400269
6.72833300000013,117.398331
6.73444400000005,117.399147
6.73916500000001,117.401093
6.74611000000004,117.408043
6.74805500000002,117.412773
6.76250000000005,117.465553
6.76027800000008,117.470261
6.74611000000004,117.490257
6.74249800000013,117.493591
---
6.57666600000005,116.799988
6.58000000000004,116.824158
6.58611000000002,116.845261
6.59083300000003,116.854156
6.5963880000001,116.862488
6.74194300000005,116.981659
6.82555500000012,117.048027
6.83999900000009,117.054428
6.84666600000014,117.054428
6.86860900000011,117.048866
6.87333200000006,117.046944
6.88555500000012,117.038589
6.89500000000004,117.034416
6.91083200000008,117.029709
6.93110999999993,117.029709
6.93666600000012,117.031097
6.94055500000002,117.033867
6.979444,117.068604
6.98611,117.075546
6.98888799999997,117.079712
6.99305400000009,117.089432
7.00194400000004,117.141937
7.00111100000004,117.148331
6.99444300000005,117.168869
6.99027600000005,117.178307
6.94888800000007,117.246094
6.94138700000008,117.252487
6.92833200000013,117.253052
6.88833200000005,117.252487
6.8752770000001,117.251663
6.86166600000013,117.24498
6.76777700000008,117.253052
6.66916600000013,117.276382
6.66361000000012,117.277771
6.64388800000006,117.285263
6.6358330000001,117.290817
6.62888700000002,117.297493
6.62361000000004,117.305817
6.54388799999998,117.453873
6.53972099999999,117.463318
6.53916500000014,117.469711
6.54110999999995,117.474426
6.54444300000006,117.477768
6.53777700000006,117.558594
6.51611000000003,117.646378
6.5133330000001,117.650543
6.49138700000009,117.676651
6.42333200000007,117.724426
6.38999900000005,117.738876
6.38388799999996,117.7397
6.31722200000013,117.734154
6.26888800000006,117.728043
6.26333299999999,117.726646
6.25861100000009,117.724426
6.25444400000009,117.721649
6.25166600000011,117.717758
6.24972100000014,117.712769
6.24888800000014,117.70665
6.25166600000011,117.688873
6.25527799999998,117.671654
6.24361000000005,117.642212
6.22305499999999,117.61499
6.21972099999999,117.611366
6.21499900000009,117.608597
6.19527599999998,117.601089
6.18972100000008,117.599716
6.17805500000009,117.601929
6.12916600000011,117.63472
6.11083200000002,117.650543
6.10805399999998,117.654709
6.0997210000001,117.659988
6.08888799999994,117.662773
5.997499,117.675262
5.98472100000004,117.675812
5.98000000000002,117.673866
5.97166499999997,117.667763
5.94860899999992,117.643051
5.94027600000004,117.629967
5.92527699999999,117.590271
5.9163880000001,117.564987
5.89611100000013,117.503052
5.89749900000004,117.550537
5.91499900000008,117.782211
5.94777700000003,117.878036
5.9500000000001,117.882751
5.95527700000008,117.891098
6.00638900000013,117.942467
6.01333300000005,117.949417
6.04111000000006,117.976089
6.05277600000005,117.984993
6.05749900000001,117.986923
6.061666,117.9897
6.06222100000008,118.002777
6.061666,118.008881
6.05888700000014,118.013046
6.03499899999997,118.036926
6.01944400000014,118.048599
5.97499900000014,118.073318
5.86666600000012,118.124687
5.86138800000003,118.124687
5.85305400000004,118.119141
5.81777800000003,118.093048
5.81416500000006,118.089706
5.81027700000004,118.080276
5.80333200000007,118.040543
5.80944299999999,117.982208
5.81360999999998,117.931374
5.81027700000004,117.921097
5.80138799999997,117.909416
5.79722100000004,117.906937
5.79027700000012,117.906937
5.75499900000011,117.917763
5.687499,117.952766
5.68388700000008,117.9561
5.68138800000008,117.960274
5.6894430000001,118.125526
5.78416499999997,118.156372
5.78972099999993,118.156372
5.79527700000011,118.157494
5.80055400000009,118.165817
5.80388699999997,118.176651
5.82777700000014,118.255547
5.82722200000001,118.261932
5.81027700000004,118.362488
5.80749900000006,118.373596
5.78166599999997,118.429703
5.774721,118.443314
5.76305500000001,118.466087
5.75833300000011,118.474991
5.74472100000003,118.495529
5.691666,118.574997
5.68610999999999,118.583054
5.63777700000003,118.64888
5.62499999999994,118.663002
5.59138799999994,118.6922
5.52722199999999,118.785263
5.42972100000009,118.934708
5.40444400000013,119.056641
5.40444400000013,119.070267
5.40583200000003,119.082764
5.41055500000004,119.098602
5.41611000000012,119.106644
5.42611000000005,119.116928
5.43499899999995,119.128593
5.43638700000008,119.134163
5.44527599999992,119.17804
5.44333200000005,119.189697
5.43860999999998,119.198593
5.42972100000009,119.210274
5.42361,119.217758
5.41722099999998,119.225273
5.40361000000001,119.238876
5.37722100000008,119.260269
5.37305500000002,119.263046
5.36416500000007,119.267761
5.34499899999997,119.275818
5.22361000000012,119.272491
5.20499899999999,119.263611
5.19277699999998,119.255547
5.17638800000003,119.244431
5.14861000000008,119.223877
5.13749999999993,119.214432
5.12388800000008,119.193588
5.11222100000003,119.171097
5.09388799999994,119.128036
5.06999999999999,119.069717
5.05777600000005,119.034149
5.04888800000009,118.99498
5.04611000000006,118.977203
5.03583200000003,118.939423
5.02777700000001,118.913307
4.9927770000001,118.818329
4.97722099999999,118.77916
4.96499899999998,118.748871
4.94777700000003,118.710541
4.94305400000007,118.70166
4.95861100000008,118.549713
4.99694299999999,118.448318
5.00111100000009,118.445251
5.02166599999993,118.424988
5.03055499999999,118.413307
5.03583200000003,118.398041
5.03583200000003,118.391373
5.03583200000003,118.357758
5.03583200000003,118.350807
5.03166599999992,118.34137
4.96361100000007,118.209152
4.95999899999998,118.205551
4.8883320000001,118.140549
4.87944300000004,118.135818
4.86860899999994,118.133041
4.8563880000001,118.131653
4.85083200000008,118.133041
4.73555499999998,118.23082
4.68222100000014,118.280273
4.67944299999994,118.284416
4.59333200000009,118.417213
4.60972100000004,118.428307
4.61305399999992,118.431664
4.61388800000003,118.437759
4.61249900000001,118.443314
4.59277699999996,118.48526
4.56489699999997,118.486969
4.53844299999997,118.467262
4.50057700000008,118.509277
4.52547500000009,118.544029
4.52361000000013,118.592758
4.51888800000006,118.596939
4.45055500000012,118.642212
4.44666600000005,118.644707
4.44027599999998,118.645538
4.434999,118.64415
4.4302770000001,118.642212
4.42611000000011,118.639427
4.41861,118.633331
4.41166600000014,118.626373
4.35166500000003,118.5522
4.35027700000012,118.546944
4.35083200000003,118.540817
4.35222099999999,118.535263
4.35444400000006,118.530548
4.35555499999998,118.524986
4.35555499999998,118.497482
4.3488880000001,118.404427
4.30777600000005,118.183594
4.29048100000006,118.125
4.26694400000002,118.073883
4.231943,118.013046
4.22444300000012,118
4.22388800000004,117.995247
4.22388800000004,117.988312
4.24499900000006,117.908043
4.24694299999999,117.90332
4.25444399999998,117.890266
4.25805500000013,117.886932
4.27722200000011,117.873306
4.28722099999999,117.863037
4.33527700000013,117.775269
4.37472100000002,117.693039
4.35361,117.62915
4.28444400000006,117.651932
4.27916599999998,117.65332
4.26694400000002,117.651932
4.26194400000003,117.649719
4.25388800000013,117.64444
4.19972000000001,117.601089
4.16981800000002,117.592056
4.17527699999999,117.52887
4.17888700000003,117.497757
4.18361000000004,117.47554
4.18861000000004,117.452766
4.19277700000004,117.443314
4.19888800000007,117.435532
4.21472199999994,117.424423
4.22472100000005,117.420258
4.24249800000007,117.410812
4.25111100000004,117.405258
4.25805500000013,117.398331
4.352777,117.253883
4.35499900000002,117.24971
4.35833299999996,117.239433
4.35916500000008,117.226379
4.35833299999996,117.220833
4.35444400000006,117.211113
4.3480550000001,117.204163
4.34388800000011,117.201393
4.33694400000002,117.194427
4.33555500000006,117.189148
4.33555500000006,117.176651
4.33694400000002,117.043869
4.35083200000003,116.93692
4.35222099999999,116.924423
4.35222099999999,116.910538
4.34999900000003,116.891937
4.34861000000001,116.886383
4.34527700000012,116.876923
4.33083200000004,116.843048
4.32999999999998,116.836647
4.33075000000002,116.688766
4.33472200000006,116.641937
4.33083200000004,116.5336
4.32111100000009,116.529427
4.317499,116.525818
4.29472199999998,116.468597
4.29333200000008,116.463043
4.29388800000004,116.45694
4.29527700000006,116.451393
4.29944299999994,116.44165
4.30999900000012,116.425812
4.357777,116.314697
4.35916500000008,116.155823
4.35083200000003,116.150818
4.33888800000011,116.141937
4.33555500000006,116.138603
4.28361000000001,116.074158
4.27861000000001,116.065262
4.27722200000011,116.059708
4.27722200000011,116.054153
4.27944400000007,116.049423
4.28277700000001,116.045822
4.29749900000002,116.032761
4.30166500000013,116.029984
4.30638800000008,116.028053
4.32722199999995,116.008041
4.33277700000002,116.000267
4.33972200000005,115.986649
4.34305500000011,115.976089
4.36888800000003,115.892487
4.36805399999997,115.886383
4.36666600000007,115.880814
4.36111000000005,115.872482
4.34749900000008,115.859421
4.34305500000011,115.856644
4.33833199999992,115.854713
4.32166599999999,115.85054
4.24472099999997,115.770264
4.23972099999997,115.761383
4.18027699999993,115.690811
4.17194400000005,115.685257
4.16277700000006,115.681374
4.10859599999992,115.659714
4.09777700000006,115.661102
4.0783330000001,115.662491
3.85416700000002,115.616379
3.74166600000007,115.585274
3.70861099999996,115.576927
3.666111,115.571381
3.61277699999994,115.571381
3.59472199999999,115.574158
3.585555,115.578873
3.53916600000014,115.601929
3.45777800000002,115.626083
3.439166,115.628036
3.43222200000008,115.628036
3.42666600000013,115.626648
3.42111100000005,115.618317
3.41972200000004,115.612762
3.41972200000004,115.606087
3.42472200000003,115.596939
3.42888799999992,115.587196
3.42805499999992,115.5811
3.42611100000005,115.576393
3.41777799999994,115.570831
3.3891660000001,115.558868
3.37388800000008,115.553307
3.33361099999996,115.538879
3.31833300000011,115.534149
3.30166600000007,115.529984
3.21000000000009,115.511932
3.19833300000005,115.509987
3.18583299999995,115.511383
3.18222200000014,115.514709
3.17611100000005,115.528587
3.05027700000011,115.498871
3.04000000000013,115.495529
3.02750000000009,115.487198
2.99222200000008,115.380814
2.99138799999997,115.375259
2.98638799999998,115.320831
2.98916599999995,115.315811
2.99777699999999,115.310257
3.00666700000011,115.305542
3.01638800000012,115.301376
3.01083299999999,115.24971
2.92555499999997,115.155548
2.91861100000006,115.148613
2.90611000000007,115.139709
2.85111100000012,115.118317
2.61638799999997,115.081673
2.61083300000007,115.083054
2.60249900000008,115.088593
2.5997210000001,115.092758
2.59749900000008,115.098328
2.59694400000001,115.104431
2.59749900000008,115.110809
2.60249900000008,115.119713
2.60861100000005,115.126648
2.61083300000007,115.130814
2.61222200000003,115.136383
2.60583300000008,115.166656
2.60444400000006,115.172211
2.59694400000001,115.185257
2.58305500000012,115.199142
2.53361100000006,115.234993
2.52888800000005,115.237198
2.52249999999998,115.237198
2.50805500000013,115.23082
2.49416600000006,115.217758
2.49138800000009,115.213608
2.48722199999997,115.203873
2.48305499999998,115.187477
2.42250000000007,115.09082
2.36055500000003,115.001663
2.295278,114.950546
2.291111,114.947746
2.28555500000004,114.939423
2.2822220000001,114.929703
2.27666599999998,114.907761
2.27666599999998,114.900818
2.27944400000013,114.875809
2.27944400000013,114.870247
2.26416600000005,114.817207
2.25722200000001,114.810257
2.24888800000002,114.804703
2.21944400000007,114.792213
2.21416600000003,114.790817
2.16555499999993,114.778587
2.15361100000007,114.776382
2.14666699999998,114.776382
2.06472200000002,114.800537
2.04388900000004,114.839157
2.04722199999998,114.848877
2.04805499999998,114.855263
2.04722199999998,114.861366
2.04527800000005,114.866928
2.04388900000004,114.868317
2.02027800000008,114.872482
2.00777800000003,114.872482
1.91527700000006,114.861923
1.90416600000003,114.859993
1.89722200000011,114.853043
1.89166599999999,114.844711
1.86388899999992,114.783333
1.770555,114.710823
1.6425000000001,114.674423
1.45416599999999,114.590271
1.4500000000001,114.587486
1.44333300000005,114.580551
1.43777799999992,114.572487
1.43361099999998,114.562759
1.43222200000014,114.557213
1.43222200000014,114.543587
1.43555500000002,114.533333
1.44805500000012,114.511383
1.46027799999996,114.496094
1.46638799999999,114.488586
1.47611100000012,114.477768
1.47888899999992,114.473602
1.4919440000001,114.452477
1.496666,114.443588
1.50472200000007,114.424423
1.50777799999997,114.413307
1.50972200000007,114.401657
1.50833300000005,114.389427
1.47000000000003,114.290817
1.44472200000001,114.233871
1.44250000000005,114.228867
1.46999299999999,114.084396
1.458889,114.0336
1.45361100000008,114.00499
1.4508330000001,113.987198
1.44861100000008,113.968597
1.44527699999992,113.930817
1.44388900000001,113.925537
1.43777799999992,113.918053
1.4097220000001,113.891098
1.40222200000005,113.884987
1.39055499999995,113.876083
1.374166,113.865257
1.34861100000001,113.842484
1.3075,113.794434
1.30194399999999,113.786377
1.22666600000008,113.66304
1.22472199999999,113.658333
1.22527700000012,113.651932
1.22944400000006,113.642487
1.23777699999999,113.629967
1.25138900000002,113.616379
1.28361100000012,113.586929
1.28833300000002,113.4561
1.3438890000001,113.37442
1.35361099999994,113.363602
1.35888900000003,113.355263
1.36527800000005,113.34082
1.43166599999995,113.126373
1.5363890000001,113.059143
1.541111,113.057213
1.54527799999994,113.054428
1.55694399999993,113.038589
1.57277799999997,112.99971
1.57750000000004,112.976929
1.58777800000013,112.887207
1.58833300000003,112.881088
1.56305500000002,112.680267
1.57055500000007,112.504173
1.57055500000007,112.5
1.57055500000007,112.49054
1.56805500000002,112.472763
1.49944399999998,112.309708
1.45361100000008,112.204712
1.44666600000011,112.198029
1.42527699999999,112.184708
1.41583300000002,112.180817
1.4088890000001,112.180817
1.40500000000003,112.183594
1.40277700000013,112.188309
1.40277700000013,112.195251
1.40416599999992,112.207489
1.40222200000005,112.212196
1.39722200000006,112.214432
1.39111100000014,112.214996
1.37888900000002,112.213608
1.373333,112.212196
1.15611100000001,112.136108
1.15138900000011,112.134163
1.14722200000011,112.131363
1.14444400000008,112.127197
1.14055500000001,112.110809
1.13555500000001,112.074432
1.13416600000005,112.055252
1.13416600000005,112.041656
1.13777800000014,111.983322
1.13499999999993,111.965553
1.13222200000013,111.954712
1.12999999999994,111.949707
1.12472200000008,111.94165
1.07749999999999,111.893051
1.07388900000001,111.889427
1.05555500000003,111.879967
1.04111100000006,111.873871
1.02388900000011,111.863602
1.01694400000014,111.856644
1.00749999999999,111.845833
0.998611000000096,111.827209
0.995277999999985,111.809982
0.993889000000024,111.79776
1.00611099999998,111.732758
1.01166699999999,111.724426
1.02472200000011,111.700272
1.03361100000001,111.681931
1.037778,111.672211
1.03916600000008,111.666931
1.03694400000006,111.655258
1.02944400000001,111.635269
1.00138900000007,111.56749
0.999166000000002,111.562759
1.00805500000007,111.419434
1.00888899999995,111.406372
1.01166699999999,111.394707
1.044444,111.311096
1.06722200000013,111.258331
1.06972200000001,111.211929
1.06305500000013,111.198029
1.06166600000012,111.192467
1.02472200000011,111.024147
1.02111100000013,111.006943
1.02000000000004,110.994713
1.01861100000002,110.941093
1.01583300000004,110.909714
1.01444400000003,110.90416
1.00555499999996,110.885536
0.952778000000023,110.82193
0.949167000000045,110.818604
0.945277999999917,110.815811
0.934167000000059,110.813026
0.920554999999979,110.813026
0.914444000000117,110.812187
0.910278000000005,110.809708
0.906667000000027,110.806091
0.878055000000018,110.701927
0.856110999999999,110.598602
0.852778000000058,110.574432
0.853888999999981,110.555252
0.856666999999959,110.544434
0.864166000000125,110.524429
0.866389000000027,110.519707
0.902778000000126,110.459991
1.00194399999998,110.332489
1.17611100000011,110.198868
1.185,110.187187
1.18638800000008,110.181931
1.18777799999998,110.169434
1.18777799999998,110.155823
1.18972200000007,110.137207
1.19527699999998,110.11554
1.20138899999995,110.101089
1.21166599999992,110.083878
1.22000000000008,110.071663
1.28684100000004,109.997726
1.29045600000001,109.994377
1.30187899999993,109.985413
1.31721800000008,109.979713
1.40694400000012,109.931664
1.46861100000007,109.824707
1.53916599999997,109.739967
1.55555500000014,109.721916
1.565833,109.711647
1.58027800000008,109.698868
1.61305500000009,109.669983
1.61777800000004,109.667763
1.62416599999995,109.667213
1.70638800000012,109.667213
1.78916600000014,109.615807
1.79111100000011,109.603592
1.79527800000011,109.593872
1.80083300000001,109.585541
1.80416700000001,109.582207
1.83361100000008,109.563873
1.90416600000003,109.546654
1.90972199999999,109.548027
2.03166599999997,109.630814
2.07340900000003,109.648567
2.05749900000012,109.651382
2.00277800000003,109.655548
1.95222200000001,109.649986
1.93916600000011,109.650818
1.93361100000004,109.652206
1.91444400000006,109.660263
1.89805500000011,109.671371
1.86250000000013,109.697479
1.85888899999992,109.700821
1.85277699999995,109.708328
1.85000000000008,109.712486
1.83694400000002,109.733597
1.82277800000014,109.760536
1.72194400000006,109.899429
1.6925,109.924988
1.689166,109.928307
1.68777800000009,109.933868
1.682298,109.981827
1.70555500000012,110.253052
1.76166699999999,110.298317
1.770555,110.30304
1.79194400000011,110.316093
1.79611100000011,110.318878
1.80083300000001,110.327766
1.80222199999997,110.333328
1.80083300000001,110.338882
1.79388900000009,110.345543
1.6433330000001,110.477203
1.62416599999995,110.47998
1.60833300000002,110.527206
1.5980550000001,110.564987
1.57888900000006,110.635536
1.55694399999993,110.702766
1.54944400000005,110.722488
1.543879,110.730438
1.5363890000001,110.736923
1.52611100000001,110.740257
1.51999999999993,110.741089
1.51388900000006,110.740257
1.504167,110.736366
1.5,110.733597
1.48833300000013,110.724701
1.47750000000013,110.714996
1.46638799999999,110.698593
1.46444400000007,110.693588
1.45361100000008,110.6772
1.44944400000009,110.674423
1.44527699999992,110.674423
1.44472200000001,110.687477
1.44527699999992,110.700546
1.44861100000008,110.724701
1.45277700000003,110.734154
1.46111099999996,110.746643
1.47944400000006,110.762207
1.49333300000006,110.76915
1.50555500000007,110.770538
1.51916600000004,110.770538
1.53777800000006,110.768333
1.55138900000003,110.768333
1.55694399999993,110.769707
1.5611110000001,110.772491
1.56444400000004,110.776093
1.56861099999998,110.785538
1.56999999999999,110.791092
1.57055500000007,110.797211
1.56805500000002,110.82193
1.56250000000011,110.836929
1.51722200000012,110.942467
1.49944399999998,110.972763
1.49333300000006,110.98027
1.48305500000004,110.99054
1.4550000000001,111.017212
1.43305500000014,111.036377
1.41500000000002,111.052757
1.40500000000003,111.063026
1.36388900000003,111.155548
1.333055,111.319443
1.333055,111.333054
1.33555500000011,111.350807
1.34055500000011,111.366653
1.3438890000001,111.376923
1.34805499999999,111.3797
1.40694400000012,111.301651
1.41305499999999,111.287201
1.41583300000002,111.262497
1.41583300000002,111.241928
1.41250000000008,111.224701
1.40694400000012,111.209717
1.40277700000013,111.200272
1.39722200000006,111.191933
1.39527800000013,111.187187
1.39388899999994,111.181664
1.39388899999994,111.174698
1.39527800000013,111.169434
1.39944400000002,111.159714
1.458889,111.061653
1.46500000000009,111.054153
1.52416700000009,111.024147
1.52944400000007,111.015823
1.5372220000001,111.00972
1.55138900000003,111.003601
1.56861099999998,111
1.57555500000007,111
1.58777800000013,111.001389
1.64944400000002,111.021927
1.66444399999995,111.027481
1.66777800000011,111.030823
1.67333300000001,111.039146
1.67555500000003,111.043869
1.68222200000008,111.064423
1.93833300000011,111.169434
1.94805500000001,111.173309
2.021389,111.196091
2.06638800000002,111.205551
2.11166599999996,111.235809
2.11527699999999,111.239151
2.12055500000002,111.247482
2.12277700000004,111.252213
2.12416600000006,111.257767
2.12055500000002,111.274696
2.11250000000007,111.294144
2.10555500000009,111.321381
2.10555500000009,111.328323
2.10694400000006,111.333878
2.10888900000009,111.338593
2.11916600000006,111.348877
2.14666699999998,111.36998
2.15083300000009,111.372757
2.15611000000007,111.374153
2.16166600000003,111.372757
2.16388800000004,111.368042
2.16305500000004,111.35498
2.151388,111.270828
2.14111100000002,111.191933
2.14111100000002,111.178307
2.14333299999998,111.173309
2.14722200000006,111.170822
2.15222200000005,111.168587
2.26222200000001,111.183037
2.36583300000012,111.202766
2.39861100000002,111.211113
2.41361000000006,111.21666
2.42111100000005,111.223312
2.42388900000003,111.227478
2.43000000000012,111.241928
2.42861099999993,111.247482
2.39055500000012,111.31192
2.38777700000014,111.316093
2.38083300000005,111.322769
2.33909399999999,111.368111
2.35611100000006,111.39415
2.36860999999999,111.450272
2.39111100000014,111.444138
2.39444400000002,111.440811
2.41368500000004,111.426849
2.48083300000002,111.403053
2.57805499999995,111.418053
2.67250000000001,111.436653
2.683333,111.439423
2.69166600000005,111.444702
2.69777699999997,111.452209
2.74638800000002,111.520264
2.834722,111.64415
2.84277699999996,111.656372
2.84694400000012,111.666092
2.84833300000014,111.671654
2.86000000000001,111.740807
2.86888799999997,111.793587
2.87305499999997,111.823608
2.875,111.842209
2.87972200000007,111.892212
2.87972200000007,111.947197
2.88055500000007,111.953323
2.88249899999994,111.964996
2.90527700000007,112.093048
2.90916599999997,112.109421
2.93805500000002,112.217758
2.95305499999995,112.264427
3.01472200000012,112.517212
3.04416700000013,112.647491
3.04944400000011,112.676376
3.05222200000009,112.687187
3.10083299999997,112.8647
3.12222100000002,112.93248
3.12888800000007,112.953049
3.1350000000001,112.967484
3.14194399999997,112.981087
3.15222200000005,112.998322
3.1605550000001,113.010536
3.17611100000005,113.02916
3.19055500000002,113.042213
3.20611000000008,113.053864
3.22194399999995,113.065536
3.23833300000013,113.076393
3.25277799999998,113.082489
3.48611100000005,113.274986
3.5174990000001,113.298317
3.64333300000004,113.388321
3.65555500000005,113.396378
3.69194399999992,113.414993
3.80805500000014,113.517761
3.83000000000004,113.546371
3.83611100000013,113.553864
3.93249900000001,113.669708
3.99694399999993,113.735527
4.04472199999998,113.776657
4.24416500000001,113.926086
4.25666599999994,113.934418
4.27444400000007,113.943863
4.32138800000007,113.964432
4.42333200000013,113.99054
4.43972100000008,113.994713
4.45333299999993,113.994713
4.47249899999997,113.993317
4.48472099999998,113.991928
4.49583200000001,113.989151
4.51138900000007,113.984421
4.53611000000001,113.974152
4.55527699999999,113.96582
4.56610999999992,113.963043
4.57305500000012,113.963043
4.58249999999998,113.967209
4.59055499999999,113.972763
4.59333200000009,113.976929
4.59749900000003,113.986366
4.59944299999995,113.998032
4.59888800000004,114.011108
4.59555400000005,114.066673
4.59053799999998,114.095078
4.5800000000001,114.15332
4.57777700000003,114.164993
4.57249900000011,114.179977
4.56694400000004,114.188309
4.53194300000001,114.235809
4.52166600000004,114.246094
4.49749900000012,114.263893
4.43722099999997,114.306641
4.42916600000001,114.311371
4.33999900000003,114.329163
4.32694400000008,114.329987
4.25638900000013,114.399986
4.2000000000001,114.47554
4.05805399999997,114.607483
4.05333200000007,114.609421
4.03388799999993,114.608871
4.02777700000007,114.609993
4.02444400000013,114.613602
4.02166599999998,114.618317
4.02027699999996,114.623032
4.01749899999999,114.634987
4.018888,114.641098
4.02222199999994,114.649986
4.02972099999994,114.669983
4.046944,114.70166
4.05305399999997,114.709152
4.12694399999998,114.793053
4.14222099999995,114.805252
4.14694400000013,114.80748
4.35527700000006,114.866928
4.43333200000006,114.862198
4.4319430000001,114.85582
4.4327760000001,114.848877
4.43472100000008,114.844147
4.43749900000006,114.84082
4.44638700000007,114.834717
4.47388799999999,114.829163
4.49583200000001,114.825821
4.58083199999999,114.815536
4.69388800000002,114.791656
4.7008320000001,114.785263
4.70916600000004,114.779984
4.72083300000014,114.777771
4.73305399999998,114.77916
4.73860999999999,114.780548
4.74749900000006,114.785263
4.75166600000006,114.788879
4.80083200000001,114.848877
4.80638800000003,114.856369
4.80972100000008,114.866653
4.8102770000001,114.87915
4.8111100000001,114.904427
4.81166600000006,114.91748
4.81722200000007,114.945824
4.82194399999997,114.962196
4.83166600000004,114.979431
4.83916599999992,114.986366
4.84666600000003,114.991928
4.89579500000013,115.018433
4.87944300000004,115.022491
4.87333200000012,115.023323
4.82021000000003,115.029129
4.75333299999994,115.020828
4.72444300000001,115.020538
4.65666600000009,115.026657
4.64583299999993,115.029427
4.41333300000002,115.090271
4.39138800000006,115.096367
4.38222100000013,115.10054
4.37888700000013,115.104156
4.37416600000012,115.113602
4.31555500000007,115.320541
4.31138800000008,115.33638
4.31194299999999,115.343323
4.314165,115.348602
4.32083299999999,115.355553
4.32916600000004,115.36026
4.33611000000013,115.36026
4.34694400000001,115.357758
4.35166500000003,115.355553
4.35999899999996,115.350807
4.36833200000007,115.344711
4.393055,115.321381
4.399721,115.314423
4.41027700000012,115.302757
4.42305500000009,115.289146
4.43083200000001,115.2836
4.43888800000008,115.278053
4.44860900000003,115.27388
4.45416599999993,115.272491
4.54111,115.264427
4.56444399999992,115.2686
4.57388900000001,115.272774
4.58277700000002,115.27832
4.59860999999995,115.282494
4.61166600000001,115.282494
4.68305400000014,115.261383
4.80499800000013,115.223038
4.84916600000008,115.1922
4.9032400000001,115.145782
4.95194300000014,115.204163
4.95805500000012,115.211647
4.95861100000008,115.217758
4.95749999999998,115.223312
4.92583200000007,115.286377
4.90555499999994,115.306931
4.89944400000007,115.314423
4.89444400000008,115.323318
4.89305500000006,115.328873
4.89305500000006,115.335823
4.89944400000007,115.356934
4.90333299999998,115.366653
4.91166600000003,115.37886
4.92527699999999,115.392487
4.98888800000003,115.452209
4.99972100000002,115.461929
5.02277500000002,115.479713
5.041944,115.52887
5.05305399999997,115.546097
5.06860999999992,115.557747
5.0783330000001,115.56192
5.08916600000003,115.564697
5.12611000000004,115.568604
5.17916600000001,115.574158
5.20249900000005,115.559143
5.19888800000007,115.541931
5.20027700000009,115.529709
5.20861100000002,115.510536
5.21944300000013,115.487198
5.2222210000001,115.483047
5.30749900000001,115.361099
5.311666,115.358322
5.32388900000007,115.359711
5.37972100000002,115.370529
5.38527699999997,115.371918
5.39888900000005,115.37886
5.40305400000005,115.381653
5.51749900000004,115.52832
5.52027700000002,115.60582
5.51972100000006,115.74971
5.52027700000002,115.762497
5.52500000000003,115.792213
5.52777700000013,115.80304
5.53388799999999,115.81749
5.5422210000001,115.829712
5.56388800000013,115.848877
5.57638800000001,115.857208
5.62888700000008,115.886658
5.6424990000001,115.89415
5.64722200000011,115.896378
5.67999900000012,115.904427
5.71611000000013,115.909149
5.7380060000001,115.915047
5.74749900000006,115.918869
5.75499900000011,115.924988
5.76166599999999,115.931931
5.76999999999998,115.944138
5.797777,115.991364
5.80944299999999,116.01416
5.82305500000001,116.034714
5.8291660000001,116.042213
5.84083299999998,116.051086
5.85027699999995,116.055252
5.85583200000008,116.056641
5.86249900000013,116.056641
5.90027700000002,116.053307
5.97777700000012,116.090271
6.12777600000004,116.109993
6.36333300000013,116.328598
6.38861100000014,116.358032
6.42888699999997,116.414429
6.482777,116.491089
6.48944299999999,116.498032
6.49749900000006,116.503326
6.50722200000001,116.507492
6.51388800000001,116.507492
6.529721,116.502777
6.53499900000008,116.502777
6.54055500000004,116.504173
6.54805499999992,116.510269
6.6063880000001,116.561096
6.67388800000003,116.623306
6.68083200000007,116.630257
6.69222100000007,116.63916
6.70111100000003,116.643883
6.71138900000011,116.647217
6.71749900000009,116.648041
6.73111099999994,116.648041
6.74333200000001,116.646652
6.76027800000008,116.642487
6.77333300000004,116.643333
6.84666600000014,116.656937
6.85638800000004,116.661102
6.96777700000013,116.71582
7.00666600000011,116.745247
7.01805500000012,116.754173
7.02361000000002,116.762497
7.02361000000002,116.767761
7.0216660000001,116.772774
6.96916599999992,116.829712
6.96111000000008,116.834991
6.95138800000001,116.839157
6.94611000000009,116.840553
6.90111100000007,116.850807
6.89500000000004,116.851379
6.80333200000007,116.859711
6.78361000000001,116.859154
6.77749899999992,116.858322
6.76638800000006,116.855553
6.75694400000009,116.851379
6.74805500000002,116.846649
6.73583200000013,116.838593
6.72833300000013,116.832207
6.71944300000001,116.820541
6.70305400000001,116.809708
6.66222099999993,116.789146
6.6433320000001,116.780823
6.62083200000006,116.776093
6.60111000000001,116.776932
6.59027700000001,116.779427
6.58555500000011,116.781662
6.58194400000014,116.784988
6.57916599999999,116.789146
---
7.25000000000006,117.27832
7.23861000000005,117.276382
7.22833300000002,117.273041
7.18472100000008,117.255257
7.17999900000001,117.253052
7.17666500000001,117.24971
7.17527700000011,117.244141
7.17333200000007,117.192749
7.17333200000007,117.172211
7.171944,117.159988
7.16861,117.149429
7.15555500000005,117.120819
7.14138800000006,117.100807
7.13305400000007,117.095543
7.11888800000003,117.089432
7.10666600000008,117.0811
7.10333299999996,117.077477
7.10111000000006,117.072769
7.10194300000006,117.066673
7.10583199999996,117.063873
7.11138799999998,117.062477
7.167777,117.0522
7.17388800000009,117.051651
7.27166600000004,117.062477
7.28055500000011,117.067207
7.28749900000003,117.074158
7.29416600000008,117.088043
7.29345399999994,117.093262
7.33305500000006,117.142761
7.33499899999998,117.147491
7.35277700000012,117.218872
7.35277700000012,117.22554
7.34527700000007,117.266098
7.34249900000003,117.270264
7.33583300000004,117.276932
7.3316660000001,117.279709
7.32694399999997,117.281937
7.32138800000001,117.283333
7.31472100000013,117.283333
---
7.18388699999997,116.856934
7.18694300000004,116.853043
7.18972100000008,116.851646
7.27277700000013,116.878036
7.27555500000011,116.879433
7.28027700000001,116.886658
7.35138799999993,116.996094
7.35361000000012,117.000816
7.35333300000013,117.003326
7.34222099999994,117.00943
7.30833200000012,117.017487
7.27166600000004,117.020538
7.26638799999995,117.018883
7.26444400000003,117.016388
7.24166600000012,116.958038
7.23444400000011,116.912201
7.23249900000013,116.90416
7.22361000000006,116.876923
7.21999900000009,116.872482
---
