35.7999950000001,14.5197220000001
35.8186040000001,14.423887
35.8444440000001,14.379721
35.847496,14.374998
35.854721,14.366943
35.8724980000001,14.347221
35.879715,14.339443
35.8838880000001,14.336388
35.894997,14.3330550000001
35.9727710000001,14.324999
35.9788819999999,14.3263870000001
35.9811100000001,14.3324990000001
35.991386,14.361666
35.9924930000001,14.368332
35.9908290000001,14.374998
35.9602740000001,14.4433330000001
35.9252779999999,14.510277
35.8922200000001,14.5483320000001
35.8777770000001,14.563889
35.8694380000001,14.5700000000001
35.829437,14.568054
35.8241650000001,14.565832
35.820274,14.5622220000001
---
36.0113830000001,14.2513890000001
36.012772,14.237221
36.0219420000001,14.1969430000001
36.0244369999999,14.191111
36.0333330000001,14.1858330000001
36.0552750000001,14.180832
36.0608290000001,14.1811100000001
36.0663830000001,14.190832
36.071663,14.2088870000001
36.074997,14.2291660000001
36.0741650000001,14.2458320000001
36.0730510000001,14.2533320000001
36.053329,14.3149990000001
36.0511090000001,14.320555
36.033882,14.3411100000001
36.0297160000001,14.340832
36.027222,14.3358330000001
36.0116650000001,14.275
36.0113830000001,14.2675
---
