5.60027700000001,168.108002
5.60249900000002,168.103302
5.6080540000001,168.094971
5.61333300000007,168.094971
5.63944300000003,168.11969
5.6416660000001,168.12439
5.63944300000003,168.12912
5.63333300000005,168.132721
5.62916600000005,168.132721
5.62361000000004,168.131348
5.61833200000001,168.129944
5.60583200000008,168.121613
5.60249900000002,168.118286
5.60027700000001,168.113586
---
5.62861000000004,168.085236
5.62916600000005,168.079132
5.63194299999998,168.074982
5.6366660000001,168.073029
5.64222100000001,168.073029
5.64722200000011,168.074982
5.65026499999999,168.077148
5.65111100000001,168.080536
5.6408330000001,168.09079
5.63555500000001,168.092194
5.63055400000013,168.09024
---
6.07666599999999,171.756104
6.07722199999995,171.730804
6.07999999999998,171.726624
6.08611000000013,171.727173
6.09499900000003,171.732178
6.09638800000005,171.733582
6.08055500000006,171.751923
---
6.21694400000007,172.086365
6.21888799999999,172.077454
6.2222210000001,172.074127
6.22694400000006,172.07608
6.22972099999998,172.080261
6.22777700000006,172.084961
6.22444300000006,172.088562
6.21972099999999,172.090515
---
7.09111000000013,171.902466
7.09249900000009,171.896942
7.09611000000007,171.89386
7.10166499999997,171.894135
7.10416599999996,171.895538
7.13222100000007,171.922211
7.13499900000011,171.925262
7.13388800000001,171.929962
7.13055400000002,171.933319
7.12555400000002,171.934967
7.11999900000012,171.934692
7.10138799999999,171.925537
7.09749900000008,171.92276
7.09249900000009,171.914154
---
7.28888799999999,168.786377
7.28972099999999,168.767212
7.30527699999993,168.70163
7.30833200000012,168.690796
7.31777800000009,168.672485
7.32194400000003,168.669983
7.32888800000006,168.670258
7.331388,168.674408
7.29833199999996,168.768036
---
7.3974990000001,168.569977
7.40249900000009,168.561096
7.40666600000009,168.558594
7.42305500000003,168.554962
7.44833199999999,168.553589
7.46944300000001,168.553589
7.47138799999999,168.558594
7.46916600000003,168.563293
7.46444400000013,168.565247
7.40972100000005,168.573029
7.39805500000011,168.574677
---
7.57305500000007,168.961639
7.61249900000013,168.94165
7.61527600000005,168.944427
7.61694299999994,168.956085
7.61166600000013,168.964966
7.60111000000001,168.974976
7.59083299999998,168.978027
7.58472200000011,168.977173
7.58000000000004,168.974976
7.57416599999993,168.967194
---
7.7477770000001,168.246613
7.7486100000001,168.233582
7.75388799999996,168.22467
7.76138900000012,168.218567
7.76694400000002,168.220245
7.76611000000014,168.224976
7.75722199999996,168.250824
7.75361099999998,168.25415
7.7494430000001,168.251373
---
8.72471999999993,167.731903
8.72638700000005,167.726349
8.72971900000005,167.724396
8.74499700000007,167.736633
8.74777599999999,167.740784
8.74499700000007,167.74411
8.73944100000011,167.745514
8.73333200000002,167.744415
8.72860900000001,167.742462
8.72527500000001,167.738861
---
8.884998,170.839966
8.88861099999997,170.836639
8.89333199999999,170.834961
8.90638699999994,170.83609
8.91444400000012,170.841919
8.91610900000001,170.846924
8.91333200000014,170.851074
8.90972099999993,170.854401
8.90416499999998,170.85553
8.89805400000006,170.854401
8.8899990000001,170.848572
8.88694400000009,170.844971
---
9.19610999999998,165.531372
9.19888700000007,165.527191
9.20777500000008,165.522491
9.21472000000006,165.522766
9.21860900000013,165.526917
9.21583200000003,165.531097
9.20749899999998,165.536377
9.20277599999997,165.5383
9.19722000000002,165.536926
---
9.32222000000007,166.823029
9.32444200000003,166.818298
9.32805400000012,166.814972
9.33416399999993,166.811646
9.33694300000002,166.811646
9.33721900000012,166.824982
9.33583100000004,166.830261
9.33222000000006,166.833862
9.32805400000012,166.836365
9.32333200000005,166.83551
9.32222000000007,166.829956
---
9.53360900000013,170.244965
9.53666500000003,170.240784
9.55888700000014,170.233307
9.56138800000014,170.237732
9.56055500000014,170.243835
9.55694199999994,170.247192
9.55138799999997,170.248291
9.54472199999998,170.248016
---
9.63333299999994,170.135529
9.63944200000003,170.136658
9.64333200000004,170.139435
9.6458320000001,170.14386
9.64694400000008,170.156372
9.64527700000002,170.161652
9.64138800000012,170.158875
9.63944200000003,170.15387
---
10.43222,169.969971
10.4333320000001,169.963867
10.4361099999999,169.959686
10.4461100000001,169.948853
10.451109,169.944122
10.45083,169.95108
10.446386,169.960785
10.4436089999999,169.964966
10.436386,169.971619
---
11.14361,166.879669
11.1452770000001,166.867188
11.153332,166.841339
11.1686100000001,166.894989
11.1686100000001,166.900543
11.1630539999999,166.901917
11.1583330000001,166.899719
11.154165,166.896637
11.147499,166.889709
11.144722,166.885254
---
11.2308310000001,169.861908
11.2319410000001,169.85553
11.238052,169.856628
11.2413859999999,169.858856
11.237497,169.86911
11.2327749999999,169.866913
---
11.35083,162.332733
11.3513869999999,162.326355
11.354164,162.323578
11.3602750000001,162.331085
11.362219,162.33609
11.362219,162.341644
11.358887,162.345245
11.3547189999999,162.342468
11.3519420000001,162.338287
---
11.3772200000001,167.516083
11.3808310000001,167.512482
11.393888,167.512207
11.3866649999999,167.526093
11.3805520000001,167.525269
11.377775,167.520813
---
11.6111089999999,165.553864
11.638611,165.513031
11.6402760000001,165.531921
11.6388870000001,165.537476
11.6344430000001,165.547211
11.6311090000001,165.550812
11.621943,165.555542
11.6158310000001,165.556091
---
11.6958310000001,165.282471
11.6966650000001,165.277466
11.7008300000001,165.274689
11.706387,165.271912
11.7102760000001,165.274994
11.713053,165.279144
11.714165,165.284698
11.7099970000001,165.294434
11.7044430000001,165.294434
11.700554,165.291656
---
14.5802760000001,168.981079
14.5811100000001,168.974976
14.5844420000001,168.977173
14.5905529999999,168.985229
14.5983309999999,168.998291
14.5980530000001,169.003876
14.5919420000001,169.004425
14.587776,169.001373
14.580832,168.987732
---
