14.465555,-60.886948
14.471388,-60.975006
14.469999,-61.011116
14.465832,-61.03389
14.693054,-61.172501
14.809444,-61.231674
14.815554,-61.231392
14.832222,-61.226669
14.846666,-61.212784
14.858889,-61.198616
14.876944,-61.174728
14.880278,-61.165001
14.879999,-61.158615
14.877777,-61.14473
14.861387,-61.100006
14.859165,-61.094727
14.831944,-61.039726
14.829166,-61.034447
14.740833,-60.940834
14.727777,-60.942505
14.652498,-60.90667
14.594721,-60.849724
14.57,-60.829727
14.47611,-60.817223
14.470554,-60.816673
14.455832,-60.820557
14.439722,-60.82695
14.434444,-60.82917
14.415277,-60.839447
14.403055,-60.855003
14.402777,-60.86084
---
