-20.5205569999999,57.529442
-20.516113,57.4708330000001
-20.503056,57.386108
-20.460003,57.307495
-20.45528,57.30555
-20.449169,57.3047180000001
-20.4366679999999,57.3063890000001
-20.431393,57.307777
-20.2450029999999,57.3766630000001
-20.225834,57.3855510000001
-20.195835,57.404716
-20.1836129999999,57.4136050000001
-20.0205569999999,57.533882
-19.988056,57.589439
-19.985558,57.5938870000001
-19.984726,57.596939
-19.9863889999999,57.624443
-19.99889,57.6697160000001
-20.001114,57.674721
-20.014168,57.682777
-20.224445,57.7949980000001
-20.230556,57.79583
-20.270836,57.7919390000001
-20.283337,57.790276
-20.2886119999999,57.788887
-20.438892,57.722771
-20.45528,57.705276
-20.479168,57.679443
-20.4838909999999,57.669998
-20.5141679999999,57.5724950000001
---
-19.76667,63.3694380000001
-19.766113,63.362778
-19.761391,63.353333
-19.745556,63.3341600000001
-19.742779,63.331108
-19.738056,63.3286060000001
-19.7180559999999,63.3305510000001
-19.7147249999999,63.3341600000001
-19.71167,63.338333
-19.7075,63.3483280000001
-19.674168,63.434441
-19.673058,63.4611049999999
-19.6736149999999,63.4677730000001
-19.6775019999999,63.4780500000001
-19.6811139999999,63.4933320000001
-19.683891,63.4977720000001
-19.688614,63.4986040000001
-19.703056,63.4969410000001
-19.708614,63.4955519999999
-19.71278,63.4927750000001
-19.733612,63.4713820000001
-19.735836,63.466385
---
-10.398613,56.5630489999999
-10.397223,56.5574950000001
-10.394445,56.5536040000001
-10.382559,56.54438
-10.3800009999999,56.54055
-10.373056,56.533607
-10.354445,56.517776
-10.346668,56.5116650000001
-10.341946,56.5097200000001
-10.331112,56.507217
-10.324722,56.507774
-10.316668,56.513611
-10.317501,56.5183260000001
-10.3800009999999,56.5586090000001
-10.3883339999999,56.563889
-10.39389,56.5652770000001
-10.397223,56.5644380000001
---
