-12.805,45.277771
-12.796946,45.2727740000001
-12.7875,45.2688830000001
-12.76889,45.262497
-12.765001,45.2638850000001
-12.760834,45.2666630000001
-12.7536129999999,45.2727740000001
-12.7499999999999,45.2763820000001
-12.7475009999999,45.2830510000001
-12.7499999999999,45.286659
-12.764168,45.2908330000001
-12.781668,45.293327
-12.786945,45.2919390000001
-12.804167,45.282494
---
-12.92089,45.1763840000001
-12.928223,45.1772190000001
-12.93139,45.178051
-12.9713899999999,45.1811070000001
-12.9925,45.1363830000001
-12.99139,45.1241610000001
-12.985834,45.0974960000001
-12.957224,45.0700000000001
-12.8963889999999,45.060555
-12.8930569999999,45.0630490000001
-12.8905559999999,45.067215
-12.8897229999999,45.0802760000001
-12.8905559999999,45.0863880000001
-12.8925019999999,45.091385
-12.901945,45.0952760000001
-12.907778,45.0961070000001
-12.910557,45.099442
-12.901278,45.1131060000001
-12.902112,45.1159400000001
-12.902112,45.1192700000001
-12.898945,45.1232720000001
-12.892445,45.124939
-12.885279,45.1241070000001
-12.8283349999999,45.103607
-12.750834,45.058327
-12.7408349999999,45.0419390000001
-12.7361129999999,45.0399930000001
-12.713335,45.039162
-12.695278,45.0452730000001
-12.6625,45.078888
-12.727501,45.2083280000001
-12.7394449999999,45.222771
-12.752224,45.23027
-12.757502,45.229164
-12.849724,45.2049940000001
---
