5.28611000000006,153.66803
5.28749900000003,153.66275
5.29166600000002,153.659973
5.29722099999992,153.665527
5.3127770000001,153.690796
5.31888900000007,153.705231
5.31972099999996,153.711365
5.31555500000007,153.714142
5.30666500000007,153.709137
5.29083300000002,153.683868
5.28694300000006,153.674408
---
5.2616660000001,163.001923
5.27472100000006,162.921906
5.27722200000005,162.917755
5.28222200000005,162.913025
5.30110999999999,162.904694
5.30722100000008,162.904144
5.31138800000008,162.906921
5.36805399999997,162.973297
5.37277600000004,162.982178
5.37416600000012,162.987732
5.378332,163.016388
5.37694400000009,163.021912
5.37222100000014,163.024139
5.32305500000012,163.043304
5.31694400000004,163.04248
5.29305500000004,163.032196
5.28083199999998,163.024139
5.27666600000009,163.021088
5.26305500000012,163.007477
---
6.706388,143.060242
6.70916600000004,143.056091
6.71472199999999,143.054688
6.71805500000011,143.058319
6.71944300000001,143.063599
6.71583300000009,143.0672
6.710555,143.0672
6.70722200000012,143.063599
---
6.69694299999998,149.316071
6.70249899999993,149.313293
6.71666600000009,149.31665
6.72138799999999,149.318848
6.72194400000001,149.324982
6.717221,149.326904
6.71111000000008,149.327759
6.70583200000004,149.326355
6.69833199999994,149.320251
---
6.717221,157.936646
6.72194400000001,157.931915
6.72611000000006,157.934418
6.72944400000006,157.938019
6.73444400000005,157.94693
6.73444400000005,157.952454
6.72888800000004,157.952454
6.72472100000005,157.949707
6.71861000000001,157.9422
---
6.73777699999994,157.967468
6.74111000000005,157.964142
6.7444430000001,157.968842
6.750833,157.987183
6.75194400000009,157.992737
6.7486100000001,157.990784
6.7452760000001,157.987183
6.73833200000001,157.973572
---
6.78055500000005,158.227753
6.79361100000006,158.184692
6.79833200000007,158.175812
6.81944400000003,158.155243
6.89888900000011,158.121613
6.90444400000001,158.120239
6.9105550000001,158.119415
6.92416600000007,158.119415
6.92972099999997,158.120789
6.93638700000014,158.127747
6.97666500000008,158.179962
6.97861000000012,158.184692
6.96305500000005,158.262207
6.96166600000004,158.267487
6.94860900000009,158.295807
6.93027699999993,158.318848
6.92694400000005,158.322479
6.8777760000001,158.334686
6.87166500000001,158.33551
6.82277699999992,158.318298
6.81805500000002,158.316376
6.7888880000001,158.30191
6.78611000000012,158.29776
---
6.9813880000001,158.248291
6.98277700000011,158.243011
6.98666600000001,158.240784
6.99277700000005,158.241638
6.99638700000014,158.244965
6.99833199999995,158.249695
7.00027800000004,158.2547
7.00027800000004,158.259979
6.99555400000014,158.262207
6.99083200000007,158.259979
6.98333300000007,158.253876
---
7.316667,151.856903
7.361943,151.838287
7.36694299999999,151.836365
7.3702760000001,151.839966
7.37083200000006,151.844696
7.36277700000011,151.863861
7.35861000000011,151.866638
7.34638799999993,151.866638
7.34027700000007,151.865784
7.32333299999999,151.862457
7.31861000000004,151.860504
---
7.36055500000009,149.197479
7.36138800000009,149.194702
7.3702760000001,149.195526
7.37638800000008,149.203033
7.37361000000004,149.204956
7.36749800000007,149.204407
7.36333300000007,149.20163
---
7.37166500000006,149.185791
7.37361000000004,149.181091
7.37694400000004,149.177765
7.38249899999994,149.177765
7.38444399999997,149.182465
7.38444399999997,149.188019
7.38110999999998,149.191345
7.37555399999997,149.191345
---
7.37694400000004,143.91748
7.37833199999994,143.914703
7.38249899999994,143.911926
7.38777700000003,143.910797
7.39138800000001,143.914154
7.38999900000005,143.919708
7.38527699999997,143.921631
7.37972100000013,143.920258
---
7.32611099999997,151.633026
7.331388,151.595795
7.33833200000004,151.571075
7.34111000000007,151.5672
7.37638800000008,151.586365
7.37972100000013,151.589691
7.39527700000008,151.608307
7.39666699999998,151.613586
7.37916600000005,151.64386
7.37638800000008,151.648041
7.37222100000008,151.650818
7.33888800000005,151.647217
7.33361100000008,151.645813
7.32944400000008,151.643036
7.3266660000001,151.63916
---
7.41972100000004,151.863007
7.42055400000004,151.856903
7.42388800000003,151.85495
7.441666,151.85495
7.45722199999994,151.85968
7.46194400000002,151.861908
7.46388800000011,151.866638
7.45722199999994,151.914429
7.45305400000007,151.917206
7.44833199999999,151.915253
7.44499900000005,151.911652
---
7.50277699999992,146.187744
7.50555500000013,146.179688
7.51083299999999,146.179688
7.51361100000003,146.182465
7.51555500000006,146.187195
7.50944400000003,146.194702
7.504167,146.193298
---
8.57472000000013,149.668854
8.57666400000005,149.664703
8.5849970000001,149.659424
8.59027500000002,149.659424
8.59499700000009,149.661377
8.61194200000006,149.671631
8.61666500000001,149.678589
8.61888700000003,149.683319
8.61749600000002,149.688873
8.61333100000002,149.69165
8.60805299999993,149.690247
8.57888600000001,149.678589
8.57555400000001,149.674988
---
8.61277600000011,150.373291
8.62027500000011,150.367188
8.62638700000008,150.366638
8.62888500000003,150.370789
8.62694199999999,150.375519
8.62277400000011,150.378021
8.61749600000002,150.378021
---
8.97638699999999,150.118286
8.98249800000008,150.117737
8.98721900000004,150.119965
8.99055300000003,150.123291
8.99249600000002,150.128021
8.99138600000003,150.133606
8.98666400000013,150.135529
8.98166500000008,150.133606
8.97833100000008,150.130249
---
9.50361099999998,138.181641
9.49888600000003,138.17276
9.49888600000003,138.167206
9.50110999999998,138.162476
9.50499900000005,138.159698
9.51110999999997,138.158875
9.49888600000003,138.131622
9.41194300000001,138.069122
9.41194300000001,138.063873
9.41527600000012,138.060242
9.42666400000002,138.058319
9.43694299999999,138.061646
9.46583199999998,138.073303
9.55722000000003,138.121338
9.56583200000011,138.126068
9.57194300000003,138.133606
9.58833100000004,138.174683
9.58944100000008,138.180267
9.588886,138.186371
9.58610900000008,138.190521
9.58222000000001,138.193298
9.54027600000001,138.219971
9.53138700000011,138.21524
9.52388800000011,138.209137
---
