46.671104,91.036377
46.722214,91.044144
46.727486,91.04248
46.751938,91.02916
46.889992,90.950272
46.948044,90.916931
46.956383,90.910263
46.970543,90.890274
46.988602,90.857208
46.993607,90.843597
46.996101,90.827774
46.995544,90.818878
46.992767,90.802765
46.99527,90.776932
46.999718,90.761108
47.041939,90.71138
47.196098,90.581665
47.244438,90.544144
47.31221,90.496643
47.321938,90.489975
47.500275,90.46582
47.527771,90.424988
47.556656,90.399429
47.618881,90.351089
47.629715,90.347763
47.635269,90.348877
47.639992,90.351089
47.643326,90.357483
47.695267,90.276382
47.698875,90.260269
47.728325,90.149719
47.730545,90.143875
47.741661,90.12915
47.7686,90.100266
47.781662,90.09082
47.797493,90.083328
47.815269,90.079163
47.827492,90.077774
47.833603,90.078873
47.846939,90.088593
47.85305,90.091934
47.858887,90.092209
47.865273,90.09166
47.87471,90.085815
47.886383,90.074432
47.889435,90.06749
47.893585,90
47.893776,89.983597
47.89016,89.971375
47.884605,89.969147
47.877937,89.967758
47.859047,89.966934
47.852936,89.96582
47.843483,89.959427
47.83654,89.938873
47.83403,89.923599
47.826767,89.799149
47.827042,89.789978
47.82843,89.781937
47.834808,89.771103
47.90976,89.672211
47.913094,89.66832
47.967781,89.608597
47.981949,89.599976
47.986954,89.598312
47.993614,89.598602
48,89.600922
48.00444,89.603043
48.010277,89.604156
48.016388,89.602478
48.021378,89.599716
48.025551,89.595825
48.029716,89.59082
48.032494,89.584717
48.041664,89.557755
48.042496,89.539703
48.046944,89.396942
48.047218,89.386932
48.04583,89.37886
48.008606,89.303589
48.005829,89.298599
48,89.293045
47.997215,89.291092
47.993881,89.285812
47.989433,89.272491
47.981651,89.233871
47.97998,89.21582
47.991936,89.092773
47.995544,89.077499
48.001663,89.067764
48.009995,89.058868
48.030548,89.039154
48.046944,89.023315
48.054436,89.014709
48.102776,88.956375
48.113052,88.94136
48.115273,88.933319
48.116661,88.866379
48.116104,88.856369
48.177216,88.666382
48.18277,88.65332
48.2061,88.618317
48.217766,88.605255
48.227768,88.599426
48.232765,88.597488
48.278046,88.584427
48.296387,88.581665
48.306381,88.586105
48.311104,88.590271
48.316666,88.593323
48.332771,88.598877
48.344154,88.594986
48.352493,88.587204
48.403046,88.523315
48.4086,88.510269
48.479988,88.320267
48.505554,88.246368
48.505554,88.237198
48.503609,88.219711
48.499718,88.205551
48.5,88.195251
48.501389,88.187195
48.544716,88.047211
48.556381,88.013611
48.561378,88.000549
48.569443,87.983322
48.576942,87.973312
48.585823,87.967209
48.591103,87.965271
48.597214,87.964157
48.602776,87.966385
48.607498,87.969437
48.614716,87.977768
48.61805,87.983871
48.646942,88.032486
48.685547,88.084152
48.689713,88.088318
48.694992,88.090271
48.701103,88.090546
48.706383,88.088593
48.719437,88.077484
48.734993,88.059418
48.747215,88.039154
48.763054,88.000549
48.767769,87.987198
48.769157,87.978043
48.767494,87.960541
48.765274,87.954437
48.761383,87.938034
48.762215,87.929703
48.792221,87.846375
48.794998,87.841095
48.799164,87.836105
48.871658,87.765274
48.876381,87.761383
48.88166,87.75943
48.89444,87.758331
48.904709,87.763611
48.919441,87.773041
48.924164,87.776093
48.929993,87.786652
48.939987,87.812195
48.945267,87.842209
48.948044,87.858597
48.951935,87.873032
48.955826,87.877197
48.963882,87.883331
48.974709,87.889709
48.991379,87.896103
49.00222,87.899429
49.008888,87.898331
49.113609,87.868042
49.172951,87.840698
49.167213,87.857483
49.162491,87.888046
49.175552,87.979431
49.177216,87.988586
49.183327,88.000549
49.265549,88.151093
49.272217,88.162201
49.279716,88.170532
49.284164,88.173599
49.289162,88.175537
49.29583,88.173874
49.308044,88.160538
49.313049,88.157211
49.362495,88.13443
49.368324,88.131927
49.373322,88.133881
49.434158,88.179428
49.449432,88.19664
49.4561,88.207489
49.461662,88.220825
49.482208,88.346375
49.483879,88.407761
49.475822,88.568878
49.450829,88.73082
49.441658,88.846939
49.441658,88.856369
49.443321,88.899994
49.446098,88.906647
49.450829,88.906372
49.459717,88.898331
49.46888,88.881363
49.473045,88.877197
49.479713,88.875534
49.491379,88.875809
49.529716,88.879425
49.539719,88.883331
49.54361,88.887497
49.54583,88.895538
49.548882,88.913605
49.548332,88.921921
49.546387,88.928864
49.54277,88.933868
49.530548,88.947205
49.524712,88.949707
49.512497,88.950546
49.50666,88.953049
49.474709,88.98027
49.470268,88.984421
49.46666,88.989426
49.463882,88.995529
49.462494,89.003052
49.463608,89.013321
49.498329,89.150543
49.506943,89.181931
49.512215,89.195251
49.515549,89.200821
49.525826,89.216385
49.536659,89.230545
49.54055,89.234985
49.550545,89.2397
49.556099,89.24054
49.561378,89.239426
49.567215,89.236923
49.576103,89.228592
49.590271,89.208603
49.599159,89.200272
49.604996,89.197754
49.611107,89.197479
49.615829,89.199417
49.629158,89.208878
49.635551,89.219986
49.638329,89.226654
49.640549,89.234711
49.643608,89.252777
49.643883,89.262207
49.632492,89.285538
49.614716,89.31192
49.604713,89.327774
49.584717,89.359711
49.57972,89.372208
49.58194,89.380264
49.589989,89.400269
49.593323,89.405823
49.614998,89.434418
49.623322,89.441925
49.633049,89.445816
49.638603,89.44664
49.646942,89.454163
49.649994,89.459717
49.67749,89.560532
49.678879,89.569443
49.680824,89.589981
49.682213,89.618866
49.686378,89.634995
49.714714,89.71138
49.717491,89.718048
49.724434,89.726089
49.733047,89.732483
49.737495,89.735535
49.742493,89.737488
49.748878,89.736099
49.754166,89.732758
49.758606,89.728592
49.769989,89.714706
49.774162,89.701096
49.776939,89.685806
49.780823,89.671097
49.786659,89.659424
49.789993,89.654434
49.795273,89.651093
49.854996,89.637497
49.861664,89.636932
49.904831,89.6427
49.911934,89.650818
49.924713,89.673035
49.93499,89.701385
49.940544,89.726379
49.946655,89.762772
49.951103,89.802765
49.951385,89.812195
49.949715,89.838043
49.946655,89.871094
49.948044,89.900269
49.969986,89.977478
49.972214,89.98526
49.978485,90
49.98333,90.011383
49.996384,90.021103
50.037773,90.021378
50.054436,90.02388
50.064156,90.028046
50.07222,90.035812
50.079437,90.045822
50.082497,90.051376
50.090546,90.07193
50.098877,90.103592
50.11055,90.179153
50.114716,90.219147
50.12027,90.244431
50.134163,90.277206
50.146942,90.299713
50.154144,90.309387
50.166939,90.332214
50.172768,90.344711
50.185822,90.378586
50.224434,90.50972
50.226379,90.530548
50.226097,90.557755
50.218048,90.604156
50.215828,90.610809
50.214439,90.618317
50.211937,90.643326
50.213882,90.673309
50.219437,90.698593
50.231102,90.723602
50.339157,90.893051
50.365273,90.924423
50.369713,90.927765
50.396103,90.959152
50.409988,90.979706
50.422493,91.002487
50.433052,91.029709
50.435265,91.049423
50.431664,91.101089
50.431107,91.128586
50.433876,91.159714
50.476097,91.351089
50.507774,91.458038
50.573051,91.606934
50.582497,91.624146
50.595543,91.634155
50.624992,91.647491
50.637215,91.658875
50.644157,91.668869
50.657211,91.690811
50.663879,91.704437
50.672218,91.723877
50.689987,91.772217
50.69471,91.787491
50.703323,91.819717
50.713051,91.88472
50.714714,91.905548
50.714439,91.952209
50.705269,92.007217
50.700272,92.029434
50.698044,92.036102
50.696655,92.043869
50.691658,92.085266
50.690544,92.111923
50.693047,92.162201
50.697212,92.190262
50.705551,92.221375
50.723877,92.258331
50.73027,92.269989
50.740829,92.284988
50.753609,92.294983
50.762772,92.300812
50.78833,92.316086
50.793053,92.318329
50.814995,92.322769
50.810822,92.447754
50.788887,92.467758
50.785271,92.472763
50.688324,92.640549
50.681664,92.660812
50.681107,92.679153
50.683052,92.698868
50.695824,92.733597
50.698875,92.739426
50.712494,92.760269
50.716103,92.764709
50.729156,92.775269
50.738884,92.779709
50.744156,92.780823
50.750275,92.780823
50.767212,92.783051
50.778046,92.785263
50.786659,92.792206
50.79055,92.796936
50.79361,92.802765
50.795547,92.822495
50.799995,92.928864
50.799164,92.937485
50.794998,92.960541
50.791107,92.974991
50.785271,92.986649
50.776657,92.994705
50.770546,92.996933
50.7575,92.999146
50.751389,92.999146
50.745827,92.998032
50.697212,92.974991
50.686935,92.971649
50.67527,92.970535
50.666489,92.971024
50.613052,93.019714
50.608604,93.033325
50.599716,93.088882
50.5961,93.112762
50.596939,93.142212
50.604744,93.341507
50.611938,93.376648
50.616386,93.391663
50.619713,93.409149
50.62249,93.439423
50.62249,93.448868
50.621658,93.457489
50.61721,93.480545
50.590271,93.578049
50.57972,93.726929
50.57888,93.74498
50.58416,93.895264
50.585266,93.983047
50.577774,94.218872
50.575554,94.244431
50.569443,94.274994
50.560272,94.29248
50.551384,94.300262
50.546104,94.30304
50.414993,94.352203
50.382492,94.356369
50.346657,94.354431
50.321106,94.356369
50.301659,94.358322
50.246384,94.373306
50.224709,94.383881
50.214439,94.389984
50.205551,94.397491
50.20166,94.402481
50.188881,94.424423
50.184433,94.437485
50.174164,94.487488
50.16777,94.505264
50.164993,94.510818
50.161102,94.515823
50.152771,94.524429
50.142494,94.529984
50.0886,94.573883
50.029991,94.622757
50.024437,94.635269
50.024994,94.654984
50.026939,94.674423
50.033333,94.709152
50.037498,94.724152
50.05471,94.773041
50.058327,94.789154
50.059715,94.809982
50.060272,94.829712
50.056938,94.967484
50.056099,94.976089
50.053322,94.981659
50.041939,94.995819
50.037498,94.99971
50.023041,95.012344
49.972488,95.051086
49.964996,95.060532
49.961937,95.066086
49.958046,95.080276
49.956657,95.088043
49.956383,95.106644
49.957214,95.155823
49.958046,95.204712
49.959435,95.22554
49.959717,95.26416
49.958603,95.349152
49.957771,95.405548
49.9561,95.422485
49.951385,95.435806
49.948326,95.44136
49.907696,95.49157
49.89888,95.507767
49.89444,95.520828
49.893326,95.529434
49.894714,95.538589
49.954712,95.73526
49.957214,95.742203
49.963326,95.754166
49.966934,95.758606
49.975266,95.766098
49.98027,95.7686
49.997772,95.781937
50.006386,95.789154
50.013611,95.798599
50.01944,95.810257
50.021935,95.817215
50.024994,95.834717
50.0261,95.855545
50.024162,95.872482
50.021103,95.887497
50.01416,95.907211
50.005829,95.915817
49.98777,95.921097
49.971375,95.928589
49.966385,95.931366
49.957214,95.938873
49.945824,95.952774
49.944153,95.960266
49.94471,95.970825
49.949715,95.984711
49.952774,95.99054
49.959991,96.000275
49.976936,96.015823
49.991379,96.034714
50.003326,96.058319
50.005829,96.065262
50.006943,96.074432
50.001938,96.106644
49.971931,96.211655
49.953606,96.274704
49.946655,96.294434
49.942764,96.299149
49.929161,96.309982
49.913879,96.328873
49.907768,96.339981
49.899994,96.358597
49.893608,96.37915
49.892769,96.387772
49.893326,96.398041
49.896942,96.415543
49.90416,96.436371
49.913048,96.454163
49.923882,96.47998
49.928604,96.49498
49.930305,96.518311
49.92749,96.539978
49.925827,96.547485
49.916664,96.564423
49.907494,96.571655
49.889717,96.576935
49.868599,96.588043
49.864998,96.592484
49.863052,96.609421
49.864159,96.618591
49.88221,96.65416
49.911659,96.694427
49.914711,96.700272
49.919991,96.713318
49.921104,96.722488
49.92083,96.741364
49.914993,96.801651
49.894157,96.996933
49.891663,97.003601
49.885551,97.014709
49.801384,97.144989
49.792496,97.152206
49.761993,97.169029
49.759163,97.175812
49.751663,97.204712
49.733604,97.277481
49.73082,97.302765
49.731102,97.313034
49.734436,97.34082
49.738602,97.356094
49.787498,97.484146
49.826942,97.559982
49.833603,97.570831
49.843605,97.58638
49.851387,97.594986
49.86055,97.601379
49.865273,97.603867
49.870827,97.605545
49.88221,97.607483
49.95166,97.719147
49.958603,97.740265
49.965546,97.761383
49.96888,97.777771
49.969154,97.786102
49.967491,97.793594
49.959435,97.812195
49.955551,97.890823
50.030273,98.073318
50.033051,98.079437
50.042496,98.096375
50.048882,98.107208
50.060822,98.119431
50.077774,98.13472
50.157211,98.195816
50.166382,98.202209
50.293884,98.289703
50.298607,98.292206
50.309433,98.295532
50.471169,98.328354
50.504166,98.326385
50.510826,98.325546
50.522217,98.321381
50.531937,98.315262
50.540276,98.306931
50.544159,98.302475
50.551102,98.291367
50.560547,98.274429
50.564995,98.251099
50.566383,98.223312
50.565544,98.202484
50.566383,98.183319
50.567215,98.174988
50.568886,98.16748
50.571381,98.160812
50.626656,98.067764
50.630547,98.063309
50.643326,98.051376
50.767769,97.970261
50.778328,97.963882
50.790833,97.963608
50.796387,97.965271
50.801102,97.968048
50.809433,97.97554
50.831383,98.00499
50.839714,98.012772
50.850548,98.015823
50.855827,98.013046
50.860275,98.00972
50.864159,98.004715
50.90416,97.951096
50.907211,97.945526
50.918884,97.901932
50.921104,97.895264
50.929718,97.877472
50.937492,97.868317
50.941933,97.8647
50.98999,97.83194
50.99527,97.829437
51.001106,97.827774
51.010826,97.833054
51.027489,97.848328
51.031105,97.853043
51.047493,97.868591
51.060822,97.87886
51.070274,97.884155
51.119438,97.908875
51.213326,97.954437
51.22332,97.958603
51.243324,97.95665
51.26194,97.952774
51.373604,97.997757
51.456177,98.049881
51.460953,98.05307
51.466934,98.064697
51.474213,98.085938
51.479515,98.110352
51.479515,98.137924
51.467491,98.17276
51.462212,98.194702
51.459717,98.211929
51.459892,98.232346
51.4711,98.238876
51.499718,98.255264
51.515831,98.259995
51.52166,98.260544
51.534996,98.259155
51.555824,98.248596
51.575829,98.246368
51.581108,98.248032
51.69471,98.309708
51.704163,98.315262
51.718048,98.335266
51.7211,98.34137
51.73082,98.369431
51.736938,98.3936
51.761108,98.509155
51.774994,98.599152
51.779991,98.62442
51.784996,98.638046
51.796661,98.662491
51.803047,98.673874
51.813324,98.688873
51.828049,98.708038
51.843323,98.726089
51.884438,98.765274
51.941658,98.806091
52.038605,98.869431
52.049438,98.872757
52.05555,98.873596
52.073883,98.873871
52.087212,98.872757
52.093323,98.873306
52.109161,98.878311
52.114159,98.881088
52.126938,98.891937
52.137497,98.907211
52.141937,98.921646
52.143608,98.930267
52.140678,98.941895
52.071381,99.011108
52.067497,99.015823
52.061104,99.026932
52.027214,99.140823
51.974159,99.289703
51.965271,99.296936
51.957497,99.306091
51.950546,99.316376
51.948044,99.323044
51.942215,99.344986
51.900543,99.570831
51.896385,99.605545
51.895546,99.624985
51.898048,99.688309
51.89666,99.70665
51.893051,99.721924
51.888046,99.73526
51.875549,99.757492
51.833878,99.810257
51.800545,99.854431
51.782211,99.879425
51.772491,99.896103
51.760551,99.919708
51.751389,99.94693
51.746101,99.969986
51.743324,99.986374
51.73999,100.012207
51.739159,100.031662
51.731659,100.252777
51.730545,100.333328
51.732208,100.426376
51.737213,100.493591
51.738045,100.525818
51.735825,100.553589
51.734161,100.561371
51.698875,100.694138
51.662209,100.784149
51.623604,100.892212
51.616661,100.91304
51.576103,101.03804
51.550827,101.123871
51.534996,101.200546
51.533333,101.218872
51.52916,101.244713
51.521103,101.27388
51.515549,101.285812
51.508331,101.295822
51.492767,101.313599
51.488045,101.317207
51.468597,101.339432
51.458885,101.35582
51.452774,101.377472
51.451103,101.3936
51.451385,101.404427
51.452774,101.412773
51.459717,101.434708
51.465271,101.447479
51.467491,101.454712
51.481659,101.508331
51.486107,101.533867
51.48777,101.575272
51.484161,101.601089
51.45916,101.740807
51.448601,101.776657
51.419441,101.867203
51.395546,101.992752
51.391937,102.0186
51.39138,102.02832
51.391106,102.048599
51.391937,102.068604
51.390831,102.077209
51.388885,102.084717
51.383881,102.097763
51.333603,102.218872
51.32972,102.223312
51.32444,102.22554
51.318604,102.226646
51.306381,102.224991
51.282211,102.200546
51.274712,102.191093
51.257774,102.165268
51.249718,102.156937
51.244995,102.15416
51.238327,102.15416
51.12043,102.168259
51.076942,102.186653
51.037773,102.210274
51.024162,102.220261
51.015549,102.228043
50.995827,102.25
50.991104,102.253326
50.980545,102.258041
50.893326,102.264999
50.883881,102.259163
50.863609,102.238586
50.854713,102.231659
50.849434,102.229713
50.836655,102.228867
50.825554,102.232758
50.815544,102.238312
50.787216,102.267761
50.783333,102.272217
50.776939,102.283051
50.758606,102.327766
50.75222,102.339706
50.748329,102.344147
50.743607,102.347214
50.733047,102.351929
50.722488,102.356369
50.715828,102.356644
50.709717,102.35582
50.700272,102.349716
50.68943,102.335541
50.669716,102.313873
50.657494,102.301651
50.648048,102.295822
50.642769,102.293869
50.629433,102.294144
50.618881,102.298866
50.593605,102.312187
50.569717,102.327766
50.561935,102.336647
50.552773,102.353592
50.545547,102.373871
50.543659,102.381165
50.536659,102.453049
50.533607,102.479431
50.529716,102.494141
50.513054,102.536652
50.504997,102.545258
50.455551,102.594147
50.449997,102.596367
50.438042,102.598877
50.42749,102.603317
50.417496,102.608871
50.413605,102.613037
50.411102,102.619431
50.407211,102.634163
50.404991,102.672211
50.39444,102.748871
50.387215,102.779709
50.374435,102.812477
50.368324,102.824158
50.358604,102.839981
50.351387,102.849716
50.347214,102.853867
50.326942,102.884987
50.321663,102.897491
50.315269,102.918587
50.30999,102.941933
50.306381,102.966927
50.302773,103.002777
50.303604,103.043587
50.306656,103.09166
50.312767,103.157494
50.312492,103.198318
50.308601,103.223602
50.302773,103.245529
50.294716,103.254173
50.289993,103.257492
50.284721,103.25972
50.267494,103.26416
50.248604,103.266663
50.237213,103.269989
50.222763,103.278587
50.218048,103.281937
50.209991,103.290268
50.201385,103.309418
50.197487,103.323883
50.196381,103.332207
50.196381,103.342758
50.175552,103.531372
50.148605,103.603592
50.146385,103.611099
50.138603,103.640549
50.136101,103.657211
50.13604,103.697746
50.139015,103.714706
50.143364,103.729156
50.150169,103.74054
50.159149,103.748871
50.173157,103.758041
50.18132,103.766388
50.188393,103.776657
50.196693,103.795532
50.200226,103.811096
50.20118,103.820541
50.201317,103.830833
50.199608,103.848877
50.195915,103.863312
50.182587,103.90416
50.17749,103.916931
50.171638,103.935806
50.149872,104.025818
50.148621,104.035263
50.147095,104.063309
50.147415,104.084152
50.149918,104.101929
50.153503,104.117752
50.182541,104.243042
50.184883,104.250267
50.19175,104.260536
50.195709,104.264709
50.205299,104.271103
50.211449,104.271927
50.230324,104.284416
50.238548,104.293053
50.241974,104.298027
50.298622,104.392212
50.306969,104.410812
50.311371,104.425537
50.314934,104.44136
50.317139,104.459152
50.320435,104.496597
50.317665,104.564697
50.317657,104.616089
50.318306,104.625526
50.32518,104.646652
50.33197,104.656937
50.336182,104.661102
50.346886,104.675812
50.350273,104.681091
50.353111,104.687477
50.359116,104.709427
50.404839,104.96666
50.408058,104.997513
50.407639,105
50.39666,105.024147
50.392494,105.049423
50.391663,105.069153
50.39222,105.099716
50.398331,105.132202
50.40416,105.154427
50.414711,105.180542
50.429993,105.209152
50.448601,105.243042
50.455269,105.253326
50.471657,105.279984
50.474434,105.286102
50.48082,105.308319
50.482208,105.316673
50.483604,105.335541
50.48333,105.356644
50.482765,105.366089
50.454437,105.522217
50.430824,105.728317
50.436378,105.802757
50.435547,105.812187
50.410545,105.989151
50.403046,106.01915
50.398048,106.032761
50.388603,106.049423
50.385269,106.054428
50.375267,106.069427
50.349998,106.070267
50.341629,106.078308
50.301659,106.236649
50.298332,106.253326
50.297493,106.262772
50.297493,106.271103
50.299164,106.278587
50.301102,106.285812
50.306381,106.298599
50.316101,106.335541
50.331665,106.435532
50.338326,106.486923
50.3461,106.546944
50.345543,106.599426
50.343048,106.627472
50.3386,106.66304
50.325554,106.737762
50.319992,106.760818
50.313049,106.781372
50.308044,106.794983
50.294159,106.825821
50.201103,107.005547
50.197212,107.00943
50.131378,107.051933
50.108604,107.063599
50.084991,107.078323
50.081383,107.083328
50.029716,107.169983
50.024162,107.182213
50.004997,107.247208
50.001389,107.262497
49.981934,107.453323
49.982765,107.472214
49.982765,107.551376
49.98027,107.737762
49.979546,107.753593
49.951385,107.807213
49.948601,107.813309
49.947769,107.822769
49.94471,107.905823
49.943626,107.977127
49.940826,107.980553
49.935722,107.983696
49.931381,107.986366
49.919991,107.986923
49.788887,107.975807
49.68943,107.948593
49.683327,107.947479
49.678047,107.949142
49.610825,108.041931
49.589989,108.07193
49.569443,108.113312
49.558044,108.137497
49.551384,108.169434
49.493324,108.298599
49.445267,108.358871
49.438324,108.368591
49.351936,108.516388
49.345543,108.527481
49.342766,108.5336
49.336105,108.554703
49.333603,108.57222
49.331665,108.601089
49.331734,108.651047
49.338043,108.711929
49.357773,108.950546
49.35527,108.968048
49.351936,108.984154
49.340271,109.0186
49.33638,109.034988
49.334435,109.074997
49.347214,109.146103
49.35083,109.160812
49.35833,109.179977
49.36055,109.19664
49.360275,109.20694
49.346382,109.313309
49.341377,109.337769
49.336937,109.351929
49.271935,109.491653
49.261108,109.49498
49.256386,109.497757
49.25222,109.501389
49.244995,109.511108
49.239433,109.523041
49.232491,109.544144
49.230545,109.562759
49.229988,109.581383
49.229713,109.611099
49.219154,109.801933
49.188324,110.088318
49.172493,110.170258
49.169159,110.208038
49.169441,110.236923
49.171661,110.253601
49.174995,110.268333
49.18499,110.294144
49.195541,110.318604
49.201103,110.330551
49.213608,110.352203
49.199997,110.481934
49.152489,110.630257
49.145828,110.662491
49.14222,110.700272
49.143608,110.737488
49.149437,110.788589
49.182213,110.928864
49.191101,110.955551
49.200829,110.981087
49.209717,111.000549
49.21888,111.016937
49.226654,111.026093
49.237617,111.041
49.253326,111.067757
49.284721,111.122482
49.290276,111.13443
49.30471,111.173027
49.342491,111.326927
49.354439,111.452209
49.349998,111.477478
49.349159,111.498032
49.351105,111.514709
49.356102,111.537201
49.360275,111.551086
49.367493,111.570541
49.379158,111.593323
49.398331,111.645264
49.406654,111.682213
49.407211,111.700821
49.405266,111.742203
49.399994,111.799423
49.398048,111.84082
49.39888,111.868591
49.402214,111.921921
49.406937,111.963882
49.436104,112.127762
49.437767,112.134987
49.447487,112.170532
49.518326,112.416092
49.541382,112.491699
49.536385,112.536652
49.528877,112.59082
49.518051,112.654709
49.507217,112.680542
49.502495,112.694427
49.498878,112.710541
49.497772,112.731087
49.498047,112.74054
49.500832,112.766937
49.503883,112.781662
49.50972,112.80304
49.518326,112.831383
49.598602,113.09082
49.602219,113.095543
49.606941,113.099152
49.66082,113.095833
49.667496,113.096649
49.673607,113.098602
49.678879,113.101379
49.787498,113.181091
49.801102,113.192467
49.81221,113.206383
49.81916,113.21666
49.831383,113.239151
49.888603,113.357483
49.927773,113.45166
49.930824,113.457207
49.934715,113.461929
49.950272,113.470261
49.95916,113.477768
49.963051,113.482483
49.966103,113.488312
50.001938,113.556931
50.016388,113.586113
50.061661,113.709717
50.083054,113.768333
50.086937,113.782494
50.0886,113.789978
50.0886,113.799423
50.087494,113.820267
50.084991,113.838882
50.083603,113.859421
50.084717,113.868042
50.086937,113.874687
50.093048,113.886108
50.099716,113.896378
50.123878,113.93248
50.142494,113.957207
50.152214,113.973312
50.161934,113.989433
50.174164,114.011932
50.248329,114.176376
50.255829,114.195251
50.268051,114.237198
50.284164,114.313026
50.284439,114.33194
50.283051,114.34137
50.279434,114.357483
50.271378,114.377472
50.262772,114.396103
50.251938,114.421654
50.24527,114.443863
50.241379,114.494713
50.241379,114.504173
50.246101,114.555252
50.25,114.579163
50.260826,114.622757
50.264717,114.656097
50.26416,114.675812
50.252777,114.748596
50.228325,114.854156
50.217766,114.880814
50.160545,115.00499
50.154434,115.016663
50.148331,115.02832
50.141937,115.039978
50.13472,115.049149
50.124992,115.054977
50.081108,115.094994
49.998329,115.205261
49.988327,115.221367
49.966103,115.260536
49.906654,115.383614
49.9011,115.396378
49.898331,115.414703
49.893326,115.508041
49.893883,115.516663
49.896942,115.531662
49.903603,115.551651
49.904991,115.559143
49.907211,115.579437
49.904434,115.609421
49.899162,115.63472
49.888885,115.673866
49.880821,115.72998
49.884438,115.754707
49.888329,115.768883
49.895546,115.78804
49.908882,115.818604
49.936935,115.887207
49.996101,116.049423
50.002777,116.069717
50.008606,116.090553
50.012215,116.10498
50.021103,116.150543
50.028328,116.21666
50.027489,116.246094
50.013885,116.290817
49.991104,116.352768
49.967491,116.424988
49.960823,116.448029
49.958885,116.4561
49.950829,116.49942
49.935822,116.60054
49.931381,116.61554
49.928047,116.621094
49.92083,116.630257
49.85083,116.695824
49.837769,116.705833
49.830467,116.71138
49.738045,116.646652
49.626656,116.570267
49.524712,116.500549
49.422493,116.431091
49.301659,116.349152
49.199158,116.279984
48.975548,116.129967
48.872765,116.061653
48.863327,116.056374
48.815826,116.084152
48.690544,115.968048
48.663879,115.9422
48.520546,115.811096
48.403046,115.82222
48.338326,115.828873
48.306099,115.831673
48.27388,115.834427
48.252495,115.835823
48.17305,115.621368
48.151932,115.565811
48.144714,115.548027
48.141663,115.54248
48.135826,115.539978
47.919441,115.592194
47.915543,115.596626
47.694992,115.914139
47.691933,115.919128
47.688881,115.927193
47.68721,115.936897
47.686935,115.945236
47.688324,115.959412
47.691933,115.972748
47.75222,116.039963
47.804436,116.097214
47.821938,116.11554
47.878601,116.258331
47.877769,116.266388
47.858887,116.368591
47.845268,116.507767
47.857216,116.592209
47.876099,116.726929
47.881935,116.792763
47.888046,116.874687
47.813599,117.111076
47.801094,117.113861
47.798042,117.117737
47.669151,117.327759
47.659424,117.346626
47.656647,117.353577
47.654152,117.363022
47.653595,117.372192
47.654984,117.379143
47.656647,117.38414
47.664429,117.395248
47.843315,117.609123
47.856651,117.62384
47.874153,117.641342
47.887764,117.654953
47.900261,117.669403
48.010551,117.801086
48.01194,117.808029
48.015274,117.838318
48.01907,117.875496
48.016106,117.892761
48.013054,118.055542
48.029991,118.23027
48.003883,118.39415
47.994751,118.539337
47.940842,118.608017
47.884735,118.662079
47.873055,118.672348
47.772774,118.767288
47.756386,118.819763
47.710548,118.972214
47.685814,119.055801
47.664986,119.124969
47.634155,119.131348
47.533882,119.149429
47.509438,119.241089
47.462212,119.34082
47.419716,119.338318
47.373878,119.401382
47.367264,119.412018
47.356941,119.439148
47.321381,119.498032
47.241379,119.625526
47.219437,119.656097
47.168884,119.724991
47.164154,119.72998
47.109993,119.775269
47.092766,119.787773
47.087494,119.789429
47.076103,119.792213
47.069992,119.790268
47.059715,119.789429
47.026382,119.787773
47.011665,119.792213
47.00222,119.796097
46.993881,119.801376
46.924438,119.867203
46.920547,119.871368
46.91777,119.8797
46.902214,119.922493
46.719986,119.934982
46.710274,119.92804
46.680275,119.901932
46.675552,119.897491
46.671692,119.890808
46.656654,119.854713
46.613609,119.751389
46.599716,119.714157
46.598602,119.707489
46.597771,119.69136
46.60083,119.684418
46.607498,119.674149
46.615829,119.665543
46.62249,119.656372
46.626381,119.648613
46.627487,119.639977
46.63472,119.535812
46.63916,119.462769
46.638329,119.447746
46.63472,119.434418
46.630272,119.423027
46.623604,119.411377
46.620827,119.404709
46.614716,119.386383
46.614441,119.363037
46.620544,119.304428
46.621376,119.296654
46.666664,119.09166
46.672661,119.070602
46.688324,119.043587
46.695824,119.035538
46.700272,119.031372
46.717209,119.019707
46.742218,118.971916
46.769714,118.886932
46.772217,118.878593
46.772766,118.869431
46.772217,118.861923
46.770828,118.856087
46.7686,118.849716
46.765549,118.844147
46.761665,118.839157
46.757217,118.833878
46.720825,118.790817
46.715546,118.786102
46.709717,118.782494
46.693047,118.780823
46.686935,118.77887
46.683876,118.773323
46.68277,118.765549
46.693047,118.464996
46.695541,118.447479
46.698044,118.439148
46.700546,118.434143
46.711662,118.419434
46.716934,118.415543
46.723877,118.406372
46.725822,118.396942
46.735825,118.319153
46.736938,118.310257
46.731102,118.290817
46.678047,118.117477
46.619438,117.933594
46.610275,117.916092
46.599998,117.900818
46.581665,117.876083
46.57666,117.870529
46.566101,117.862488
46.559715,117.859711
46.553879,117.859154
46.541664,117.853592
46.537498,117.849716
46.534439,117.844147
46.532211,117.834717
46.513885,117.71666
46.551102,117.632751
46.599716,117.60498
46.611938,117.598877
46.578331,117.421097
46.563049,117.428864
46.527771,117.443863
46.457497,117.392761
46.418884,117.375526
46.403877,117.383331
46.394157,117.381088
46.364441,117.370819
46.361938,117.078598
46.383881,116.902206
46.393608,116.84166
46.38694,116.826393
46.379158,116.811653
46.35305,116.779427
46.349159,116.774696
46.331108,116.758614
46.32724,116.671799
46.29583,116.585541
46.25666,116.571663
46.250549,116.570267
46.246384,116.566383
46.225266,116.540817
46.168053,116.459427
46.145828,116.425262
46.13694,116.413307
46.112495,116.384163
46.088882,116.363037
46.078606,116.355263
46.001389,116.29776
45.990829,116.290268
45.9561,116.268333
45.945267,116.261658
45.905548,116.237488
45.899437,116.234993
45.893326,116.234421
45.887772,116.234154
45.878044,116.236099
45.873878,116.238586
45.865547,116.248322
45.849434,116.263893
45.836937,116.273041
45.823326,116.280548
45.81221,116.281937
45.806656,116.281662
45.79361,116.276093
45.723877,116.212769
45.719986,116.208038
45.710274,116.192749
45.707214,116.186371
45.693321,116.149986
45.681107,116.112198
45.679993,116.097488
45.686378,116.079712
45.685547,116.031372
45.635826,115.937187
45.545547,115.800812
45.458603,115.701927
45.414154,115.474701
45.39888,115.392212
45.400543,115.294708
45.403877,115.174423
45.384995,114.969437
45.382767,114.938026
45.410271,114.844994
45.438881,114.75
45.442215,114.736099
45.389435,114.545258
45.354164,114.54332
45.343605,114.54332
45.322769,114.541092
45.211662,114.462196
45.200546,114.445824
45.143051,114.358597
45.129433,114.337196
45.070831,114.243042
44.996101,114.145538
44.986107,114.137772
44.974434,114.12442
44.941101,114.080276
44.938042,114.074158
44.936378,114.06749
44.929436,114.022774
44.924995,113.990807
44.923882,113.977478
44.924164,113.962486
44.922768,113.916931
44.861664,113.817207
44.810272,113.744713
44.793053,113.722214
44.74527,113.638046
44.752495,113.551933
44.777214,113.511108
44.788605,113.242477
44.794159,113.151657
44.796104,113.13443
44.8461,112.853043
44.926384,112.607483
44.951103,112.592484
44.98777,112.56192
45,112.550667
45.033779,112.5
45.080551,112.4272
45.067772,112.3647
45.071381,112.23082
45.075272,112.097214
45.091103,112.083878
45.100548,112.051086
45.09166,111.98082
45.049438,111.873032
45.000549,111.784988
44.973045,111.765266
44.774162,111.630814
44.679161,111.568047
44.674995,111.567757
44.65416,111.569443
44.643051,111.571663
44.620544,111.571663
44.596939,111.568604
44.577774,111.561096
44.562767,111.549988
44.521378,111.515823
44.498878,111.496094
44.476379,111.47554
44.458603,111.458603
44.441933,111.440811
44.436378,111.43692
44.42527,111.431091
44.412766,111.426933
44.382492,111.421371
44.376938,111.421371
44.359161,111.421371
44.342766,111.42276
44.337494,111.423866
44.328606,111.429703
44.322495,111.44136
44.243324,111.524986
44.174713,111.556931
44.051102,111.674988
44.049164,111.678307
44.033882,111.717484
43.996384,111.808029
43.938881,111.879433
43.835266,111.959717
43.7761,111.97554
43.763054,111.978043
43.712212,111.964432
43.692215,111.958328
43.674164,111.897217
43.672493,111.783867
43.649719,111.757217
43.543327,111.638603
43.494438,111.502777
43.432213,111.32666
43.405266,111.225807
43.359161,111.076927
43.31694,110.9897
43.202217,110.871368
43.094154,110.742752
43.053604,110.689972
43.003326,110.673599
42.956657,110.639977
42.939987,110.623032
42.89666,110.564697
42.870544,110.515549
42.8461,110.471916
42.797775,110.448868
42.777771,110.440536
42.750305,110.361191
42.673805,110.133392
42.64576,110.106369
42.642464,110
42.640831,109.9422
42.64138,109.927757
42.575829,109.743874
42.555824,109.689697
42.473877,109.544708
42.45694,109.517487
42.4561,109.510536
42.450546,109.3936
42.447769,109.320831
42.429993,109.313599
42.429993,109.307747
42.449432,109.098038
42.458328,109
42.399994,108.848602
42.399994,108.845543
42.422218,108.679977
42.442215,108.527771
42.436935,108.313873
42.43721,108.299423
42.462345,108.249443
42.458885,108.224426
42.408325,107.907761
42.410271,107.571114
42.421104,107.554977
42.428879,107.545822
42.43277,107.543869
42.44471,107.529984
42.454712,107.515549
42.460548,107.503883
42.465546,107.489151
42.466385,107.479713
42.466103,107.471916
42.410545,107.277206
42.359993,107.262497
42.315826,107.017761
42.310822,106.986099
42.30027,106.854713
42.295547,106.781937
42.20166,106.496368
42.077492,106.122482
41.987495,105.855263
41.89138,105.588318
41.837212,105.482208
41.831383,105.467758
41.785271,105.350807
41.75,105.226929
41.743607,105.218048
41.581383,105.012207
41.591934,105.000816
41.651932,104.930542
41.650269,104.854713
41.649162,104.840553
41.645828,104.684418
41.663879,104.524147
41.67749,104.523323
41.761383,104.525269
41.877213,104.526657
41.805267,104.077766
41.803322,104.061096
41.80249,103.849426
41.887215,103.416382
41.912491,103.352203
41.994156,103.143883
42.096382,102.882751
42.161377,102.712486
42.166664,102.550262
42.161659,102.515266
42.154709,102.471367
42.1511,102.442467
42.23333,102.077209
42.2761,102.035538
42.322769,101.992203
42.50972,101.814697
42.530548,101.595543
42.567497,101.411377
42.604713,101.219711
42.652489,100.972763
42.676102,100.849426
42.678047,100.835541
42.681664,100.69693
42.691101,100.314987
42.688042,100.310532
42.641106,100.25499
42.64444,100.133331
42.648331,100.034714
42.649719,100.02832
42.653603,99.986374
42.573051,99.518875
42.570831,99.504166
42.570831,99.498596
42.583603,99.3022
42.586788,99.240372
42.594154,99.119705
42.615547,98.76915
42.63166,98.488312
42.638603,98.361923
42.640831,98.319717
42.645828,98.221375
42.648331,98.199142
42.666939,98.074158
42.703987,97.826515
42.714439,97.755264
42.736656,97.602768
42.746101,97.533051
42.751938,97.491364
42.757774,97.449707
42.767342,97.386154
42.797493,97.171646
42.794159,97.159149
42.761383,96.998596
42.759995,96.959717
42.758606,96.846375
42.756104,96.761108
42.75444,96.725815
42.744156,96.568604
42.73175,96.398468
42.731102,96.383041
42.738884,96.381088
42.906937,96.356934
43.081665,96.123032
43.21666,95.940262
43.228043,95.923599
43.23999,95.910812
43.27916,95.881363
43.288605,95.876648
43.309715,95.870819
43.329163,95.869141
43.354713,95.869431
43.40332,95.866653
43.415825,95.865265
43.42083,95.863037
43.428879,95.856369
43.441376,95.845535
43.449997,95.838043
43.458046,95.830551
43.488602,95.80748
43.533882,95.778595
43.584991,95.746368
43.627213,95.722763
43.637215,95.717484
43.719437,95.674698
43.738602,95.665268
43.759163,95.656372
43.784721,95.645828
43.805824,95.638885
43.855553,95.626648
43.862495,95.627472
43.992767,95.539978
43.993881,95.530548
43.99305,95.523041
43.993607,95.477768
43.998878,95.426651
44.005554,95.384155
44.00972,95.358871
44.011665,95.352478
44.017212,95.339706
44.020828,95.336105
44.027771,95.336105
44.158043,95.3461
44.177773,95.350266
44.21888,95.369431
44.231934,95.3797
44.235268,95.38472
44.244156,95.3936
44.25222,95.401093
44.269714,95.416656
44.278328,95.423309
44.285271,95.423309
44.290276,95.421921
44.293884,95.416656
44.296387,95.411102
44.296104,95.392761
44.287773,95.285812
44.275551,95.202774
44.272766,95.179153
44.257217,95.036926
44.256943,95.020538
44.349159,94.724426
44.360825,94.710266
44.365829,94.708038
44.378876,94.697754
44.386658,94.690811
44.398331,94.678589
44.415543,94.656372
44.450546,94.606934
44.453049,94.599426
44.479988,94.529984
44.515549,94.441925
44.557213,94.343048
44.574997,94.330276
44.587494,94.318054
44.593323,94.308868
44.63221,94.246094
44.709991,94.110809
44.718323,94.094147
44.726936,94.07666
44.777489,93.970261
44.797775,93.919708
44.818329,93.860809
44.828606,93.835541
44.862495,93.755554
44.872215,93.7397
44.879433,93.73082
44.89666,93.716095
44.915825,93.674988
44.92305,93.655258
44.950829,93.574432
44.957214,93.554703
44.962212,93.530823
44.990829,93.370255
44.984993,93.31749
44.982765,93.300812
44.984436,93.283325
44.98999,93.260544
44.998047,93.233047
45.016388,93.179428
45.013885,93.172211
45.010826,93.148605
45.009995,93.086655
45.00972,92.990265
45.020271,92.935806
45.023323,92.930267
45.026939,92.925812
45.035553,92.917755
45.038605,92.912201
45.04583,92.882751
45.04805,92.794434
45.047775,92.785812
45.046661,92.777771
45.041382,92.756943
45.033882,92.720535
45.023048,92.661377
45.021103,92.645538
45.003609,92.496643
45.003052,92.488876
45.026382,92.310257
45.079437,92.092484
45.083054,92.06749
45.08416,92.038589
45.082214,92.013046
45.074715,91.867752
45.074997,91.567764
45.07666,91.559143
45.082497,91.548874
45.096939,91.530273
45.124435,91.501938
45.147774,91.477203
45.155548,91.468048
45.1586,91.462204
45.158043,91.453598
45.155548,91.44664
45.152489,91.44165
45.146385,91.43248
45.126099,91.401932
45.118599,91.383041
45.119438,91.375259
45.132767,91.293594
45.135269,91.27832
45.143608,91.250549
45.1511,91.230545
45.167213,91.195526
45.17083,91.189972
45.178604,91.181656
45.196938,91.168869
45.204712,91.159714
45.212769,91.141663
45.214157,91.134155
45.223602,91.048035
45.224709,91.029709
45.224434,91.019714
45.222763,91.003052
45.253052,90.896942
45.371101,90.807755
45.436378,90.777206
45.445541,90.761932
45.454994,90.74498
45.469986,90.718323
45.486382,90.691925
45.497772,90.675812
45.57972,90.681931
45.73555,90.719437
45.887215,90.856934
45.897774,90.867477
45.908325,90.880814
45.958603,90.945526
45.973045,90.964996
45.989433,90.991364
45.99527,91.001663
45.997772,91.007767
46.001106,91.012772
46.008331,91.021103
46.013054,91.025269
46.0186,91.028595
46.029434,91.031097
46.108047,91.026657
46.125824,91.02388
46.130547,91.022217
46.134995,91.017487
46.145546,91.003326
46.151932,90.992752
46.159714,90.98526
46.168884,90.978043
46.177773,90.972488
46.197769,90.961929
46.291107,90.92276
46.302773,90.920258
46.315544,90.923035
46.32444,90.929428
46.32888,90.933594
46.332214,90.938873
46.346657,90.956375
46.355553,90.964706
46.523605,91.053589
46.534439,91.058029
46.551102,91.064148
46.573326,91.07222
46.57972,91.070831
46.583054,91.065811
46.600109,91.020248
---
