32.760277,-9.035002
32.76416,-9.031389
32.774437,-9.018612
32.823326,-8.954723
32.82666,-8.950001
32.835831,-8.936111
32.915276,-8.841667
32.991943,-8.751945
33.112221,-8.63139
33.115829,-8.627779
33.133606,-8.615002
33.139717,-8.613611
33.151665,-8.615002
33.156387,-8.616667
33.219719,-8.56778
33.250549,-8.538334
33.255829,-8.505556
33.253883,-8.498335
33.253326,-8.475279
33.25666,-8.456112
33.259438,-8.446667
33.273605,-8.415279
33.281662,-8.400278
33.320274,-8.355835
33.347221,-8.329723
33.36805,-8.3125
33.375549,-8.305
33.380272,-8.294724
33.393883,-8.255001
33.396385,-8.2425
33.408607,-8.17889
33.42083,-8.123056
33.424438,-8.106945
33.426109,-8.101112
33.487221,-7.950278
33.526382,-7.860556
33.52861,-7.855278
33.535828,-7.833611
33.576111,-7.7075
33.606384,-7.606112
33.648331,-7.496667
33.718887,-7.388612
33.796387,-7.228333
33.807838,-7.200537
33.811943,-7.190556
33.851944,-7.086665
33.853607,-7.080833
33.865273,-7.046945
33.872215,-7.031112
33.916382,-6.968889
33.941666,-6.933333
34.018608,-6.843056
34.050827,-6.80639
34.058327,-6.798889
34.06694,-6.793334
34.07222,-6.791389
34.196106,-6.71639
34.295555,-6.655001
34.318329,-6.639723
34.376106,-6.597778
34.391106,-6.5825
34.540833,-6.488334
34.721382,-6.379168
34.755554,-6.358612
34.800278,-6.334167
34.834999,-6.315278
34.906944,-6.279445
35.008331,-6.2425
35.093048,-6.211667
35.183884,-6.17139
35.333054,-6.104723
35.450272,-6.052222
35.579437,-5.996667
35.664719,-5.966111
35.759438,-5.9375
35.790649,-5.918744
35.796661,-5.848333
35.80555,-5.744445
35.821938,-5.595834
35.841385,-5.54639
35.843605,-5.541112
35.867775,-5.513056
35.875275,-5.505
35.893326,-5.492223
35.901108,-5.484445
35.913605,-5.458611
35.915276,-5.4525
35.919167,-5.407778
35.916336,-5.395557
35.909164,-5.395556
35.896942,-5.391389
35.88694,-5.386945
35.873604,-5.378612
35.869438,-5.375834
35.847221,-5.354445
35.84166,-5.345834
35.829994,-5.345
35.79055,-5.338889
35.737495,-5.329722
35.705551,-5.321667
35.695,-5.31889
35.580826,-5.256667
35.576942,-5.253056
35.571388,-5.245278
35.568329,-5.240834
35.552773,-5.216667
35.548332,-5.204722
35.366943,-4.96639
35.321663,-4.92139
35.315277,-4.912223
35.250832,-4.791667
35.224716,-4.738334
35.216942,-4.721667
35.208885,-4.695834
35.192215,-4.601945
35.179977,-4.519009
35.151939,-4.424167
35.150551,-4.416667
35.146111,-4.361945
35.146111,-4.353889
35.153328,-4.323611
35.155548,-4.318056
35.165276,-4.304723
35.184441,-4.270556
35.188889,-4.259445
35.18972,-4.215556
35.199715,-4.127778
35.205551,-4.110834
35.213051,-4.095278
35.21611,-4.090556
35.227219,-4.078611
35.233055,-4.061389
35.245277,-4.020834
35.259995,-3.925278
35.260551,-3.918334
35.254166,-3.909445
35.249718,-3.906667
35.23111,-3.907222
35.226105,-3.905556
35.221664,-3.902778
35.215828,-3.892778
35.204994,-3.870833
35.202499,-3.865278
35.19944,-3.850556
35.199165,-3.8275
35.200272,-3.813889
35.203049,-3.801667
35.241661,-3.755556
35.272774,-3.659167
35.266388,-3.650278
35.231384,-3.589167
35.228607,-3.583611
35.226662,-3.577222
35.195,-3.410556
35.193054,-3.386389
35.191383,-3.34
35.191383,-3.3325
35.195274,-3.306389
35.246941,-3.168334
35.281387,-3.081389
35.283607,-3.075834
35.289444,-3.066389
35.296387,-3.059445
35.346107,-3.023612
35.418053,-2.986111
35.361938,-2.960834
35.329163,-2.946945
35.324997,-2.958611
35.321388,-2.962778
35.312492,-2.969167
35.306389,-2.971111
35.294716,-2.970834
35.284439,-2.967223
35.274994,-2.962778
35.271111,-2.959445
35.264717,-2.950278
35.263329,-2.944445
35.263054,-2.936944
35.266663,-2.925278
35.273605,-2.914722
35.259163,-2.901389
35.220551,-2.902778
35.20472,-2.910556
35.19194,-2.913611
35.176384,-2.909445
35.163055,-2.901667
35.144722,-2.881945
35.138885,-2.871945
35.126938,-2.841667
35.123329,-2.828056
35.123108,-2.799778
35.121273,-2.790945
35.120274,-2.781111
35.120609,-2.776945
35.121777,-2.773612
35.123444,-2.772778
35.125443,-2.775445
35.147217,-2.794167
35.165833,-2.823334
35.19944,-2.8575
35.22583,-2.883334
35.233604,-2.890278
35.239716,-2.888334
35.242775,-2.885556
35.240555,-2.879167
35.234718,-2.869167
35.18972,-2.814167
35.179161,-2.801389
35.158333,-2.776389
35.144165,-2.752056
35.141167,-2.751056
35.138832,-2.748889
35.13483,-2.743556
35.110832,-2.676389
35.099716,-2.635
35.097221,-2.619445
35.093887,-2.549723
35.094444,-2.535278
35.098328,-2.516945
35.10611,-2.486945
35.110275,-2.475833
35.123604,-2.343056
35.096939,-2.258056
35.085831,-2.216945
35.085831,-2.209445
35.044441,-2.206667
35.034439,-2.203333
35.026665,-2.196389
35.012215,-2.180278
34.943604,-2.075
34.801384,-1.856389
34.772774,-1.804167
34.769997,-1.798889
34.766937,-1.784167
34.760551,-1.765
34.754997,-1.754445
34.751663,-1.75
34.747215,-1.747222
34.741104,-1.749167
34.670555,-1.795833
34.657219,-1.805833
34.650833,-1.814722
34.645828,-1.824722
34.620827,-1.853889
34.616386,-1.856945
34.610275,-1.8575
34.604439,-1.856667
34.600555,-1.853056
34.505272,-1.7425
34.501938,-1.738056
34.499161,-1.732778
34.496666,-1.716944
34.491104,-1.696389
34.488609,-1.690834
34.485512,-1.686711
34.440277,-1.7325
34.378326,-1.793334
34.349442,-1.750556
34.266663,-1.719167
34.099998,-1.658334
34.083611,-1.654444
33.966385,-1.6875
33.899162,-1.706389
33.8825,-1.710278
33.711388,-1.730278
33.704994,-1.730556
33.70153,-1.729511
33.695549,-1.726389
33.688332,-1.718611
33.68055,-1.701389
33.676384,-1.688889
33.671387,-1.667222
33.666107,-1.656389
33.662773,-1.652222
33.650833,-1.641667
33.595276,-1.606667
33.584442,-1.604445
33.562492,-1.601111
33.556938,-1.600278
33.522774,-1.599167
33.50972,-1.600556
33.451111,-1.625278
33.435272,-1.633056
33.412216,-1.648889
33.38916,-1.664722
33.383331,-1.666667
33.376389,-1.668056
33.357216,-1.669722
33.261108,-1.668056
33.25666,-1.665278
33.226387,-1.646111
33.145828,-1.580556
33.111382,-1.548889
33.088608,-1.517222
33.077499,-1.495833
33.071388,-1.486389
33.067497,-1.482778
33.063049,-1.480278
33.058052,-1.478889
33.046661,-1.4775
33.035271,-1.476389
33.02916,-1.476667
33.009995,-1.478333
32.989441,-1.482222
32.979164,-1.487222
32.969444,-1.493056
32.939438,-1.5425
32.724442,-1.382778
32.667221,-1.266945
32.508331,-1.010278
32.504997,-1.011667
32.500549,-1.015
32.471939,-1.040278
32.449997,-1.063889
32.418327,-1.115278
32.41555,-1.12
32.410553,-1.143889
32.409996,-1.150556
32.41111,-1.166111
32.410828,-1.18
32.409721,-1.186111
32.404716,-1.196111
32.397499,-1.203889
32.38916,-1.211111
32.375832,-1.220834
32.326942,-1.249722
32.32,-1.251111
32.240829,-1.258056
32.208023,-1.257725
32.177498,-1.29
32.172726,-1.293415
32.163055,-1.295833
32.159164,-1.2925
32.156387,-1.287222
32.154716,-1.280278
32.155273,-1.273611
32.158607,-1.262222
32.16777,-1.241667
32.175278,-1.2125
32.170273,-1.200834
32.143608,-1.178056
32.133888,-1.173889
32.120827,-1.175556
32.114998,-1.1775
32.11055,-1.180556
32.102493,-1.188611
32.093887,-1.2025
32.089722,-1.213056
32.085831,-1.238611
32.085274,-1.259167
32.089996,-1.280556
32.092216,-1.286667
32.097771,-1.297222
32.099442,-1.304167
32.101387,-1.320278
32.109444,-1.4725
32.107773,-1.4925
32.111107,-1.659445
32.119995,-1.901667
32.121109,-1.931111
32.124718,-1.982778
32.135551,-2.098333
32.136665,-2.106389
32.143051,-2.135
32.146111,-2.166389
32.154716,-2.264167
32.157219,-2.3025
32.157494,-2.331111
32.156944,-2.345278
32.149162,-2.417778
32.143608,-2.463889
32.088333,-2.853889
32.084717,-2.865
32.072495,-2.89
32.069443,-2.894444
32.059998,-2.9075
32.036942,-2.930833
32.028885,-2.938056
32.017494,-2.9425
32.005272,-2.944445
31.96611,-2.948334
31.959999,-2.948611
31.948608,-2.946945
31.93111,-2.945834
31.904999,-2.948611
31.89222,-2.951389
31.868889,-2.959445
31.85083,-2.972222
31.844166,-2.980556
31.833332,-2.999444
31.796665,-3.096945
31.778332,-3.159722
31.758053,-3.234723
31.74472,-3.2875
31.726107,-3.386114
31.707775,-3.42
31.679443,-3.481389
31.673332,-3.511667
31.672775,-3.518611
31.673611,-3.526389
31.678055,-3.547778
31.682499,-3.569167
31.696388,-3.630556
31.704441,-3.646389
31.707775,-3.650834
31.709999,-3.656945
31.711941,-3.663056
31.715832,-3.685278
31.716389,-3.714723
31.715832,-3.721111
31.706944,-3.785278
31.704166,-3.7975
31.700554,-3.808611
31.695553,-3.818334
31.688053,-3.825834
31.677498,-3.830833
31.650276,-3.835
31.498333,-3.843889
31.486664,-3.843334
31.47583,-3.840834
31.458054,-3.830556
31.453609,-3.827778
31.441944,-3.8175
31.339165,-3.803889
31.182777,-3.825556
31.16972,-3.826945
31.163887,-3.826111
31.159443,-3.823611
31.153332,-3.818889
31.148052,-3.808333
31.147221,-3.794723
31.148609,-3.788889
31.156666,-3.774445
31.150276,-3.697778
31.095554,-3.602222
31.086109,-3.598056
31.034721,-3.592223
31.02861,-3.5925
31.014999,-3.594445
30.991386,-3.602222
30.976665,-3.617778
30.970554,-3.626667
30.961109,-3.646667
30.944443,-3.696389
30.94083,-3.707222
30.938053,-3.718889
30.94083,-3.743056
30.941109,-3.7575
30.941109,-3.800278
30.938053,-3.840556
30.934166,-3.88
30.928608,-3.925278
30.918331,-3.9875
30.915554,-3.999167
30.91111,-4.016945
30.906666,-4.027223
30.896385,-4.039445
30.806664,-4.13139
30.802219,-4.134167
30.786942,-4.149445
30.775833,-4.160833
30.769165,-4.169168
30.746944,-4.206389
30.741665,-4.216111
30.734997,-4.231668
30.727776,-4.261111
30.69611,-4.3325
30.69083,-4.342223
30.679165,-4.360001
30.660275,-4.378889
30.648331,-4.396945
30.646111,-4.402223
30.637218,-4.43
30.631664,-4.467778
30.60083,-4.639167
30.511665,-4.909722
30.508053,-4.920556
30.498886,-4.934167
30.492222,-4.942223
30.469719,-4.964723
30.456944,-4.974723
30.423611,-4.994445
30.393887,-5.010834
30.359165,-5.029167
30.316666,-5.048056
30.269165,-5.076389
30.255554,-5.085556
30.198055,-5.133612
30.186665,-5.144723
30.18047,-5.152135
30.160275,-5.170834
30.107498,-5.223056
30.055275,-5.275834
30.025833,-5.313612
30.00333,-5.343056
29.997219,-5.351945
29.976387,-5.390834
29.909443,-5.523056
29.902496,-5.538334
29.894997,-5.56
29.894997,-5.574445
29.895914,-5.58349
29.894165,-5.627501
29.889164,-5.694445
29.88472,-5.733334
29.876389,-5.790556
29.856668,-5.898324
29.84222,-5.935556
29.839165,-5.946945
29.831665,-5.983056
29.829441,-6.002778
29.831108,-6.032778
29.834999,-6.045279
29.842777,-6.060834
29.844719,-6.066945
29.8475,-6.081112
29.848331,-6.088889
29.848888,-6.111112
29.848888,-6.132778
29.8475,-6.145834
29.844444,-6.157223
29.838333,-6.166667
29.818607,-6.184445
29.809719,-6.191112
29.803608,-6.200001
29.801109,-6.205001
29.798885,-6.217223
29.798885,-6.231668
29.804443,-6.400278
29.743053,-6.481112
29.736111,-6.482223
29.672497,-6.496667
29.666386,-6.498056
29.638885,-6.508612
29.628887,-6.513889
29.616665,-6.524167
29.609165,-6.531389
29.586941,-6.554167
29.57111,-6.575278
29.568607,-6.580001
29.567219,-6.585834
29.566387,-6.592501
29.566109,-6.635556
29.574444,-6.693334
29.575832,-6.700556
29.584721,-6.723056
29.587219,-6.728333
29.590553,-6.732779
29.594444,-6.745001
29.602219,-6.778334
29.605,-6.792223
29.612221,-6.840834
29.640274,-7.097778
29.640274,-7.112223
29.636944,-7.123889
29.63472,-7.128612
29.597775,-7.195001
29.541386,-7.293889
29.53833,-7.298334
29.523052,-7.313056
29.514442,-7.319445
29.509163,-7.321667
29.486385,-7.336112
29.461666,-7.356389
29.397221,-7.433889
29.394997,-7.43889
29.388611,-7.461945
29.385277,-7.487779
29.387218,-7.518333
29.389721,-7.539445
29.393608,-7.560556
29.395554,-7.589723
29.394722,-7.603333
29.391941,-7.6225
29.387218,-7.64
29.384998,-7.644723
29.374996,-7.657223
29.364166,-7.668612
29.34111,-7.690278
29.256107,-7.798056
29.122776,-7.986945
29.059719,-8.137222
29.053333,-8.152779
29.046108,-8.167778
29.040833,-8.176945
29.026665,-8.200001
28.919167,-8.3575
28.916111,-8.361946
28.909164,-8.369722
28.897499,-8.38028
28.880554,-8.393057
28.865276,-8.400278
28.851387,-8.40889
28.8475,-8.412224
28.790554,-8.495556
28.779442,-8.521112
28.769722,-8.555557
28.761108,-8.575834
28.75861,-8.581112
28.732777,-8.628334
28.709442,-8.667223
27.933331,-8.667223
27.666664,-8.666668
27.666111,-9.300001
27.666664,-9.333612
27.666664,-9.667223
27.666664,-9.833334
27.666664,-9.933613
27.666386,-10
27.665009,-10.022517
27.664238,-10.06724
27.664772,-10.120514
27.666573,-10.299738
27.666447,-12.841103
27.666111,-13.067501
27.666386,-13.166945
27.666958,-13.174961
27.674442,-13.172779
27.689999,-13.166389
27.69722,-13.15889
27.704166,-13.14389
27.713055,-13.115835
27.738609,-13.06778
27.75333,-13.046112
27.763054,-13.033611
27.774998,-13.023613
27.77972,-13.021112
27.819721,-13.002501
27.860832,-12.985279
27.889442,-12.977222
27.914444,-12.965834
27.924442,-12.961113
27.928608,-12.958057
27.954166,-12.9025
27.964722,-12.84639
27.978886,-12.764446
27.985554,-12.704723
27.990276,-12.614723
28.031109,-12.382502
28.083054,-12.065834
28.084721,-12.060278
28.148052,-11.941946
28.226387,-11.732779
28.259998,-11.64139
28.290554,-11.546667
28.302498,-11.514446
28.304996,-11.509445
28.334442,-11.458057
28.340832,-11.449722
28.351944,-11.438612
28.524719,-11.303335
28.556942,-11.261112
28.642776,-11.1625
28.691944,-11.106668
28.701111,-11.101389
28.715832,-11.093889
28.734722,-11.084446
28.738609,-11.081112
28.753887,-11.059446
28.758888,-11.049446
28.818886,-10.92528
28.9175,-10.720278
28.945,-10.644445
28.949997,-10.634724
28.958054,-10.620556
28.96611,-10.606668
29.006107,-10.550556
29.028332,-10.521112
29.041943,-10.505001
29.048885,-10.496946
29.097221,-10.441668
29.101109,-10.438334
29.117222,-10.432222
29.121944,-10.429445
29.130554,-10.423056
29.16861,-10.394445
29.227219,-10.349445
29.23111,-10.345835
29.260555,-10.31139
29.266109,-10.302502
29.273609,-10.2875
29.275276,-10.281668
29.284996,-10.261946
29.291382,-10.253334
29.302219,-10.2425
29.313889,-10.231668
29.321941,-10.224724
29.428055,-10.138056
29.519444,-10.080557
29.543053,-10.074446
29.563889,-10.072779
29.584442,-10.063612
29.588333,-10.060278
29.776943,-9.877224
29.833332,-9.821945
29.848888,-9.807779
29.865276,-9.794445
29.869999,-9.791389
29.906387,-9.769724
29.962776,-9.736946
30.089722,-9.666668
30.10611,-9.660278
30.161942,-9.641668
30.168053,-9.640278
30.370277,-9.608612
30.37722,-9.607779
30.397221,-9.606945
30.402775,-9.607779
30.412777,-9.611946
30.539165,-9.701668
30.547222,-9.708334
30.612499,-9.793612
30.626942,-9.825834
30.62833,-9.833057
30.628052,-9.840279
30.726944,-9.853889
30.755554,-9.837502
30.779442,-9.823891
30.813889,-9.813612
30.820274,-9.812223
30.826385,-9.8125
30.882359,-9.817265
30.94611,-9.825556
30.957775,-9.826946
31.114998,-9.844446
31.131664,-9.843056
31.138332,-9.842224
31.209164,-9.827778
31.250553,-9.816668
31.261387,-9.8125
31.278889,-9.807501
31.285,-9.806112
31.318607,-9.802223
31.324718,-9.802502
31.342777,-9.804167
31.363331,-9.811111
31.377777,-9.81778
31.381943,-9.820835
31.384998,-9.825279
31.446663,-9.809168
31.503052,-9.775278
31.560555,-9.735279
31.626942,-9.689167
31.67083,-9.685001
31.703888,-9.682222
31.708611,-9.679167
31.755833,-9.643057
31.775833,-9.625834
31.943333,-9.454445
32.014442,-9.375
32.02916,-9.360001
32.037773,-9.353334
32.175552,-9.281113
32.191666,-9.274445
32.227493,-9.265001
32.316383,-9.260557
32.510277,-9.270834
32.534439,-9.281389
32.54055,-9.281389
32.552773,-9.278612
32.558327,-9.27639
32.562218,-9.272779
32.607498,-9.214445
32.638885,-9.170279
32.664719,-9.135557
32.702217,-9.089724
32.70916,-9.081667
32.734802,-9.053169
---
