-52.578056,169.161652
-52.5761109999999,169.124664
-52.574173,169.113007
-52.5591659999999,169.02832
-52.548058,169.017212
-52.536118,169.007751
-52.522499,169.001373
-52.515282,168.99884
-52.507225,169.000824
-52.501114,169.005829
-52.445831,169.163605
-52.443329,169.174133
-52.4413829999999,169.205231
-52.446945,169.210785
-52.4541699999999,169.213287
-52.4622189999999,169.211365
-52.4657899999999,169.209381
-52.485832,169.209686
-52.528336,169.216919
-52.535835,169.234131
-52.542229,169.238281
-52.550278,169.239136
-52.5583339999999,169.237183
-52.563614,169.230804
-52.566948,169.221619
-52.57695,169.185516
---
-50.9236149999999,166.086365
-50.911385,166.005829
-50.905273,165.973572
-50.875275,165.935516
-50.869446,165.930542
-50.856392,165.923584
-50.8522259999999,165.931366
-50.8555599999999,166.107727
-50.876106,166.194427
-50.881668,166.215515
-50.8875049999999,166.22052
-50.8916699999999,166.212738
-50.903107,166.166901
-50.923058,166.096619
---
-50.6083369999999,165.979126
-50.605003,165.969421
-50.5988849999999,165.971619
-50.5955509999999,165.98053
-50.593613,165.991058
-50.595001,166.003601
-50.601112,166.001373
-50.603638,165.995544
---
-50.836113,166.249695
-50.843056,166.246063
-50.849167,166.241058
-50.8544459999999,166.23468
-50.85778,166.225525
-50.8580549999999,166.212463
-50.8555599999999,166.201355
-50.83889,166.154419
-50.834999,166.024139
-50.84111,166.01886
-50.845276,166.011383
-50.847496,166.000824
-50.850555,165.895538
-50.844719,165.890533
-50.812775,165.887207
-50.804443,165.886932
-50.77417,165.896637
-50.7680589999999,165.901642
-50.762779,165.90802
-50.720276,165.983582
-50.71389,166.001648
-50.71167,166.012207
-50.709442,166.035248
-50.706108,166.044434
-50.695831,166.05719
-50.669167,166.087738
-50.662216,166.091339
-50.5805589999999,166.117188
-50.571671,166.118286
-50.564163,166.116364
-50.5511089999999,166.109406
-50.545555,166.104126
-50.536667,166.108307
-50.528053,166.123566
-50.526108,166.133881
-50.526947,166.188019
-50.527222,166.199402
-50.529442,166.223572
-50.555,166.281921
-50.568336,166.291931
-50.599442,166.242188
-50.6283339999999,166.198853
-50.698051,166.141357
-50.7233279999999,166.171356
-50.754173,166.229401
-50.818893,166.250275
-50.82695,166.250824
---
-50.507225,166.309143
-50.50528,166.284973
-50.499725,166.285797
-50.493889,166.317749
-50.49472,166.331909
-50.502785,166.332458
-50.504738,166.33078
-50.50695,166.321899
---
-49.726105,178.805237
-49.7180559999999,178.736908
-49.715836,178.726898
-49.71167,178.719421
-49.703613,178.717194
-49.6852719999999,178.71524
-49.6777799999999,178.717468
-49.666664,178.727448
-49.656105,178.739136
-49.645554,178.750824
-49.640556,178.757202
-49.62722,178.778595
-49.6150049999999,178.80246
-49.613617,178.814972
-49.620277,178.832733
-49.625557,178.838867
-49.633614,178.841064
-49.657219,178.837738
-49.664719,178.835785
-49.669456,178.833282
-49.7125019999999,178.826355
-49.719162,178.823029
-49.7238849999999,178.816376
---
-48.056664,166.61969
-48.045837,166.564697
-48.039444,166.563873
-48.003891,166.607452
-47.995552,166.622192
-47.9966659999999,166.631622
-48.004173,166.630798
-48.020134,166.623383
-48.04084,166.632172
---
-47.685829,179.061096
-47.683609,179.051361
-47.67556,179.049133
-47.668892,179.05246
-47.665001,179.060242
-47.661667,179.069702
-47.665001,179.078033
-47.671112,179.082733
-47.678612,179.080811
-47.680595,179.076904
---
-47.25,167.424133
-47.245003,167.41803
-47.236115,167.418579
-47.228882,167.422211
-47.222496,167.426636
-47.21833,167.433868
-47.21167,167.450806
-47.209167,167.460236
-47.208054,167.471344
-47.208336,167.481903
-47.214165,167.486908
-47.220276,167.483582
-47.223885,167.48053
-47.2352749999999,167.468842
-47.248611,167.434967
---
-46.798889,167.676086
-46.7950059999999,167.668304
-46.783615,167.6586
-46.775276,167.65802
-46.76722,167.660248
-46.760002,167.663605
-46.758339,167.694427
-46.7588959999999,167.702454
-46.771385,167.718842
-46.777779,167.716919
-46.785004,167.713593
-46.789169,167.70636
-46.794167,167.689972
-46.796669,167.685791
---
-46.910278,168.17276
-46.909721,168.159424
-46.935829,168.048309
-46.971664,168.225525
-47.0033339999999,168.25943
-47.040283,168.244415
-47.047501,168.241058
-47.0725019999999,168.217743
-47.115005,168.156372
-47.1136169999999,168.14444
-47.10611,168.113861
-47.106667,168.101898
-47.1102829999999,168.05304
-47.1116709999999,168.042206
-47.122223,168.004974
-47.126389,167.997742
-47.153328,167.95636
-47.184441,167.90802
-47.188889,167.900818
-47.191109,167.891083
-47.18972,167.87912
-47.17028,167.784973
-47.1647189999999,167.779968
-47.1572189999999,167.778046
-47.143333,167.772491
-47.138611,167.766083
-47.154999,167.724396
-47.172226,167.693024
-47.217773,167.617462
-47.223053,167.61441
-47.226105,167.623566
-47.226662,167.636932
-47.225273,167.648041
-47.216942,167.689148
-47.206947,167.714417
-47.209167,167.722198
-47.217216,167.720245
-47.239998,167.714142
-47.2452769999999,167.708313
-47.249443,167.70108
-47.2613909999999,167.678589
-47.27417,167.605804
-47.279442,167.536377
-47.2788849999999,167.525543
-47.27417,167.519135
-47.265839,167.518585
-47.229439,167.521912
-47.20472,167.52832
-47.197777,167.531647
-47.187218,167.543304
-47.1125029999999,167.624115
-47.0025019999999,167.740234
-46.942223,167.793854
-46.9361109999999,167.798584
-46.9236149999999,167.807465
-46.916389,167.810791
-46.9083329999999,167.813019
-46.89917,167.813599
-46.8916699999999,167.811646
-46.862778,167.802185
-46.8497239999999,167.795258
-46.843887,167.790253
-46.833611,167.779144
-46.823891,167.766388
-46.8124999999999,167.756653
-46.8041689999999,167.756104
-46.7563929999999,167.757477
-46.705559,167.769989
-46.700279,167.775818
-46.688332,167.798309
-46.68222,167.921906
-46.715279,167.995514
-46.720276,168.001648
-46.730606,168.011658
-46.791946,168.054688
-46.8191679999999,168.09552
-46.863617,168.180542
-46.869446,168.185242
-46.905273,168.191925
---
-45.7458339999999,166.652466
-45.726387,166.504425
-45.7191619999999,166.504974
-45.711945,166.508331
-45.686943,166.526917
-45.646393,166.562744
-45.641388,166.568573
-45.638054,166.57663
-45.628609,166.611908
-45.626389,166.621338
-45.61528,166.710785
-45.616661,166.719696
-45.621666,166.7258
-45.62722,166.73053
-45.637802,166.736053
-45.648056,166.741638
-45.662216,166.748016
-45.677223,166.751923
-45.701942,166.753326
-45.7205509999999,166.751373
-45.7266619999999,166.746918
-45.731941,166.741058
-45.7416689999999,166.71637
---
-45.3125,167.000549
-45.31028,166.990234
-45.280556,166.926361
-45.27639,166.918854
-45.271667,166.913025
-45.2502819999999,166.891357
-45.241943,166.890808
-45.215004,166.904144
-45.208611,166.9086
-45.157501,166.955231
-45.1533279999999,166.962189
-45.164719,166.971619
-45.166664,166.971344
-45.185829,166.970795
-45.193329,166.972748
-45.2288819999999,166.984955
-45.233887,166.991058
-45.241943,167.006104
-45.2477799999999,167.010803
-45.296394,167.029694
-45.3047179999999,167.030273
-45.31028,167.009979
---
-44.34417,-176.213348
-44.34111,-176.22168
-44.312782,-176.225281
-44.309761,-176.224518
-44.242233,-176.237213
-44.234734,-176.23584
-44.2227779999999,-176.17337
-44.2227779999999,-176.161682
-44.22583,-176.153351
-44.230827,-176.147278
-44.2633359999999,-176.115814
-44.268608,-176.11499
-44.324722,-176.162231
---
-43.7488859999999,-176.385834
-43.7488859999999,-176.37442
-43.7488859999999,-176.330597
-43.763893,-176.269196
-43.796394,-176.31366
-43.794174,-176.350006
-43.7869489999999,-176.353882
-43.780006,-176.358917
-43.775009,-176.364746
-43.770844,-176.371948
-43.763069,-176.397827
-43.756111,-176.424469
-43.755013,-176.435028
-43.749443,-176.511414
-43.755569,-176.527222
-43.767509,-176.535553
-43.7758329999999,-176.535553
-43.783897,-176.532806
-43.869995,-176.498077
-43.952499,-176.455017
-43.9575039999999,-176.448883
-44.012512,-176.354736
-44.056114,-176.377228
-44.1205519999999,-176.512268
-44.1230619999999,-176.522278
-44.125,-176.533356
-44.125,-176.545013
-44.123329,-176.577484
-44.121391,-176.598602
-44.119171,-176.60556
-44.097496,-176.611664
-44.090553,-176.608917
-44.08223,-176.608917
-44.045837,-176.626373
-44.039726,-176.631409
-44.0119779999999,-176.65506
-44.011116,-176.64505
-44.0086209999999,-176.63504
-44.005013,-176.626678
-43.9747159999999,-176.563324
-43.936111,-176.523376
-43.922508,-176.517792
-43.915009,-176.516449
-43.9077839999999,-176.517792
-43.87722,-176.530609
-43.870277,-176.53421
-43.84584,-176.55365
-43.8347239999999,-176.564453
-43.824722,-176.576416
-43.8205639999999,-176.583313
-43.806396,-176.613892
-43.803619,-176.622223
-43.801666,-176.631409
-43.798622,-176.651123
-43.801666,-176.657257
-43.806953,-176.662781
-43.8144449999999,-176.664185
-43.8288959999999,-176.679749
-43.8330609999999,-176.686707
-43.840843,-176.792267
-43.843063,-176.829163
-43.84111,-176.838348
-43.819725,-176.849457
-43.812225,-176.848053
-43.805557,-176.845306
-43.800552,-176.839722
-43.7724989999999,-176.749176
-43.7288889999999,-176.604736
-43.717506,-176.5578
-43.723061,-176.483917
-43.724998,-176.474457
-43.72805,-176.4664
-43.7330549999999,-176.460297
-43.736122,-176.45224
---
-41.146393,174.396362
-41.198334,174.380249
-41.2030559999999,174.37439
-41.235558,174.264709
-41.234444,174.198303
-41.232498,174.193298
-41.226952,174.203033
-41.216393,174.255554
-41.186661,174.33609
-41.18306,174.344421
-41.162498,174.366058
-41.1558299999999,174.36969
-41.148613,174.371887
-41.145004,174.366913
-41.147781,174.358582
-41.14695,174.347473
-41.1416699999999,174.330261
-41.138893,174.324127
-41.1324999999999,174.322754
-41.108894,174.377167
-41.106949,174.386932
-41.10778,174.398041
-41.115837,174.399414
---
-40.933327,173.788574
-40.9316709999999,173.77887
-40.923332,173.777466
-40.912216,173.7836
-40.9113849999999,173.784698
-40.879723,173.799133
-40.816109,173.809143
-40.769722,173.820801
-40.762505,173.823303
-40.757782,173.829132
-40.7088929999999,173.95636
-40.7105559999999,173.963867
-40.7180559999999,173.96637
-40.735558,173.967743
-40.743889,173.966644
-40.7919459999999,173.959961
-40.79834,173.958862
-40.86306,173.925812
-40.868889,173.921082
-40.92778,173.805817
---
-40.5272219999999,172.981628
-40.529167,172.991333
-40.5338899999999,172.98996
-40.5338899999999,172.978027
-40.53083,172.945251
-40.524445,172.895264
-40.516113,172.797211
-40.516945,172.73996
-40.5197219999999,172.731628
-40.6533279999999,172.656921
-40.7483369999999,172.701355
-40.853058,172.855804
-40.853058,172.865509
-40.851112,172.875244
-40.8288879999999,172.907196
-40.802223,172.930267
-40.796669,172.935242
-40.781944,172.976624
-40.7811129999999,172.985229
-40.786667,173.002197
-40.7911149999999,173.008331
-40.796669,173.013306
-40.809723,173.020538
-40.8694459999999,173.051086
-40.962776,173.059692
-40.971939,173.059692
-40.978607,173.056091
-41.027496,173.031647
-41.291115,173.075806
-41.297501,173.079681
-41.302223,173.085785
-41.313332,173.10553
-41.316109,173.16803
-41.313332,173.188873
-41.3113859999999,173.198853
-41.308609,173.207184
-41.274445,173.272217
-41.269722,173.27832
-41.2224959999999,173.32608
-41.205833,173.340515
-41.195549,173.351624
-41.1780549999999,173.377167
-41.150276,173.426086
-41.0536119999999,173.598022
-41.052498,173.606628
-41.073616,173.639709
-41.070557,173.67276
-41.0602799999999,173.72052
-41.056389,173.727753
-41.047226,173.73996
-41.032501,173.74469
-41.02417,173.743286
-41.018608,173.738281
-41.019447,173.727448
-41.0224989999999,173.718842
-41.033615,173.69693
-41.038338,173.690796
-41.041115,173.68219
-41.036392,173.676086
-41.029167,173.673584
-41.020836,173.674683
-41.01445,173.678314
-41.000282,173.696625
-40.9769439999999,173.751373
-40.9691619999999,173.800262
-40.9316709999999,173.9133
-40.89695,173.98468
-40.896667,173.994415
-40.9130549999999,174.022766
-40.91861,174.027771
-40.925835,174.030273
-40.935272,174.030548
-40.943611,174.029419
-40.94722,174.022217
-40.992226,173.929962
-40.995003,173.832184
-40.994164,173.821075
-41.0091709999999,173.782196
-41.0155559999999,173.778595
-41.09861,173.769714
-41.114449,173.778595
-41.109444,173.794434
-41.080833,173.822205
-41.062218,173.821899
-41.055,173.836639
-41.053055,173.846344
-41.049446,173.930817
-41.055832,173.946625
-41.060555,173.953033
-41.087502,173.917755
-41.103333,173.887482
-41.1441649999999,173.848846
-41.2458339999999,173.820526
-41.267502,173.763306
-41.273056,173.760803
-41.2897259999999,173.775818
-41.2905579999999,173.788025
-41.2894439999999,173.806366
-41.21833,174.037201
-41.198334,174.099701
-41.187218,174.128845
-41.181671,174.133606
-41.1761089999999,174.133606
-41.174171,174.126068
-41.1752779999999,174.008606
-41.178886,174.001099
-41.1863859999999,174.001373
-41.1947169999999,174.000275
-41.198334,173.993011
-41.19944,173.981903
-41.199997,173.932739
-41.199997,173.908325
-41.197495,173.899719
-41.1927719999999,173.893585
-41.169724,173.887207
-41.161667,173.885803
-41.154167,173.888031
-41.133614,173.897766
-41.1283339999999,173.902466
-40.999725,174.032745
-41.021385,174.084412
-41.023331,174.094116
-41.044724,174.246338
-41.035278,174.258331
-41.003616,174.299408
-41.000557,174.315247
-41.003334,174.323853
-41.010834,174.323853
-41.0180589999999,174.321625
-41.197495,174.209961
-41.225555,174.161377
-41.2266619999999,174.152771
-41.2313839999999,174.114685
-41.235001,174.052185
-41.236115,174.026642
-41.254173,174.053864
-41.269447,174.20636
-41.2666629999999,174.214966
-41.238892,174.291656
-41.229721,174.303589
-41.220276,174.320801
-41.222771,174.326904
-41.276947,174.288574
-41.3225019999999,174.249115
-41.326111,174.241638
-41.3280559999999,174.231903
-41.329445,174.208588
-41.320282,174.193573
-41.305,174.155243
-41.308609,174.148041
-41.3366619999999,174.111633
-41.421112,174.052765
-41.42778,174.049133
-41.4424969999999,174.044434
-41.450836,174.045807
-41.4663929999999,174.049988
-41.493057,174.063873
-41.526108,174.084137
-41.519447,174.097473
-41.511116,174.096069
-41.5055619999999,174.1008
-41.5091709999999,174.108307
-41.513893,174.114685
-41.5238879999999,174.125793
-41.551392,174.151093
-41.578613,174.176086
-41.586113,174.178864
-41.594444,174.179962
-41.602783,174.179138
-41.608337,174.174133
-41.618607,174.1633
-41.623329,174.157196
-41.685555,174.193024
-41.734444,174.28775
-41.7408369999999,174.291656
-41.748337,174.289154
-41.762222,174.283325
-41.837219,174.236359
-41.8652799999999,174.212189
-41.875557,174.201355
-41.8905559999999,174.184143
-41.8950039999999,174.17804
-41.90361,174.164703
-41.9072189999999,174.157196
-41.915833,174.143585
-41.957779,174.088562
-42.0274959999999,174.009155
-42.0611109999999,173.979675
-42.086945,173.96524
-42.100838,173.959137
-42.115555,173.954407
-42.123886,173.953308
-42.1333309999999,173.953583
-42.1663889999999,173.95636
-42.196945,173.933319
-42.2024989999999,173.928314
-42.2436139999999,173.884155
-42.248055,173.878021
-42.2519449999999,173.870514
-42.2555619999999,173.863007
-42.271385,173.834686
-42.29306,173.801361
-42.297501,173.794983
-42.476944,173.568573
-42.487778,173.558594
-42.511948,173.541351
-42.525002,173.533875
-42.532219,173.531372
-42.599724,173.500824
-42.621941,173.480804
-42.656944,173.466064
-42.670837,173.459961
-42.690277,173.448853
-42.793617,173.387756
-42.840836,173.351624
-42.898888,173.328033
-42.906387,173.328033
-42.913612,173.325806
-42.9580539999999,173.285522
-43.057777,173.106903
-43.0613859999999,173.099396
-43.064445,173.090515
-43.081947,173.026367
-43.09111,172.9758
-43.092773,172.953033
-43.098335,172.935516
-43.105835,172.920258
-43.1480559999999,172.838013
-43.160828,172.818024
-43.18306,172.79776
-43.219719,172.772217
-43.239166,172.760803
-43.246666,172.758026
-43.415539,172.726944
-43.423355,172.726593
-43.612221,172.775818
-43.61972,172.894135
-43.620834,172.905548
-43.6530529999999,173.059692
-43.69722,173.100525
-43.703613,173.10553
-43.7413859999999,173.11441
-43.7625049999999,173.116913
-43.7699969999999,173.116913
-43.825005,173.112183
-43.833328,173.110779
-43.856392,173.091644
-43.871109,173.058594
-43.869499,173.006088
-43.868999,173.002243
-43.865669,172.999237
-43.84967,172.990906
-43.802223,172.96524
-43.76445,172.961365
-43.75695,172.958862
-43.75528,172.951355
-43.756111,172.939972
-43.766113,172.927185
-43.7716669999999,172.921906
-43.824173,172.920532
-43.833328,172.920532
-43.869221,172.917572
-43.875885,172.923584
-43.88139,172.931244
-43.887886,172.937408
-43.892384,172.938904
-43.896221,172.938248
-43.904442,172.870789
-43.90139,172.861633
-43.882217,172.81192
-43.8783339999999,172.804413
-43.837776,172.745789
-43.8322219999999,172.740784
-43.825836,172.736908
-43.808334,172.71524
-43.772224,172.642761
-43.729439,172.513031
-43.723885,172.495239
-43.722771,172.483582
-43.72361,172.472198
-43.733612,172.424988
-43.743614,172.4133
-43.763893,172.390259
-43.77861,172.384979
-43.795006,172.382446
-43.8125,172.383331
-43.820839,172.384705
-43.850281,172.394714
-43.858612,172.393311
-43.863335,172.386932
-43.867775,172.367462
-43.8811109999999,172.297211
-43.883057,172.286926
-43.883888,172.275543
-43.909164,172.189697
-43.965279,172.050812
-43.9958339999999,171.978577
-44.006668,171.955231
-44.015007,171.941071
-44.07695,171.782471
-44.122498,171.654694
-44.1538849999999,171.583588
-44.173889,171.547211
-44.1787759999999,171.538483
-44.2854919999999,171.35556
-44.292187,171.346466
-44.295555,171.342468
-44.316391,171.319977
-44.343613,171.293579
-44.356392,171.285522
-44.369995,171.278595
-44.383888,171.271912
-44.391113,171.269135
-44.395836,171.275543
-44.402496,171.279144
-44.420837,171.278595
-44.4288859999999,171.277191
-44.437218,171.275543
-44.451942,171.269989
-44.465553,171.263306
-44.478333,171.254974
-44.5330579999999,171.214966
-44.537506,171.208313
-44.541115,171.200531
-44.5602799999999,171.196075
-44.645836,171.1922
-44.6633299999999,171.193024
-44.700279,171.204956
-44.739166,171.214142
-44.747498,171.21524
-44.851112,171.207184
-44.919998,171.198578
-44.927498,171.195801
-44.938332,171.185242
-44.94173,171.182129
-44.949902,171.175018
-44.95985,171.167923
-44.966599,171.165436
-44.970276,171.164703
-44.978333,171.1633
-44.996666,171.149719
-45.067223,171.079956
-45.103333,171.026642
-45.151108,170.975525
-45.163055,170.966064
-45.169167,170.961914
-45.243057,170.921631
-45.358055,170.873566
-45.367218,170.873291
-45.373886,170.876892
-45.4241709999999,170.871338
-45.487503,170.859955
-45.493889,170.855804
-45.61972,170.750275
-45.7450029999999,170.674683
-45.839439,170.616913
-45.881668,170.558868
-45.888054,170.554413
-45.896111,170.555542
-45.894165,170.591064
-45.8916699999999,170.600525
-45.888054,170.608582
-45.8586119999999,170.6586
-45.8175049999999,170.718018
-45.813057,170.72467
-45.782776,170.773315
-45.7863919999999,170.781097
-45.806946,170.790802
-45.84639,170.790802
-45.863892,170.788879
-45.878334,170.783051
-45.8827739999999,170.776367
-45.911667,170.699982
-45.9083329999999,170.664429
-45.9166639999999,170.573303
-45.919167,170.550537
-45.9269489999999,170.484406
-45.9319459999999,170.452454
-45.939438,170.424408
-45.9561079999999,170.382721
-45.97361,170.342468
-45.9913859999999,170.315247
-45.996948,170.309692
-46.013893,170.294434
-46.029442,170.281647
-46.0519409999999,170.263611
-46.065552,170.256378
-46.081947,170.253052
-46.09111,170.252472
-46.10778,170.254425
-46.1158369999999,170.252777
-46.1469499999999,170.240784
-46.154167,170.237732
-46.165001,170.226624
-46.1747209999999,170.214417
-46.1880489999999,170.193848
-46.198608,170.169434
-46.2466659999999,170.067749
-46.340279,169.911926
-46.3713839999999,169.863586
-46.376663,169.858002
-46.389442,169.849396
-46.416946,169.848022
-46.433327,169.849976
-46.440834,169.852173
-46.457504,169.853851
-46.4647219999999,169.8508
-46.469994,169.845245
-46.5580519999999,169.701904
-46.581947,169.631348
-46.623329,169.458008
-46.656387,169.266388
-46.670837,169.133026
-46.669167,169.107727
-46.666946,169.097198
-46.657501,169.084412
-46.635002,169.0672
-46.675003,169.06192
-46.678612,169.053864
-46.680832,169.008026
-46.667778,168.883331
-46.661942,168.878296
-46.6283339999999,168.861908
-46.6194459999999,168.862457
-46.6111149999999,168.86441
-46.603889,168.86496
-46.563614,168.844971
-46.560555,168.835785
-46.561111,168.823853
-46.577499,168.733307
-46.603889,168.640533
-46.606392,168.633606
-46.6111149999999,168.614685
-46.614166,168.593018
-46.6150049999999,168.568848
-46.614166,168.516937
-46.613335,168.492737
-46.6015009999999,168.442139
-46.599667,168.43663
-46.584003,168.446625
-46.5750049999999,168.4422
-46.574448,168.454407
-46.5730589999999,168.490509
-46.5741729999999,168.502472
-46.5788879999999,168.506104
-46.583328,168.499115
-46.588051,168.505554
-46.594444,168.551636
-46.591942,168.561371
-46.586662,168.566925
-46.5800019999999,168.563599
-46.570557,168.550812
-46.567505,168.541656
-46.540001,168.391357
-46.5444489999999,168.361908
-46.547783,168.353577
-46.5561069999999,168.351624
-46.564445,168.352173
-46.583885,168.362732
-46.582165,168.348236
-46.584499,168.352905
-46.585831,168.359268
-46.592667,168.365082
-46.596668,168.367249
-46.6014979999999,168.367599
-46.6053309999999,168.364929
-46.6045,168.357758
-46.6031649999999,168.35141
-46.5577769999999,168.275269
-46.535561,168.269135
-46.529167,168.268311
-46.525833,168.276642
-46.5233309999999,168.286102
-46.520554,168.307739
-46.520836,168.318298
-46.529167,168.318848
-46.536667,168.321075
-46.540558,168.328857
-46.539169,168.339417
-46.49778,168.386658
-46.492226,168.392487
-46.485001,168.395538
-46.4777759999999,168.396088
-46.470276,168.394135
-46.421944,168.37384
-46.416107,168.368835
-46.415001,168.35968
-46.417503,168.35025
-46.4008329999999,168.250275
-46.3552779999999,168.21109
-46.351395,168.206085
-46.345551,168.194702
-46.342499,168.185516
-46.340279,168.174988
-46.3436129999999,168.116364
-46.351669,168.063873
-46.3713839999999,167.955536
-46.387222,167.893036
-46.399445,167.8508
-46.398613,167.832184
-46.394447,167.824402
-46.333885,167.753876
-46.312775,167.776917
-46.306389,167.781372
-46.2983399999999,167.7836
-46.2908399999999,167.781372
-46.284172,167.778046
-46.209442,167.701904
-46.1663889999999,167.596924
-46.156387,167.556641
-46.154167,167.546356
-46.152779,167.534424
-46.149727,167.483032
-46.1499939999999,167.471069
-46.15139,167.460236
-46.154716,167.451904
-46.159996,167.446075
-46.20472,167.415527
-46.254448,167.356628
-46.2730559999999,167.280273
-46.267776,167.261108
-46.2638929999999,167.238556
-46.240555,167.086639
-46.2291639999999,167.001373
-46.2247159999999,166.966064
-46.223885,166.949982
-46.226105,166.915253
-46.229996,166.883026
-46.232498,166.836365
-46.231667,166.823029
-46.22361,166.768036
-46.2141649999999,166.726349
-46.2108309999999,166.717468
-46.201111,166.705231
-46.161667,166.670807
-46.15361,166.670258
-46.145004,166.684418
-46.142776,166.693848
-46.1352769999999,166.709412
-46.119164,166.738861
-46.093613,166.76123
-46.064945,166.784912
-46.033279,166.804749
-46.003891,166.829956
-45.994164,166.854675
-45.99028,166.886932
-45.9561079999999,166.943298
-45.950836,166.949127
-45.9452739999999,166.94693
-45.944717,166.939148
-45.94722,166.929688
-45.981384,166.836365
-45.984444,166.828033
-46.0050049999999,166.791351
-46.010284,166.785797
-46.016396,166.781097
-46.035553,166.759308
-46.038387,166.76297
-46.042393,166.764969
-46.047222,166.763657
-46.050392,166.760162
-46.0660589999999,166.740982
-46.0665589999999,166.737793
-46.0872189999999,166.670532
-46.090836,166.615784
-46.0863879999999,166.613586
-46.059723,166.617462
-46.052498,166.621063
-46.015007,166.640808
-45.991943,166.661652
-45.967216,166.625793
-46.013062,166.492462
-46.01445,166.484406
-46.002785,166.474976
-45.9905549999999,166.467194
-45.9830549999999,166.46524
-45.839439,166.464691
-45.823059,166.468842
-45.8158339999999,166.472473
-45.809723,166.476898
-45.798889,166.537476
-45.801109,166.613861
-45.800278,166.652191
-45.798889,166.699982
-45.779999,166.881348
-45.777779,166.890808
-45.735001,166.974121
-45.7097239999999,166.987183
-45.705833,166.923035
-45.705276,166.912476
-45.7050019999999,166.887482
-45.707779,166.854126
-45.7147219999999,166.825806
-45.7213819999999,166.809418
-45.689995,166.787476
-45.662773,166.775818
-45.617943,166.811539
-45.61311,166.811218
-45.608112,166.812531
-45.605606,166.816711
-45.588779,166.86969
-45.586113,166.881027
-45.585278,166.88736
-45.585609,166.895203
-45.5871089999999,166.901367
-45.590946,166.912872
-45.578613,166.980255
-45.580002,166.991913
-45.57695,167
-45.571671,167.005829
-45.527779,167.032471
-45.5013959999999,167.041351
-45.5191649999999,166.989685
-45.544724,166.891693
-45.569389,166.796875
-45.570721,166.791199
-45.571556,166.784836
-45.57122,166.777023
-45.579445,166.71051
-45.574448,166.704407
-45.554718,166.697205
-45.546669,166.699127
-45.425278,166.757477
-45.3536149999999,166.801361
-45.320557,166.821625
-45.279724,166.868835
-45.279167,166.880798
-45.341667,167.008331
-45.3577799999999,167.0383
-45.427223,167.146942
-45.472496,167.168854
-45.4777759999999,167.205231
-45.475273,167.211914
-45.467216,167.214142
-45.461388,167.209412
-45.422775,167.173584
-45.406662,167.15802
-45.386116,167.134979
-45.381386,167.12912
-45.372223,167.115509
-45.3661119999999,167.097748
-45.3636169999999,167.087463
-45.345001,167.061646
-45.333328,167.051086
-45.325333,167.081421
-45.3216669999999,167.084076
-45.316498,167.092407
-45.314499,167.097244
-45.310333,167.114227
-45.302834,167.163574
-45.302998,167.169922
-45.306,167.173584
-45.30933,167.176422
-45.3138349999999,167.177567
-45.313332,167.212738
-45.3183359999999,167.218842
-45.327225,167.232178
-45.331116,167.239685
-45.3341669999999,167.248566
-45.3358309999999,167.260254
-45.334442,167.270813
-45.329445,167.301636
-45.326111,167.309692
-45.318611,167.307739
-45.314445,167.300262
-45.2714459999999,167.194641
-45.2689439999999,167.13829
-45.2721139999999,167.099472
-45.2712779999999,167.094147
-45.2687759999999,167.089645
-45.201111,167.002197
-45.145836,166.996918
-45.001671,167.146362
-44.956108,167.198578
-44.9511109999999,167.204407
-44.930832,167.228302
-44.9213869999999,167.241058
-44.907501,167.260529
-44.903053,167.267487
-44.8749999999999,167.312744
-44.871384,167.320801
-44.8629989999999,167.393463
-44.8614959999999,167.398987
-44.8634989999999,167.404312
-44.894169,167.421799
-44.898666,167.422974
-44.908497,167.420639
-44.912167,167.417969
-44.928612,167.440796
-44.9374999999999,167.439972
-44.9449999999999,167.441925
-44.99472,167.459686
-45.003891,167.497742
-45.0013959999999,167.507202
-45,167.508224
-44.9952769999999,167.511658
-44.9869459999999,167.511108
-44.903446,167.47908
-44.8764419999999,167.465912
-44.867947,167.462753
-44.863445,167.461578
-44.853947,167.460098
-44.843945,167.459412
-44.838444,167.459915
-44.7952799999999,167.448578
-44.788895,167.453033
-44.7836149999999,167.458588
-44.683884,167.599701
-44.611671,167.743011
-44.4986109999999,167.838867
-44.488052,167.85025
-44.40361,167.949982
-44.395004,167.963593
-44.353615,168.034973
-44.316948,168.128021
-44.308052,168.141663
-44.300835,168.144714
-44.292503,168.144135
-44.251404,168.1241
-44.253059,168.143311
-44.251396,168.153595
-44.24472,168.169708
-44.172775,168.2883
-44.167503,168.293854
-44.1238859999999,168.336639
-44.116661,168.339966
-44.109169,168.337738
-44.1027829999999,168.334412
-44.094444,168.336365
-44.043335,168.36969
-44.037781,168.374969
-44.034447,168.383026
-44.0297239999999,168.402771
-43.9877779999999,168.672211
-43.9936139999999,168.67691
-43.998337,168.683044
-44.002228,168.690247
-44.012222,168.71524
-44.012505,168.723022
-44.010002,168.753876
-44.008614,168.76416
-43.988335,168.824402
-43.9766619999999,168.858582
-43.9733279999999,168.866364
-43.964447,168.879669
-43.9591669999999,168.885254
-43.90361,168.961914
-43.848473,169.080765
-43.794167,169.142212
-43.743332,169.224396
-43.722496,169.271637
-43.6791689999999,169.387482
-43.6434669999999,169.491318
-43.633614,169.539154
-43.613892,169.626617
-43.608894,169.644989
-43.6055599999999,169.652771
-43.601944,169.660522
-43.5733339999999,169.721619
-43.568893,169.728302
-43.5580519999999,169.739136
-43.522774,169.767487
-43.4966659999999,169.790527
-43.4066619999999,169.871063
-43.397781,169.884155
-43.371941,169.961639
-43.352501,170.021912
-43.3477779999999,170.028595
-43.342499,170.033875
-43.336113,170.038025
-43.3069459999999,170.049408
-43.2541729999999,170.111359
-43.1077799999999,170.2883
-43.052498,170.41803
-43.010559,170.523041
-43.008057,170.531921
-42.990555,170.583038
-42.95874,170.674347
-42.945831,170.704407
-42.924721,170.750549
-42.910553,170.781097
-42.90139,170.794128
-42.648056,171.065796
-42.608055,171.108307
-42.563614,171.149719
-42.55722,171.153595
-42.476662,171.196075
-42.4336089999999,171.2258
-42.40889,171.230255
-42.3941649999999,171.235779
-42.375,171.247467
-42.366112,171.260254
-42.355003,171.270538
-42.31028,171.29776
-42.296669,171.304413
-42.281944,171.309692
-42.249725,171.31665
-42.224716,171.321075
-42.2072219999999,171.322754
-42.18972,171.324402
-42.172226,171.326355
-42.15583,171.329132
-42.110832,171.343842
-42.06778,171.361084
-41.859726,171.461639
-41.76445,171.510803
-41.7663959999999,171.533051
-41.766663,171.557739
-41.766113,171.569122
-41.761391,171.650818
-41.757782,171.663025
-41.7469479999999,171.685791
-41.696388,171.790527
-41.652779,171.855225
-41.6299969999999,171.886658
-41.5502779999999,171.9422
-41.443054,172.022766
-41.417503,172.053864
-41.40361,172.064972
-41.277779,172.122192
-41.236115,172.111633
-41.153053,172.105225
-40.9113849999999,172.106079
-40.8930589999999,172.106354
-40.885559,172.108856
-40.8799969999999,172.113861
-40.813332,172.186646
-40.785835,172.218567
-40.781109,172.224701
-40.776947,172.255249
-40.77417,172.263885
-40.770554,172.271362
-40.755005,172.299408
-40.727493,172.348297
-40.698334,172.382721
-40.657776,172.42691
-40.613892,172.478302
-40.5984419999999,172.513321
-40.596783,172.517639
-40.597946,172.523483
-40.6029429999999,172.522644
-40.607277,172.521133
-40.625,172.520813
-40.631386,172.51944
-40.6325,172.525543
-40.6316679999999,172.534149
-40.617775,172.571899
-40.601395,172.596344
-40.573891,172.628021
-40.567223,172.631622
-40.559998,172.631622
-40.556946,172.608582
-40.558891,172.601349
-40.553333,172.597015
-40.558838,172.589691
-40.5600049999999,172.583862
-40.5566709999999,172.581024
-40.551666,172.581848
-40.541172,172.589844
-40.511948,172.627167
-40.509171,172.633331
-40.502785,172.661377
-40.495552,172.712189
-40.504173,172.817749
-40.507782,172.861359
---
-37.876663,176.985229
-37.875832,176.981628
-37.8761059999999,176.97467
-37.8752749999999,176.973297
-37.870834,176.967194
-37.863617,176.964691
-37.8522259999999,176.973297
-37.848053,176.97995
-37.864723,177.005554
-37.8705519999999,177.001373
---
-37.650551,176.429413
-37.645004,176.429138
-37.638336,176.43219
-37.633614,176.435516
-37.6308289999999,176.434143
-37.608612,176.440247
-37.6047209999999,176.44693
-37.609169,176.453033
-37.615555,176.456909
-37.622772,176.459412
-37.6283339999999,176.457458
-37.641388,176.45108
-37.646111,176.445526
-37.650276,176.438568
---
-36.833885,175.164703
-36.833611,175.088867
-36.805557,175.009705
-36.799995,175.004974
-36.7927779999999,175.002472
-36.772224,175.012207
-36.765839,175.015533
-36.729439,175.184692
-36.727493,175.193848
-36.7519449999999,175.211914
-36.761116,175.212189
-36.81778,175.187469
-36.824448,175.184143
-36.829178,175.169434
-36.833885,175.166077
---
-36.630829,175.818024
-36.629723,175.807739
-36.627495,175.796356
-36.621109,175.79303
-36.613617,175.795532
-36.610992,175.797882
-36.594719,175.773315
-36.588333,175.769989
-36.580833,175.770264
-36.574173,175.795807
-36.5761109999999,175.80246
-36.612778,175.836914
-36.618332,175.841339
-36.624718,175.842468
-36.630829,175.827179
---
-36.4599989999999,174.852173
-36.457504,174.844116
-36.4508359999999,174.847473
-36.441704,174.855194
-36.4019389999999,174.851898
-36.394722,174.854126
-36.389999,174.85968
-36.388893,174.869965
-36.391388,174.878021
-36.395004,174.884979
-36.399445,174.890808
-36.404999,174.895538
-36.41861,174.901642
-36.426109,174.904144
-36.434166,174.905548
-36.442497,174.906921
-36.4516679999999,174.907196
-36.455559,174.893585
-36.457779,174.88443
-36.459724,174.863861
---
-36.228333,175.131622
-36.2322159999999,175.124969
-36.231667,175.114685
-36.22641,175.1008
-36.2272189999999,175.097473
-36.2255549999999,175.088287
-36.221939,175.08136
-36.20639,175.079681
-36.200836,175.079681
-36.1811139999999,175.100525
-36.176392,175.106079
-36.170555,175.121887
-36.1741709999999,175.128845
-36.1994399999999,175.154694
-36.208611,175.154968
-36.213333,175.149414
---
-36.353333,175.540253
-36.348312,175.523041
-36.348335,175.517212
-36.3458329999999,175.509155
-36.322777,175.467194
-36.318336,175.461365
-36.229439,175.358856
-36.096664,175.359131
-36.088333,175.359955
-36.081947,175.363007
-36.075562,175.366364
-36.070557,175.371887
-36.0677799999999,175.379669
-36.0658339999999,175.388885
-36.066109,175.410522
-36.070557,175.416382
-36.1786119999999,175.529419
-36.315002,175.560516
-36.322502,175.558594
-36.347778,175.544708
---
-34.517776,173.043304
-34.522224,173.039978
-34.525833,173.033325
-34.527779,173.024414
-34.52861,173.016663
-34.526947,173.007477
-34.4983369999999,172.997467
-34.472771,172.984131
-34.465279,172.961914
-34.4688869999999,172.955231
-34.544167,172.908325
-34.549728,172.91275
-34.558891,172.923859
-34.567223,172.936096
-34.581116,172.973022
-34.6655499999999,173.053314
-34.680283,173.057739
-34.791389,173.110504
-34.810555,173.120789
-34.822502,173.128571
-34.828056,173.133026
-34.832504,173.13858
-34.839996,173.151917
-34.871941,173.213593
-34.884727,173.242737
-34.940834,173.273315
-34.946388,173.26886
-34.959167,173.262207
-34.96666,173.259979
-34.9747159999999,173.258881
-34.983055,173.259979
-35.01445,173.264709
-35.019722,173.269135
-35.01889,173.317474
-35.009445,173.328583
-34.98111,173.358856
-34.975555,173.363007
-34.9688869999999,173.366364
-34.936775,173.37326
-34.9274439999999,173.371246
-34.863335,173.400818
-34.82,173.426086
-34.8077769999999,173.450806
-34.864723,173.500275
-34.871109,173.499115
-34.874718,173.492462
-34.887779,173.452454
-34.889725,173.443298
-34.890556,173.433319
-34.888893,173.413025
-34.8925019999999,173.405243
-34.897224,173.399719
-34.906387,173.399719
-34.913887,173.402191
-34.931778,173.411591
-34.945831,173.419128
-34.957779,173.42691
-34.9633329999999,173.431641
-34.973328,173.44165
-34.981667,173.454132
-34.988892,173.467468
-34.9916689999999,173.475525
-34.995277,173.493286
-34.988609,173.541656
-34.9588929999999,173.561646
-34.950836,173.562469
-34.9361109999999,173.566925
-34.931389,173.572479
-34.9277799999999,173.579132
-34.9286119999999,173.589417
-35.004173,173.839142
-35.1211089999999,174.101074
-35.161667,174.098297
-35.1580509999999,174.091644
-35.1555559999999,174.056641
-35.164162,174.021912
-35.207504,174.008026
-35.215004,174.008026
-35.221382,174.011383
-35.224998,174.018311
-35.225273,174.093842
-35.228882,174.100525
-35.328613,174.143585
-35.323334,174.208008
-35.3222269999999,174.218018
-35.27861,174.247742
-35.232773,174.319977
-35.337776,174.383881
-35.445274,174.461639
-35.485275,174.491913
-35.6019439999999,174.575806
-35.610001,174.577179
-35.618088,174.577148
-35.6480559999999,174.569977
-35.6516649999999,174.563293
-35.649445,174.530273
-35.648613,174.520264
-35.6450039999999,174.513306
-35.6425019999999,174.505249
-35.641945,174.479126
-35.6463929999999,174.473572
-35.654716,174.474976
-35.724167,174.518311
-35.729439,174.523041
-35.750282,174.554138
-35.753059,174.56192
-35.764725,174.583862
-35.844444,174.602448
-35.849167,174.596924
-35.851944,174.589142
-35.852226,174.577759
-35.847778,174.560791
-35.84333,174.554962
-35.81945,174.538574
-35.796669,174.523315
-35.7902829999999,174.519714
-35.769447,174.491058
-35.723328,174.361908
-35.72361,174.357452
-35.734726,174.348572
-35.8330609999999,174.346924
-35.839439,174.350525
-35.845001,174.355225
-35.849442,174.360779
-35.851112,174.381348
-35.8447189999999,174.384705
-35.8288879999999,174.385529
-35.8241729999999,174.391083
-35.821388,174.398865
-35.822777,174.437469
-35.8241729999999,174.476074
-35.824722,174.486359
-35.8447189999999,174.519714
-35.849167,174.525543
-35.85556,174.524414
-35.862221,174.521362
-35.889999,174.501373
-35.895554,174.496918
-35.915001,174.487183
-35.9886089999999,174.495514
-35.994164,174.498016
-36.008614,174.51416
-36.0372239999999,174.569427
-36.038895,174.578583
-36.038895,174.587738
-36.036667,174.596619
-36.037506,174.606903
-36.042229,174.612732
-36.053055,174.622192
-36.0658339999999,174.62912
-36.075005,174.629395
-36.100861,174.616364
-36.124718,174.634979
-36.2055589999999,174.708862
-36.266945,174.781097
-36.3391649999999,174.812744
-36.34639,174.768311
-36.5258329999999,174.710785
-36.5333329999999,174.708588
-36.5416719999999,174.707733
-36.595833,174.714691
-36.6030579999999,174.717194
-36.730278,174.774414
-36.8052749999999,174.808319
-36.847778,174.854401
-36.878334,174.896637
-36.8719409999999,175.011658
-36.8736109999999,175.020813
-36.88028,175.055542
-36.890839,175.07663
-36.895279,175.082458
-36.900833,175.087463
-36.92556,175.091644
-36.955559,175.161652
-36.937775,175.221069
-36.939438,175.230255
-36.965279,175.27832
-36.995003,175.310516
-37.005836,175.319977
-37.012222,175.323853
-37.026947,175.328857
-37.035278,175.330261
-37.0444489999999,175.330536
-37.06472,175.321899
-37.095276,175.319427
-37.1441649999999,175.317749
-37.1524959999999,175.319122
-37.168892,175.328857
-37.21666,175.373291
-37.2258299999999,175.385254
-37.2280499999999,175.404968
-37.2444459999999,175.579132
-37.1694489999999,175.589142
-37.0247189999999,175.551636
-37.0091709999999,175.547485
-36.994446,175.54248
-36.980827,175.536102
-36.96167,175.524994
-36.927223,175.498566
-36.92028,175.484406
-36.917778,175.476349
-36.9088899999999,175.464417
-36.8669429999999,175.435242
-36.809998,175.466919
-36.776108,175.50943
-36.679726,175.486359
-36.6213839999999,175.463593
-36.570557,175.378296
-36.5616679999999,175.366364
-36.556389,175.361633
-36.5416719999999,175.356628
-36.5250019999999,175.353851
-36.489998,175.352448
-36.481941,175.353577
-36.47805,175.360229
-36.5147249999999,175.538025
-36.519997,175.542755
-36.622772,175.60495
-36.7105559999999,175.631073
-36.713615,175.763611
-36.754173,175.84079
-36.805832,175.733582
-36.8441619999999,175.70163
-36.869995,175.707458
-36.8752749999999,175.709961
-36.8808289999999,175.714691
-36.8852769999999,175.72052
-36.891388,175.735779
-36.8938899999999,175.743835
-36.8761059999999,175.758331
-36.8694459999999,175.761383
-36.86306,175.757751
-36.8577799999999,175.753052
-36.851395,175.749115
-36.843056,175.75
-36.835556,175.752197
-36.8300019999999,175.756378
-36.8280559999999,175.765533
-36.8241729999999,175.808014
-36.8258359999999,175.8172
-36.8308329999999,175.833588
-36.839722,175.84552
-36.846107,175.849121
-36.914444,175.878571
-36.921669,175.881073
-37.067505,175.918304
-37.075836,175.91748
-37.0830609999999,175.915253
-37.1150049999999,175.898315
-37.168892,175.884155
-37.176949,175.883331
-37.244164,175.887207
-37.249725,175.892212
-37.251671,175.921082
-37.2561109999999,175.927185
-37.262505,175.930817
-37.278885,175.936371
-37.2997169999999,175.940094
-37.41806,175.974396
-37.453056,175.976074
-37.483109,176.026932
-37.487282,176.035583
-37.502502,176.059418
-37.525558,176.088287
-37.531113,176.093292
-37.613892,176.165527
-37.620277,176.169434
-37.6258319999999,176.167206
-37.6241679999999,176.160248
-37.602501,176.082458
-37.5963899999999,176.066925
-37.591942,176.061096
-37.5855559999999,176.05719
-37.580833,176.062744
-37.577782,176.070801
-37.580002,176.088287
-37.576111,176.095245
-37.570839,176.09024
-37.546669,176.062469
-37.528221,176.023087
-37.526058,176.018768
-37.524555,176.013931
-37.524223,176.007599
-37.521111,175.955536
-37.523056,175.94635
-37.527779,175.940796
-37.558891,175.953583
-37.638893,175.994415
-37.655273,176.071899
-37.6752779999999,176.144989
-37.709442,176.242188
-37.676392,176.267487
-37.756668,176.488281
-37.769447,176.521637
-37.773888,176.527771
-37.784447,176.537476
-37.793335,176.549713
-37.8555599999999,176.656647
-37.862503,176.671082
-37.868332,176.686646
-37.892776,176.759155
-37.900276,176.784149
-37.903328,176.80304
-37.904442,176.819702
-37.907501,176.838287
-37.926109,176.917755
-37.9325029999999,176.943848
-37.967216,177.082733
-37.9872209999999,177.107468
-38.0133359999999,177.159424
-37.982498,177.415253
-37.962502,177.473572
-37.919167,177.545807
-37.915001,177.55246
-37.9022219999999,177.571625
-37.878052,177.599121
-37.872498,177.603577
-37.805,177.646942
-37.682503,177.732178
-37.678337,177.738861
-37.6752779999999,177.746918
-37.6669459999999,177.791931
-37.657219,177.849396
-37.656662,177.858856
-37.654442,177.868011
-37.65139,177.875793
-37.5922239999999,178
-37.588333,178.006653
-37.583328,178.012207
-37.550831,178.018005
-37.542778,178.055817
-37.542229,178.064972
-37.5469509999999,178.187744
-37.560829,178.281921
-37.5680619999999,178.306915
-37.573334,178.31192
-37.578888,178.312469
-37.583611,178.306915
-37.602501,178.321075
-37.618332,178.336365
-37.626945,178.349701
-37.6308289999999,178.367737
-37.645279,178.448029
-37.646667,178.457458
-37.6469499999999,178.468018
-37.6441649999999,178.488861
-37.646667,178.497192
-37.6499939999999,178.504425
-37.6875,178.550537
-37.692497,178.555542
-37.698883,178.559692
-37.7133329999999,178.565521
-37.7199939999999,178.562469
-37.826393,178.483307
-37.860001,178.455231
-37.865005,178.449982
-37.876945,178.429688
-37.887779,178.419983
-38.004723,178.350525
-38.011116,178.347473
-38.019722,178.347198
-38.027779,178.348846
-38.032219,178.35495
-38.037506,178.360229
-38.0436169999999,178.364136
-38.072777,178.375793
-38.089996,178.378296
-38.09861,178.377747
-38.185555,178.353851
-38.248055,178.319977
-38.2555619999999,178.318024
-38.2638929999999,178.317474
-38.398613,178.320801
-38.528885,178.30246
-38.5363919999999,178.300537
-38.5419459999999,178.296356
-38.64917,178.158875
-38.71389,178.074982
-38.717773,178.068298
-38.721107,178.060242
-38.721382,178.050812
-38.717216,178.044434
-38.722221,177.928864
-38.7936169999999,177.941071
-38.918335,177.923859
-38.942802,177.917786
-38.9697189999999,177.909698
-39.047943,177.897705
-39.064777,177.89386
-39.064278,177.906708
-39.0891649999999,177.923035
-39.091942,177.9422
-39.098335,177.967743
-39.115005,177.991333
-39.1202769999999,177.996613
-39.127495,177.99939
-39.25695,177.909973
-39.2675019999999,177.898865
-39.2861179999999,177.874969
-39.2902829999999,177.868011
-39.285835,177.861908
-39.2513959999999,177.844971
-39.236946,177.839417
-39.193054,177.824127
-39.183884,177.823578
-39.177223,177.82663
-39.152779,177.841644
-39.1144449999999,177.822021
-39.110115,177.823196
-39.10511,177.823517
-39.101276,177.821198
-39.099274,177.816696
-39.075279,177.680267
-39.071114,177.628845
-39.064163,177.426086
-39.077782,177.387756
-39.128334,177.246918
-39.143616,177.206085
-39.165001,177.149139
-39.204445,177.054962
-39.349998,176.935791
-39.35556,176.931366
-39.398056,176.90387
-39.412216,176.898865
-39.4380489999999,176.897766
-39.446388,176.899414
-39.664444,176.946625
-39.6549989999999,177.010803
-39.660828,177.107178
-39.6622159999999,177.116913
-39.66861,177.120789
-39.676109,177.11911
-39.6825029999999,177.115784
-39.729996,177.082733
-39.7413859999999,177.073578
-39.746109,177.068024
-39.749168,177.059692
-39.751396,177.050262
-39.7575069999999,177.033875
-39.7625049999999,177.028046
-39.768059,177.02359
-39.7747189999999,177.020264
-40.034729,176.894714
-40.049728,176.890533
-40.058052,176.889984
-40.082779,176.894989
-40.090279,176.893036
-40.1213839999999,176.874115
-40.181671,176.834137
-40.21666,176.808319
-40.2263869999999,176.796936
-40.321388,176.687195
-40.3799969999999,176.644135
-40.421944,176.628296
-40.495003,176.539978
-40.5138929999999,176.521362
-40.535004,176.500824
-40.6002809999999,176.441925
-40.64389,176.405243
-40.675003,176.386108
-40.6886059999999,176.355225
-40.6936109999999,176.349396
-40.793892,176.288574
-40.9088899999999,176.239136
-40.9316709999999,176.220795
-40.9416659999999,176.195526
-40.952225,176.17276
-40.9599989999999,176.1586
-40.964722,176.152771
-40.975273,176.142212
-40.987503,176.134155
-41.013618,176.120789
-41.035278,176.113007
-41.087219,176.098297
-41.116112,176.087463
-41.1291659999999,176.080811
-41.151939,176.062195
-41.2313839999999,175.98468
-41.2552799999999,175.955231
-41.347221,175.819122
-41.3922269999999,175.743561
-41.396111,175.736359
-41.485001,175.557739
-41.541389,175.471069
-41.5644449999999,175.42746
-41.614449,175.323029
-41.616394,175.313293
-41.6208339999999,175.230804
-41.618332,175.222198
-41.612778,175.216919
-41.535835,175.184692
-41.519447,175.181915
-41.5008389999999,175.181091
-41.461113,175.188568
-41.446106,175.193024
-41.437775,175.193848
-41.430557,175.191071
-41.4250029999999,175.186096
-41.3855589999999,175.080261
-41.38028,175.063019
-41.3786089999999,175.05304
-41.3786089999999,175.045532
-41.381668,175.027191
-41.393333,174.993286
-41.3972239999999,174.985779
-41.40583,174.972748
-41.415276,174.96051
-41.42556,174.949982
-41.431114,174.944977
-41.437775,174.94165
-41.4433289999999,174.93692
-41.448051,174.918579
-41.4483339999999,174.9086
-41.429443,174.872467
-41.4250029999999,174.866058
-41.419724,174.861084
-41.3474959999999,174.861633
-41.340279,174.863861
-41.327225,174.870789
-41.3150019999999,174.87912
-41.309441,174.883881
-41.290001,174.89444
-41.282501,174.897766
-41.275002,174.899994
-41.258339,174.901917
-41.251114,174.901917
-41.234444,174.898865
-41.2280499999999,174.894989
-41.224442,174.887482
-41.2188869999999,174.827179
-41.221939,174.818848
-41.2444459999999,174.787476
-41.255836,174.778046
-41.262222,174.774414
-41.278053,174.771088
-41.281387,174.778595
-41.286949,174.796082
-41.2847289999999,174.818024
-41.289169,174.824127
-41.2947239999999,174.829407
-41.301109,174.833313
-41.309441,174.832184
-41.316666,174.829956
-41.3233339999999,174.826355
-41.3288879999999,174.821625
-41.333611,174.815796
-41.336388,174.80719
-41.3474959999999,174.74469
-41.344444,174.700531
-41.3383329999999,174.671906
-41.333061,174.654694
-41.328613,174.648315
-41.3150019999999,174.629669
-41.27861,174.591919
-41.271385,174.591644
-41.263893,174.594116
-41.250839,174.601074
-41.237778,174.608307
-41.2322159999999,174.613007
-41.23111,174.61911
-41.233887,174.627747
-41.235558,174.637482
-41.234444,174.64859
-41.229721,174.666931
-41.221939,174.681366
-41.213615,174.694702
-41.19944,174.712738
-41.1947169999999,174.718567
-41.100281,174.800812
-41.0416719999999,174.844421
-41.0180589999999,174.87439
-41.0150069999999,174.882721
-41.0130619999999,174.892487
-41.010284,174.901093
-41.0063929999999,174.908325
-40.987503,174.93219
-40.976387,174.94165
-40.969719,174.945251
-40.962219,174.947479
-40.84861,175.014984
-40.7558359999999,175.098572
-40.738892,175.112732
-40.726944,175.120789
-40.713615,175.127747
-40.631943,175.164154
-40.616943,175.169708
-40.609726,175.171906
-40.53083,175.187469
-40.3297269999999,175.238007
-40.2808299999999,175.231354
-40.181671,175.20163
-40.166946,175.19635
-40.1341709999999,175.178314
-40.095833,175.155548
-40.003059,175.071625
-39.9877779999999,175.055542
-39.9580539999999,175.022217
-39.93,174.986359
-39.920837,174.974121
-39.912773,174.960785
-39.902222,174.938873
-39.895836,174.923035
-39.8650049999999,174.836639
-39.8625029999999,174.828308
-39.8547209999999,174.790802
-39.853058,174.781097
-39.865555,174.751373
-39.866661,174.740509
-39.8658369999999,174.729675
-39.82917,174.57608
-39.824722,174.558014
-39.8222269999999,174.549408
-39.818611,174.542206
-39.805,174.523865
-39.7269439999999,174.421356
-39.716942,174.410522
-39.678612,174.376068
-39.639999,174.353577
-39.634445,174.348846
-39.625557,174.336639
-39.613892,174.316071
-39.6102829999999,174.308868
-39.579727,174.217194
-39.577225,174.208862
-39.55278,174.040802
-39.551392,173.997742
-39.5505519999999,173.986908
-39.54528,173.970245
-39.541672,173.963013
-39.48333,173.871063
-39.4705509999999,173.851898
-39.4613879999999,173.839966
-39.4375,173.810791
-39.4219439999999,173.795258
-39.409996,173.786652
-39.390839,173.775818
-39.376945,173.769714
-39.3547209999999,173.762207
-39.305,173.754425
-39.288612,173.751923
-39.269997,173.751648
-39.191383,173.781921
-39.184998,173.785248
-39.169167,173.800537
-39.145836,173.829956
-39.138336,173.844421
-39.128883,173.868011
-39.120552,173.892761
-39.0733339999999,174.011108
-39.024445,174.114685
-38.988609,174.187744
-38.9772189999999,174.209137
-38.972496,174.226624
-38.9705509999999,174.248016
-38.970276,174.259979
-38.969994,174.281372
-38.969994,174.29303
-38.972496,174.313293
-38.979439,174.351349
-38.9791639999999,174.375244
-38.9772189999999,174.384705
-38.974442,174.392761
-38.9402769999999,174.45636
-38.871941,174.546082
-38.8605579999999,174.557739
-38.850281,174.568024
-38.828888,174.587738
-38.8158339999999,174.594421
-38.786118,174.603302
-38.7630619999999,174.608582
-38.67778,174.625519
-38.590836,174.642487
-38.379166,174.681091
-38.185829,174.724396
-38.157219,174.838562
-38.156944,174.848022
-38.154167,174.856354
-38.116112,174.926636
-38.111389,174.932465
-38.101112,174.940247
-38.0750049999999,174.89859
-38.064163,174.877167
-37.9763869999999,174.892487
-37.969994,174.893585
-37.9436109999999,174.868286
-37.939995,174.861084
-37.944717,174.855225
-37.9636149999999,174.834686
-37.969162,174.830261
-37.976662,174.828033
-37.9950029999999,174.828583
-37.999725,174.822754
-38.0025019999999,174.814697
-38.001945,174.804138
-37.9983369999999,174.797211
-37.993614,174.791077
-37.988335,174.786377
-37.980827,174.783875
-37.971664,174.7836
-37.868332,174.788025
-37.860001,174.788879
-37.8527829999999,174.791077
-37.8469469999999,174.795532
-37.82917,174.819702
-37.825279,174.82663
-37.818611,174.841339
-37.806107,174.872742
-37.805,174.883331
-37.8075029999999,174.903046
-37.810555,174.945251
-37.809166,174.967468
-37.806389,174.975525
-37.75,174.974976
-37.740837,174.97467
-37.739998,174.966644
-37.743057,174.951355
-37.745003,174.944427
-37.752502,174.930817
-37.77417,174.906921
-37.7830579999999,174.870789
-37.785004,174.861633
-37.769722,174.848297
-37.7108309999999,174.828308
-37.527779,174.76416
-37.487503,174.744415
-37.44722,174.724976
-37.4250029999999,174.717468
-37.408607,174.714691
-37.399445,174.714691
-37.393616,174.719116
-37.389999,174.7258
-37.385834,174.744415
-37.38028,174.760529
-37.376389,174.767487
-37.371666,174.773041
-37.3080519999999,174.831635
-37.296951,174.84079
-37.2913889999999,174.840515
-37.2905579999999,174.829956
-37.291672,174.821899
-37.293617,174.812744
-37.296394,174.804688
-37.300278,174.79776
-37.321114,174.766083
-37.330559,174.7547
-37.336945,174.751373
-37.359169,174.744965
-37.364723,174.740509
-37.3686069999999,174.733582
-37.368889,174.724121
-37.3652799999999,174.717194
-37.3605579999999,174.711365
-37.349724,174.70163
-37.336945,174.694427
-37.2733119999999,174.660187
-37.236389,174.645813
-37.224442,174.639709
-37.153885,174.599976
-37.115555,174.578308
-37.103615,174.569977
-37.087502,174.555542
-37.080833,174.55191
-37.073616,174.549713
-37.067223,174.55304
-37.0624999999999,174.558594
-37.061386,174.568848
-37.0611109999999,174.644135
-37.065552,174.661377
-37.071945,174.664978
-37.0802839999999,174.666382
-37.085831,174.661926
-37.095276,174.650543
-37.100838,174.646088
-37.1080549999999,174.64859
-37.197777,174.703857
-37.1961059999999,174.733856
-37.154167,174.716644
-37.150276,174.723572
-37.0888899999999,174.87912
-37.0591659999999,174.887482
-37.0230559999999,174.795532
-36.972221,174.804413
-36.9608309999999,174.824982
-36.955002,174.829407
-36.948608,174.832733
-36.943054,174.828033
-36.941383,174.818848
-36.936661,174.770264
-36.93972,174.696625
-36.9408339999999,174.686096
-36.9474949999999,174.659698
-36.951393,174.653046
-36.9608309999999,174.641663
-36.982216,174.622467
-36.988892,174.61911
-36.9961089999999,174.617188
-37.0222239999999,174.600525
-37.045555,174.524689
-37.045555,174.515533
-37.041946,174.508606
-37.037506,174.502472
-37.031944,174.498016
-37.019165,174.490784
-37.0055619999999,174.48468
-36.944031,174.459229
-36.923889,174.451904
-36.909164,174.44693
-36.893616,174.443024
-36.868607,174.439148
-36.852226,174.436646
-36.835556,174.433868
-36.812775,174.427765
-36.7980579999999,174.42276
-36.784172,174.416656
-36.771385,174.409698
-36.765007,174.406097
-36.74028,174.390533
-36.679337,174.344299
-36.62722,174.301086
-36.612778,174.284973
-36.599167,174.267487
-36.568062,174.236908
-36.535278,174.208862
-36.496948,174.187744
-36.467499,174.17804
-36.458336,174.177765
-36.4499969999999,174.178864
-36.442497,174.181091
-36.436111,174.184418
-36.431389,174.189972
-36.42778,174.19693
-36.428612,174.204956
-36.4408339999999,174.243835
-36.443611,174.251923
-36.448051,174.257751
-36.515839,174.300262
-36.6019439999999,174.348846
-36.629166,174.36792
-36.6324999999999,174.370728
-36.667221,174.422485
-36.66806,174.430542
-36.651108,174.453033
-36.644722,174.45636
-36.582779,174.465515
-36.5322189999999,174.465515
-36.4147189999999,174.442474
-36.3661119999999,174.422211
-36.3708339999999,174.418854
-36.395004,174.391937
-36.398888,174.384979
-36.401665,174.377167
-36.395279,174.303864
-36.39167,174.296936
-36.3825,174.285248
-36.370552,174.276917
-36.35778,174.269989
-36.349442,174.268585
-36.342224,174.268585
-36.316948,174.292206
-36.314163,174.299988
-36.316948,174.308014
-36.330284,174.325531
-36.3322219999999,174.334686
-36.331673,174.368835
-36.330833,174.376892
-36.310612,174.421249
-36.26722,174.506927
-36.258057,174.518311
-36.251396,174.521637
-36.2458339999999,174.519135
-36.2313839999999,174.505249
-36.263062,174.4133
-36.286667,174.378296
-36.294167,174.364685
-36.2980579999999,174.346619
-36.298889,174.336365
-36.287506,174.305237
-36.2600019999999,174.365234
-36.169724,174.4422
-36.144447,174.396088
-36.151939,174.396362
-36.1591639999999,174.394135
-36.20639,174.373291
-36.2130579999999,174.369965
-36.2222209999999,174.358856
-36.2297209999999,174.345245
-36.232773,174.337463
-36.229164,174.332733
-36.1769489999999,174.307739
-36.121109,174.282745
-36.118332,174.274994
-36.111389,174.23941
-36.112503,174.229126
-36.131111,174.195251
-36.1441649999999,174.188568
-36.171944,174.185791
-36.176392,174.191345
-36.18,174.198303
-36.182503,174.217743
-36.182503,174.226898
-36.180557,174.236084
-36.18306,174.24411
-36.210281,174.28775
-36.236664,174.312469
-36.243889,174.314697
-36.270279,174.267212
-36.273056,174.25943
-36.2724989999999,174.251373
-36.168335,174.065796
-36.121109,173.999115
-36.115837,173.994415
-36.1094439999999,173.991058
-35.981941,173.931091
-35.934998,173.938568
-35.923889,173.947479
-35.91555,173.948578
-35.908051,173.946075
-35.86972,173.913879
-35.874443,173.908325
-35.8799969999999,173.90387
-35.888336,173.904968
-36.003059,173.921356
-36.1213839999999,173.980804
-36.1341709999999,173.987732
-36.1397249999999,173.992462
-36.263618,174.12439
-36.276947,174.176086
-36.282501,174.180542
-36.3438869999999,174.198853
-36.352226,174.199982
-36.368607,174.198029
-36.3752749999999,174.194702
-36.379723,174.189148
-36.40361,174.115234
-36.411385,174.089966
-36.409439,174.080811
-36.400276,174.069427
-36.39389,174.065796
-36.374718,174.057465
-36.353615,174.049133
-36.3388899999999,174.044434
-36.323334,174.039703
-36.2930599999999,174.031097
-36.273888,174.020538
-36.032501,173.82608
-35.933609,173.737457
-35.923615,173.727173
-35.778053,173.590515
-35.573891,173.398865
-35.5675049999999,173.395538
-35.553612,173.398865
-35.440277,173.446625
-35.429169,173.46579
-35.4197239999999,173.501923
-35.4252779999999,173.506378
-35.430832,173.540253
-35.356667,173.629944
-35.322502,173.655548
-35.313332,173.655548
-35.2780529999999,173.564148
-35.2808299999999,173.556091
-35.286392,173.551636
-35.3027799999999,173.549713
-35.321114,173.549713
-35.328613,173.55191
-35.344162,173.566925
-35.3616709999999,173.568024
-35.36972,173.566925
-35.372772,173.559143
-35.376106,173.439697
-35.384445,173.416077
-35.388893,173.410248
-35.4230579999999,173.391357
-35.449722,173.394989
-35.4580539999999,173.396088
-35.482773,173.392761
-35.523331,173.386383
-35.528053,173.380524
-35.52417,173.37384
-35.449165,173.306915
-35.370277,173.237732
-35.2766649999999,173.154144
-35.226105,173.103302
-35.216942,173.091919
-35.211388,173.087463
-35.1874999999999,173.091919
-35.183609,173.098846
-35.185555,173.11911
-35.1874999999999,173.128021
-35.191109,173.134705
-35.19194,173.144989
-35.189163,173.152771
-35.1791689999999,173.163879
-35.173615,173.168579
-35.156105,173.180817
-35.143333,173.187469
-35.128334,173.191925
-35.1044459999999,173.19635
-35.09639,173.197479
-35.0788879999999,173.198578
-35.051109,173.198578
-35.027222,173.193848
-35.012779,173.189423
-34.993332,173.179413
-34.986946,173.175812
-34.958336,173.159149
-34.946663,173.151093
-34.93,173.137756
-34.716942,172.947205
-34.584442,172.828033
-34.5688929999999,172.812469
-34.495277,172.722473
-34.435555,172.739136
-34.414719,172.900818
-34.414719,172.911926
-34.422226,173.020813
-34.4369429999999,173.038879
---
-34.176392,172.149414
-34.17617,172.146088
-34.16555,172.135803
-34.1588899999999,172.133026
-34.153328,172.133331
-34.150551,172.146942
-34.147781,172.181641
-34.152496,172.18692
-34.157776,172.181915
-34.173889,172.157196
---
-30.587784,-178.607788
-30.587532,-178.610168
-30.587223,-178.613068
-30.578342,-178.612518
-30.574448,-178.612518
-30.574722,-178.60498
-30.581116,-178.605286
---
-29.290836,-177.901123
-29.285007,-177.911682
-29.285835,-177.915283
-29.2847249999999,-177.923615
-29.2805599999999,-177.927246
-29.23278,-177.954712
-29.226112,-177.952484
-29.223614,-177.944489
-29.223057,-177.936157
-29.223888,-177.927826
-29.2394449999999,-177.875824
-29.242496,-177.869141
-29.246387,-177.863312
-29.252502,-177.859467
-29.2786139999999,-177.84613
---
