11.868332,-83.7150119999999
11.871387,-83.722778
11.874443,-83.726395
11.8766650000001,-83.727509
11.9033320000001,-83.7319489999999
11.9277760000001,-83.732224
11.956944,-83.7319489999999
11.972221,-83.726395
11.9833320000001,-83.720001
11.986944,-83.716675
11.988054,-83.714447
11.988054,-83.711395
11.985285,-83.707245
11.9763870000001,-83.710556
11.971109,-83.712234
11.959999,-83.714737
11.928055,-83.72084
11.9133320000001,-83.723068
11.900555,-83.722229
11.894999,-83.72084
11.8874990000001,-83.718063
11.878611,-83.713058
11.8733330000001,-83.7111209999999
11.870277,-83.7108459999999
11.868332,-83.712509
---
12.1438880000001,-83.053894
12.144165,-83.0572359999999
12.1461110000001,-83.058624
12.148611,-83.059174
12.177776,-83.058624
12.1836109999999,-83.05751
12.1849990000001,-83.055557
12.188889,-83.038071
12.1880550000001,-83.0316769999999
12.185555,-83.0236209999999
12.1841660000001,-83.021393
12.1788880000001,-83.01973
12.174721,-83.022232
12.1455549999999,-83.048889
---
12.2861100000001,-82.9669489999999
12.2869430000001,-82.9694519999999
12.2911109999999,-82.972504
12.293888,-82.9727779999999
12.296389,-82.974167
12.2974990000001,-82.976669
12.298054,-82.982788
12.299721,-82.984726
12.3047220000001,-82.9866789999999
12.3080540000001,-82.9866789999999
12.31111,-82.985001
12.313055,-82.983337
12.315554,-82.978897
12.315277,-82.975845
12.3124980000001,-82.97139
12.308332,-82.968903
12.3025000000001,-82.967789
12.2925000000001,-82.9638979999999
12.2894440000001,-82.963623
12.2869430000001,-82.964737
---
14.353054,-82.7569579999999
14.365,-82.779175
14.374998,-82.789734
14.4055540000001,-82.772507
14.4097210000001,-82.7694549999999
14.4130550000001,-82.762512
14.4188880000001,-82.7400049999999
14.4188880000001,-82.733612
14.4180550000001,-82.730835
14.4166660000001,-82.728897
14.412498,-82.7258449999999
14.377222,-82.7213899999999
14.3747220000001,-82.722778
14.3630539999999,-82.735291
14.3597219999999,-82.738892
14.353888,-82.750839
---
14.9813880000001,-83.233612
14.9813880000001,-83.222778
14.9872210000001,-83.15889
14.9929790000001,-83.131851
14.956665,-83.1966709999999
14.913332,-83.316956
14.9138870000001,-83.319733
14.913055,-83.3294529999999
14.9102760000001,-83.3377839999999
14.90111,-83.349457
14.882221,-83.368896
14.8416650000001,-83.401672
14.8183330000001,-83.4161219999999
14.8116660000001,-83.420013
14.80611,-83.421402
14.8016660000001,-83.4189
14.7486100000001,-83.375839
14.745277,-83.371948
14.732222,-83.353897
14.7300000000001,-83.3486179999999
14.729721,-83.335556
14.7316670000001,-83.330566
14.7374990000001,-83.3258359999999
14.7461110000001,-83.324173
14.6466660000001,-83.2780609999999
14.552221,-83.240845
14.450277,-83.208344
14.4419439999999,-83.2063899999999
14.387499,-83.194458
14.359165,-83.188614
14.347221,-83.186951
14.323889,-83.186951
14.3036100000001,-83.191116
14.2955550000001,-83.193619
14.257221,-83.211121
14.246111,-83.2175139999999
14.17861,-83.257782
14.056389,-83.3419489999999
14.0511089999999,-83.347504
14.024443,-83.376404
14.01111,-83.39473
14.0041660000001,-83.401947
13.971109,-83.4244539999999
13.9641670000001,-83.4277799999999
13.9216650000001,-83.4444579999999
13.8183329999999,-83.4727779999999
13.796944,-83.477783
13.726665,-83.493896
13.635555,-83.5133359999999
13.450554,-83.5511169999999
13.3977780000001,-83.55806
13.365555,-83.561951
13.3469430000001,-83.5641779999999
13.2761100000001,-83.565002
13.2391660000001,-83.564453
13.219444,-83.563339
13.1883320000001,-83.560287
13.167221,-83.5572359999999
13.04361,-83.5327909999999
12.910831,-83.503067
12.896111,-83.5008389999999
12.8763890000001,-83.501404
12.858332,-83.504456
12.8508320000001,-83.507233
12.848888,-83.508896
12.8372210000001,-83.51445
12.827221,-83.518341
12.812777,-83.521118
12.6530550000001,-83.539459
12.611387,-83.540009
12.592222,-83.538895
12.5649990000001,-83.535004
12.551943,-83.530838
12.526667,-83.521118
12.4980550000001,-83.504456
12.478888,-83.488892
12.4702760000001,-83.483612
12.4655550000001,-83.481674
12.4488890000001,-83.477234
12.432777,-83.476959
12.414999,-83.4800109999999
12.403889,-83.482788
12.3991660000001,-83.485001
12.390833,-83.49057
12.3880540000001,-83.4950099999999
12.386389,-83.5
12.386389,-83.503616
12.3899990000001,-83.571121
12.41111,-83.600281
12.472776,-83.630844
12.475277,-83.6319579999999
12.480555,-83.6336209999999
12.489721,-83.634445
12.5099980000001,-83.63501
12.549221,-83.630562
12.553055,-83.6302339999999
12.5562210000001,-83.629234
12.5572210000001,-83.628227
12.5572210000001,-83.626556
12.5532210000001,-83.624062
12.56361,-83.619446
12.562777,-83.605835
12.5616659999999,-83.5816799999999
12.5622220000001,-83.578613
12.564444,-83.5738979999999
12.57361,-83.565842
12.580832,-83.56279
12.589443,-83.560837
12.765833,-83.537231
12.7755550000001,-83.536957
12.7877770000001,-83.538895
12.7941670000001,-83.542511
12.80361,-83.554169
12.808054,-83.563614
12.8186090000001,-83.591675
12.8197210000001,-83.597778
12.819443,-83.604446
12.814999,-83.617783
12.8049980000001,-83.635559
12.7974990000001,-83.645569
12.7927759999999,-83.647507
12.7558330000001,-83.647232
12.7500000000001,-83.646957
12.7480550000001,-83.645569
12.746944,-83.6430659999999
12.744444,-83.63501
12.741388,-83.6202849999999
12.7386090000001,-83.616119
12.7322220000001,-83.612228
12.6886099999999,-83.594452
12.68222,-83.593903
12.62611,-83.591125
12.6233330000001,-83.591675
12.5533330000001,-83.695007
12.5522210000001,-83.6975099999999
12.48111,-83.73584
12.328333,-83.7063899999999
12.2783320000001,-83.6697239999999
12.234165,-83.6680599999999
12.0505540000001,-83.676956
12.0680540000001,-83.722504
12.044722,-83.739182
12.0138870000001,-83.749725
11.938332,-83.759445
11.935833,-83.760834
11.926666,-83.7688899999999
11.8986110000001,-83.796112
11.8930550000001,-83.804733
11.8897210000001,-83.8152919999999
11.8852769999999,-83.824722
11.8797210000001,-83.829727
11.8747220000001,-83.83168
11.8716659999999,-83.8319549999999
11.866943,-83.829727
11.832777,-83.801392
11.804443,-83.7775119999999
11.8008330000001,-83.77417
11.7977770000001,-83.750839
11.797222,-83.7444459999999
11.801388,-83.7380679999999
11.80361,-83.736954
11.806944,-83.737228
11.810555,-83.7405699999999
11.816944,-83.7444459999999
11.8222220000001,-83.746124
11.831944,-83.746124
11.860277,-83.733063
11.8619440000001,-83.731125
11.861666,-83.7252809999999
11.860554,-83.722778
11.85111,-83.704727
11.8463879999999,-83.698898
11.8397219999999,-83.695282
11.831388,-83.693069
11.7655540000001,-83.676392
11.7433320000001,-83.670837
11.6622220000001,-83.655014
11.620277,-83.648346
11.6141660000001,-83.647781
11.604721,-83.6488949999999
11.598331,-83.652512
11.5969430000001,-83.654724
11.5955540000001,-83.6602779999999
11.6011100000001,-83.676392
11.599722,-83.682236
11.560833,-83.751114
11.5547220000001,-83.759171
11.5511090000001,-83.762222
11.4208320000001,-83.841675
11.3925000000001,-83.857788
11.3636090000001,-83.866959
11.3372210000001,-83.8716739999999
11.3141650000001,-83.8713989999999
11.2161100000001,-83.855835
11.181389,-83.849457
11.167776,-83.845566
11.087776,-83.8150019999999
11.0733320000001,-83.808899
11.038887,-83.788071
10.9963870000001,-83.761124
10.97361,-83.742508
10.9430540000001,-83.717224
10.93611,-83.6711119999999
10.935423,-83.668365
10.933332,-83.660004
10.928888,-83.650558
10.9261089999999,-83.6461179999999
10.924847,-83.645798
10.8886110000001,-83.662231
10.8244439999999,-83.654724
10.8116659999999,-83.655289
10.8038880000001,-83.657791
10.799721,-83.6602779999999
10.7925000000001,-83.6672359999999
10.7888870000001,-83.6772309999999
10.7852760000001,-83.691116
10.7704790000001,-83.751709
10.7713600000001,-83.760849
10.7710650000001,-83.768097
10.7694440000001,-83.776672
10.746111,-83.827515
10.7225000000001,-83.8700099999999
10.708611,-83.915558
10.709028,-83.921417
10.7125000000001,-83.930008
10.7344439999999,-83.958618
10.7636110000001,-83.9950099999999
10.7694440000001,-83.999725
10.7780550000001,-84.040558
10.7669430000001,-84.080292
10.763332,-84.114731
10.764166,-84.117233
10.784105,-84.158051
10.7827680000001,-84.190643
10.784525,-84.195908
10.80361,-84.22168
10.8088870000001,-84.226959
10.81111,-84.228058
10.814722,-84.228058
10.8197210000001,-84.2261199999999
10.82472,-84.22084
10.8986110000001,-84.2733459999999
10.953888,-84.343063
11.078054,-84.6744539999999
10.9408320000001,-84.9027859999999
11.0099980000001,-85.0877839999999
11.027222,-85.133621
11.0394439999999,-85.161392
11.042427,-85.1647189999999
11.0427759999999,-85.168335
11.0469440000001,-85.1791689999999
11.0652559999999,-85.221573
11.084444,-85.266403
11.121111,-85.3541719999999
11.123333,-85.3650049999999
11.1263890000001,-85.420837
11.1661110000001,-85.526947
11.2097210000001,-85.564178
11.21361,-85.611389
11.21361,-85.614456
11.2105540000001,-85.616959
11.0760610000001,-85.692383
11.0841659999999,-85.7227779999999
11.0872210000001,-85.733612
11.090277,-85.741119
11.1052760000001,-85.7752839999999
11.112499,-85.7861179999999
11.1161099999999,-85.789459
11.1208320000001,-85.791397
11.1427760000001,-85.797226
11.1486110000001,-85.798065
11.1613879999999,-85.8027799999999
11.1863880000001,-85.819458
11.1938880000001,-85.8255619999999
11.294722,-85.915558
11.3049980000001,-85.926392
11.401943,-86.0483399999999
11.4658319999999,-86.141113
11.5188880000001,-86.175568
11.580832,-86.2652889999999
11.663887,-86.377228
11.677221,-86.3880619999999
11.6863880000001,-86.400009
11.759443,-86.496948
11.7643070000001,-86.5046389999999
11.7999990000001,-86.5191799999999
11.8452760000001,-86.550293
11.955832,-86.6272279999999
11.9683319999999,-86.638062
11.9738880000001,-86.643066
11.9908330000001,-86.660843
12,-86.6714019999999
12.006666,-86.676392
12.0530550000001,-86.7063899999999
12.086666,-86.7241669999999
12.1463870000001,-86.751114
12.175554,-86.763626
12.1905540000001,-86.7694549999999
12.199999,-86.7738949999999
12.204166,-86.776672
12.210278,-86.784454
12.2925000000001,-86.921112
12.3194430000001,-86.9669489999999
12.353054,-87.020844
12.398611,-87.082779
12.4438880000001,-87.139725
12.4573730000001,-87.1220859999999
12.464167,-87.1419529999999
12.500555,-87.196945
12.6277770000001,-87.353622
12.635277,-87.360001
12.732777,-87.441391
12.8408319999999,-87.597229
12.8702769999999,-87.640015
12.8977780000001,-87.678619
12.9077760000001,-87.690002
12.912222,-87.6925049999999
12.9183330000001,-87.693069
12.9263880000001,-87.691116
12.9749980000001,-87.6672359999999
12.9833320000001,-87.661957
12.988888,-87.6569519999999
13.047777,-87.590286
13.053333,-87.5813899999999
13.053333,-87.567505
13.0527760000001,-87.5614009999999
13.051388,-87.555557
13.0474990000001,-87.545563
13.037777,-87.531113
13.0238879999999,-87.513062
13.019165,-87.507507
12.983889,-87.473068
12.972221,-87.4672239999999
12.966944,-87.4655609999999
12.9605540000001,-87.465012
12.9513870000001,-87.466125
12.942778,-87.464172
12.940554,-87.4627839999999
12.935833,-87.4569549999999
12.915833,-87.41806
12.9094430000001,-87.396118
12.907499,-87.3880619999999
12.9061110000001,-87.371948
12.915277,-87.298889
12.918888,-87.291672
12.921389,-87.2908479999999
12.923611,-87.295288
12.924444,-87.301392
12.926943,-87.32695
12.976387,-87.310287
12.986599,-87.301392
12.9986100000001,-87.093063
13.000277,-87.063614
12.9936100000001,-87.051956
12.984722,-87.051956
12.980555,-87.049179
12.979721,-87.046112
12.981388,-87.040558
12.987221,-87.025284
12.9891660000001,-87.020279
13.0358309999999,-86.95668
13.037498,-86.954727
13.0827770000001,-86.924728
13.163332,-86.9133449999999
13.1950000000001,-86.91806
13.24111,-86.909454
13.2455540000001,-86.906403
13.253887,-86.897232
13.2833330000001,-86.860001
13.2966650000001,-86.827789
13.2991660000001,-86.816116
13.2988869999999,-86.813065
13.286388,-86.780014
13.281111,-86.771393
13.2608320000001,-86.7452849999999
13.2613890000001,-86.739731
13.2624990000001,-86.737228
13.265276,-86.733063
13.287222,-86.7025149999999
13.2969440000001,-86.695007
13.3055550000001,-86.693344
13.3538880000001,-86.696121
13.4341659999999,-86.7108459999999
13.465471,-86.727051
13.5677780000001,-86.750839
13.71069,-86.7642059999999
13.7516210000001,-86.763016
13.7563880000001,-86.754181
13.7697220000001,-86.725281
13.775,-86.712784
13.7763880000001,-86.7072299999999
13.7774980000001,-86.697784
13.779165,-86.566391
13.7641660000001,-86.470001
13.7494429999999,-86.404175
13.748888,-86.398056
13.757776,-86.3383479999999
13.760277,-86.3302919999999
13.7649990000001,-86.320847
13.7708320000001,-86.31279
13.984444,-86.139175
13.9924980000001,-86.133057
14.0019440000001,-86.128616
14.024443,-86.123901
14.0294440000001,-86.121948
14.034443,-86.116394
14.0544429999999,-86.073898
14.057499,-86.066391
14.065277,-86.022232
14.0658320000001,-86.015839
14.063332,-86.008057
14.057499,-86.003342
14.0508330000001,-86.0030669999999
14.043888,-86.006668
14.027777,-86.021667
14.0175,-86.025284
14.007776,-86.024445
14.0008320000001,-86.020844
13.9972210000001,-86.017502
13.9802760000001,-85.996124
13.958887,-85.968338
13.8594439999999,-85.828903
13.837776,-85.79834
13.8352780000001,-85.7902829999999
13.828609,-85.736389
13.829235,-85.732315
13.836943,-85.725006
13.8544430000001,-85.721954
13.8636089999999,-85.723068
13.869999,-85.726959
13.8797210000001,-85.74556
13.8830550000001,-85.748901
13.885832,-85.749725
13.891666,-85.748901
13.957777,-85.732788
13.9625,-85.7305599999999
13.9649980000001,-85.72612
14.0405540000001,-85.5661159999999
14.04361,-85.558624
14.0449980000001,-85.55307
14.045719,-85.5439609999999
14.1224990000001,-85.436951
14.1422210000001,-85.418335
14.1491660000001,-85.414734
14.1633320000001,-85.411957
14.1791650000001,-85.4069519999999
14.2324980000001,-85.3802799999999
14.238609,-85.376114
14.2713870000001,-85.3297269999999
14.2811110000001,-85.314728
14.289444,-85.29834
14.2958320000001,-85.276398
14.298332,-85.254181
14.2955550000001,-85.2322239999999
14.295277,-85.2155609999999
14.297499,-85.210556
14.3113880000001,-85.1858369999999
14.3180540000001,-85.174728
14.324722,-85.166306
14.3333320000001,-85.158615
14.337627,-85.1562959999999
14.3469430000001,-85.155289
14.353054,-85.156113
14.3577769999999,-85.158066
14.363888,-85.162231
14.3836100000001,-85.17778
14.3869440000001,-85.181122
14.4266660000001,-85.180557
14.489166,-85.1463929999999
14.543888,-85.089447
14.5433330000001,-85.083069
14.5441670000001,-85.07695
14.5466650000001,-85.071945
14.553333,-85.061111
14.5734650000001,-85.03241
14.5883329999999,-85.022507
14.598236,-85.018929
14.669998,-85.030014
14.7261100000001,-84.9952849999999
14.7413120000001,-84.98436
14.8047220000001,-84.913345
14.808611,-84.906677
14.8305550000001,-84.8388979999999
14.83111,-84.832504
14.8294430000001,-84.823624
14.8249990000001,-84.810562
14.8194429999999,-84.801956
14.8161109999999,-84.7983399999999
14.8099989999999,-84.7939
14.6783330000001,-84.688614
14.6180550000001,-84.489731
14.617777,-84.482788
14.6197200000001,-84.474731
14.6819440000001,-84.260284
14.7163890000001,-84.1966709999999
14.754444,-84.0352779999999
14.7552780000001,-83.978622
14.7538870000001,-83.9380649999999
14.777777,-83.864456
14.7850000000001,-83.8436129999999
14.7861100000001,-83.841125
14.915277,-83.569458
14.920555,-83.564453
14.9483320000001,-83.5464019999999
15.006109,-83.48584
15.022221,-83.384171
15.014999,-83.3589019999999
15.0047210000001,-83.324173
14.9824980000001,-83.239731
---
