4.4311100000001,7.43361099999998
4.43277699999999,7.35916600000007
4.43305500000008,7.35388900000009
4.43638799999997,7.34305500000005
4.44305500000007,7.33583300000004
4.47916600000008,7.34861100000001
4.48166700000007,7.35277700000012
4.48555500000003,7.38444399999997
4.48805499999997,7.41194399999995
4.46916600000009,7.47861100000006
4.44527700000003,7.46638900000011
---
4.37777699999992,7.18027700000005
4.37833300000011,7.16666600000008
4.38138900000001,7.14833300000004
4.38305500000001,7.14277700000008
4.38527800000008,7.13805500000001
4.38888800000001,7.13499900000011
4.39444399999996,7.13388800000001
4.39916600000009,7.13610999999997
4.52000000000004,7.22610999999995
4.51138900000007,7.248333
4.48722199999997,7.293611
4.47250000000008,7.316667
4.41222199999993,7.31166600000012
4.40888900000004,7.30805500000014
4.40444399999996,7.29888799999998
4.38277699999992,7.21444400000001
4.38055500000013,7.20361000000008
---
13.7152770000001,5.96194399999996
13.701387,5.997499
13.6608310000001,6.13333300000011
13.683332,6.23805499999997
13.6838870000001,6.28277700000012
13.6838870000001,6.28500000000003
13.6255550000001,6.38861100000014
13.6052760000001,6.42305500000003
13.4508320000001,6.57527700000009
13.3466660000001,6.67666600000001
13.343887,6.67916600000007
13.166943,6.77472200000005
13.1491660000001,6.78361000000001
13.1080549999999,6.80638900000002
12.9972210000001,6.93333200000012
12.996387,6.95111099999997
12.995766,7.02806399999992
12.995277,7.09055499999999
13.0427760000001,7.14749899999998
13.125555,7.21888799999999
13.106667,7.34194400000013
13.099722,7.37972200000007
13.352777,7.815
13.320833,8.04361000000011
13.3036100000001,8.12222100000008
13.303055,8.12333300000012
13.298611,8.12472200000008
13.290833,8.13055400000002
13.2805540000001,8.14138800000006
13.2236100000001,8.22611000000012
13.2191659999999,8.23583200000002
13.2175960000001,8.25150900000006
13.1983320000001,8.28722199999999
13.1405540000001,8.34833099999992
13.0883330000001,8.40860900000007
13.0780540000001,8.44916499999994
13.08,8.45416600000004
13.0838870000001,8.47110900000001
13.085833,8.497499
13.083611,8.51638800000006
13.0769440000001,8.53694300000012
13.0749990000001,8.54194300000012
13.0666660000001,8.55444299999999
13.0608330000001,8.56305500000002
13.0280550000001,8.60722199999992
13.021944,8.61500000000012
13.0072210000001,8.62833200000006
12.9938890000001,8.63666499999999
12.971109,8.64833299999992
12.9483319999999,8.65999999999997
12.9433330000001,8.66361000000006
12.8966660000001,8.81860899999998
12.846666,8.98499900000002
12.845833,8.99860999999999
12.846907,9.01098300000007
12.846666,9.03249900000003
12.844658,9.06485500000002
12.8416649999999,9.11305400000009
12.8297210000001,9.23666600000007
12.816944,9.42388700000009
12.804443,9.62194399999999
12.8024349999999,9.63493200000011
12.871111,9.694166
13.075277,9.87305500000002
13.1330550000001,9.92999800000007
13.1388870000001,9.93777699999993
13.153332,9.95861099999996
13.1727770000001,9.98805400000003
13.2524989999999,10.134722
13.259722,10.148333
13.269722,10.1730539999999
13.272221,10.184444
13.2805540000001,10.2249980000001
13.300833,10.3375000000001
13.3044430000001,10.3616660000001
13.309721,10.411943
13.3147220000001,10.4424990000001
13.318609,10.4638880000001
13.3399979999999,10.535276
13.357498,10.5922220000001
13.374609,10.644665
13.3844430000001,10.705
13.386389,10.724165
13.388611,10.749722
13.3891660000001,10.794998
13.3869440000001,10.8347210000001
13.385277,10.8475000000001
13.380554,10.878611
13.378332,10.8833330000001
13.372499,10.9066660000001
13.3658330000001,10.957499
13.3641660000001,10.9774990000001
13.3619439999999,11.011389
13.3602770000001,11.0383320000001
13.359722,11.0666660000001
13.3602770000001,11.1008320000001
13.3616660000001,11.126944
13.3663880000001,11.17111
13.3708320000001,11.194443
13.373055,11.2130550000001
13.375277,11.2386090000001
13.376389,11.2586100000001
13.377222,11.2783319999999
13.379444,11.3386100000001
13.3811090000001,11.3925000000001
13.3788870000001,11.4266660000001
13.3733330000001,11.4633329999999
13.3658330000001,11.4916650000001
13.355276,11.531111
13.273054,11.8197210000001
13.26861,11.829443
13.237499,11.8905540000001
13.171389,12.007776
13.122221,12.175278
13.075277,12.36861
13.0730280000001,12.429576
13.0661109999999,12.4591659999999
13.097776,12.4919429999999
13.1502760000001,12.542776
13.1549990000001,12.545277
13.176388,12.5522210000001
13.181665,12.55361
13.1847210000001,12.549444
13.1869430000001,12.5374980000001
13.189999,12.5333330000001
13.1947210000001,12.5341660000001
13.1994440000001,12.5363880000001
13.2447200000001,12.5730550000001
13.2636110000001,12.5891670000001
13.2727780000001,12.608055
13.2869430000001,12.6466659999999
13.3469430000001,12.7483329999999
13.3511100000001,12.75111
13.3755550000001,12.768888
13.379444,12.7719440000001
13.4733310000001,12.8761099999999
13.4844440000001,12.8997210000001
13.533609,13.0161090000001
13.548611,13.066387
13.5491660000001,13.0727769999999
13.5477770000001,13.0783330000001
13.5436100000001,13.08111
13.53611,13.074444
13.530554,13.0727769999999
13.527222,13.076387
13.5247210000001,13.08111
13.5230540000001,13.0938870000001
13.5188880000001,13.125832
13.5263880000001,13.19972
13.528332,13.2047210000001
13.591665,13.2555540000001
13.595833,13.25861
13.60111,13.2588880000001
13.60611,13.2569429999999
13.6097220000001,13.2533319999999
13.6144430000001,13.2513890000001
13.6208320000001,13.2522220000001
13.6247220000001,13.255278
13.719999,13.3477760000001
13.7183380000001,13.6251199999999
13.7038879999999,13.634722
13.5278030000001,13.760015
13.3282150000001,13.901077
13.0816650000001,14.0747200000001
13.0683330000001,14.0769440000001
12.9572220000001,14.100832
12.6236100000001,14.173054
12.5013890000001,14.1991650000001
12.480833,14.19861
12.4691660000001,14.1961100000001
12.414999,14.184166
12.396666,14.1744440000001
12.3538880000001,14.2358320000001
12.354443,14.2422220000001
12.3561100000001,14.318609
12.3558330000001,14.3255540000001
12.352777,14.3925
12.3491020000001,14.423767
12.347221,14.4374980000001
12.3408990000001,14.469189
12.335833,14.4908330000001
12.315554,14.5197220000001
12.254444,14.5494439999999
12.243332,14.554722
12.1883320000001,14.6452770000001
12.1319430000001,14.658054
12.1205540000001,14.648333
12.1158330000001,14.646111
12.035555,14.619165
12.029999,14.618889
12.0244430000001,14.620277
11.989443,14.6330550000001
11.9797210000001,14.636944
11.9752770000001,14.6394440000001
11.891388,14.6308330000001
11.8252770000001,14.6122210000001
11.754999,14.5886100000001
11.6922210000001,14.5886100000001
11.6883320000001,14.598888
11.654722,14.6349980000001
11.6469440000001,14.641109
11.5824989999999,14.6466660000001
11.575832,14.6463870000001
11.565554,14.6425
11.510555,14.6199990000001
11.5055540000001,14.617777
11.4991660000001,14.610554
11.416388,14.466665
11.411943,14.457499
11.4061110000001,14.442499
11.404444,14.4305550000001
11.4049990000001,14.416388
11.4038890000001,14.4108309999999
11.3958320000001,14.3977780000001
11.378054,14.373888
11.338888,14.3297210000001
11.26861,14.2266650000001
11.265833,14.2225000000001
11.244165,14.18861
11.234165,14.1644439999999
11.2336099999999,14.1580540000001
11.2358320000001,14.147499
11.2449990000001,14.121111
11.25,14.1083300000001
11.2549990000001,14.0955539999999
11.2608320000001,14.0802760000001
11.2791649999999,14.026667
11.282221,14.0155540000001
11.283333,14.009165
11.283333,14.003611
11.274166,13.991943
11.2608320000001,13.977499
11.1705550000001,13.886665
11.055832,13.8072200000001
10.9788880000001,13.7744430000001
10.9727760000001,13.775
10.952776,13.775
10.9411110000001,13.772499
10.9316650000001,13.768055
10.881542,13.7183400000001
10.877222,13.717777
10.8608320000001,13.7130550000001
10.846666,13.7063880000001
10.807499,13.6769430000001
10.7719440000001,13.649166
10.7336100000001,13.6177770000001
10.710833,13.598888
10.691111,13.5833320000001
10.6680549999999,13.571388
10.6436100000001,13.5608330000001
10.6280540000001,13.555555
10.5958330000001,13.545277
10.5022220000001,13.519444
10.244444,13.4602780000001
10.232777,13.4577770000001
10.2174990000001,13.4636100000001
10.2088870000001,13.4688870000001
10.204166,13.4708330000001
10.197777,13.471388
10.18611,13.4688870000001
10.1719440000001,13.4622210000001
10.163055,13.4569440000001
10.1544440000001,13.451666
10.1197200000001,13.410276
10.1111110000001,13.3980540000001
10.110189,13.395687
10.1016650000001,13.326387
10.092499,13.2874980000001
10.0880550000001,13.2713870000001
10.0861110000001,13.266388
10.080832,13.2577759999999
10.076944,13.2549990000001
10.0666660000001,13.25111
10.031666,13.2438890000001
9.9097210000001,13.2283330000001
9.90277700000001,13.2280540000001
9.87777700000009,13.23
9.86555499999992,13.23111
9.86111099999994,13.2338890000001
9.85416600000013,13.2405550000001
9.75166500000006,13.259722
9.59388700000005,13.245277
9.58833300000003,13.24361
9.57888800000001,13.2391660000001
9.551109,13.2180539999999
9.53111100000001,13.1958330000001
9.52666700000003,13.1866660000001
9.51777600000014,13.1613880000001
9.51472099999995,13.150833
9.51416600000005,13.144444
9.51194400000003,13.096388
9.51221999999996,13.0691660000001
9.50833300000005,13.0527760000001
9.4961110000001,13.0238879999999
9.46972100000005,12.9883330000001
9.45694400000002,12.973331
9.44972000000001,12.966665
9.34805499999999,12.8977780000001
9.07472000000001,12.8383329999999
9.06249800000006,12.837776
9.04361000000006,12.8463880000001
9.03305400000011,12.8497220000001
9.02138700000006,12.851387
9.01444400000008,12.85111
8.85916500000008,12.826666
8.84750000000003,12.8241650000001
8.81472200000007,12.814999
8.78416600000014,12.80361
8.769722,12.7969440000001
8.7658330000001,12.7941670000001
8.66083100000003,12.6874980000001
8.65277700000013,12.674721
8.63166600000005,12.6136090000001
8.61305400000003,12.546389
8.625832,12.5036110000001
8.62888699999996,12.4924980000001
8.62861100000009,12.4794430000001
8.62722200000007,12.473888
8.60555500000004,12.4127770000001
8.59499900000009,12.3958320000001
8.57000000000005,12.397778
8.56527700000004,12.399721
8.56111000000004,12.4024980000001
8.55611000000005,12.411388
8.546944,12.4161110000001
8.51861000000008,12.421665
8.50610900000009,12.4224990000001
8.5,12.421665
8.49194300000005,12.4158330000001
8.45027700000014,12.374443
8.44360899999998,12.367498
8.42777599999999,12.3488880000001
8.42166500000013,12.3411100000001
8.41972199999992,12.336111
8.41916700000002,12.33
8.42361099999999,12.3202760000001
8.43222000000003,12.3080540000001
8.43444399999999,12.296389
8.4319440000001,12.285276
8.42833300000007,12.275276
8.41944300000011,12.2633319999999
8.40805399999999,12.2538870000001
8.39388800000006,12.2472210000001
8.37749900000011,12.2427770000001
8.32666600000005,12.2372210000001
8.31305500000008,12.2369440000001
8.28194400000007,12.239721
8.27111100000008,12.242222
8.24749900000006,12.252499
8.23638700000009,12.2549990000001
8.21777700000007,12.2566659999999
8.19777700000009,12.255554
8.17717399999998,12.2455230000001
8.16416500000008,12.2338890000001
8.15249800000004,12.2244430000001
8.14110900000009,12.2152770000001
8.13250000000005,12.209999
8.12277599999999,12.205555
8.11194400000011,12.2024990000001
8.10027700000006,12.2002770000001
8.087221,12.1991650000001
8.07416499999994,12.1994440000001
8.04250000000008,12.2016660000001
8.00333200000011,12.2094440000001
7.92666600000013,12.168888
7.87777699999998,12.1411090000001
7.85111000000012,12.11972
7.83694400000007,12.1061099999999
7.82611100000008,12.0961090000001
7.79638900000003,12.076666
7.774722,12.0638890000001
7.75722199999996,12.05361
7.73972100000003,12.04361
7.71499899999998,12.0330540000001
7.70416599999999,12.029999
7.68638800000002,12.026943
7.66722199999998,12.025
7.6605550000001,12.025
7.64944400000002,12.027498
7.64444400000008,12.0294440000001
7.62861100000009,12.0408330000001
7.58444400000002,12.0438880000001
7.57777700000014,12.04361
7.57360999999997,12.0408330000001
7.45222199999995,11.9208320000001
7.43833300000011,11.9066660000001
7.42833300000012,11.896111
7.42222200000003,11.8883320000001
7.41166600000008,11.871387
7.39833299999998,11.857222
7.38138900000013,11.8463879999999
7.29666300000008,11.7994390000001
7.2838890000001,11.764444
7.27861000000013,11.7555540000001
7.27527700000002,11.751944
7.27055500000012,11.749722
7.26499899999999,11.749722
7.25999899999999,11.751665
7.25722200000007,11.7555540000001
7.25583300000005,11.76111
7.25555499999996,11.7680550000001
7.25666600000005,11.780554
7.25583300000005,11.7866650000001
7.25361100000009,11.7913880000001
7.25027799999998,11.794998
7.13222200000001,11.8825000000001
7.084722,11.8641660000001
7.00333300000005,11.7627770000001
7.00083299999994,11.75861
6.97611000000001,11.701387
6.94916599999999,11.6461110000001
6.94388900000001,11.6377770000001
6.89222100000012,11.5875
6.87944400000004,11.5797210000001
6.8333330000001,11.556389
6.82111099999992,11.5547220000001
6.81333300000011,11.560833
6.81055500000014,11.5649990000001
6.79444400000006,11.5833319999999
6.79027700000012,11.5858330000001
6.77999999999992,11.5891670000001
6.75944399999997,11.58861
6.73555499999998,11.5847210000001
6.71861100000007,11.580832
6.71305500000011,11.579166
6.66750000000013,11.5624980000001
6.65805500000005,11.5580540000001
6.65388899999994,11.555277
6.60749899999996,11.5183320000001
6.60416600000008,11.5147210000001
6.60166600000002,11.510555
6.60027700000001,11.5049990000001
6.60250000000008,11.4733309999999
6.60083300000002,11.4547210000001
6.59694400000012,11.4450000000001
6.59083300000003,11.4372220000001
6.58611100000013,11.434999
6.51611000000003,11.4149990000001
6.50972200000012,11.414165
6.49833299999995,11.413055
6.48444400000011,11.4127770000001
6.47722100000004,11.406387
6.46027800000007,11.3888870000001
6.45694400000008,11.385277
6.45166599999999,11.376944
6.44972100000001,11.371944
6.440833,11.340277
6.43333200000006,11.2730540000001
6.43305500000002,11.2669430000001
6.43694399999993,11.202221
6.43499900000012,11.1974980000001
6.43388800000002,11.191944
6.43333200000006,11.1816650000001
6.43361100000004,11.1408330000001
6.435833,11.129166
6.43805500000002,11.124443
6.44416600000011,11.1169429999999
6.44861000000009,11.1144430000001
6.458055,11.110277
6.49805500000008,11.0952760000001
6.50861100000003,11.092222
6.52499999999998,11.0883329999999
6.58555500000011,11.074444
6.59111000000001,11.0733320000001
6.60416600000008,11.072777
6.64388800000006,11.074999
6.65611100000012,11.076666
6.67777700000011,11.082499
6.69777799999997,11.0822220000001
6.70750000000004,11.0783329999999
6.71166600000009,11.075832
6.71916599999997,11.0711100000001
6.75333300000011,11.0436100000001
6.77144800000002,11.0260920000001
6.77861000000001,11.019165
6.78051000000005,11.0136680000001
6.78083299999992,11.0000000000001
6.77749899999992,10.9694440000001
6.77694400000001,10.9563880000001
6.77805500000011,10.9433330000001
6.77999999999992,10.9386100000001
6.80694399999999,10.9030550000001
6.82777700000008,10.882776
6.83944399999996,10.8811090000001
6.86694399999999,10.881666
6.87777699999998,10.8791660000001
6.92333300000007,10.864721
6.92833300000001,10.862778
6.94694399999997,10.8541660000001
6.95944400000008,10.8455540000001
6.96499899999998,10.837221
6.96722200000005,10.8324990000001
6.97027700000001,10.821388
7.00138900000013,10.7344439999999
7.04916600000013,10.629721
7.05361099999999,10.619999
7.0569440000001,10.616665
7.06861000000009,10.6150000000001
7.02166699999998,10.5599990000001
6.87805500000007,10.5133319999999
6.87472199999996,10.269444
6.87805500000007,10.237778
6.88444400000003,10.22361
6.89027700000003,10.2152770000001
6.90055500000011,10.2049999999999
6.91777700000006,10.195
6.92750000000001,10.1911110000001
6.93305500000014,10.1897220000001
6.95166600000005,10.188055
6.97833300000008,10.1877770000001
6.99833300000006,10.1805550000001
7.00722200000013,10.175833
7.01916599999998,10.1672209999999
7.02111100000002,10.1649990000001
6.96277700000013,10.0949989999999
6.78527700000012,9.884998
6.77583299999992,9.87472200000008
6.80166600000007,9.79555500000009
6.77777800000013,9.78638799999993
6.63944400000008,9.74416499999995
6.52125100000012,9.70884500000005
6.52583299999998,9.655554
6.52333300000009,9.63777700000014
6.49777699999999,9.59444400000012
6.42972200000014,9.52527600000002
6.40430000000009,9.46852900000005
6.36916600000012,9.455555
6.3316660000001,9.43777700000004
6.32777700000003,9.43499900000006
6.3250000000001,9.43083200000007
6.32444399999991,9.42472099999998
6.3258330000001,9.41222200000004
6.3274990000001,9.40694400000012
6.32916599999999,9.38055400000007
6.32916599999999,9.37388800000014
6.3258330000001,9.36333300000007
6.32194400000003,9.36055399999998
6.27972199999994,9.333055
6.15055500000005,9.22333100000003
6.01361100000014,9.071665
5.90694400000012,8.963055
5.90777700000012,8.95694400000008
5.90722199999999,8.94388800000007
5.90333299999992,8.934166
5.90055500000011,8.92999800000007
5.84583299999997,8.86805500000003
5.84194400000007,8.86527599999999
5.83694400000007,8.86333299999995
5.82555500000012,8.86111099999999
5.72250000000003,8.85083200000003
5.65722200000005,8.88027800000009
5.63694400000003,8.90138800000005
5.62944399999998,8.90833300000003
5.61694400000005,8.91638800000004
5.60749900000002,8.92027700000011
5.59527700000001,8.92166500000002
5.57277800000008,8.91583300000013
5.56388900000002,8.91083099999997
5.55972200000002,8.90805400000005
5.54694400000005,8.89361000000008
5.54416699999996,8.88944399999997
5.53333300000008,8.87888700000013
5.51722100000012,8.86777699999993
5.50305500000007,8.86138700000009
5.49749900000006,8.85999899999996
5.37972200000007,8.83722100000006
5.34972199999999,8.83277700000002
5.330555,8.83138800000006
5.31888900000007,8.83333199999993
5.31055500000008,8.83861000000002
5.30722100000008,8.84194400000001
5.30166600000001,8.84333199999992
5.29555499999992,8.84249899999992
5.18861100000009,8.82472000000007
5.15972099999999,8.81555400000002
5.15166700000009,8.80999900000012
5.01861100000013,8.71694400000013
4.97222099999999,8.68166500000007
4.894722,8.62194399999999
4.88999899999999,8.61972000000003
4.8775,8.61916500000012
4.86666600000012,8.62194399999999
4.854444,8.62944400000009
4.85083299999997,8.63277600000009
4.84194400000013,8.63833200000005
4.837222,8.63972100000007
4.83166600000004,8.63833200000005
4.82694400000014,8.63611000000003
4.82333299999999,8.63277600000009
4.81805500000007,8.62444299999999
4.81305500000008,8.61555500000003
4.809166,8.60583300000013
4.80972200000002,8.59499900000009
4.81093200000009,8.59173800000008
4.81194399999998,8.59388700000005
4.81722200000007,8.59416600000009
4.81983400000001,8.59155500000003
4.82083300000005,8.59055500000005
4.82360999999997,8.58666599999998
4.82555499999995,8.5816650000001
4.82500000000005,8.57555400000001
4.82027700000009,8.56666600000005
4.8102770000001,8.55638900000008
4.80277699999999,8.54999900000001
4.77555500000005,8.53611000000012
4.75999900000011,8.53249899999992
4.74833299999995,8.53444300000001
4.73888899999997,8.53916500000008
4.72861100000011,8.54250000000002
4.71083299999998,8.53944400000012
4.70333300000004,8.53333300000003
4.69999999999999,8.52305400000006
4.69944399999997,8.509998
4.70027699999997,8.50388700000008
4.70388800000001,8.47861100000006
4.75027799999998,8.40166699999997
4.8061100000001,8.34277700000013
4.85666700000007,8.274721
4.84271600000005,8.27169200000003
4.82805500000006,8.25944299999998
4.82388899999995,8.25944299999998
4.81166600000006,8.2675000000001
4.80416600000001,8.27361100000002
4.78333300000008,8.29388799999998
4.78055500000005,8.29805400000004
4.77388900000005,8.30472200000003
4.76138900000001,8.31305500000008
4.75666600000005,8.314999
4.63638900000012,8.360277
4.62999900000005,8.359444
4.62527800000009,8.35749800000008
4.54972200000009,8.29666500000008
4.54638899999998,8.29305499999998
4.54416700000002,8.28833199999997
4.54222199999998,8.27666700000009
4.54250000000008,8.26305400000012
4.55055500000009,8.11833200000001
4.55138899999997,8.02249900000004
4.51861100000008,7.76861100000013
4.50222200000007,7.72361100000006
4.49749900000012,7.69527699999992
4.49638800000002,7.67694400000005
4.49749900000012,7.67083300000002
4.52555499999994,7.56138799999997
4.53888799999999,7.53888799999993
4.54111100000011,7.53555500000004
4.626666,7.53055500000005
4.666111,7.53111100000007
4.67694399999993,7.53444400000012
4.68166600000001,7.53666600000014
4.70655500000004,7.55040500000001
4.70555500000006,7.546111
4.69694400000009,7.52777799999996
4.68916600000011,7.52194400000008
4.67972200000014,7.5175000000001
4.62611100000009,7.51388800000001
4.6211110000001,7.51583299999999
4.61416600000013,7.522222
4.61111100000011,7.52611100000007
4.60694400000011,7.52888900000005
4.60222099999993,7.53055500000005
4.59611000000007,7.52944399999996
4.57388900000001,7.51055500000012
4.56666700000005,7.504167
4.56472200000002,7.49916600000012
4.55027800000005,7.44722199999995
4.55777700000004,7.27249900000004
4.56361099999992,7.23861000000005
4.62722199999996,7.17972199999997
4.75222200000002,7.07694400000003
4.75388800000002,7.07166599999999
4.72611000000012,7.05666600000001
4.71344399999998,7.06150000000014
4.71077700000012,7.06316600000014
4.67694399999993,7.08416699999992
4.66555499999998,7.09333300000003
4.6597210000001,7.10111000000006
4.65527700000007,7.11055499999998
4.649722,7.12611100000009
4.64277700000002,7.1399990000001
4.63999900000005,7.143888
4.63333300000005,7.15111100000007
4.62555500000008,7.15694400000001
4.60444400000006,7.16972199999998
4.58444400000008,7.17611000000011
4.50999899999999,7.17999900000001
4.50388800000007,7.17888800000009
4.48777799999993,7.17388800000009
4.47305499999999,7.167777
4.46999900000009,7.16416600000002
4.46499900000009,7.15499999999997
4.43472199999997,7.07305499999995
4.43638799999997,7.04444400000006
4.43972199999996,7.04111100000011
4.49249900000012,7.02111100000002
4.50305500000007,7.0183320000001
4.56916600000005,7.00361099999992
4.581388,7.00305500000013
4.62305499999997,7.02749900000009
4.63805500000012,7.04138900000004
4.64361100000013,7.04027700000006
4.65749900000009,7.03416600000014
4.6954990000001,7.01344399999994
4.69966600000004,7.00961100000006
4.71250000000003,7.00055500000002
4.72444400000012,6.96555499999994
4.72527700000012,6.96222200000005
4.67694399999993,6.89972200000011
4.66111100000001,6.90361000000007
4.64666700000004,6.90916600000008
4.47833300000008,6.97888900000009
4.45944400000002,6.98749900000001
4.43722200000008,6.99861000000004
4.41972200000004,7.00805500000013
4.40694400000007,7.01555500000001
4.39444399999996,7.02305500000006
4.38944400000003,7.02500000000009
4.38416600000011,7.024722
4.37944400000004,7.0224990000001
4.37555500000013,7.01944400000008
4.37055500000014,7.01110999999992
4.36944400000004,7.00555500000002
4.36972100000003,6.99861000000004
4.37222200000002,6.96138900000005
4.38944400000003,6.87527799999998
4.39166599999999,6.87055499999997
4.39999999999998,6.86555500000003
4.52416599999998,6.82166599999999
4.75111099999998,6.76638800000006
4.7633330000001,6.76555500000006
4.77472200000005,6.76805499999995
4.76472200000012,6.75138900000002
4.49222200000014,6.80638900000002
4.462222,6.81666700000011
4.41500000000013,6.8349990000001
4.37750000000011,6.85083300000014
4.34833200000008,6.84861100000012
4.33666599999992,6.79416700000007
4.33666599999992,6.73833300000013
4.33750000000003,6.73222200000004
4.3463890000001,6.72027700000007
4.34999900000003,6.71694400000001
4.35888899999998,6.71249999999998
4.457222,6.70916700000009
4.49055500000003,6.71138900000011
4.50277699999998,6.71333299999998
4.52416599999998,6.71999899999997
4.54750000000007,6.73138799999998
4.55527699999999,6.73722200000003
4.57000000000011,6.74333300000012
4.58111100000002,6.7411110000001
4.60194400000012,6.73527700000005
4.60527700000006,6.73194399999994
4.60500000000002,6.72722099999999
4.50749999999999,6.65694400000012
4.44027700000004,6.66249900000003
4.4286110000001,6.66416600000014
4.42333300000001,6.665277
4.41916700000013,6.66777700000011
4.39694400000008,6.68638800000008
4.39222100000006,6.68833300000006
4.38666599999999,6.68944399999998
4.33444400000013,6.69638800000007
4.32999999999998,6.69416600000005
4.32833300000004,6.68250000000006
4.32555500000007,6.63055500000002
4.32666599999999,6.57444400000009
4.32222199999995,6.49360999999999
4.31222200000002,6.40500000000009
4.29555499999998,6.30944399999999
4.29361100000006,6.29166600000002
4.29305599999998,6.27249900000004
4.29361100000006,6.25888800000007
4.29472199999998,6.25277700000004
4.29694399999994,6.24805500000014
4.30055499999992,6.24472100000014
4.30527700000005,6.24305500000014
4.31138800000008,6.24388900000002
4.31694400000009,6.24555500000002
4.33694400000002,6.253333
4.36805500000003,6.27055499999994
4.37305500000002,6.27888899999994
4.37888800000002,6.28666600000003
4.38611000000003,6.29305600000009
4.41638899999992,6.31777799999992
4.43138900000008,6.3300000000001
4.4336110000001,6.32527700000009
4.45638800000012,6.26027799999997
4.44360999999998,6.24527699999993
4.38611000000003,6.23305499999998
4.30583300000001,6.21499900000009
4.28277700000001,6.17222199999992
4.27305500000011,6.11583300000007
4.2724990000001,6.11111099999999
4.27277800000007,6.10416600000002
4.28805500000004,6.0577770000001
4.33611100000002,5.94055500000002
4.34055500000005,5.93110999999999
4.38138900000001,5.86861000000005
4.48944399999993,5.73694399999999
4.55833199999995,5.66944400000006
4.62999900000005,5.60416600000008
4.64083299999993,5.59444400000001
4.65194400000001,5.58527800000013
4.6597210000001,5.57944400000008
4.67999900000012,5.56611100000003
4.75750000000011,5.52361100000002
4.80583300000012,5.49749900000006
4.83416700000004,5.48583300000013
4.83694400000013,5.48472200000003
4.92305499999998,5.45194400000008
5.10944400000011,5.38388800000001
5.12083200000001,5.38388800000001
5.12638900000007,5.38527800000008
5.13111000000004,5.38750000000005
5.13694399999997,5.39527700000014
5.13722100000012,5.40166700000003
5.13611000000003,5.41444400000012
5.13444400000003,5.43305500000008
5.13222200000007,5.43777800000004
5.1194440000001,5.45222200000001
5.11583300000007,5.45555500000012
5.09110900000007,5.47055799999993
5.14138800000012,5.49360999999999
5.14638800000012,5.4944440000001
5.15055500000011,5.49194399999999
5.1861100000001,5.45861100000002
5.18888900000002,5.45444400000002
5.188333,5.45111100000008
5.18222100000003,5.44999999999999
5.16249899999997,5.44860999999992
5.15999999999997,5.44583300000005
5.15805499999999,5.44083300000005
5.15638800000011,5.4147210000001
5.15499999999997,5.3727770000001
5.15777700000007,5.36888900000014
5.16194400000006,5.36638799999997
5.16750000000008,5.36527700000005
5.32999999999993,5.34527700000007
5.36305500000003,5.45249899999999
5.4147210000001,5.53972099999999
5.50944400000003,5.62055500000008
5.53277700000007,5.63888800000012
5.53611100000006,5.63972200000001
5.53888799999999,5.63555500000001
5.53916600000008,5.62999900000005
5.50861100000003,5.543611
5.48833300000001,5.50999899999999
5.48500000000013,5.50638900000007
5.47277700000006,5.50444400000009
5.46111100000007,5.50583300000005
5.44805500000001,5.50611000000009
5.44138800000013,5.50583300000005
5.43611000000004,5.50416700000005
5.421111,5.49805500000008
5.41333300000002,5.49222200000008
5.40277800000013,5.48222199999992
5.39361100000013,5.42749999999995
5.38999900000005,5.37944399999998
5.39027699999997,5.372499
5.43083300000006,5.2666660000001
5.43555500000014,5.25722200000013
5.50222200000007,5.194166
5.50722200000007,5.19222200000007
5.5338890000001,5.18722200000008
5.54555500000004,5.188333
5.55027800000005,5.19083300000011
5.57416599999999,5.20805500000006
5.5774990000001,5.21166600000004
5.57916599999999,5.21666600000003
5.57972100000006,5.22277700000012
5.581388,5.27777800000007
5.58000000000004,5.29777700000011
5.56500000000011,5.37999900000011
5.57638800000001,5.49722200000008
5.5774990000001,5.50277699999998
5.57916599999999,5.50749999999999
5.58333299999998,5.51055499999995
5.59611000000001,5.51055499999995
5.60666700000007,5.50749999999999
5.61638800000009,5.50361100000009
5.62055500000008,5.50111099999998
5.62416600000006,5.49777699999999
5.65222200000005,5.44972100000001
5.65444400000007,5.44500000000005
5.65333299999998,5.43944400000004
5.6433320000001,5.41555499999998
5.6408330000001,5.41138800000004
5.5750000000001,5.1861100000001
5.57388900000001,5.18083300000012
5.57555500000001,5.17527800000005
5.60416600000008,5.14222100000012
5.692499,5.088055
5.70277700000003,5.08527800000007
5.72749999999996,5.0833330000001
5.74111099999993,5.083888
5.85749700000014,4.99999700000012
5.92444399999999,4.94861000000003
6.01416600000005,4.87249900000012
6.13277699999992,4.75000000000006
6.1391660000001,4.74277699999999
6.16472099999993,4.71361100000013
6.17722100000003,4.6983330000001
6.29333300000008,4.54166600000002
6.30499900000007,4.52583300000003
6.31611100000003,4.50194399999998
6.32965899999994,4.46663999999998
6.33833299999998,4.45472100000001
6.34861100000006,4.43722200000008
6.35749900000002,4.41833300000002
6.36083300000001,4.40749899999997
6.36388899999992,4.39666700000009
6.36805500000003,4.37944400000004
6.36916600000012,4.36638799999997
6.37215500000013,4.32250299999998
6.37777700000009,4.29999900000013
6.4097210000001,4.08583299999998
6.42138900000003,3.99111099999993
6.422777,3.95666599999993
6.42611000000005,3.84527700000001
6.42666600000007,3.7475
6.41972199999998,3.69416699999999
6.4138880000001,3.56666700000005
6.41249900000008,3.53500000000003
6.40944400000006,3.44472199999996
6.40888899999999,3.41583300000013
6.41055499999999,3.41027699999995
6.43861100000004,3.39055500000012
6.44333300000011,3.38861100000003
6.44805500000001,3.39083300000004
6.45055500000007,3.39527800000008
6.4541660000001,3.43166600000012
6.45277700000008,3.43722200000008
6.44972100000001,3.50666699999999
6.44861000000009,3.53555499999993
6.45055500000007,3.54055499999993
6.53277700000007,3.73055599999992
6.59750000000008,3.85500000000002
6.60083300000002,3.85722199999998
6.604444,3.85388900000009
6.60722199999998,3.8497220000001
6.60972200000009,3.83833299999998
6.61277799999999,3.80722200000014
6.61305499999997,3.767222
6.60616000000005,3.71795100000008
6.6013880000001,3.70888900000006
6.56444400000009,3.65055500000005
6.52194400000008,3.52916599999998
6.52083299999998,3.52361100000007
6.53166599999997,3.48555500000009
6.53333300000008,3.47999999999996
6.53611100000006,3.47583300000002
6.54527800000005,3.47138899999999
6.55138899999992,3.47222199999999
6.568333,3.4763880000001
6.58249999999993,3.48305499999998
6.58805500000005,3.48333300000007
6.59277700000013,3.48138899999998
6.59638899999999,3.47805499999998
6.59666600000003,3.47250000000008
6.5947220000001,3.46749999999992
6.57833299999999,3.44305500000007
6.55027800000005,3.40416600000009
6.54638899999992,3.40111100000007
6.45027699999997,3.37027700000004
6.44472200000007,3.37138799999997
6.416111,3.38361100000003
6.41333299999997,3.38777700000014
6.38555500000007,3.31916699999999
6.37722199999996,3.11388900000003
6.37694400000009,3.10083299999997
6.37750000000005,3.06694399999998
6.379167,3.04027700000012
6.380833,3.02777799999996
6.38610999999997,3.01222200000001
6.38999900000005,2.97388899999999
6.38944400000014,2.93444400000004
6.38499900000005,2.88138900000013
6.38222199999996,2.85722200000004
6.36550500000004,2.71960600000006
6.45224100000013,2.71960600000006
6.47472200000004,2.72722199999998
6.5594440000001,2.75416700000005
6.57083300000005,2.75666699999999
6.67138900000003,2.76166600000005
6.76499900000005,2.76277700000014
6.9105550000001,2.75638900000007
6.92083300000013,2.753333
6.92499900000007,2.75055600000007
6.92861099999993,2.74722200000008
6.94055500000002,2.73166700000002
6.944166,2.72833300000008
6.94888900000001,2.72638800000004
6.95444400000008,2.72527699999995
7.09416600000003,2.74972200000002
7.13444399999997,2.77861100000001
7.25444400000009,2.77000000000004
7.59638899999999,2.73666600000013
7.65194400000013,2.73222199999998
7.65820600000006,2.73294999999996
7.71638900000005,2.73861100000011
7.78277700000001,2.74277700000005
7.79638900000003,2.74305500000008
7.80861100000004,2.74222200000008
7.81361100000004,2.74027800000005
7.81777799999998,2.73750000000001
7.86503900000008,2.70292599999999
7.88222200000001,2.69527799999997
7.90638800000005,2.69249999999994
8.00805500000007,2.70888900000011
8.10833200000002,2.72750000000008
8.15611100000001,2.74138900000008
8.19555500000013,2.75111099999998
8.20694400000008,2.75361100000009
8.21805400000005,2.75111099999998
8.23694399999999,2.74277700000005
8.24111000000011,2.74000000000012
8.248333,2.73333300000002
8.25666600000005,2.72805499999998
8.32638700000007,2.70999999999998
8.33888800000005,2.70916699999998
8.35194400000012,2.71027800000007
8.42444399999999,2.72083299999997
8.42916500000001,2.72305499999999
8.43722199999996,2.72888900000004
8.45305400000007,2.7475
8.46194300000013,2.7525
8.49111000000005,2.75833299999999
8.51916499999999,2.76277700000014
8.52972200000005,2.75972199999995
8.53557599999999,2.75296600000001
8.55527700000005,2.75638900000007
8.58194400000008,2.75638900000007
8.71944400000001,2.74694399999999
8.77076299999999,2.7429580000001
8.79527700000006,2.7452770000001
9.01666600000004,2.78305499999999
9.04388799999998,2.789444
9.05694400000004,2.79472200000009
9.06527699999992,2.81361099999992
9.07888800000006,2.90527800000001
9.08166499999999,2.96750000000003
9.06110999999993,2.98749999999995
9.06527699999992,3.00500000000005
9.09055499999999,3.09499999999997
9.19444300000009,3.13138900000007
9.30277600000011,3.16638899999998
9.36583300000012,3.16694400000011
9.37138700000014,3.16583300000002
9.38611000000009,3.16000000000003
9.40555400000005,3.15222200000005
9.41888799999998,3.14500000000004
9.42916500000001,3.14194399999997
9.44111100000003,3.14166600000004
9.49638700000003,3.17138899999998
9.63611000000003,3.31722200000002
9.68193899999994,3.36332800000014
9.70305399999995,3.352777
9.73499900000007,3.33722199999994
9.75583300000011,3.33111100000008
9.76888800000006,3.33083299999998
9.77527599999996,3.33166599999998
9.79138799999993,3.33638899999994
9.80499800000001,3.34388900000005
9.80916600000006,3.34666600000014
9.81583200000006,3.35388900000004
9.85583300000008,3.47138899999999
9.85694300000006,3.47694400000006
9.85666700000013,3.48388900000009
9.85333300000013,3.50194400000004
9.84944300000001,3.51222200000007
9.84444400000007,3.52111099999996
9.84416599999997,3.52527799999996
9.88027800000009,3.55888799999997
9.94388800000002,3.60638900000004
9.94805500000001,3.60944400000005
9.96222100000006,3.6161110000001
10.1033330000001,3.67583300000007
10.120277,3.68000000000006
10.1511100000001,3.68444400000004
10.1705549999999,3.68388800000002
10.1808320000001,3.68055500000014
10.1838870000001,3.67666600000007
10.188332,3.666944
10.192778,3.6572220000001
10.199444,3.64416600000004
10.2752760000001,3.58194400000002
10.4116650000001,3.63722199999995
10.415554,3.63999999999999
10.4480550000001,3.68388800000002
10.44972,3.68888900000013
10.4502770000001,3.69527799999992
10.4494440000001,3.70138900000001
10.4472220000001,3.70638800000006
10.433887,3.72833300000002
10.425278,3.74055500000003
10.4149990000001,3.75916599999994
10.4105550000001,3.76861100000002
10.4027770000001,3.789444
10.405554,3.79361099999994
10.4494440000001,3.81277800000009
10.584999,3.85500000000002
10.689999,3.84833300000008
10.7030540000001,3.84666600000003
10.709721,3.83555600000005
10.714167,3.82611099999997
10.7569430000001,3.7855550000001
10.7944430000001,3.75388899999996
10.803055,3.7486110000001
10.820276,3.74583300000006
10.8266660000001,3.74666600000006
10.831388,3.74888800000008
10.839443,3.75500000000005
10.8475000000001,3.75944400000003
10.8986110000001,3.77527800000007
11.0116650000001,3.74722200000008
11.0161090000001,3.73888900000003
11.023888,3.73277800000011
11.029444,3.73166700000002
11.040554,3.73055599999992
11.0708330000001,3.72888900000004
11.0841659999999,3.72861100000011
11.120634,3.73577399999999
11.1272220000001,3.71416699999997
11.134722,3.69472200000013
11.25,3.60886000000005
11.429722,3.47500000000002
11.5636100000001,3.52527799999996
11.6469440000001,3.56833300000005
11.654999,3.57416600000005
11.693274,3.60445900000008
11.749722,3.68833300000011
11.8019429999999,3.67249999999996
11.812498,3.66861100000006
11.8252770000001,3.63166700000005
11.9197219999999,3.6169440000001
11.9755540000001,3.67166600000007
11.9999960000001,3.67131699999999
12.0099950000001,3.67083300000007
12.1077710000001,3.63694700000013
12.2152710000001,3.65639300000009
12.2494390000001,3.66611499999999
12.445276,3.66111000000012
12.5288889999999,3.65777700000001
12.7177770000001,3.91222200000004
12.7488880000001,3.95277700000003
12.951111,4.07722200000001
12.996387,4.10500000000013
13.177221,4.13972199999995
13.2735860000001,4.140918
13.4011100000001,4.14249999999993
13.4699990000001,4.14305500000006
13.4769440000001,4.14249999999993
13.481388,4.24777700000004
13.686943,4.46999900000009
13.690277,4.48777799999993
13.7219640000001,4.62597800000009
13.781387,4.88555500000001
13.7363870000001,4.92361099999999
13.7336750000001,5
13.7466660000001,5.21499899999992
13.7527769999999,5.28916600000014
13.794722,5.34194400000001
13.845554,5.36333300000013
13.8475000000001,5.36500000000001
13.886944,5.52638800000011
13.8914990000001,5.54836700000004
13.836666,5.65722200000005
13.817778,5.70027700000014
13.7494429999999,5.87472200000002
---
