7.22555500000004,-81.7944489999999
7.22583300000014,-81.797501
7.22944399999994,-81.801117
7.23861000000005,-81.805557
7.27000000000004,-81.818619
7.27249900000004,-81.819168
7.28694400000006,-81.819168
7.28999999999996,-81.818619
7.29111100000006,-81.816116
7.29111100000006,-81.813614
7.28527700000001,-81.7877809999999
7.27638800000011,-81.778625
---
7.48083300000008,-81.243622
7.48166699999996,-81.245834
7.48555499999998,-81.248901
7.48833299999995,-81.249725
7.49333299999995,-81.2480619999999
7.49916600000012,-81.2433469999999
7.51666599999999,-81.223068
7.52083299999998,-81.2169489999999
7.563333,-81.135834
7.57861000000014,-81.0961149999999
7.57916599999993,-81.093613
7.57888800000001,-81.086945
7.57500000000005,-81.039734
7.57416599999993,-81.036957
7.57083300000005,-81.033615
7.54861100000011,-81.045837
7.54666600000013,-81.047501
7.54305600000004,-81.0508419999999
7.53444400000012,-81.0661159999999
7.48666600000007,-81.205841
---
7.38388800000013,-81.636124
7.38722100000001,-81.632233
7.39027700000014,-81.631958
7.39194400000002,-81.63028
7.39250000000004,-81.627502
7.3908330000001,-81.622223
7.37750000000005,-81.608337
7.36361000000011,-81.598068
7.33444400000008,-81.589737
7.3316660000001,-81.589172
7.3266660000001,-81.590836
7.31861000000004,-81.624725
7.31805500000013,-81.6338959999999
7.32194400000003,-81.650558
7.34583300000003,-81.744446
7.34972199999993,-81.751114
7.35888900000009,-81.762222
7.42916600000012,-81.843338
7.43722200000002,-81.848892
7.44666599999999,-81.853348
7.49111099999999,-81.874176
7.504167,-81.876953
7.5149990000001,-81.873901
7.63416599999999,-81.758621
7.63916300000011,-81.738907
7.61694400000005,-81.723618
7.55555499999997,-81.710281
7.49388900000014,-81.701126
7.48666600000007,-81.707779
7.47916600000002,-81.710556
7.45166599999999,-81.715836
7.44194400000009,-81.715286
7.436666,-81.713623
7.38999900000005,-81.680557
7.38722100000001,-81.676392
7.38416600000005,-81.649445
---
7.71472199999999,-81.107788
7.71527799999996,-81.110001
7.72111000000007,-81.121674
7.732778,-81.141113
7.73583300000001,-81.14473
7.74166600000001,-81.14917
7.75750000000005,-81.129181
7.75888799999996,-81.126953
7.75888799999996,-81.124176
7.745,-81.1055599999999
7.74055500000009,-81.103058
7.73194400000011,-81.101395
7.72527700000006,-81.1011199999999
7.71777699999996,-81.103897
---
7.81638800000007,-81.1691739999999
7.81805500000002,-81.173615
7.82361000000009,-81.1744539999999
7.83805499999994,-81.1677859999999
7.84138899999994,-81.1644589999999
7.84166599999998,-81.161392
7.83888799999994,-81.160568
7.83027699999997,-81.162231
7.82277799999997,-81.165283
---
8.08694300000008,-82.3619539999999
8.087221,-82.364731
8.08888800000011,-82.366394
8.09138900000005,-82.366119
8.12610999999998,-82.343903
8.128332,-82.339447
8.13666500000005,-82.319733
8.13555500000007,-82.3175049999999
8.13333300000005,-82.316116
8.12888700000008,-82.316116
8.09916500000008,-82.320007
8.09138900000005,-82.3275149999999
8.08805500000011,-82.337784
8.08749999999998,-82.340561
---
8.18888900000013,-82.261673
8.18999900000011,-82.2780609999999
8.19360900000004,-82.295288
8.19527599999992,-82.3005679999999
8.19861000000009,-82.303894
8.21277599999996,-82.313904
8.21888700000005,-82.3133389999999
8.22055399999994,-82.311401
8.22138800000005,-82.308624
8.227777,-82.28389
8.22805400000004,-82.2780609999999
8.226944,-82.274445
8.22472200000004,-82.260559
8.21499799999998,-82.232224
8.20610999999997,-82.213623
8.20277600000003,-82.210007
8.20055400000001,-82.209457
8.19833199999999,-82.2108459999999
8.19749800000011,-82.2133479999999
---
8.24000000000007,-77.988342
8.24666600000006,-78.002792
8.24888800000008,-78.003891
8.25111000000004,-78.0030669999999
8.251665,-77.9980619999999
8.25055499999996,-77.9922329999999
8.24722099999997,-77.988342
8.24222200000008,-77.986954
---
8.207222,-82.3880619999999
8.22444300000006,-82.401672
8.25305399999996,-82.403625
8.28166599999997,-82.37001
8.28444300000007,-82.365845
8.28527600000007,-82.3636169999999
8.29250000000008,-82.338898
8.29250000000008,-82.336121
8.29138800000004,-82.333618
8.28861000000006,-82.329727
8.27638800000011,-82.316116
8.27166600000004,-82.3141779999999
8.268888,-82.3141779999999
8.23361,-82.3325039999999
---
8.2008320000001,-79.110001
8.23138800000004,-79.124725
8.28611000000001,-79.118896
8.29305499999998,-79.115845
8.30361000000005,-79.108902
8.30694400000004,-79.105286
8.309166,-79.097504
8.30888700000003,-79.095001
8.30583200000001,-79.091125
8.28527600000007,-79.076675
8.25583300000005,-79.058334
8.25138900000007,-79.055847
8.24972199999996,-79.0569459999999
8.2041660000001,-79.1033479999999
8.20111100000008,-79.106949
---
8.36833199999995,-79.078613
8.39138800000001,-79.117233
8.39361000000002,-79.118622
8.39944299999996,-79.119446
8.41166499999997,-79.118057
8.41527700000006,-79.114456
8.41944300000011,-79.1083369999999
8.41999800000002,-79.10556
8.40972100000005,-79.0780639999999
8.40860900000007,-79.075836
8.40611099999995,-79.075012
8.38638900000012,-79.0722349999999
8.38305500000013,-79.0722349999999
8.37444300000004,-79.074173
8.36972000000009,-79.076401
---
8.27055500000012,-78.922226
8.29083300000013,-78.9572299999999
8.29222100000004,-78.959167
8.29638899999998,-78.961945
8.43305400000008,-78.963348
8.44222100000007,-78.9622339999999
8.44722200000012,-78.960281
8.44999900000005,-78.956116
8.45166599999993,-78.950836
8.46388800000011,-78.883621
8.45694400000002,-78.871674
8.44111100000003,-78.856125
8.43361099999998,-78.850006
8.40222200000005,-78.8319549999999
8.40000000000009,-78.831116
8.3883320000001,-78.829727
8.33611100000013,-78.8302919999999
8.31972100000007,-78.834732
8.29444300000006,-78.843338
8.29055399999999,-78.84639
8.28861000000006,-78.851395
---
9.12472200000008,-82.0200039999999
9.12527699999998,-82.0230559999999
9.127499,-82.0275119999999
9.13777700000003,-82.0416719999999
9.14416499999993,-82.049179
9.14916600000004,-82.0511169999999
9.15527700000007,-82.0511169999999
9.17416600000013,-82.047226
9.17638799999997,-82.0458369999999
9.17750000000012,-82.043335
9.17694300000005,-82.040558
9.16499899999997,-82.024734
9.16305500000004,-82.0230559999999
9.14777800000007,-82.0105589999999
9.13999900000005,-82.004456
9.13749899999993,-82.005005
9.12638899999996,-82.0150149999999
---
9.33416599999993,-82.22612
9.33499899999993,-82.2286219999999
9.33750000000009,-82.229446
9.34361100000001,-82.229446
9.35083200000008,-82.226395
9.35249899999997,-82.224731
9.35111000000001,-82.222504
9.34954100000004,-82.222549
9.3463880000001,-82.221954
9.33777600000002,-82.223618
9.33499899999993,-82.224457
---
9.27194400000008,-82.124451
9.33833300000009,-82.20668
9.34361100000001,-82.208344
9.34833100000009,-82.2063899999999
9.34999799999997,-82.204453
9.35277700000006,-82.200287
9.353611,-82.1975099999999
9.35333300000008,-82.194458
9.35166500000008,-82.192505
9.34954100000004,-82.192047
9.34111000000001,-82.164459
9.32860900000003,-82.1341709999999
9.3094440000001,-82.091675
9.30472200000003,-82.0863949999999
9.28749800000003,-82.075836
9.28500000000014,-82.077225
9.28444300000007,-82.079178
---
9.33000000000004,-82.2452849999999
9.33277700000014,-82.249176
9.40361000000013,-82.322235
9.40777600000001,-82.325012
9.42472099999998,-82.314453
9.43527600000004,-82.2819519999999
9.43527600000004,-82.271393
9.43444399999999,-82.2652889999999
9.43361099999998,-82.26445
9.42916500000001,-82.258347
9.42527800000005,-82.2552799999999
9.38888700000001,-82.232788
9.38194300000009,-82.229446
9.376665,-82.2283479999999
9.36972000000003,-82.2283479999999
9.333055,-82.235001
9.33027600000014,-82.239182
---
9.53999899999997,-79.247787
9.5405540000001,-79.162231
9.54221899999999,-79.0758509999999
9.54527700000006,-79.053619
9.54749900000007,-79.035278
9.547777,-78.9950099999999
9.5438880000001,-78.9622339999999
9.54333299999996,-78.959457
9.5405540000001,-78.9586179999999
9.5380550000001,-78.960007
9.53444300000001,-78.963058
9.53305399999999,-78.9652859999999
9.52194400000002,-78.988617
9.52138700000012,-78.994736
9.52222100000006,-79.004456
9.52222100000006,-79.025009
9.51750000000004,-79.044174
9.5,-79.0614009999999
9.49444399999999,-79.066116
9.48944300000011,-79.0680689999999
9.46361000000002,-79.067505
9.46083300000009,-79.066956
9.43166500000007,-79.0588989999999
9.42999800000001,-79.0572359999999
9.42750000000007,-79.052505
9.42694299999999,-79.049454
9.42333200000002,-79.007782
9.42333200000002,-79.0050049999999
9.43194400000004,-78.703613
9.42916500000001,-78.554733
9.42750000000007,-78.5494539999999
9.40416500000003,-78.499176
9.38138800000002,-78.45195
9.35833199999996,-78.412231
9.33527800000013,-78.3666689999999
9.28666500000003,-78.2358399999999
9.25972200000012,-78.152237
9.23083300000008,-78.0386199999999
9.23000000000008,-78.035568
9.22722099999999,-78.0316769999999
9.14305500000012,-77.9441679999999
9.09629500000005,-77.882965
9.08361100000008,-77.848892
9.04944399999999,-77.806946
9.04583200000008,-77.8033449999999
8.97694400000006,-77.747787
8.97499799999997,-77.7466739999999
8.9541660000001,-77.738068
8.94888900000012,-77.746399
8.94444299999998,-77.748901
8.94138700000008,-77.7483369999999
8.93666600000006,-77.746399
8.87916600000011,-77.7047269999999
8.87694399999992,-77.7030639999999
8.87527700000004,-77.701401
8.83999799999992,-77.658066
8.82999999999993,-77.643616
8.83055500000006,-77.631668
8.83722100000006,-77.631668
8.83944300000002,-77.630569
8.84083200000003,-77.6283419999999
8.84083200000003,-77.625
8.83972199999999,-77.622513
8.76361100000008,-77.542786
8.71999899999997,-77.537231
8.71499800000004,-77.539169
8.71055400000006,-77.536957
8.70722200000006,-77.534454
8.70333299999999,-77.531403
8.696665,-77.524445
8.68610999999993,-77.510834
8.67527800000005,-77.493622
8.67277700000005,-77.48584
8.66083100000003,-77.445847
8.65860900000001,-77.4375
8.65833300000008,-77.4272309999999
8.6638870000001,-77.377228
8.66416499999997,-77.374725
8.66750000000008,-77.371124
8.67499900000007,-77.3666689999999
8.64611100000013,-77.3719479999999
8.56666600000005,-77.438614
8.55861100000004,-77.450562
8.55527700000005,-77.453903
8.53222100000005,-77.472229
8.52499999999998,-77.4752809999999
8.51361099999997,-77.4777829999999
8.49166500000013,-77.480011
8.47972100000004,-77.478348
8.46972100000011,-77.474731
8.46611000000007,-77.47139
8.46499800000009,-77.468903
8.46499800000009,-77.465561
8.46555499999999,-77.4591669999999
8.47083300000008,-77.450562
8.47361000000001,-77.443344
8.47444300000001,-77.430283
8.4730550000001,-77.424454
8.468887,-77.418335
8.46333300000003,-77.41362
8.45305400000007,-77.406677
8.44444300000004,-77.4013979999999
8.40083300000009,-77.376114
8.39638700000006,-77.373901
8.36416600000007,-77.368622
8.33722099999994,-77.368057
8.29277599999995,-77.3650049999999
8.28694300000001,-77.363892
8.28222100000011,-77.3619539999999
8.27805499999999,-77.3591769999999
8.26777600000003,-77.348892
8.21583200000003,-77.2961119999999
8.20194400000008,-77.275558
8.19527599999992,-77.2716669999999
8.14527700000014,-77.243896
8.09333200000009,-77.216675
8.0824990000001,-77.214172
7.99944399999993,-77.198334
7.93722200000008,-77.2155609999999
7.91083200000008,-77.285004
7.90638800000005,-77.294174
7.90361000000007,-77.29834
7.89861100000002,-77.303345
7.88694399999991,-77.3114009999999
7.78611100000001,-77.3719479999999
7.78000000000009,-77.3719479999999
7.773889,-77.368057
7.74305500000003,-77.343903
7.734444,-77.335007
7.73330600000003,-77.332306
7.72777700000012,-77.3280639999999
7.72333200000003,-77.325836
7.72083300000003,-77.324722
7.71749999999997,-77.324722
7.70916700000009,-77.326126
7.70472100000012,-77.328613
7.69888900000001,-77.333344
7.52777799999996,-77.5694579999999
7.52527699999996,-77.573898
7.52499999999998,-77.577225
7.52666700000003,-77.589172
7.52944399999996,-77.593338
7.53305499999993,-77.59668
7.54250000000002,-77.603058
7.55194399999999,-77.6075129999999
7.56249900000006,-77.610291
7.60333300000008,-77.624176
7.67777700000005,-77.662231
7.68110999999999,-77.665558
7.72361100000006,-77.732788
7.72416600000014,-77.7416689999999
7.72222099999999,-77.7466739999999
7.70999899999998,-77.7550049999999
7.69305500000013,-77.758896
7.66722199999998,-77.759445
7.63805500000007,-77.759445
7.62861100000009,-77.758896
7.61722200000014,-77.756393
7.60722199999998,-77.7527919999999
7.57916599999993,-77.736389
7.57083300000005,-77.730835
7.56722200000007,-77.7275089999999
7.55833200000006,-77.7227779999999
7.54805500000009,-77.720291
7.54138899999992,-77.719727
7.53222199999993,-77.72084
7.52416600000009,-77.723068
7.518888,-77.724731
7.50972200000012,-77.729172
7.50361100000003,-77.733337
7.49138799999997,-77.7416689999999
7.48583300000007,-77.7466739999999
7.48277800000005,-77.750565
7.47611000000012,-77.7711179999999
7.47472199999999,-77.7802889999999
7.47611000000012,-77.798889
7.47861100000006,-77.809448
7.48000000000008,-77.810837
7.22888900000004,-77.889725
7.22916600000002,-77.89389
7.23166700000002,-77.90834
7.23583300000013,-77.915283
7.33111099999996,-78.008621
7.50805500000001,-78.162506
7.53972099999993,-78.168625
7.54472200000004,-78.1669459999999
7.56555499999996,-78.1652829999999
7.57111099999997,-78.1666719999999
7.64611100000013,-78.234726
7.70722200000006,-78.281403
7.71249999999998,-78.2763979999999
7.72027700000007,-78.2736209999999
7.72666600000002,-78.273056
7.73777799999999,-78.275558
7.86694399999999,-78.3441769999999
7.87972200000013,-78.359177
7.88194399999992,-78.3636169999999
7.89083299999999,-78.3755649999999
7.90166700000009,-78.385834
7.90805499999999,-78.3897249999999
7.95916700000004,-78.410004
7.96916600000009,-78.413895
8.04583200000008,-78.4325099999999
8.05194299999999,-78.43306
8.06722100000007,-78.431122
8.07777599999991,-78.42778
8.08499899999998,-78.4244539999999
8.09111000000007,-78.420288
8.09777600000007,-78.413071
8.10138700000005,-78.406403
8.10083200000014,-78.4033359999999
8.09944299999995,-78.401398
8.09638799999999,-78.4008479999999
8.07361000000003,-78.400284
8.06805400000007,-78.402237
8.06611100000003,-78.4005579999999
8.06138800000008,-78.377228
8.06027600000004,-78.3713989999999
8.05777700000004,-78.326401
8.05972099999997,-78.3147279999999
8.06749899999994,-78.298615
8.07305500000012,-78.290558
8.10194399999995,-78.257233
8.13833199999999,-78.2386169999999
8.14388799999995,-78.2369539999999
8.15583200000003,-78.235001
8.17638799999997,-78.238068
8.18361100000004,-78.240845
8.18749800000012,-78.243896
8.207222,-78.265564
8.21472200000005,-78.279175
8.21916600000003,-78.285004
8.24555400000008,-78.30307
8.249166,-78.30278
8.25111000000004,-78.301392
8.25305399999996,-78.29834
8.26944400000002,-78.262222
8.32611100000014,-78.183334
8.32860900000009,-78.18251
8.39444400000008,-78.150284
8.40166699999997,-78.143616
8.40388899999999,-78.139175
8.40305500000005,-78.133621
8.39777800000007,-78.1283419999999
8.3111100000001,-78.045013
8.2710120000001,-78.03112
8.25173599999999,-78.025864
8.23245900000001,-77.9951929999999
8.23421100000002,-77.9671549999999
8.24603999999999,-77.961464
8.23388900000003,-77.892502
8.23083300000013,-77.88501
8.22527700000012,-77.876678
8.19555500000013,-77.8408359999999
8.15916600000003,-77.806946
8.13027800000009,-77.7852779999999
8.15499900000003,-77.779175
8.23499900000002,-77.868896
8.24611099999998,-77.889175
8.25222099999996,-77.91217
8.26666600000004,-77.983337
8.2675000000001,-78.0030669999999
8.27055500000012,-78.010834
8.27527600000008,-78.016113
8.33861000000013,-78.045288
8.45583200000004,-78.1075129999999
8.439165,-78.12056
8.37972100000013,-78.218613
8.37749900000011,-78.2333369999999
8.37972100000013,-78.2383419999999
8.38499800000011,-78.2469479999999
8.38638900000012,-78.248901
8.3941650000001,-78.255005
8.39944299999996,-78.2566679999999
8.40777600000007,-78.25473
8.39444400000008,-78.359451
8.33833299999992,-78.380005
8.33583300000004,-78.384171
8.33611100000013,-78.387512
8.34587299999993,-78.397781
8.34305400000011,-78.411957
8.34416599999992,-78.414169
8.44999900000005,-78.4922329999999
8.45583200000004,-78.493057
8.48333200000008,-78.491394
8.49222200000003,-78.489456
8.50194400000009,-78.485565
8.50527800000009,-78.485291
8.61694300000011,-78.507233
8.63694399999997,-78.538345
8.65222199999999,-78.564728
8.66222199999999,-78.603622
8.66277700000006,-78.6066739999999
8.66416499999997,-78.608612
8.70027700000009,-78.657501
8.74666599999995,-78.709732
8.79166600000002,-78.742233
8.90694400000007,-78.897232
8.91388700000005,-78.907501
8.916111,-78.912231
8.96083299999998,-79.009735
8.96444300000007,-79.0200039999999
8.96555500000011,-79.025848
8.96416699999997,-79.038071
8.96666500000009,-79.0530699999999
9.00155400000006,-79.062347
9.00588800000003,-79.068344
9.00905500000005,-79.071342
9.01422100000008,-79.072174
9.052888,-79.067673
9.10861000000011,-79.0377809999999
9.10916500000002,-79.025009
9.11111100000011,-79.016403
9.11194400000011,-79.013901
9.13222100000007,-78.982788
9.13805400000007,-78.978058
9.14110900000003,-78.976959
9.14277600000014,-78.978622
9.13583200000005,-79.0066679999999
9.12583200000006,-79.039734
9.08499899999998,-79.108902
9.05744299999992,-79.123566
9.05461000000003,-79.1202389999999
9.04961000000003,-79.116898
9.04794299999998,-79.116562
9.035777,-79.116898
9.03194300000001,-79.117233
9.02894400000002,-79.118233
9.02644300000003,-79.120064
9.01627600000012,-79.1285709999999
9.01327700000013,-79.131737
9.01227699999998,-79.1350709999999
9.01227699999998,-79.138733
9.00305400000002,-79.218903
9.00860999999998,-79.238068
9.01555400000007,-79.2555689999999
9.01666600000004,-79.2613979999999
9.01805500000006,-79.281403
9.01610900000014,-79.3658449999999
9.01361100000008,-79.390289
9.00805500000007,-79.433899
8.99860999999999,-79.4755709999999
8.99611099999998,-79.480286
8.96194300000002,-79.521393
8.95749900000004,-79.523895
8.93333200000006,-79.531403
8.92388700000004,-79.526947
8.91777600000012,-79.523056
8.90388900000005,-79.525009
8.88027800000009,-79.576126
8.87972100000002,-79.579178
8.87388800000002,-79.63945
8.86666499999995,-79.697784
8.83499900000004,-79.73584
8.83138800000006,-79.738892
8.79777700000011,-79.7572329999999
8.79250000000013,-79.759171
8.78333300000014,-79.760284
8.77027700000008,-79.7605589999999
8.75083200000006,-79.7563929999999
8.73222199999998,-79.751114
8.7280540000001,-79.748337
8.72277600000001,-79.739731
8.71888699999994,-79.736954
8.71583199999998,-79.736954
8.70472100000006,-79.739731
8.60583300000013,-79.781113
8.45083200000005,-79.952789
8.40749900000003,-80.016113
8.40154100000001,-80.0264889999999
8.38305500000013,-80.070557
8.36749800000007,-80.099457
8.34138900000005,-80.135284
8.33749999999992,-80.1419529999999
8.29583200000008,-80.224457
8.29472200000004,-80.226959
8.28749800000008,-80.336945
8.28861000000006,-80.369736
8.28999900000008,-80.375
8.29222100000004,-80.376404
8.29444300000006,-80.3766779999999
8.29027699999995,-80.389725
8.26583300000004,-80.42334
8.26388700000012,-80.425293
8.21833199999998,-80.468903
8.21277599999996,-80.473618
8.19694300000003,-80.478897
8.15527700000013,-80.482224
8.14888800000011,-80.481949
8.09055499999999,-80.475281
8.08472100000012,-80.481125
8.08166500000004,-80.4816739999999
8.03138700000005,-80.449722
8.02111099999996,-80.442505
8.01805500000006,-80.438614
8.004999,-80.403336
8.001665,-80.3925019999999
7.99896900000005,-80.3820949999999
7.99888800000014,-80.378067
7.99583200000006,-80.356674
7.99500000000012,-80.353897
7.99194400000005,-80.350281
7.98555500000003,-80.3461149999999
7.95111100000014,-80.325836
7.91583300000013,-80.31723
7.75555500000007,-80.158615
7.64388800000006,-80.060287
7.52166700000009,-79.991119
7.51611000000003,-79.989731
7.4780550000001,-79.99556
7.47250000000003,-79.996948
7.46499900000003,-80.003342
7.45805499999994,-80.0133359999999
7.45166599999999,-80.0247339999999
7.43027700000005,-80.09584
7.41222200000004,-80.162231
7.41694399999994,-80.215012
7.42083300000002,-80.236954
7.42194399999994,-80.243057
7.42861100000005,-80.25029
7.43138900000002,-80.254456
7.4319440000001,-80.256958
7.43027700000005,-80.281403
7.41638900000004,-80.3083339999999
7.38361099999997,-80.3564
7.37583299999994,-80.362228
7.3677770000001,-80.3647309999999
7.36444399999999,-80.365005
7.30972200000002,-80.3758389999999
7.24722200000008,-80.429169
7.2444440000001,-80.433334
7.24333300000001,-80.442505
7.23638800000003,-80.593903
7.23492499999998,-80.634155
7.23138800000004,-80.636948
7.22722100000004,-80.649734
7.21638899999999,-80.6833339999999
7.20916699999998,-80.7138979999999
7.20611100000008,-80.798065
7.21027800000007,-80.85112
7.22027699999995,-80.882507
7.25000000000006,-80.925293
7.253333,-80.929169
7.25833299999999,-80.9308469999999
7.31611100000003,-80.913895
7.32027700000009,-80.908066
7.32416599999999,-80.89473
7.330555,-80.887512
7.33499899999998,-80.88501
7.34750000000014,-80.8861239999999
7.44416600000005,-80.912506
7.55777699999999,-80.948624
7.60472200000004,-80.9758449999999
7.61111100000005,-80.9802859999999
7.61805500000014,-80.9869539999999
7.63361100000009,-81.005844
7.64138799999995,-81.015839
7.67666599999995,-81.037231
7.74722199999997,-81.054733
7.82888800000001,-81.0575099999999
7.87333299999995,-81.05806
7.83972200000005,-81.1283419999999
7.85057100000012,-81.152817
7.85499399999998,-81.1788639999999
7.84221600000001,-81.1759109999999
7.82501600000006,-81.18132
7.81518700000004,-81.180336
7.80083300000007,-81.1716769999999
7.69138800000002,-81.19223
7.64611100000013,-81.1911159999999
7.63916599999999,-81.1911159999999
7.63638900000007,-81.1919559999999
7.63194399999998,-81.1944579999999
7.61194400000005,-81.2122339999999
7.60722199999998,-81.217789
7.60694400000006,-81.22084
7.62972200000002,-81.271118
7.64944400000002,-81.312225
7.6655550000001,-81.358063
7.66638899999998,-81.361115
7.68305500000014,-81.430283
7.69861000000003,-81.4969479999999
7.75722199999996,-81.572235
7.79222200000004,-81.5877839999999
7.80027799999993,-81.590012
7.87055500000014,-81.600006
7.94027700000009,-81.6086119999999
7.96888799999999,-81.6147309999999
7.97666599999997,-81.618622
7.97752400000013,-81.6217799999999
7.96999900000009,-81.631958
7.980277,-81.6511229999999
8.01860999999997,-81.6822359999999
8.06527699999998,-81.70668
8.06249800000006,-81.679733
8.06277700000004,-81.677231
8.06749899999994,-81.6750029999999
8.11611000000005,-81.698624
8.12499800000001,-81.703613
8.16249800000003,-81.738617
8.18860999999993,-81.9525149999999
8.21472200000005,-82.095291
8.18111000000005,-82.142227
8.19444299999992,-82.191956
8.19555500000013,-82.194458
8.213888,-82.213898
8.21833199999998,-82.2164
8.22138800000005,-82.216675
8.27249900000004,-82.218063
8.29277599999995,-82.2469479999999
8.31333200000012,-82.287231
8.30499800000013,-82.345001
8.29055399999999,-82.378616
8.28527600000007,-82.4030609999999
8.28472099999999,-82.405838
8.274721,-82.4694519999999
8.271387,-82.493057
8.2708320000001,-82.502792
8.27222100000012,-82.508347
8.28083200000009,-82.527237
8.28999900000008,-82.556122
8.30694400000004,-82.611954
8.318333,-82.6586149999999
8.32000000000005,-82.674454
8.31722100000002,-82.7216799999999
8.30277599999994,-82.7794489999999
8.29305499999998,-82.8075099999999
8.28222100000011,-82.83139
8.27722199999999,-82.8402859999999
8.2708320000001,-82.847778
8.26472100000001,-82.851959
8.23000000000013,-82.8697359999999
8.21944400000012,-82.872787
8.19083200000011,-82.87529
8.18083199999995,-82.875
8.10916500000002,-82.868347
8.10222099999999,-82.865005
8.09638799999999,-82.860291
8.087221,-82.855835
8.06277700000004,-82.849731
8.05999900000006,-82.8502809999999
8.02277800000007,-82.864182
8.02083199999998,-82.865845
8.020555,-82.872223
8.02566899999999,-82.8988489999999
8.03083199999998,-82.894455
8.04111100000011,-82.891113
8.07194299999998,-82.886948
8.07860900000014,-82.886673
8.10027700000006,-82.885834
8.10333300000013,-82.886124
8.25472100000007,-82.930847
8.26027700000003,-82.9358369999999
8.26916500000004,-82.94751
8.271387,-82.952515
8.27694300000002,-82.97084
8.27583299999998,-82.973343
8.29111100000006,-83.0050049999999
8.31055500000002,-83.0302889999999
8.34027700000001,-83.0177919999999
8.39944299999996,-82.952515
8.41444400000006,-82.93306
8.41666600000002,-82.9250029999999
8.41722099999993,-82.915558
8.42194400000011,-82.889175
8.42499900000013,-82.878342
8.42916500000001,-82.8719479999999
8.43388700000008,-82.866394
8.47465499999993,-82.8299259999999
8.57000000000005,-82.825562
8.626665,-82.8319549999999
8.63444299999998,-82.8344569999999
8.64277600000003,-82.8402859999999
8.68805500000013,-82.877502
8.690832,-82.881668
8.70999899999998,-82.896667
8.73388900000009,-82.9144589999999
8.73916600000007,-82.9161219999999
8.74277700000005,-82.9161219999999
8.76277700000003,-82.9144589999999
8.82416499999999,-82.881119
8.82749899999999,-82.877792
8.84138900000011,-82.860565
8.84416600000003,-82.8564
8.86249900000007,-82.8133389999999
8.87583200000012,-82.7680659999999
8.87944400000004,-82.757782
8.884998,-82.749725
8.9108240000001,-82.719864
8.91583300000013,-82.714737
8.92222200000009,-82.711121
8.9311100000001,-82.7108459999999
8.97555500000004,-82.738892
8.97972099999998,-82.7416689999999
8.98444399999994,-82.7469479999999
9.06722100000002,-82.8822329999999
9.06312399999996,-82.930466
9.19944399999997,-82.931122
9.47166600000008,-82.934723
9.585554,-82.864456
9.60666700000002,-82.845001
9.60833200000008,-82.843063
9.61222099999998,-82.833069
9.61166600000007,-82.829727
9.60666700000002,-82.8141779999999
9.58611100000007,-82.754181
9.58416600000004,-82.748901
9.5808320000001,-82.74556
9.54666499999996,-82.718903
9.509998,-82.684723
9.50750000000005,-82.680283
9.48833300000013,-82.637787
9.48777799999999,-82.634735
9.48916600000013,-82.612228
9.49166500000013,-82.607788
9.53555499999999,-82.5614009999999
9.56287600000013,-82.563568
9.56444400000004,-82.5594479999999
9.56012500000008,-82.5526659999999
9.55083300000007,-82.538071
9.54499800000008,-82.5302889999999
9.40722099999994,-82.3636169999999
9.32083300000005,-82.37001
9.28583099999997,-82.381668
9.188332,-82.324722
9.10333300000013,-82.2752839999999
9.00694300000009,-82.248611
8.9977760000001,-82.2369539999999
8.94138700000008,-82.105835
8.93083200000001,-82.060287
8.94472100000007,-81.983337
8.94527599999998,-81.816391
9.00333200000011,-81.7880709999999
9.06249800000006,-81.860001
9.11249900000001,-81.913895
9.16444400000006,-81.911118
9.16722099999998,-81.9102779999999
9.17111000000006,-81.907501
9.17249900000007,-81.905563
9.17472100000003,-81.896957
9.17499900000013,-81.8902889999999
9.17444400000005,-81.883896
9.17027700000006,-81.874176
9.16416500000008,-81.865845
9.04722199999998,-81.751404
9.00055500000002,-81.7086179999999
8.9558320000001,-81.6689
8.919443,-81.643341
8.88388800000001,-81.616394
8.87694399999992,-81.609726
8.83305500000012,-81.563904
8.82527700000014,-81.554733
8.79777700000011,-81.516678
8.79360999999994,-81.510284
8.79138799999998,-81.5052799999999
8.78972100000004,-81.4969479999999
8.78527599999995,-81.2736209999999
8.784559,-81.220596
8.78194399999995,-81.211945
8.78027700000007,-81.1961209999999
8.78749800000014,-81.153061
8.80250000000012,-81.089737
8.83194400000002,-80.97084
8.83999799999992,-80.96167
8.85111000000006,-80.948624
8.85666699999996,-80.9405669999999
8.87861100000003,-80.8836209999999
8.87916600000011,-80.874451
8.87666500000012,-80.869446
8.87527700000004,-80.867233
8.87416600000012,-80.8616789999999
8.87499800000006,-80.848618
8.87694399999992,-80.839737
8.880833,-80.830002
8.90388900000005,-80.805008
8.90749899999997,-80.801392
8.93694300000004,-80.779175
8.96638899999999,-80.756958
8.97694400000006,-80.746948
9.04166600000002,-80.6363979999999
9.05861099999993,-80.601959
9.08583300000009,-80.535843
9.13277599999998,-80.40834
9.13416499999994,-80.4027859999999
9.15027600000002,-80.3155669999999
9.15805399999999,-80.260834
9.16166499999997,-80.246948
9.19277799999998,-80.1547239999999
9.20694400000008,-80.117508
9.21722200000011,-80.09668
9.2230550000001,-80.0886229999999
9.25888800000001,-80.051392
9.30666500000001,-80.0044559999999
9.32860900000003,-79.988068
9.35194400000006,-79.970001
9.35416600000008,-79.965286
9.35833199999996,-79.9488979999999
9.35861000000006,-79.945847
9.40027600000013,-79.806122
9.43249899999995,-79.7486109999999
9.43805500000013,-79.7402799999999
9.48916600000013,-79.68779
9.49166500000013,-79.686676
9.53222099999999,-79.6697239999999
9.54611000000006,-79.667786
9.546944,-79.670288
9.54861100000005,-79.672226
9.551109,-79.67334
9.55416500000007,-79.673615
9.55888700000014,-79.6714019999999
9.59416600000003,-79.625839
9.60249900000014,-79.599457
9.61999900000001,-79.535568
9.62027700000004,-79.53334
9.56805400000013,-79.4630579999999
---
