18.047497,-67.886398
18.048054,-67.892227
18.074997,-67.930557
18.0813870000001,-67.936951
18.0902750000001,-67.938339
18.1097220000001,-67.9308469999999
18.112778,-67.926682
18.1144410000001,-67.903336
18.1141660000001,-67.862793
18.1074980000001,-67.8466799999999
18.0938869999999,-67.840286
18.0877760000001,-67.841675
18.0527759999999,-67.871399
18.048332,-67.880569
---
18.083054,-65.525009
18.084999,-65.545563
18.0869410000001,-65.551392
18.094997,-65.565567
18.101387,-65.573334
18.1097220000001,-65.5789029999999
18.114719,-65.580292
18.11861,-65.578339
18.1441650000001,-65.502792
18.149166,-65.486954
18.1641650000001,-65.434448
18.164997,-65.4283449999999
18.1644440000001,-65.395844
18.1477780000001,-65.301117
18.1325000000001,-65.305283
18.116943,-65.337784
18.0902750000001,-65.441391
---
18.276943,-65.2752839999999
18.278889,-65.279175
18.3319440000001,-65.333618
18.335831,-65.33667
18.346664,-65.338898
18.348053,-65.335007
18.3316650000001,-65.2847289999999
18.327499,-65.273346
18.3233300000001,-65.262512
18.315277,-65.248062
18.311943,-65.2441709999999
18.3074990000001,-65.241959
18.302219,-65.242783
---
18.487677,-66.768829
18.4894410000001,-66.695557
18.4824980000001,-66.5505679999999
18.474163,-66.466675
18.4672200000001,-66.305557
18.4641650000001,-66.208344
18.463892,-66.195
18.465553,-66.136398
18.4163860000001,-66.102783
18.4694440000001,-66.116959
18.474163,-66.116959
18.474998,-66.111115
18.445274,-66.031113
18.4563870000001,-66.014175
18.460278,-66.004181
18.460089,-65.9908599999999
18.454441,-65.904175
18.452221,-65.8905639999999
18.4305530000001,-65.801392
18.3752750000001,-65.643066
18.3649980000001,-65.626953
18.2752760000001,-65.6300049999999
18.26543,-65.6322169999999
18.2366640000001,-65.602509
18.232498,-65.603058
18.221386,-65.6133419999999
18.193607,-65.69278
18.063889,-65.823898
18.0558320000001,-65.83667
18.0444410000001,-65.8402859999999
18.018608,-65.8569489999999
17.9894410000001,-65.8847349999999
17.9863849999999,-65.888901
17.9819409999999,-65.8980559999999
17.9702760000001,-65.9275049999999
17.9666630000001,-65.937225
17.9222220000001,-66.204453
17.9280550000001,-66.237793
17.9433330000001,-66.290558
17.967499,-66.347778
17.960831,-66.3755649999999
17.982498,-66.454178
17.9655530000001,-66.5713959999999
17.9633330000001,-66.575836
17.9611090000001,-66.587234
17.9647220000001,-66.6711119999999
17.9669420000001,-66.684448
17.981388,-66.714737
17.970554,-66.789169
17.9602780000001,-66.8075099999999
17.953609,-66.8216709999999
17.946941,-66.8419489999999
17.9288860000001,-66.927231
17.9280550000001,-66.939728
17.9302750000001,-66.953339
17.959721,-67.067505
17.9499970000001,-67.096115
17.9324990000001,-67.182236
17.9324990000001,-67.187225
17.949444,-67.203903
17.9544409999999,-67.205566
17.960831,-67.205566
18.035,-67.1941679999999
18.10611,-67.175293
18.188332,-67.156403
18.214722,-67.157501
18.23761,-67.1690519999999
18.242775,-67.170563
18.2519419999999,-67.174454
18.278053,-67.1897279999999
18.2811090000001,-67.193619
18.2830540000001,-67.1991729999999
18.286663,-67.2111209999999
18.2872199999999,-67.218613
18.288887,-67.224731
18.291386,-67.2294459999999
18.3016660000001,-67.240845
18.3130530000001,-67.25029
18.341389,-67.261948
18.3627780000001,-67.266678
18.3680529999999,-67.266113
18.4849970000001,-67.172226
18.488888,-67.168625
18.5030520000001,-67.1544489999999
18.509163,-67.146393
18.5113870000001,-67.1419529999999
18.5116290000001,-67.139977
18.5180550000001,-67.101669
18.5194440000001,-67.083344
18.5191649999999,-67.063614
18.5158309999999,-67.039734
18.5136110000001,-67.0261229999999
18.5049970000001,-66.9966739999999
---
