25.33083,51.510551
25.310833,51.508888
25.304165,51.508606
25.299164,51.510551
25.29472,51.513054
25.289444,51.522774
25.285,51.541382
25.286388,51.561386
25.28833,51.573608
25.288055,51.581108
25.285553,51.586388
25.280277,51.595833
25.274166,51.604439
25.269165,51.606384
25.263885,51.60611
25.233061,51.604439
25.214443,51.613884
25.208885,51.614998
25.178608,51.615829
25.01722,51.612221
25.010277,51.611664
24.925831,51.57222
24.921944,51.570274
24.914165,51.563606
24.876942,51.531387
24.860832,51.511383
24.85833,51.50666
24.850555,51.5
24.845833,51.497215
24.787498,51.474998
24.781387,51.47361
24.761505,51.474632
24.663055,51.437218
24.659164,51.433884
24.592777,51.370277
24.586388,51.362221
24.57111,51.341385
24.57,51.336937
24.572498,51.331665
24.577221,51.32972
24.595276,51.328049
24.598331,51.33194
24.599442,51.338051
24.602776,51.342216
24.631943,51.349442
24.636108,51.346664
24.652222,51.328331
24.656944,51.271111
24.641941,51.220276
24.640274,51.214722
24.630276,51.210274
24.625275,51.212219
24.620888,51.215164
24.613331,51.209999
24.603054,51.198883
24.589443,51.183052
24.583332,51.174721
24.556042,51.111366
24.576111,50.976662
24.577774,50.969444
24.686386,50.868332
24.693615,50.863495
24.749966,50.830956
24.754166,50.838882
24.757221,50.842773
24.771255,50.853874
24.77861,50.858604
24.788609,50.863052
24.793888,50.864998
24.800831,50.865555
24.870552,50.857216
24.913609,50.849442
25.056942,50.808052
25.071663,50.802216
25.129454,50.767662
25.138885,50.766388
25.186108,50.760277
25.253609,50.755554
25.266109,50.754997
25.431389,50.751938
25.491108,50.751938
25.496666,50.753883
25.501389,50.75666
25.509163,50.763054
25.522778,50.77861
25.523888,50.784721
25.521664,50.789993
25.490276,50.807777
25.470554,50.815552
25.461388,50.820274
25.457775,50.823883
25.456665,50.830551
25.457775,50.836662
25.460278,50.841385
25.464165,50.844719
25.488331,50.842499
25.565277,50.833328
25.593052,50.827499
25.588886,50.907219
25.595554,50.948051
25.602776,50.955551
25.640831,50.975555
25.643055,50.970551
25.633888,50.950829
25.624996,50.923332
25.624165,50.917221
25.626942,50.912773
25.656387,50.892776
25.660553,50.889999
25.665554,50.888054
25.712219,50.888054
25.718609,50.88916
25.727776,50.89444
25.730736,50.898163
25.767498,50.898605
25.77972,50.901108
25.783886,50.904442
25.806942,50.923332
25.807777,50.929718
25.801941,50.938332
25.79472,50.945549
25.790276,50.948326
25.77861,50.949715
25.774166,50.952499
25.775276,50.958885
25.77861,50.962776
25.802498,50.975273
25.809444,50.975555
25.82,50.972496
25.824169,50.969719
25.823946,50.962425
25.824997,50.956108
25.828053,50.95166
25.837776,50.947777
25.856388,50.948326
25.861664,50.949997
25.965275,50.998329
26.036942,51.033333
26.046387,51.038605
26.049442,51.042496
26.123608,51.171944
26.150833,51.235832
26.152775,51.241386
26.15361,51.247772
26.152775,51.25444
26.129166,51.304993
26.124443,51.313889
26.113052,51.332222
26.106941,51.34111
26.102776,51.343887
26.097775,51.345833
26.085278,51.346382
26.073055,51.343887
26.046944,51.343605
26.040833,51.343887
26.036388,51.346664
25.96722,51.389999
25.959721,51.397217
25.950832,51.410271
25.949591,51.413296
25.953053,51.478607
25.953331,51.48555
25.950554,51.498329
25.948608,51.50444
25.943886,51.514717
25.911942,51.564438
25.908333,51.568054
25.898609,51.571938
25.78083,51.593048
25.769722,51.593887
25.75,51.593048
25.693886,51.587494
25.624722,51.545555
25.617496,51.53833
25.614719,51.526665
25.612499,51.507217
25.611385,51.501106
25.605831,51.492218
25.591663,51.486107
25.586388,51.484161
25.550087,51.491169
25.528889,51.476944
25.524166,51.474159
25.518887,51.472221
25.512775,51.472496
25.502777,51.476387
25.48,51.488609
25.472221,51.49472
25.466663,51.50444
25.462498,51.507217
25.458054,51.50972
25.439163,51.518326
25.428608,51.521385
25.422222,51.52166
25.383415,51.51759
---
