46.887772,28.115826
46.920273,28.10638
46.973877,28.084721
46.980537,28.08194
46.983597,28.07972
46.991096,28.07111
47.015549,28.033886
47.024712,28.007771
47.030838,27.98966
47.041542,27.955872
47.042763,27.943886
47.044476,27.940893
47.044991,27.939995
47.102486,27.861382
47.152489,27.798054
47.201653,27.78611
47.204987,27.784718
47.262772,27.742214
47.282494,27.725269
47.285671,27.720778
47.287209,27.718601
47.287209,27.712494
47.293877,27.67944
47.302483,27.64138
47.306931,27.634163
47.311928,27.628326
47.366096,27.576103
47.485977,27.472916
47.565262,27.433331
47.616978,27.361191
47.636658,27.32777
47.6586,27.299438
47.66,27.298317
47.661377,27.297215
47.693047,27.280273
47.785255,27.238323
47.845818,27.211102
47.902199,27.200829
47.985817,27.158604
48.155548,27.000553
48.185547,26.954716
48.244156,26.825829
48.249435,26.808609
48.263885,26.704163
48.257164,26.634995
48.267365,26.635935
48.272217,26.636383
48.287498,26.643051
48.29805,26.648884
48.303604,26.654442
48.340546,26.695549
48.343048,26.698883
48.344711,26.703049
48.340828,26.711662
48.329163,26.720829
48.333054,26.808331
48.357773,26.981106
48.367767,27.233883
48.368881,27.244995
48.439713,27.454163
48.4655,27.51952
48.468323,27.547218
48.451385,27.755554
48.447769,27.770832
48.402771,27.862495
48.398331,27.869995
48.389435,27.876663
48.372765,27.883884
48.366936,27.888329
48.361382,27.893608
48.348045,27.912773
48.337494,27.932217
48.32972,27.948605
48.324997,27.963051
48.316666,28.014721
48.313606,28.066109
48.309715,28.08194
48.307495,28.085552
48.304993,28.088608
48.296104,28.095276
48.288605,28.096664
48.274994,28.094162
48.260551,28.086384
48.243324,28.08194
48.239433,28.082497
48.23333,28.086109
48.23082,28.089165
48.229431,28.09444
48.207771,28.203606
48.205269,28.222496
48.2061,28.233604
48.207497,28.238049
48.220543,28.259998
48.234718,28.28611
48.238045,28.294998
48.24305,28.339718
48.243607,28.345276
48.24305,28.35194
48.241104,28.356663
48.236382,28.363331
48.233604,28.365551
48.227211,28.369164
48.217209,28.373329
48.20916,28.373886
48.196098,28.370552
48.185822,28.364441
48.163879,28.388607
48.145828,28.436661
48.134163,28.501942
48.160545,28.551388
48.163048,28.560829
48.163048,28.567219
48.153603,28.642494
48.138603,28.737495
48.127213,28.802776
48.123604,28.811943
48.114159,28.824997
48.10527,28.831665
48.010452,28.87981
48.009438,28.880829
48.005554,28.882217
47.99498,28.893047
47.982201,28.907768
47.949982,28.9561
47.943314,28.967213
47.939423,28.975269
47.934418,28.98999
47.93248,29.010277
47.932198,29.022774
47.933861,29.038883
47.937485,29.047215
47.941643,29.054165
47.947762,29.059715
47.954697,29.063885
47.962761,29.066936
47.971642,29.068604
47.975258,29.070827
47.97831,29.073605
47.982758,29.080547
47.985817,29.094994
47.987206,29.111938
47.987206,29.13583
47.986092,29.141937
47.981644,29.149441
47.979149,29.152218
47.957481,29.17305
47.95192,29.178051
47.771935,29.256943
47.768593,29.258327
47.764435,29.258053
47.760544,29.25666
47.612206,29.198048
47.606102,29.192772
47.58416,29.163326
47.579163,29.156937
47.561371,29.140831
47.55526,29.135548
47.548325,29.131386
47.544159,29.131386
47.536942,29.132496
47.529984,29.134995
47.519981,29.139164
47.503609,29.146664
47.443047,29.184441
47.43998,29.186661
47.435265,29.193047
47.434151,29.198879
47.434708,29.204437
47.437485,29.213326
47.447487,29.220268
47.453316,29.225552
47.457207,29.233047
47.458603,29.237492
47.458878,29.243607
47.457497,29.248878
47.455269,29.252499
47.422211,29.299438
47.378319,29.358887
47.357773,29.380276
47.354439,29.38166
47.346375,29.381939
47.328873,29.377495
47.325272,29.378052
47.315819,29.383606
47.294991,29.405552
47.288322,29.416386
47.28611,29.428326
47.289429,29.466385
47.294159,29.478882
47.297211,29.481663
47.308037,29.487217
47.321663,29.490273
47.333603,29.48999
47.34166,29.49305
47.344147,29.496384
47.345543,29.500832
47.346657,29.51722
47.344437,29.554165
47.341103,29.563885
47.336655,29.57111
47.328606,29.57888
47.310265,29.590549
47.296944,29.595825
47.279709,29.600269
47.271935,29.600552
47.267769,29.600269
47.144707,29.573048
47.140831,29.571381
47.025269,29.593327
47.021103,29.59166
46.950272,29.573887
46.946091,29.573605
46.943047,29.575554
46.890266,29.737492
46.864441,29.85944
46.861382,29.868881
46.854996,29.880276
46.821106,29.939995
46.816666,29.947212
46.814156,29.949997
46.749428,29.970551
46.734428,29.972771
46.575272,29.968884
46.571381,29.967495
46.564995,29.962769
46.562485,29.959435
46.561104,29.95499
46.55999,29.921383
46.559151,29.916386
46.555149,29.90547
46.551659,29.896107
46.536942,29.896107
46.529984,29.898602
46.522217,29.906937
46.505272,29.928608
46.45665,30.006943
46.443047,30.035275
46.435265,30.065826
46.42971,30.090549
46.429436,30.102493
46.428596,30.109158
46.424332,30.123955
46.416901,30.133228
46.409714,30.132214
46.407284,30.131048
46.402206,30.128609
46.39193,30.122215
46.386101,30.11694
46.381927,30.103886
46.380547,30.093052
46.378876,30.048607
46.378876,29.996384
46.379715,29.96666
46.383606,29.929993
46.381927,29.920273
46.378876,29.913052
46.346375,29.866383
46.368599,29.825272
46.44249,29.735825
46.439423,29.733047
46.379433,29.662212
46.371094,29.647774
46.368317,29.639164
46.369156,29.626659
46.37027,29.620831
46.374985,29.60638
46.378593,29.597775
46.432213,29.499718
46.440262,29.492214
46.444153,29.491657
46.452492,29.49416
46.473038,29.506943
46.477486,29.508053
46.481102,29.5075
46.484428,29.506104
46.487206,29.503326
46.491096,29.495544
46.49221,29.489716
46.491936,29.478329
46.469986,29.350826
46.434151,29.303326
46.427483,29.305832
46.417206,29.309158
46.409714,29.310272
46.405266,29.309158
46.402206,29.306664
46.399712,29.303326
46.368317,29.238323
46.36554,29.229713
46.365273,29.224159
46.367203,29.212769
46.371094,29.20499
46.37748,29.201382
46.381371,29.200829
46.385262,29.202496
46.388329,29.20499
46.39415,29.210274
46.403046,29.218052
46.413048,29.224712
46.416939,29.226379
46.484711,29.228329
46.511375,29.224995
46.522484,29.223328
46.532761,29.219437
46.544968,29.203297
46.539719,29.173882
46.498047,29.043053
46.49527,29.034718
46.478325,28.994434
46.472481,28.98333
46.463875,28.969437
46.435822,28.935825
46.428322,28.932217
46.419991,28.931934
46.289429,28.949997
46.221375,29.017494
46.213875,29.025826
46.201096,29.038609
46.197762,29.04055
46.193871,29.041103
46.189423,29.040276
46.013054,28.976662
46.006653,28.971935
46.004166,28.968884
46.000542,28.955547
45.99054,28.896664
45.978325,28.829437
45.972481,28.801105
45.966385,28.772221
45.961937,28.759438
45.959984,28.755833
45.957207,28.753326
45.950272,28.749435
45.941093,28.747494
45.929153,28.747768
45.922768,28.751389
45.912491,28.755276
45.874161,28.766937
45.866936,28.768887
45.862762,28.768604
45.847481,28.762497
45.784157,28.688885
45.77916,28.682774
45.775269,28.675274
45.773872,28.671104
45.772484,28.654995
45.770264,28.604713
45.768593,28.594994
45.763054,28.583607
45.711098,28.524441
45.668053,28.490551
45.664986,28.489433
45.661934,28.492214
45.65387,28.514996
45.647484,28.525555
45.644707,28.528332
45.64193,28.530273
45.531662,28.530552
45.520821,28.525272
45.517769,28.522774
45.511932,28.511944
45.509163,28.503326
45.506653,28.488602
45.506386,28.477489
45.511101,28.404995
45.512497,28.394157
45.517769,28.366383
45.523041,28.345551
45.527489,28.316383
45.526649,28.293884
45.525269,28.283886
45.523041,28.274998
45.517212,28.258053
45.513329,28.250275
45.508881,28.243607
45.503319,28.238049
45.487488,28.226662
45.465546,28.216103
45.461372,28.214718
45.448647,28.21484
45.450111,28.211311
45.469437,28.176941
45.474709,28.17194
45.583321,28.06916
45.62027,28.12888
45.620529,28.145662
45.623047,28.154995
45.624985,28.158604
45.628036,28.161102
45.631927,28.162495
45.6661,28.16666
45.670273,28.166939
45.71804,28.164993
45.721657,28.164436
45.725548,28.163609
45.921928,28.120274
45.966103,28.10722
45.984425,28.097387
45.988884,28.094994
45.991653,28.09277
46.004166,28.085831
46.011658,28.084438
46.075829,28.091385
46.102291,28.108326
46.124718,28.115829
46.190536,28.138882
46.330269,28.193604
46.42083,28.245544
46.430672,28.250111
46.435822,28.252499
46.604439,28.247211
46.606525,28.246958
46.615822,28.245827
46.666656,28.233883
46.667683,28.23315
46.672493,28.229713
46.682213,28.217495
46.698601,28.20388
46.739716,28.174435
46.833878,28.116108
46.837212,28.114716
46.84137,28.114716
46.849434,28.117493
46.854404,28.119717
---
