-21.057503,55.744995
-21.103336,55.783607
-21.10667,55.787216
-21.11528,55.800278
-21.123611,55.820831
-21.127224,55.839165
-21.128891,55.844994
-21.131668,55.849159
-21.136391,55.851387
-21.168613,55.85305
-21.319447,55.825554
-21.324722,55.823883
-21.328892,55.821106
-21.341667,55.806938
-21.349724,55.793327
-21.351112,55.787498
-21.364445,55.721939
-21.37389,55.674164
-21.373611,55.659439
-21.354725,55.533333
-21.3125,55.427773
-21.274445,55.351944
-21.268612,55.34333
-21.20639,55.293327
-21.076389,55.229721
-21.06139,55.225555
-21.027779,55.219719
-21.022224,55.221382
-20.921669,55.294441
-20.868893,55.405273
-20.865559,55.414993
-20.856392,55.448883
-20.85667,55.456108
-20.878891,55.570831
-20.888615,55.612221
-20.901669,55.657494
-20.903614,55.662498
-20.910557,55.669716
-20.928059,55.687775
-20.945835,55.697777
-20.955002,55.702774
-20.965836,55.705551
-20.998058,55.709999
---
