13.714998,-60.956116
13.728054,-60.968056
13.744444,-60.986389
13.749722,-60.995003
13.750832,-61.001396
13.75,-61.01445
13.752499,-61.026115
13.761389,-61.039169
13.770555,-61.05056
13.78861,-61.067505
13.796944,-61.072784
13.801943,-61.074448
13.808054,-61.075005
13.873333,-61.079727
13.879999,-61.079445
13.896944,-61.075005
13.969721,-61.035004
14.009722,-61.011673
14.104721,-60.945839
14.109165,-60.936394
14.109444,-60.930283
14.105555,-60.919724
14.102499,-60.91584
14.099722,-60.914452
14.013054,-60.888062
13.975832,-60.878616
13.956665,-60.878059
13.854166,-60.885284
13.848055,-60.886116
13.82361,-60.890007
13.778332,-60.900284
13.717777,-60.938339
13.709999,-60.951393
13.709444,-60.954727
---
