46.747215,-56.220276
46.7508320000001,-56.226662
46.759438,-56.235001
46.7638850000001,-56.2372209999999
46.76944,-56.235832
46.7791600000001,-56.22583
46.796661,-56.205002
46.805267,-56.1944429999999
46.8088840000001,-56.188889
46.810547,-56.1825029999999
46.80999,-56.173889
46.809158,-56.1666639999999
46.8055499999999,-56.150276
46.801384,-56.144447
46.7963869999999,-56.145836
46.7911070000001,-56.150276
46.7597200000001,-56.144165
46.7580490000001,-56.150833
---
46.988884,-56.275558
46.9844360000001,-56.2808299999999
46.9811020000001,-56.286667
46.979431,-56.293335
46.983604,-56.2969509999999
46.9883270000001,-56.298058
46.992767,-56.301666
46.992493,-56.339439
46.9911040000001,-56.346947
46.986382,-56.3480529999999
46.9757460000001,-56.338085
46.9722400000001,-56.326988
46.968151,-56.307709
46.9605560000001,-56.307709
46.94537,-56.314137
46.930767,-56.3176419999999
46.90416,-56.31472
46.8997190000001,-56.3111109999999
46.895828,-56.305832
46.8897170000001,-56.289169
46.88916,-56.273056
46.885551,-56.25695
46.878876,-56.242775
46.8749920000001,-56.237503
46.8702700000001,-56.235001
46.865273,-56.2330549999999
46.855827,-56.2319409999999
46.850273,-56.23333
46.844437,-56.236389
46.8383260000001,-56.2413859999999
46.8347170000001,-56.246391
46.782768,-56.3313899999999
46.7799910000001,-56.337502
46.778328,-56.3438869999999
46.784721,-56.368332
46.788887,-56.374443
46.8224950000001,-56.394447
46.8269420000001,-56.3969499999999
46.8316649999999,-56.398056
46.8372120000001,-56.396393
46.843323,-56.391388
46.846939,-56.3866649999999
46.8522190000001,-56.3741679999999
46.856102,-56.3538889999999
46.858887,-56.347778
46.863052,-56.342499
46.8863830000001,-56.3322219999999
46.891663,-56.330833
46.897217,-56.329445
46.923882,-56.3255619999999
46.9319380000001,-56.326447
46.9377710000001,-56.327778
46.948326,-56.330833
46.988602,-56.35556
47.0019380000001,-56.366112
47.0530470000001,-56.385559
47.09166,-56.395836
47.1013870000001,-56.398056
47.106659,-56.397781
47.118881,-56.390282
47.127487,-56.3799969999999
47.1311040000001,-56.3741679999999
47.135826,-56.361115
47.1366580000001,-56.3472209999999
47.1322100000001,-56.3447189999999
47.0886000000001,-56.325836
47.070831,-56.289444
47.05249,-56.259727
47.044716,-56.249443
47.0397190000001,-56.246391
47.0349960000001,-56.247223
46.994156,-56.271111
---
