17.091663,-62.585007
17.091942,-62.5913929999999
17.095276,-62.610558
17.102497,-62.617226
17.111385,-62.6219479999999
17.120831,-62.6252819999999
17.1266630000001,-62.626114
17.1391640000001,-62.625557
17.1511080000001,-62.623611
17.1633300000001,-62.620285
17.1911090000001,-62.610001
17.19722,-62.5997239999999
17.1997180000001,-62.582779
17.199444,-62.576118
17.1899990000001,-62.5486149999999
17.1866650000001,-62.544724
17.18222,-62.542503
17.1769410000001,-62.541389
17.144997,-62.535278
17.13361,-62.534172
17.120831,-62.535278
17.1086080000001,-62.538612
17.09972,-62.5444489999999
17.096107,-62.5477829999999
17.094166,-62.5527799999999
---
17.241943,-62.6225049999999
17.231388,-62.62056
17.2244420000001,-62.6216739999999
17.2208329999999,-62.6252819999999
17.2088850000001,-62.6538929999999
17.239166,-62.6622239999999
17.2572210000001,-62.6711119999999
17.2649990000001,-62.677223
17.278332,-62.6925049999999
17.2858310000001,-62.7075039999999
17.28611,-62.71389
17.2841640000001,-62.725006
17.284721,-62.73806
17.2874980000001,-62.759445
17.292221,-62.778336
17.299999,-62.793335
17.324444,-62.835281
17.3277740000001,-62.839172
17.366386,-62.861671
17.3708310000001,-62.863892
17.38583,-62.856392
17.3930550000001,-62.8494489999999
17.4019430000001,-62.8386149999999
17.410831,-62.8175049999999
17.4094430000001,-62.8127819999999
17.368053,-62.734726
17.3652760000001,-62.730003
17.336941,-62.7016679999999
---
