-14.057503,-171.441986
-14.052778,-171.465271
-14.050556,-171.47998
-14.047779,-171.516663
-14.047779,-171.524445
-14.05028,-171.546112
-14.052502,-171.588928
-14.05028,-171.648376
-14.035833,-171.768097
-14.012503,-171.911133
-13.9144479999999,-172.04837
-13.910559,-172.052826
-13.906113,-172.056976
-13.900278,-172.060028
-13.881945,-172.064758
-13.874443,-172.064758
-13.869165,-172.061707
-13.8647209999999,-172.0578
-13.84111,-172.030853
-13.839443,-172.027802
-13.8066669999999,-171.906708
-13.805555,-171.883911
-13.8075029999999,-171.822266
-13.831669,-171.748077
-13.878613,-171.619141
-13.9825,-171.446136
-13.986387,-171.44223
-13.999443,-171.431976
-14.005281,-171.429443
-14.012779,-171.42865
-14.019724,-171.429749
---
-13.563055,-172.222504
-13.591946,-172.203064
-13.613335,-172.193359
-13.677502,-172.168884
-13.684444,-172.167816
-13.691389,-172.167816
-13.8052809999999,-172.210541
-13.807777,-172.214172
-13.808889,-172.225037
-13.8075029999999,-172.251953
-13.8058359999999,-172.257538
-13.8019469999999,-172.262268
-13.79167,-172.393341
-13.8066669999999,-172.482788
-13.8069459999999,-172.489197
-13.8066669999999,-172.508911
-13.8052809999999,-172.51947
-13.803888,-172.527222
-13.800835,-172.532501
-13.7658369999999,-172.574432
-13.7397209999999,-172.590027
-13.6261099999999,-172.691101
-13.575832,-172.75
-13.5722239999999,-172.753387
-13.549999,-172.772827
-13.539722,-172.779724
-13.533335,-172.780609
-13.530003,-172.780304
-13.527225,-172.77948
-13.519445,-172.775024
-13.515556,-172.77005
-13.511112,-172.758087
-13.509445,-172.753082
-13.5075039999999,-172.741699
-13.509445,-172.736115
-13.5133339999999,-172.728638
-13.519169,-172.655273
-13.509113,-172.596497
-13.497223,-172.551941
-13.4797209999999,-172.475281
-13.464169,-172.391113
-13.4605559999999,-172.36084
-13.4613899999999,-172.348358
-13.469168,-172.311401
-13.471111,-172.304443
-13.474169,-172.29892
-13.481943,-172.289734
-13.4863869999999,-172.285858
---
