42.642776,20.105831
42.64666,20.106941
42.654442,20.10722
42.659996,20.101665
42.664444,20.094444
42.673882,20.07
42.677773,20.048611
42.678886,20.025276
42.680832,20.015274
42.684441,20.007774
42.701385,19.980274
42.703888,19.977497
42.707497,19.975277
42.715271,19.976944
42.721939,19.980274
42.73333,19.990833
42.752495,20.014999
42.766106,20.039444
42.773048,20.066666
42.773888,20.076664
42.773605,20.088608
42.770271,20.104443
42.767494,20.112778
42.761108,20.231941
42.833328,20.379444
42.835548,20.382774
42.849159,20.376942
42.886383,20.348888
42.891106,20.34333
42.926384,20.297497
42.932495,20.286942
42.941666,20.25972
42.967499,20.178333
42.971107,20.164165
42.972221,20.153053
42.971664,20.147499
43.005554,20.059719
43.037216,20.035831
43.090553,19.969719
43.106384,19.920277
43.148048,19.783607
43.17083,19.692497
43.174438,19.67083
43.178055,19.656666
43.181664,19.647778
43.186104,19.641941
43.236107,19.585831
43.256386,19.563332
43.263329,19.560276
43.270271,19.558609
43.284996,19.548332
43.317215,19.517776
43.321938,19.511944
43.373604,19.444164
43.449715,19.279442
43.459999,19.254719
43.513214,19.228809
43.544167,19.287498
43.584442,19.408607
43.571388,19.480553
43.588051,19.493889
43.679718,19.51083
43.69194,19.510277
43.700272,19.50972
43.718887,19.505554
43.733887,19.500832
43.740273,19.498333
43.753609,19.492775
43.763329,19.487499
43.772774,19.475277
43.800278,19.437496
43.859444,19.366943
43.962379,19.251221
44.002831,19.237019
44.011009,19.237019
44.01416,19.239441
44.01445,19.244335
43.998528,19.30674
43.996941,19.311108
43.981743,19.351498
43.979721,19.355274
43.974159,19.359722
43.969162,19.365833
43.965553,19.374165
43.960655,19.428532
43.958885,19.485275
43.958076,19.514175
43.958939,19.524502
43.962379,19.532249
44.016602,19.616173
44.018883,19.619442
44.021767,19.621765
44.048454,19.620476
44.052216,19.61972
44.054909,19.617031
44.060272,19.596943
44.120277,19.485832
44.209412,19.357952
44.264999,19.239998
44.265358,19.234867
44.284439,19.165833
44.286011,19.161705
44.28833,19.158054
44.313889,19.130276
44.316574,19.127705
44.355827,19.104443
44.376663,19.105553
44.514542,19.123402
44.521423,19.128136
44.524864,19.135883
44.560158,19.193981
44.70472,19.31361
44.747215,19.336109
44.766304,19.344612
44.769165,19.345833
44.863052,19.382774
44.866577,19.381622
44.88916,19.371387
44.908607,19.310276
44.910271,19.299442
44.923332,19.188053
44.923607,19.177219
44.921387,19.168053
44.901382,19.121109
44.861382,19.039719
44.880272,19.02861
44.889442,19.015831
44.89444,19.009441
44.900276,19.004719
44.904442,19.004444
44.907776,19.006107
44.914162,19.01083
44.916664,19.013611
44.930832,19.032497
44.932495,19.036663
44.931664,19.043053
44.928055,19.050831
45.031944,19.115555
45.096664,19.104164
45.212219,19.163609
45.216385,19.171108
45.216942,19.187496
45.211662,19.207331
45.208332,19.21833
45.198883,19.234997
45.184715,19.247219
45.182777,19.250832
45.180275,19.261665
45.173332,19.352497
45.174995,19.41111
45.175827,19.415833
45.179993,19.422775
45.189163,19.424442
45.209999,19.426109
45.22583,19.423885
45.234718,19.418331
45.235832,19.400093
45.235748,19.388962
45.234161,19.356667
45.235001,19.34446
45.238365,19.320339
45.243408,19.285004
45.247429,19.260521
45.270332,19.190205
45.287498,19.138611
45.29805,19.112499
45.370827,18.988609
45.378624,18.980324
45.389717,18.978054
45.48333,18.996387
45.48745,18.997711
45.490829,19
45.497169,19.010239
45.498665,19.020523
45.495483,19.030621
45.489716,19.0425
45.486664,19.051666
45.48558,19.057545
45.486107,19.073887
45.489502,19.087837
45.493805,19.094753
45.499786,19.0998
45.508949,19.101673
45.515869,19.099987
45.521851,19.095875
45.561386,19.024719
45.562988,19.020523
45.563889,19.014164
45.562492,19.003887
45.561119,18.999771
45.558052,18.996944
45.541298,18.973969
45.538681,18.965366
45.537186,18.955269
45.538681,18.942181
45.541855,18.933018
45.547844,18.925346
45.567284,18.904785
45.570274,18.902496
45.577499,18.900833
45.613281,18.907215
45.620758,18.909458
45.623329,18.912498
45.625275,18.933609
45.630829,18.939163
45.65416,18.960552
45.663017,18.968357
45.667496,18.969166
45.671616,18.969479
45.77861,18.958611
45.781944,18.957489
45.784721,18.955276
45.811943,18.924442
45.819443,18.908886
45.820274,18.90361
45.824997,18.889721
45.828888,18.883053
45.873886,18.833054
45.877129,18.831654
45.912964,18.81702
45.91111,18.835831
45.91111,18.858887
45.952499,18.995552
45.963882,19.006664
45.968887,19.012775
46.01722,19.080555
46.021385,19.087776
46.024437,19.096386
46.025833,19.107498
46.024994,19.119164
46.023605,19.123886
46.019997,19.130554
46.014999,19.136387
45.991661,19.148609
45.988884,19.151386
45.987221,19.155277
45.986664,19.16111
45.988327,19.281666
45.989441,19.286388
46.074165,19.460552
46.078606,19.46722
46.111664,19.511387
46.116661,19.517498
46.120277,19.518887
46.123886,19.517498
46.134438,19.506386
46.137497,19.504444
46.141106,19.505833
46.143883,19.50861
46.171944,19.559998
46.173607,19.570553
46.181389,19.660275
46.180832,19.672775
46.176392,19.70372
46.162216,19.74472
46.149162,19.842499
46.151382,19.845833
46.152771,19.850277
46.155273,19.859722
46.17083,19.961109
46.167496,20.112221
46.166939,20.118332
46.151382,20.200832
46.149719,20.20472
46.11805,20.257774
46.114853,20.261024
46.076111,20.306664
46.063606,20.321388
46.027222,20.352497
46.023605,20.353611
46.010277,20.352776
46.003052,20.355
45.993332,20.360832
45.984993,20.368332
45.97805,20.378052
45.915833,20.506386
45.913055,20.515553
45.912216,20.526665
45.912498,20.545555
45.909996,20.561943
45.903328,20.578888
45.894165,20.591663
45.833885,20.654999
45.830826,20.656944
45.813049,20.656944
45.801941,20.660553
45.795555,20.664165
45.746109,20.709999
45.743889,20.713333
45.740555,20.721664
45.739998,20.727497
45.741104,20.738609
45.743607,20.747776
45.750275,20.757774
45.75972,20.764164
45.766663,20.767498
45.771942,20.773052
45.773605,20.776943
45.773888,20.782776
45.773048,20.788055
45.769165,20.79583
45.76416,20.801388
45.757217,20.804443
45.744164,20.804722
45.656662,20.798885
45.649437,20.796108
45.637497,20.780552
45.629166,20.772499
45.622772,20.76833
45.619164,20.766941
45.609993,20.766666
45.602219,20.76833
45.507774,20.794167
45.478882,20.808331
45.345833,20.986664
45.316383,21.048885
45.232773,21.267498
45.229721,21.276386
45.217773,21.351387
45.21611,21.404999
45.214722,21.416664
45.187447,21.47337
45.183609,21.482777
45.151108,21.513611
45.147774,21.515274
45.139717,21.516109
45.126938,21.514164
45.123329,21.512775
45.053604,21.443054
45.023331,21.381943
45.020828,21.372776
45.018608,21.369442
45.015549,21.367222
45.008331,21.366943
45.00222,21.371109
44.996666,21.37611
44.973328,21.405552
44.971107,21.408886
44.961662,21.429722
44.960274,21.441109
44.964439,21.459164
44.963051,21.470833
44.961662,21.475555
44.94416,21.527775
44.938606,21.540833
44.933884,21.546944
44.928055,21.551388
44.91861,21.556389
44.908607,21.559719
44.900551,21.559719
44.896111,21.558609
44.893326,21.555832
44.890831,21.552776
44.889442,21.548611
44.879715,21.50222
44.875275,21.478886
44.874443,21.462776
44.876389,21.444443
44.877495,21.415276
44.874992,21.400276
44.868607,21.373055
44.864441,21.366108
44.833057,21.363052
44.823143,21.362091
44.785934,21.394196
44.780823,21.400398
44.779732,21.405869
44.776665,21.453609
44.777771,21.47472
44.778328,21.524441
44.776382,21.543053
44.77166,21.565552
44.763329,21.588333
44.758888,21.594997
44.753609,21.600277
44.747498,21.604164
44.717705,21.61565
44.710274,21.616386
44.697495,21.614719
44.692215,21.614719
44.688606,21.614998
44.678329,21.618332
44.672218,21.622776
44.664993,21.632221
44.660828,21.639721
44.657776,21.649441
44.656944,21.655552
44.654716,21.729721
44.656944,21.738609
44.661942,21.783607
44.649437,21.909164
44.63694,21.988888
44.635551,21.993889
44.631104,22.001389
44.628609,22.003887
44.593887,22.029163
44.589424,22.031261
44.564438,22.033333
44.557495,22.035553
44.551666,22.039444
44.503052,22.084442
44.498329,22.09111
44.490273,22.106667
44.481384,22.128609
44.479164,22.146385
44.478607,22.168888
44.481941,22.176941
44.493889,22.187222
44.585274,22.25861
44.604164,22.273331
44.635826,22.297775
44.645828,22.303608
44.657776,22.308609
44.664162,22.31361
44.668327,22.320553
44.710274,22.423611
44.713333,22.431664
44.714439,22.436386
44.715553,22.457775
44.713608,22.469719
44.710274,22.479164
44.703331,22.489998
44.695,22.496944
44.684715,22.508053
44.674721,22.519722
44.658607,22.543053
44.638611,22.574444
44.628052,22.592499
44.622215,22.604721
44.620552,22.609722
44.618889,22.622219
44.618607,22.644444
44.619995,22.659721
44.618889,22.671944
44.606667,22.709999
44.604721,22.713886
44.602493,22.71722
44.56192,22.762703
44.559006,22.764893
44.555199,22.765781
44.551338,22.765255
44.547325,22.763432
44.544411,22.76088
44.539719,22.754444
44.534439,22.743053
44.531662,22.734722
44.523888,22.709164
44.522522,22.699585
44.523979,22.686817
44.527222,22.677219
44.530548,22.667774
44.543053,22.645554
44.548607,22.6325
44.551109,22.621387
44.552216,22.609444
44.549164,22.590275
44.546104,22.582222
44.484444,22.463055
44.482216,22.459999
44.474358,22.457333
44.466698,22.457333
44.453201,22.461712
44.449997,22.463333
44.345276,22.529999
44.336388,22.536942
44.323051,22.549721
44.308327,22.567219
44.304718,22.576111
44.300827,22.591942
44.298035,22.616676
44.294167,22.641109
44.29055,22.657776
44.286385,22.672775
44.282494,22.680832
44.277771,22.687496
44.27166,22.691109
44.26416,22.691666
44.224701,22.681435
44.224716,22.676388
44.214439,22.653332
44.211937,22.650276
44.169998,22.619164
44.121666,22.614998
44.117493,22.614719
44.063889,22.552776
44.057777,22.536942
44.009438,22.420277
44.006943,22.416943
43.826942,22.367222
43.725555,22.406666
43.709442,22.414165
43.480827,22.536388
43.472496,22.543331
43.46833,22.550552
43.430832,22.628052
43.415833,22.669167
43.401382,22.718609
43.399994,22.724163
43.387497,22.761944
43.385826,22.766666
43.336388,22.824997
43.328888,22.833054
43.325829,22.834999
43.291664,22.845276
43.288055,22.845554
43.284996,22.847221
43.282219,22.84972
43.230827,22.904442
43.228607,22.907497
43.210548,22.940552
43.192772,23.004997
43.141663,22.99361
43.133049,22.990555
43.101662,22.966389
42.893608,22.745552
42.891663,22.741943
42.889717,22.73333
42.880829,22.66222
42.884995,22.654999
42.894722,22.614998
42.896111,22.603886
42.892776,22.585831
42.878609,22.524998
42.87722,22.520832
42.873055,22.514164
42.82666,22.44833
42.821663,22.442219
42.818604,22.44083
42.81472,22.440277
42.599442,22.44722
42.568886,22.464165
42.564995,22.472221
42.531105,22.522499
42.515549,22.544441
42.510277,22.549442
42.487495,22.558887
42.479164,22.558052
42.427498,22.538055
42.423332,22.536388
42.402222,22.522221
42.399162,22.519444
42.363052,22.459442
42.335274,22.410831
42.323883,22.365276
42.355827,22.335552
42.35833,22.332775
42.361382,22.324444
42.360275,22.308609
42.34166,22.221943
42.339722,22.218609
42.337219,22.216389
42.333611,22.213886
42.329437,22.212776
42.326111,22.210831
42.32,22.206108
42.316383,22.198887
42.315277,22.195
42.313889,22.184719
42.300552,22.083332
42.300552,22.07222
42.302216,22.061943
42.31694,22.023609
42.331108,21.855553
42.330826,21.850277
42.328331,21.841389
42.303329,21.806664
42.294167,21.799721
42.27861,21.794441
42.274162,21.793888
42.263329,21.788609
42.256943,21.778889
42.237495,21.738331
42.232773,21.721386
42.232216,21.710831
42.232773,21.70472
42.239716,21.681389
42.254166,21.61972
42.267776,21.481941
42.265831,21.466663
42.262497,21.459999
42.195549,21.348053
42.193054,21.344444
42.151382,21.30611
42.147774,21.304996
42.145271,21.221107
42.149994,21.215275
42.198051,21.141941
42.201385,21.13361
42.202499,21.12833
42.202499,21.116943
42.198883,21.104721
42.119995,20.914997
42.089996,20.807777
42.085274,20.796108
42.082497,20.792774
42.074715,20.785
42.050827,20.771942
42.04277,20.769722
41.993332,20.759163
41.981384,20.759441
41.974442,20.761665
41.946663,20.778053
41.938332,20.778889
41.929718,20.778332
41.925552,20.777222
41.918884,20.773888
41.874161,20.744164
41.863884,20.733055
41.860275,20.726387
41.856667,20.713055
41.85611,20.702499
41.855827,20.631664
41.858604,20.623333
41.862495,20.615276
41.869164,20.605553
41.882187,20.589642
41.906662,20.58083
41.918884,20.581108
41.922218,20.583054
41.927498,20.588608
41.931938,20.595276
41.937492,20.611385
41.941666,20.617775
41.954163,20.621944
41.963333,20.623886
41.966942,20.623333
42.04361,20.595276
42.211662,20.526108
42.214439,20.524166
42.23027,20.508888
42.264557,20.470432
42.274437,20.458054
42.278328,20.450832
42.304161,20.386944
42.311844,20.355675
42.323326,20.2575
42.32444,20.25222
42.328606,20.24472
42.33194,20.24361
42.352493,20.237499
42.356667,20.237778
42.364166,20.241108
42.368889,20.241943
42.423332,20.224163
42.433327,20.220833
42.506943,20.16861
42.511665,20.161942
42.513329,20.158054
42.529999,20.106667
42.536942,20.0975
42.560913,20.071423
---
