7.42083300000002,-12.5594459999999
7.44694400000009,-12.574722
7.45111100000008,-12.577501
7.46111100000002,-12.588335
7.46638900000011,-12.596945
7.4780550000001,-12.619446
7.48472199999998,-12.639723
7.49805500000002,-12.680557
7.50111099999992,-12.691113
7.50861100000003,-12.717779
7.51527700000003,-12.7450009999999
7.52916600000003,-12.803335
7.56500000000005,-12.950556
7.56833299999994,-12.952778
7.60777799999994,-12.8966669999999
7.61416600000001,-12.885
7.63555500000001,-12.688057
7.63666600000005,-12.6747229999999
7.63888800000007,-12.643057
7.63805500000007,-12.630556
7.63444400000009,-12.591112
7.59944400000001,-12.52639
7.59333300000009,-12.518612
7.57360999999997,-12.496946
7.56805500000007,-12.495556
7.50361100000003,-12.495556
7.49805500000002,-12.496946
7.43138900000002,-12.525278
---
9.98583200000002,-11.181391
9.98194300000011,-11.1783349999999
9.96972099999999,-11.169724
9.96499799999998,-11.167501
9.85888899999998,-11.113056
9.84833099999997,-11.096111
9.80944399999999,-11.051668
9.78194400000012,-11.0238899999999
9.75166500000006,-10.997223
9.72749900000002,-10.980001
9.60305400000004,-10.909168
9.47972100000004,-10.838612
9.39027599999997,-10.752224
9.38777699999997,-10.748056
9.34610900000007,-10.699722
9.309999,-10.659723
9.30583200000001,-10.656668
9.29972099999992,-10.656113
9.29499800000013,-10.656668
9.23333200000008,-10.668335
9.22805399999999,-10.669724
9.21611000000013,-10.6783349999999
9.20888700000006,-10.6852779999999
9.20333300000004,-10.693335
9.15944300000001,-10.7236119999999
9.10055499999993,-10.741112
9.09361100000007,-10.740835
9.08805500000005,-10.739445
9.0833320000001,-10.7372229999999
9.0800000000001,-10.733612
9.07805400000001,-10.7288889999999
9.07638700000012,-10.718334
9.07583199999999,-10.705002
9.07777600000009,-10.678612
9.07444400000009,-10.616667
9.07194299999992,-10.605556
9.05953199999993,-10.571526
9.04120100000006,-10.577314
8.99111000000011,-10.5944459999999
8.98027600000006,-10.597223
8.9566650000001,-10.600834
8.95055400000001,-10.601389
8.87583200000012,-10.594723
8.85805500000009,-10.591667
8.82444399999997,-10.583057
8.72499800000003,-10.513334
8.71083300000004,-10.5027789999999
8.62083200000001,-10.532501
8.61999900000001,-10.5388889999999
8.61805500000008,-10.543335
8.59944300000006,-10.576389
8.54611000000011,-10.618891
8.54138799999998,-10.620834
8.36194400000005,-10.69389
8.29861099999994,-10.695835
8.30721999999992,-10.5600009999999
8.31027600000004,-10.549168
8.31749900000011,-10.5352779999999
8.32611100000014,-10.523056
8.34499899999992,-10.496389
8.35138699999999,-10.48889
8.40194300000007,-10.437223
8.40611099999995,-10.434446
8.435833,-10.4227789999999
8.48805399999998,-10.392778
8.49222200000003,-10.3900009999999
8.49499900000012,-10.386112
8.50888800000001,-10.326389
8.50944300000009,-10.3202779999999
8.48837700000001,-10.266651
8.45861100000013,-10.264446
8.45166599999993,-10.2641679999999
8.20388800000001,-10.295557
8.19833199999999,-10.2969459999999
8.18999900000011,-10.302223
8.1655540000001,-10.325834
8.15361000000001,-10.341667
8.14638699999995,-10.355278
8.14499900000004,-10.360834
8.13916600000005,-10.43
8.14250000000004,-10.440556
8.14416499999999,-10.4525009999999
8.14444400000014,-10.470835
8.14388799999995,-10.477222
8.13638899999995,-10.4977779999999
8.13138800000007,-10.5069449999999
8.12305500000002,-10.519167
8.11249900000001,-10.529167
8.03527600000012,-10.602222
8.03055400000005,-10.603056
7.85888899999998,-10.6019459999999
7.77249899999993,-10.6077789999999
7.76055500000007,-10.6522239999999
7.74444399999999,-10.684723
7.74166600000001,-10.68889
7.72416600000014,-10.705833
7.70194400000003,-10.7247239999999
7.66972200000009,-10.747501
7.56638799999996,-10.830002
7.54750000000001,-10.8455559999999
7.54188000000005,-10.850863
7.53055500000005,-10.863056
7.52777799999996,-10.867224
7.52055500000006,-10.8808349999999
7.50611000000004,-10.908335
7.50472200000013,-10.9136119999999
7.506666,-10.9172229999999
7.51083299999999,-10.92
7.51194400000009,-10.925556
7.51111000000003,-10.931946
7.50833300000011,-10.935835
7.38444399999997,-11.1027789999999
7.35138799999993,-11.131945
7.34356200000008,-11.137777
7.33277699999996,-11.1400009999999
7.32222200000007,-11.1433329999999
7.26083300000005,-11.1861109999999
7.25749999999999,-11.1894449999999
7.25527799999998,-11.194168
7.25222200000007,-11.205002
7.24388900000002,-11.23889
7.23500000000013,-11.2675019999999
7.21694400000007,-11.3052789999999
7.21277700000007,-11.307501
7.15083299999998,-11.338612
7.11666600000007,-11.3416669999999
7.07861000000003,-11.351389
7.01888800000012,-11.380001
6.94194399999998,-11.4213909999999
6.9361100000001,-11.429724
6.92361099999994,-11.463057
6.92361099999994,-11.468613
6.92709100000013,-11.492331
6.94111099999998,-11.532501
6.95444400000008,-11.5666679999999
6.96111100000013,-11.573612
6.97527700000001,-11.587223
7.01694400000002,-11.638613
7.02305500000006,-11.646389
7.03749900000003,-11.666389
7.08416699999992,-11.735834
7.13666599999999,-11.8200019999999
7.14777800000013,-11.8416669999999
7.166944,-11.890556
7.32527700000009,-12.3208349999999
7.34666600000003,-12.380835
7.36749900000001,-12.4416679999999
7.37194400000004,-12.457779
7.37472200000008,-12.475
7.38694400000003,-12.503613
7.39027700000014,-12.504723
7.44749899999999,-12.495834
7.45222199999995,-12.494167
7.48944400000005,-12.469723
7.52166700000009,-12.4402789999999
7.52805499999999,-12.432779
7.53027699999996,-12.428057
7.53194400000007,-12.401112
7.53194400000007,-12.3955569999999
7.53166599999997,-12.359724
7.52888900000005,-12.318056
7.52583299999998,-12.307501
7.52583299999998,-12.300556
7.55138900000009,-12.230278
7.56944400000003,-12.196667
7.57222200000007,-12.192501
7.58055500000012,-12.1875
7.58972200000011,-12.1827789999999
7.59527700000001,-12.181667
7.59861100000001,-12.1852779999999
7.60833300000007,-12.2486109999999
7.60888900000003,-12.2533339999999
7.588055,-12.259445
7.58083199999993,-12.273056
7.57277800000003,-12.2930559999999
7.54472200000004,-12.3855569999999
7.54361100000011,-12.398613
7.54999900000001,-12.432779
7.55472199999997,-12.457779
7.5561100000001,-12.463335
7.63333299999999,-12.533335
7.64166600000004,-12.539446
7.68110999999999,-12.587778
7.68138900000014,-12.600834
7.70138800000001,-12.692223
7.74000000000001,-12.766111
7.81777799999998,-12.870279
7.89999999999998,-12.958612
7.90472200000005,-12.960835
7.90833300000008,-12.957779
7.93277699999999,-12.8980559999999
7.93749900000006,-12.881945
7.96416700000003,-12.886112
8.09999800000008,-12.908056
8.15583200000003,-12.9402789999999
8.16111000000012,-12.948612
8.16694300000006,-12.963335
8.169443,-12.967779
8.176109,-12.9747239999999
8.18416600000012,-12.980835
8.18888900000013,-12.982779
8.21277599999996,-12.986946
8.23361,-12.980835
8.24776800000012,-12.974335
8.23333200000013,-13.0066679999999
8.19499999999999,-13.1327779999999
8.21416699999997,-13.155001
8.34055500000011,-13.215557
8.42361099999999,-13.2780569999999
8.4961110000001,-13.2880569999999
8.49888800000002,-13.285278
8.49916600000012,-13.278612
8.49360999999993,-13.197779
8.477777,-13.179167
8.47110900000001,-13.171946
8.45305400000007,-13.155556
8.44360899999998,-13.150835
8.43805499999996,-13.149445
8.43333200000001,-13.147223
8.42861000000011,-13.144724
8.42527800000011,-13.14139
8.37138700000014,-13.068611
8.36833199999995,-13.058056
8.36861000000005,-13.05139
8.36999900000006,-13.045557
8.37365300000005,-13.0391579999999
8.37527699999993,-13.0369449999999
8.37999900000005,-13.035002
8.40583199999998,-13.065556
8.42083200000013,-13.093334
8.42249900000002,-13.098057
8.43555500000008,-13.1194459999999
8.438332,-13.12389
8.441666,-13.127224
8.44833199999994,-13.1275009999999
8.45333300000004,-13.125557
8.46166600000009,-13.1202789999999
8.46527700000007,-13.116945
8.48527700000005,-13.0955559999999
8.55638900000008,-13.014446
8.55999899999995,-12.989445
8.55222099999997,-12.9325009999999
8.55027799999999,-12.9275019999999
8.56777800000003,-12.8975009999999
8.58666599999998,-12.929167
8.59166500000009,-12.946667
8.58666599999998,-13.035002
8.57972100000001,-13.101946
8.57000000000005,-13.105835
8.51805499999995,-13.141668
8.51166500000011,-13.14889
8.509998,-13.153057
8.51194400000009,-13.158335
8.51861000000008,-13.1652789999999
8.53944400000012,-13.179167
8.55694399999999,-13.189445
8.665277,-13.240557
8.78388800000005,-13.2425
8.80250000000012,-13.2425
8.81916600000005,-13.23889
8.82416499999999,-13.2369459999999
8.83166500000004,-13.230835
8.85249900000008,-13.2100009999999
8.85888899999998,-13.2025009999999
8.86027700000005,-13.198612
8.86194399999999,-13.132223
8.91249800000003,-13.17639
8.94805500000001,-13.229168
8.95360900000003,-13.2655559999999
8.99555400000008,-13.2863899999999
9.03214300000008,-13.29561
9.042776,-13.290834
9.05861099999993,-13.271946
9.06361000000004,-13.263056
9.06972100000013,-13.2477779999999
9.08694300000008,-13.187223
9.086388,-13.180834
9.08444400000008,-13.176111
9.05777700000004,-13.147223
9.04999900000007,-13.134445
9.04444300000006,-13.119722
9.04333300000008,-13.107224
9.04416699999996,-13.100834
9.05027800000005,-13.0855559999999
9.086388,-13.031389
9.103611,-13.0075019999999
9.11277799999999,-13.00139
9.16944299999994,-12.9763889999999
9.23444400000005,-12.960835
9.273888,-12.950556
9.27888900000005,-12.948612
9.28249899999997,-12.945002
9.28888700000005,-12.930557
9.28916500000014,-12.923889
9.28833200000014,-12.862501
9.28638800000004,-12.8575
9.28249899999997,-12.8544449999999
9.280554,-12.849724
9.28555500000004,-12.820557
9.28777700000006,-12.815556
9.29805400000004,-12.797779
9.4172210000001,-12.680557
9.42222199999998,-12.678612
9.47611000000006,-12.665001
9.57277700000009,-12.6311109999999
9.60611000000011,-12.616667
9.63187200000004,-12.584089
9.63888700000012,-12.5855559999999
9.65805400000005,-12.5863899999999
9.8639060000001,-12.492948
9.88833199999999,-12.456112
9.93888900000013,-12.235279
9.93833200000006,-12.231945
9.93416599999995,-12.228889
9.92944299999999,-12.226946
9.91777600000012,-12.224445
9.9130550000001,-12.222223
9.9097210000001,-12.218613
9.90722100000005,-12.214169
9.87972100000002,-12.159723
9.87499800000001,-12.137222
9.87499800000001,-12.1316679999999
9.88039600000008,-12.1091329999999
9.88055400000002,-12.105835
9.92777600000005,-11.897779
9.93138900000002,-11.8930569999999
9.93749799999995,-11.8938899999999
9.94555500000013,-11.8997229999999
9.957222,-11.9022239999999
9.96972099999999,-11.901112
9.97527700000012,-11.900002
9.99611099999998,-11.8947239999999
9.99747700000006,-11.5767399999999
9.99666600000006,-11.5694449999999
9.99747700000006,-11.481749
9.99749900000006,-11.458889
9.99749900000006,-11.214445
---
