1.376667,103.996918
1.371666,103.998863
1.365555,103.998016
1.355278,103.994133
1.344167,103.98497
1.320833,103.959976
1.259166,103.844971
1.258889,103.838867
1.259444,103.798309
1.300277,103.652763
1.3025,103.648033
1.305833,103.644699
1.31,103.642197
1.315555,103.640808
1.321111,103.641083
1.331388,103.643311
1.390833,103.669968
1.395555,103.672203
1.403611,103.67775
1.411111,103.684402
1.421111,103.694962
1.426111,103.703308
1.429444,103.713593
1.445,103.804138
1.445277,103.8172
1.443611,103.829422
1.434722,103.848312
1.417222,103.87941
1.408611,103.891647
1.406389,103.896362
1.387222,103.967743
1.383291,103.99054
---
