48.025551,17.241713
48.025833,17.236664
48.023048,17.19083
48.021111,17.180832
48.01944,17.176388
48.012497,17.166386
48.038605,17.116665
48.088333,17.081108
48.135265,17.069145
48.142464,17.040051
48.145859,17.03075
48.150276,17.023331
48.169701,16.998016
48.188332,16.975277
48.242775,16.953888
48.257774,16.950832
48.278049,16.94972
48.280273,16.927219
48.283882,16.920555
48.355827,16.8475
48.358604,16.845276
48.365273,16.84222
48.372215,16.839996
48.376389,16.840275
48.44944,16.855831
48.467216,16.864441
48.470276,16.866943
48.506943,16.907497
48.532776,16.933331
48.573326,16.943333
48.619064,16.946182
48.681664,16.988331
48.743607,17.022499
48.765274,17.038887
48.771385,17.044167
48.830551,17.110554
48.833054,17.113888
48.869446,17.187908
48.873055,17.230274
48.872772,17.239998
48.870827,17.252777
48.850273,17.33083
48.827499,17.376389
48.823326,17.38583
48.822777,17.390274
48.822777,17.403889
48.82666,17.41861
48.838882,17.502777
48.851944,17.645554
48.851944,17.654999
48.851944,17.677498
48.85611,17.712219
48.876663,17.7575
48.879715,17.763054
48.928329,17.841942
48.984993,17.91111
49.041943,18.075279
49.082771,18.121944
49.115555,18.147778
49.124443,18.151386
49.129997,18.150833
49.145,18.145277
49.159721,18.15583
49.165276,18.158886
49.174164,18.161942
49.210274,18.174164
49.241661,18.174721
49.244438,18.175831
49.249443,18.179722
49.284164,18.208054
49.288055,18.212776
49.289162,18.216389
49.299995,18.269997
49.301941,18.281387
49.303886,18.30722
49.307495,18.317776
49.330276,18.379444
49.335831,18.386944
49.453331,18.541111
49.457497,18.546108
49.463608,18.548332
49.478333,18.547775
49.481667,18.548332
49.486938,18.551388
49.493889,18.562222
49.496109,18.568886
49.497772,18.581108
49.504166,18.655552
49.513885,18.792774
49.517357,18.851246
49.481667,18.968609
49.456383,18.96833
49.405273,18.970833
49.402771,18.971664
49.400551,18.973053
49.39666,18.978054
49.39444,18.993332
49.391937,19.031666
49.399994,19.155552
49.400551,19.163609
49.409996,19.185276
49.418053,19.198055
49.430832,19.195274
49.444717,19.203331
49.50444,19.240276
49.509163,19.244442
49.524162,19.264721
49.527771,19.270275
49.530548,19.276386
49.60083,19.447777
49.599998,19.475555
49.574165,19.520981
49.535553,19.535275
49.461105,19.574997
49.45694,19.579166
49.406662,19.658607
49.397499,19.710552
49.408051,19.768608
49.408607,19.781387
49.408051,19.786388
49.406662,19.790276
49.404442,19.791664
49.364716,19.804996
49.28083,19.826664
49.278053,19.826942
49.275276,19.826111
49.272774,19.824165
49.271111,19.821388
49.252777,19.798054
49.233055,19.773609
49.215828,19.765831
49.213051,19.766109
49.206383,19.771111
49.201111,19.778889
49.196938,19.789444
49.196388,19.794441
49.191666,19.839165
49.19194,19.846664
49.197132,19.86791
49.224159,19.907776
49.227493,19.913055
49.228882,19.916386
49.23111,19.936386
49.227219,19.97472
49.225555,19.984444
49.221664,19.995277
49.213585,20.002514
49.19944,20.020554
49.188889,20.039165
49.177773,20.064163
49.175278,20.074444
49.175278,20.081387
49.177498,20.084999
49.183884,20.089443
49.196106,20.091663
49.213608,20.093609
49.248604,20.103333
49.314995,20.143608
49.340271,20.206665
49.383331,20.327774
49.393051,20.360554
49.395554,20.602776
49.388885,20.740833
49.330826,20.812496
49.296104,20.910831
49.296104,20.916386
49.301666,20.95583
49.308327,20.980553
49.310555,20.984165
49.359718,21.035553
49.408882,21.049442
49.412216,21.051666
49.420555,21.066944
49.423607,21.076111
49.456665,21.278889
49.456108,21.285
49.429054,21.400845
49.413887,21.436386
49.412498,21.441109
49.41111,21.459442
49.411385,21.465832
49.412773,21.470833
49.422218,21.500832
49.429718,21.533607
49.436661,21.606388
49.436386,21.618889
49.384438,21.838055
49.341385,21.956944
49.339165,21.960278
49.277496,22.018887
49.270271,22.021385
49.247215,22.025276
49.228882,22.024166
49.224716,22.024719
49.221107,22.025833
49.214996,22.030277
49.210831,22.037777
49.207771,22.047497
49.154716,22.224998
49.138611,22.323887
49.139442,22.343052
49.137497,22.354721
49.089439,22.533054
49.086388,22.5425
49.079437,22.558052
49.039436,22.551662
48.999161,22.538887
48.995544,22.53722
48.99305,22.534164
48.991661,22.529163
48.949432,22.461384
48.889435,22.424995
48.804993,22.389164
48.797218,22.389164
48.79361,22.387497
48.689987,22.331108
48.686935,22.328884
48.681107,22.323608
48.62471,22.235271
48.592766,22.173607
48.588043,22.166939
48.580276,22.158886
48.57666,22.157219
48.568054,22.156105
48.411919,22.151442
48.408607,22.150555
48.380272,22.110832
48.37722,22.101665
48.376389,22.096107
48.378052,22.085831
48.383606,22.073055
48.386665,22.056664
48.387497,22.029442
48.381943,21.964996
48.379166,21.935833
48.365555,21.862778
48.363052,21.853054
48.361382,21.848888
48.358604,21.845276
48.351105,21.835831
48.342216,21.828331
48.340271,21.824165
48.340553,21.784443
48.340828,21.777496
48.351105,21.731388
48.352493,21.726665
48.356384,21.718609
48.361382,21.712776
48.44944,21.628052
48.46833,21.622776
48.476944,21.622776
48.485275,21.621666
48.488884,21.620552
48.495552,21.616665
48.498329,21.614166
48.548882,21.507221
48.573883,21.447777
48.575272,21.442776
48.576111,21.43111
48.54805,21.308712
48.522217,21.253887
48.511108,21.153332
48.513611,21.084442
48.522499,20.955276
48.523605,20.949718
48.526382,20.940277
48.550827,20.869999
48.563606,20.847775
48.571663,20.839165
48.574997,20.830276
48.576385,20.818607
48.57666,20.811665
48.56916,20.713333
48.563332,20.660553
48.559998,20.645275
48.536942,20.539719
48.50444,20.500832
48.483059,20.499443
48.455276,20.458611
48.442215,20.443607
48.433609,20.435833
48.405273,20.416386
48.394165,20.411942
48.371109,20.405277
48.362778,20.40361
48.355553,20.400555
48.308884,20.366943
48.300278,20.359165
48.28611,20.340832
48.269722,20.317219
48.258606,20.299721
48.254715,20.291943
48.253883,20.286663
48.254166,20.280277
48.256104,20.276386
48.274994,20.235554
48.226105,20.140553
48.198326,20.09333
48.176308,20.05933
48.174995,20.015274
48.172775,20.004997
48.156662,19.974442
48.150276,19.963608
48.137215,19.941944
48.135277,19.937775
48.129997,19.91861
48.129715,19.912498
48.130272,19.907776
48.131943,19.90361
48.181664,19.788887
48.193054,19.7925
48.196938,19.791111
48.199165,19.787777
48.201111,19.783607
48.209442,19.754997
48.231941,19.66222
48.233887,19.644444
48.233887,19.630554
48.213196,19.540016
48.210861,19.532513
48.205826,19.524166
48.17305,19.50861
48.150276,19.501663
48.138329,19.498608
48.127495,19.494442
48.095551,19.480553
48.089165,19.476383
48.087219,19.472218
48.085831,19.460548
48.059448,19.208336
48.061676,19.13945
48.070641,19.041714
48.068954,19.00127
48.067101,18.989799
48.059799,18.965675
48.058258,18.910069
48.057693,18.904503
48.051064,18.849098
48.047195,18.841576
48.036125,18.827366
47.965553,18.771664
47.926109,18.760555
47.921661,18.75972
47.907494,18.758888
47.90361,18.759441
47.877777,18.766941
47.874992,18.769997
47.873329,18.774441
47.871666,18.787777
47.86972,18.792221
47.855553,18.82
47.833054,18.853611
47.830276,18.855831
47.817772,18.84972
47.817215,18.788055
47.815552,18.765831
47.813156,18.749729
47.807495,18.738609
47.797218,18.732498
47.791107,18.726944
47.78611,18.720554
47.770271,18.690552
47.762497,18.675278
47.760826,18.67083
47.758606,18.655277
47.759163,18.636944
47.763054,18.597221
47.767494,18.540833
47.767776,18.451664
47.766937,18.446941
47.753883,18.41333
47.747215,18.378609
47.740829,18.337498
47.737778,18.312222
47.737221,18.297222
47.747772,18.195831
47.755272,18.131664
47.756943,18.119164
47.759438,18.086109
47.763611,17.976109
47.75222,17.916386
47.749161,17.901386
47.747551,17.896942
47.746056,17.790161
47.746803,17.784409
47.770554,17.712219
47.877968,17.485867
47.888329,17.466389
47.895828,17.457775
47.907776,17.448887
47.91111,17.447498
47.916664,17.442219
47.944748,17.411884
47.988884,17.355553
47.997498,17.340553
47.998329,17.335831
47.998055,17.311943
48.001663,17.273331
48.004997,17.264442
48.007217,17.26083
48.016106,17.254166
48.024994,17.251656
---
