70.9591370000001,-8.39446999999996
70.9602510000001,-8.40918199999993
70.964981,-8.41949499999993
70.967743,-8.43194599999993
70.97052,-8.46032699999995
70.969147,-8.494753
70.964142,-8.56561499999998
70.9591370000001,-8.62030199999998
70.9555360000001,-8.63171599999998
70.8402710000001,-8.93749999999994
70.8313600000001,-8.948915
70.8216400000001,-8.95477299999993
70.811081,-8.98889199999996
70.8080140000001,-9.00561499999998
70.8038640000001,-9.043091
70.8038640000001,-9.05889899999994
70.806641,-9.07141100000001
70.8088530000001,-9.07641599999999
70.8577580000001,-9.12005799999997
70.8630220000001,-9.11975299999995
70.8674620000001,-9.11389200000002
70.871628,-9.10559099999995
70.9227450000001,-8.93444799999992
70.926071,-8.92059499999999
70.9319310000001,-8.88751199999996
70.950531,-8.76367399999998
70.991638,-8.58142299999992
71.0133210000001,-8.51086600000002
71.0222170000001,-8.49890299999998
71.058014,-8.452271
71.0724950000001,-8.44250699999998
71.0816500000001,-8.43365699999993
71.120804,-8.381958
71.133026,-8.35583700000001
71.1366580000001,-8.34448199999991
71.140549,-8.32641599999994
71.170807,-8.12890600000003
71.173294,-8.109194
71.180817,-7.997253
71.1788640000001,-7.98364400000003
71.1760710000001,-7.97113100000001
71.17247,-7.95977800000003
71.16774,-7.949769
71.156937,-7.93194599999998
71.150818,-7.92700299999996
71.1455230000001,-7.92755199999993
71.047745,-7.98168999999996
71.04274,-7.98504700000001
71.0383150000001,-7.99084499999992
71.0302579999999,-8.00836199999998
71.003586,-8.118652
70.9741520000001,-8.29089499999992
---
74.343048,19.069164
74.3597110000001,19.03611
74.3819270000001,18.966385
74.4116519999999,18.898884
74.433319,18.8541640000001
74.4760890000001,18.7902760000001
74.481659,18.791943
74.49942,18.8255540000001
74.5033260000001,18.837219
74.5058290000001,18.853329
74.512497,18.927773
74.523605,19.127495
74.523315,19.148052
74.520264,19.162495
74.4835970000001,19.28194
74.474991,19.2997210000001
74.468597,19.299999
74.4408110000001,19.2830540000001
74.3944400000001,19.2341610000001
74.3644260000001,19.1911050000001
74.3597110000001,19.1819380000001
---
76.4352570000001,24.991104
76.4363710000001,24.9680520000001
76.4396970000001,24.9530490000001
76.443863,24.9413830000001
76.4488680000001,24.936382
76.455551,24.94194
76.4616550000001,24.949718
76.5305480000001,25.065273
76.5566410000001,25.1405530000001
76.5738830000001,25.1911049999999
76.6035920000001,25.2819400000001
76.612198,25.3074990000001
76.622482,25.3280530000001
76.6599880000001,25.396107
76.6739650000001,25.410088
76.6841430000001,25.413883
76.698868,25.447495
76.703323,25.460274
76.7086030000001,25.4952739999999
76.711655,25.537498
76.7097170000001,25.5633320000001
76.70665,25.582218
76.697754,25.5774960000001
76.62915,25.424717
76.5969390000001,25.31583
76.5674900000001,25.224995
76.484985,25.03722
76.4788670000001,25.0294420000001
76.4663850000001,25.016109
---
77.248596,23.229717
77.244141,23.214161
77.2385860000001,23.178608
77.2363740000001,23.1583290000001
77.23526,23.135273
77.2355350000001,23.1072200000001
77.236923,23.079998
77.2405400000001,23.0636100000001
77.24942,23.04472
77.25444,23.0386090000001
77.2599950000001,23.0363850000001
77.2652740000001,23.046387
77.2666630000001,23.0691640000001
77.2663880000001,23.097496
77.2641600000001,23.1241650000001
77.2644350000001,23.149719
77.26915,23.216106
77.2713780000001,23.23666
77.2769320000001,23.2722209999999
77.2755429999999,23.2933310000001
77.2699890000001,23.2955510000001
77.264709,23.2855530000001
---
78.1558230000001,23.459717
78.1072080000001,23.3744390000001
78.102768,23.3608280000001
78.1008150000001,23.3388860000001
78.094437,23.216106
78.0947110000001,23.1858290000001
78.0935970000001,23.1313860000001
78.09082,23.112217
78.08638,23.0988850000001
78.0802760000001,23.090832
78.0522,23.056385
78.0455320000001,23.0513879999999
78.0216520000001,23.05722
78.0160980000001,23.059719
78.001099,23.0749970000001
77.9963680000001,23.084995
77.9885860000001,23.1127740000001
77.9785920000001,23.1652720000001
77.9602660000001,23.2813870000001
77.951935,23.344997
77.946091,23.387218
77.939423,23.42194
77.891937,23.5744400000001
77.8777620000001,23.599998
77.8733060000001,23.6097180000001
77.8652650000001,23.6366620000001
77.862488,23.657497
77.8491520000001,23.838886
77.847488,23.8672180000001
77.847488,23.890274
77.8505400000001,23.9361080000001
77.8560939999999,23.9736060000001
77.867752,24.0194440000001
77.8722080000001,24.033054
77.878311,24.0413859999999
77.8824770000001,24.0547179999999
77.8847200000001,24.076385
77.890823,24.227772
77.884155,24.334995
77.8533170000001,24.5277750000001
77.849716,24.54472
77.845261,24.5541650000001
77.8402710000001,24.5597190000001
77.8338780000001,24.5577740000001
77.8288730000001,24.5633320000001
77.824997,24.5763850000001
77.811096,24.643887
77.7869260000001,24.7616650000001
77.7702640000001,24.8494420000001
77.763321,24.882774
77.7552640000001,24.908607
77.7497100000001,24.910275
77.7438660000001,24.901939
77.739426,24.8880500000001
77.7338710000001,24.8502730000001
77.729431,24.754444
77.715271,24.522499
77.7113800000001,24.4797170000001
77.683868,24.263611
77.6755370000001,24.2077709999999
77.66832,24.1758270000001
77.637772,24.0824969999999
77.603043,24.002777
77.5977630000001,23.992218
77.5849910000001,23.978607
77.5646970000001,23.9627720000001
77.538589,23.9386060000001
77.5088810000001,23.908886
77.5030520000001,23.901108
77.497757,23.8905530000001
77.451096,23.7419399999999
77.443588,23.7108269999999
77.434982,23.6272200000001
77.423599,23.554718
77.4055480000001,23.477219
77.4010930000001,23.4644390000001
77.390549,23.443886
77.381653,23.418327
77.3735960000001,23.390274
77.370819,23.3722190000001
77.369705,23.348885
77.3705290000001,23.3241650000001
77.3788600000001,23.301662
77.383331,23.2922210000001
77.3866580000001,23.2755549999999
77.3922120000001,23.2349930000001
77.3933260000001,23.2038840000001
77.383041,23.10083
77.3802640000001,23.0830540000001
77.3516540000001,22.95805
77.3383180000001,22.920273
77.3330540000001,22.910275
77.327209,22.9030490000001
77.3202670000001,22.8983309999999
77.314148,22.897217
77.309143,22.9030490000001
77.303314,22.9055520000001
77.2972110000001,22.904442
77.2905430000001,22.8997190000001
77.2830509999999,22.8694420000001
77.2663880000001,22.7886090000001
77.2633210000001,22.770832
77.2530520000001,22.6411059999999
77.25444,22.6199950000001
77.261406,22.5000000000001
77.2599950000001,22.4913829999999
77.2580410000001,22.4711070000001
77.256653,22.4483300000001
77.2572169999999,22.4236070000001
77.287766,22.386662
77.29332,22.384163
77.3044280000001,22.3849950000001
77.308868,22.391106
77.3135990000001,22.4036060000001
77.316376,22.4211080000001
77.31694,22.446941
77.3199920000001,22.4647180000001
77.327209,22.4947169999999
77.3316800000001,22.5000000000001
77.3333280000001,22.501942
77.3624880000001,22.496105
77.3683170000001,22.4933280000001
77.3783110000001,22.481106
77.4052580000001,22.4224970000001
77.415268,22.4099959999999
77.4208219999999,22.4074969999999
77.4758150000001,22.5844420000001
77.4930419999999,22.692493
77.503601,22.712494
77.5424800000001,22.774719
77.54776,22.778332
77.551926,22.7649990000001
77.568878,22.49305
77.5702670000001,22.464996
77.570541,22.436108
77.5691530000001,22.412773
77.564987,22.3711090000001
77.562759,22.3505520000001
77.5569310000001,22.314442
77.5533140000001,22.2991640000001
77.5488740000001,22.286663
77.5427550000001,22.2794420000001
77.52916,22.2705540000001
77.523041,22.2633320000001
77.5177610000001,22.2536089999999
77.5133210000001,22.240829
77.506104,22.2105520000001
77.5030520000001,22.1924930000001
77.500275,22.174717
77.495819,22.133606
77.4930419999999,22.086941
77.4830470000001,21.8405530000001
77.481659,21.788609
77.4847110000001,21.7330510000001
77.486374,21.6477740000001
77.486649,21.6191640000001
77.48526,21.5958290000001
77.4758150000001,21.459438
77.473602,21.438885
77.464706,21.3858300000001
77.4588780000001,21.3472180000001
77.4535980000001,21.3094410000001
77.4491419999999,21.268608
77.442474,21.2074970000001
77.4380340000001,21.166664
77.434982,21.1205519999999
77.435806,21.089165
77.4408110000001,20.951939
77.443039,20.892773
77.4469300000001,20.8788830000001
77.4519349999999,20.8688850000001
77.45694,20.8622170000001
77.462494,20.8588870000001
77.5419309999999,20.8438870000001
77.56192,20.8741649999999
77.5672150000001,20.8833310000001
77.5852660000001,20.9608269999999
77.585815,21.015831
77.587204,21.0680540000001
77.5924840000001,21.129162
77.600815,21.1852720000001
77.6044310000001,21.200272
77.613602,21.2247159999999
77.6241460000001,21.243607
77.630539,21.2441600000001
77.6416630000001,21.237774
77.6638790000001,21.237495
77.696365,21.239994
77.7202610000001,21.2505530000001
77.726929,21.2547190000001
77.829437,21.4591599999999
77.9124910000001,21.644997
77.945816,21.539719
77.9552610000001,21.446106
77.972214,21.3236080000001
77.987488,21.266388
78.0027769999999,21.208885
78.025269,21.118885
78.030273,21.0816650000001
78.0355380000001,21.0380520000001
78.0385890000001,21.019997
78.0483250000001,20.9719390000001
78.071655,20.8886069999999
78.0760960000001,20.877495
78.0811000000001,20.8702740000001
78.086655,20.8669400000001
78.0930480000001,20.8669400000001
78.0997160000001,20.870831
78.11026,20.890274
78.11499,20.9030490000001
78.1224819999999,20.9341620000001
78.127762,20.9741630000001
78.183319,21.425274
78.1877590000001,21.468605
78.2027739999999,21.711662
78.2091520000001,21.8374979999999
78.2097170000001,21.865273
78.2088780000001,21.946106
78.199707,22.146664
78.192474,22.399162
78.197479,22.439995
78.201096,22.456104
78.2058260000001,22.46944
78.211105,22.4799960000001
78.217758,22.484718
78.2222140000001,22.498329
78.222588,22.5000000000001
78.225815,22.514442
78.250275,22.8349950000001
78.25,22.865551
78.248032,22.9494399999999
78.2469330000001,22.9827730000001
78.2222140000001,23.2191620000001
78.2155460000001,23.254997
78.197479,23.336109
---
78.5652620000001,21.5330540000001
78.571381,21.5716630000001
78.579437,21.601662
78.583878,21.614998
78.595261,21.6644400000001
78.5966490000001,21.689716
78.596375,21.721107
78.5955350000001,21.755554
78.593597,21.7822190000001
78.5908200000001,21.8049960000001
78.575546,21.888885
78.5808260000001,22.0288850000001
78.5444340000001,22.118885
78.4935910000001,22.2261050000001
78.483322,22.239994
78.477768,22.2427710000001
78.4641570000001,22.23333
78.3341520000001,22.225273
78.32222,22.2272190000001
78.298599,22.2313840000001
78.274994,22.23555
78.267212,22.264164
78.263611,22.271942
78.244431,22.16333
78.243042,22.138607
78.2413640000001,22.025276
78.242752,21.995827
78.2460940000001,21.9808270000001
78.24971,21.925552
78.251099,21.895828
78.2536010000001,21.778332
78.2524870000001,21.7230489999999
78.2472080000001,21.6280520000001
78.229156,21.42305
78.2210999999999,21.2724990000001
78.207764,21.142494
78.199417,21.090275
78.2080380000001,21.020832
78.213043,21.0181470000001
78.2174840000001,21.0094410000001
78.2199859999999,20.987217
78.221375,20.9574969999999
78.223602,20.870831
78.2241520000001,20.8438870000001
78.215759,20.787888
78.214424,20.7748870000001
78.212593,20.76372
78.208099,20.7448840000001
78.204765,20.743052
78.2010880000001,20.743052
78.19136,20.710552
78.1866460000001,20.6977729999999
78.187485,20.6711080000001
78.193863,20.634163
78.1988680000001,20.6269420000001
78.2429810000001,20.7050510000001
78.25032,20.745888
78.2531510000001,20.7535530000001
78.2571490000001,20.755888
78.2844240000001,20.7799990000001
78.29332,20.757774
78.296371,20.7388839999999
78.3041529999999,20.67194
78.3063660000001,20.5402760000001
78.309143,20.4802740000001
78.3135990000001,20.4691619999999
78.3191530000001,20.471939
78.3372040000001,20.523052
78.34166,20.535831
78.3383180000001,20.6227720000001
78.339157,20.6505510000001
78.3422090000001,20.6691630000001
78.3466490000001,20.682217
78.3771970000001,20.678608
78.387207,20.6638830000001
78.423309,20.5394400000001
78.430817,20.509441
78.448029,20.346664
78.4516600000001,20.2519420000001
78.4535980000001,20.2252730000001
78.460541,20.1530490000001
78.4646299999999,20.1402090000001
78.4722140000001,20.124718
78.4696040000001,20.142666
78.4885860000001,20.171108
78.498322,20.2872200000001
78.521927,20.598331
78.539429,20.778332
78.5469360000001,20.922218
78.5466460000001,20.9741630000001
78.5480350000001,21.0305519999999
78.549423,21.055832
78.5569310000001,21.0883290000001
78.5613710000001,21.101387
78.5666659999999,21.1116640000001
78.5788730000001,21.1261060000001
78.582489,21.117775
78.5863800000001,21.1027759999999
78.5924840000001,21.1030500000001
78.6030430000001,21.123608
78.616089,21.1663860000001
78.6197050000001,21.1827739999999
78.6210939999999,21.20805
78.619431,21.301662
78.6188660000001,21.3294410000001
78.6088710000001,21.4247169999999
78.6058200000001,21.443607
78.601929,21.458607
78.5974880000001,21.469715
78.586105,21.476662
78.5799870000001,21.4761050000001
78.574432,21.4794390000001
78.5655360000001,21.501663
---
78.6972050000001,26.9041629999999
78.6994170000001,26.956383
78.6994170000001,26.9852710000001
78.6983180000001,27.012775
78.6930390000001,27.0174980000001
78.6516570000001,26.9524960000001
78.646652,26.9394380000001
78.643875,26.9188840000001
78.6402740000001,26.871941
78.636658,26.764164
78.6341550000001,26.743607
78.623871,26.7358280000001
78.6577610000001,26.6949960000001
78.6619260000001,26.6816640000001
78.678589,26.585831
78.695526,26.486382
78.6991420000001,26.4688840000001
78.704163,26.463608
78.7708279999999,26.3963850000001
78.7772060000001,26.3997190000001
78.7899780000001,26.410275
78.7958220000001,26.420273
78.805252,26.448605
78.8094180000001,26.4641610000001
78.812195,26.4852710000001
78.8138730000001,26.508888
78.812485,26.54361
78.8080290000001,26.5999980000001
78.8038640000001,26.6136090000001
78.799423,26.6227720000001
78.794144,26.6280520000001
78.7885890000001,26.628883
78.7833249999999,26.6338840000001
78.7741550000001,26.6524960000001
78.721649,26.784164
78.7074890000001,26.847496
---
78.53804,11.2672210000001
78.5469360000001,11.413887
78.545258,11.4383320000001
78.5410919999999,11.4530530000001
78.5366520000001,11.4644430000001
78.5302730000001,11.469442
78.5236050000001,11.470831
78.517212,11.475554
78.5066530000001,11.4916650000001
78.4763790000001,11.584164
78.4636080000001,11.6280540000001
78.454437,11.6847210000001
78.442749,11.762499
78.441086,11.8211100000001
78.4141540000001,11.8805520000001
78.4086,11.8747200000001
78.4022060000001,11.8724980000001
78.386108,11.895832
78.3319400000001,12.0075000000001
78.2877660000001,12.099165
78.211929,12.1616649999999
78.2058260000001,12.1661090000001
78.199707,12.1636100000001
78.1960910000001,12.1472209999999
78.195816,12.1205519999999
78.2080380000001,12.0783309999999
78.211929,12.0641650000001
78.2172090000001,12.0230540000001
78.221375,11.944721
78.2241520000001,11.9241660000001
78.2308200000001,11.8894419999999
78.2347110000001,11.875275
78.2394259999999,11.8641640000001
78.2660980000001,11.822498
78.2713780000001,11.81472
78.290817,11.851664
78.2972110000001,11.853886
78.302475,11.8461090000001
78.3072050000001,11.835276
78.3113710000001,11.8208310000001
78.3672030000001,11.613052
78.3988800000001,11.5280550000001
78.4447020000001,11.343609
78.4472050000001,11.3224980000001
78.448318,11.294722
78.4458160000001,11.2369419999999
78.4344180000001,11.1916659999999
78.432755,11.164721
78.4377590000001,11.122219
78.441925,11.1074980000001
78.455826,11.0733320000001
78.46138,11.064999
78.5183260000001,10.9955520000001
78.56192,10.9497200000001
78.5680540000001,10.944721
78.581665,10.9411090000001
78.587769,10.93611
78.599426,10.9224990000001
78.6163790000001,10.900555
78.6216430000001,10.8922210000001
78.637207,10.863609
78.6991420000001,10.727497
78.7211,10.661665
78.7258150000001,10.649721
78.7686,10.545553
78.7738800000001,10.536665
78.786102,10.5261100000001
78.890274,10.4872190000001
78.8963780000001,10.488609
78.8994290000001,10.5091649999999
78.9010930000001,10.53722
78.901382,10.5658320000001
78.9002689999999,10.5947210000001
78.877472,10.8258300000001
78.870819,10.8633310000001
78.8630370000001,10.8938880000001
78.858871,10.909164
78.8338780000001,10.994164
78.8291630000001,11.006109
78.7500000000001,11.152584
78.738586,11.170277
78.726929,11.183609
78.707214,11.11833
78.6608120000001,11.1544440000001
78.6130370000001,11.2669430000001
78.606934,11.271944
---
78.9111020000001,29.0347210000001
78.9016570000001,29.051388
78.898331,29.072773
78.896103,29.1030500000001
78.896652,29.3061070000001
78.8994290000001,29.4136090000001
78.9002689999999,29.4402730000001
78.90332,29.4891620000001
78.9108120000001,29.5547180000001
78.913879,29.603329
78.9147030000001,29.6302760000001
78.91304,29.6577720000001
78.9099880000001,29.6791610000001
78.906097,29.696106
78.901382,29.704163
78.8963780000001,29.7080500000001
78.891373,29.693607
78.888885,29.671661
78.883606,29.5719409999999
78.878036,29.5013890000001
78.86499,29.4244380000001
78.8472140000001,29.3377760000001
78.8449860000001,29.3161090000001
78.8449860000001,29.286663
78.845825,29.2549970000001
78.8585970000001,29.1180529999999
78.868317,29.0538860000001
78.8788600000001,28.998604
78.8861079999999,28.9641609999999
78.897217,28.913052
78.9047090000001,28.878609
78.9066470000001,28.8483310000001
78.906097,28.821663
78.901932,28.7755550000001
78.887772,28.643051
78.8880460000001,28.4963840000001
78.88472,28.4480510000001
78.882751,28.423885
78.866089,28.329163
78.8394320000001,28.178051
78.8327639999999,28.140274
78.8285980000001,28.1241650000001
78.8227690000001,28.1133310000001
78.8116460000001,28.0955510000001
78.824158,28.0563850000001
78.8674770000001,28.0197180000001
78.9116520000001,28.1452750000001
78.914993,28.2230490000001
78.915268,28.252499
78.91304,28.2827760000001
78.91304,28.312218
78.914429,28.3397180000001
78.9169309999999,28.3613850000001
78.920258,28.3805500000001
78.924423,28.3969420000001
78.934418,28.424717
78.9405360000001,28.428883
78.951935,28.428883
78.9599910000001,28.613052
78.960815,28.639996
78.958603,28.7183270000001
78.952774,28.8655510000001
78.9499970000001,28.8916630000001
78.943863,28.9277730000001
78.9291530000001,28.9966620000001
78.920822,29.0222210000001
78.916092,29.0305519999999
---
78.961105,30.2019390000001
78.962204,30.181385
78.968872,30.1274950000001
78.9724880000001,30.1105540000001
78.976654,30.0980529999999
78.986099,30.082218
78.996094,30.0705530000001
79.001099,30.0669399999999
79.00444,30.0863840000001
79.007217,30.2474940000001
79.006653,30.2727740000001
79.0016630000001,30.3102760000001
78.993866,30.332775
78.9888760000001,30.336109
78.9841460000001,30.332775
78.981659,30.3105550000001
78.981094,30.253887
78.9797060000001,30.2291599999999
78.9763790000001,30.2094380000001
---
79.0269320000001,21.204716
79.023315,21.188049
79.0219270000001,21.1616630000001
79.022766,21.125828
79.026093,21.066387
79.024704,21.039997
79.018051,20.9994389999999
79.0141600000001,20.982494
79.0160980000001,20.954994
79.0205380000001,20.9430500000001
79.0299840000001,20.9236070000001
79.0347140000001,20.929996
79.0369259999999,20.9533270000001
79.036102,21.021664
79.039703,21.103886
79.0449830000001,21.150829
79.045822,21.173328
79.045822,21.198883
79.0424800000001,21.2186050000001
79.037491,21.2261050000001
---
79.017761,20.7238850000001
79.0141600000001,20.707218
79.0083310000001,20.4972150000001
78.996094,20.417774
78.991653,20.371941
78.9908140000001,20.342495
79.007767,20.2905540000001
79.0158230000001,20.262497
79.018326,20.2386050000001
79.018326,20.2061039999999
79.0205380000001,20.138329
79.0330509999999,20.058331
79.037491,20.0461080000001
79.0427549999999,20.049164
79.1177520000001,20.097218
79.120819,20.117218
79.123032,20.140274
79.1246950000001,20.199718
79.113876,20.4969409999999
79.09082,20.7058300000001
79.0874940000001,20.7258260000001
79.0838780000001,20.74194
79.0724950000001,20.78944
79.0597080000001,20.8291630000001
79.054153,20.8330539999999
---
79.2216490000001,19.963051
79.2266540000001,19.9547160000001
79.2330470000001,19.9544410000001
79.2460940000001,19.9577710000001
79.2513890000001,19.960827
79.312759,20.0277750000001
79.316666,20.04472
79.318878,20.068329
79.3202670000001,20.143608
79.3191530000001,20.168884
79.313034,20.1655500000001
79.29776,20.1308290000001
79.242203,20.0075000000001
---
79.3502660000001,20.1716609999999
79.344986,20.179996
79.338882,20.180275
79.3344269999999,20.1663860000001
79.3319400000001,20.142773
79.3494260000001,20.059441
79.351929,20.0347209999999
79.345825,19.8933299999999
79.3419340000001,19.842773
79.337204,19.7955510000001
79.3355410000001,19.768608
79.334717,19.7383270000001
79.3355410000001,19.701385
79.338043,19.6766620000001
79.34166,19.659996
79.3466490000001,19.6513860000001
79.388321,19.62833
79.3991550000001,19.6824950000001
79.4038700000001,19.7299960000001
79.4038700000001,19.763885
79.400543,19.806942
79.3777620000001,20.030277
79.3719180000001,20.0755540000001
79.3658140000001,20.10944
---
79.650269,10.781666
79.6597140000001,10.7558330000001
79.6794280000001,10.7383310000001
79.7136080000001,10.7122190000001
79.7177580000001,10.726387
79.718872,10.760555
79.722214,10.8866650000001
79.7211,10.9177760000001
79.7191470000001,10.9452760000001
79.7119290000001,10.9819410000001
79.7008210000001,11.034998
79.6758120000001,11.0688880000001
79.6697080000001,11.0744420000001
79.6627660000001,11.076109
79.652771,10.952776
79.6510930000001,10.922775
---
79.7355350000001,11.013611
79.7308200000001,11.0033320000001
79.729156,10.9730529999999
79.7341460000001,10.9252759999999
79.7363740000001,10.8630519999999
79.7358090000001,10.82472
79.7366490000001,10.755278
79.741364,10.6688879999999
79.743866,10.6449990000001
79.7500000000001,10.6391660000001
79.761108,10.65111
79.7658230000001,10.6611100000001
79.77388,10.693331
79.7833250000001,10.756109
79.781662,10.783888
79.7719270000001,10.8677750000001
79.7641599999999,10.9011100000001
79.7402650000001,11.0005550000001
---
79.8694310000001,16.841942
79.8697050000001,16.87722
79.873032,16.897495
79.878311,16.9069400000001
79.8852689999999,16.908886
79.896378,16.8961070000001
79.900543,16.8816640000001
79.9116520000001,16.869164
79.9241490000001,16.8647190000001
79.9302670000001,16.8705520000001
79.939423,16.896664
79.948318,16.9266620000001
79.95694,16.9566609999999
79.960266,16.9772190000001
79.95694,17.039165
79.9408110000001,17.22694
79.9360960000001,17.280552
79.9241490000001,17.3708310000001
79.8936,17.5486070000001
79.889984,17.5669399999999
79.805542,17.8602750000001
79.8013760000001,17.874165
79.74498,18.0502740000001
79.7358090000001,18.073608
79.7308200000001,18.083332
79.725815,18.092773
79.7202610000001,18.0983310000001
79.7066500000001,18.0930519999999
79.700546,18.0869410000001
79.695251,18.077221
79.6905360000001,18.063885
79.6858060000001,18.0466650000001
79.6702580000001,17.9794390000001
79.6630400000001,17.9422190000001
79.6613770000001,17.9147190000001
79.658035,17.89444
79.65416,17.8777729999999
79.6449890000001,17.8513870000001
79.639709,17.841663
79.6127620000001,17.793888
79.561096,17.737774
79.5433200000001,17.7313840000001
79.543594,17.765553
79.487762,17.779999
79.4210970000001,17.775276
79.4149930000001,17.7694440000001
79.4097140000001,17.7602769999999
79.4049840000001,17.7472150000001
79.4016570000001,17.727493
79.39444,17.657772
79.3902740000001,17.6416629999999
79.3849950000001,17.632217
79.3780360000001,17.629997
79.372482,17.635551
79.368866,17.653049
79.3672030000001,17.682217
79.387497,17.819717
79.3936,17.847775
79.4019319999999,17.87722
79.4199830000001,17.932217
79.429153,17.9580500000001
79.445526,17.986382
79.4622040000001,18.0113870000001
79.4683229999999,18.0174979999999
79.514999,18.034996
79.521103,18.033607
79.5341490000001,18.0422210000001
79.5755460000001,18.0844420000001
79.5808260000001,18.094162
79.6121980000001,18.1633300000001
79.6208190000001,18.193607
79.6263730000001,18.2377740000001
79.628036,18.2649990000001
79.629425,18.3305510000001
79.628311,18.3569409999999
79.5594180000001,18.658886
79.5472109999999,18.702774
79.5341490000001,18.742493
79.4505460000001,18.859718
79.314148,18.8769420000001
79.308029,18.870552
79.297211,18.85083
79.248322,18.851387
79.169708,18.9158290000001
79.164154,18.920551
79.1602630000001,18.937218
79.15416,18.9786070000001
79.145538,19.1244390000001
79.1452640000001,19.1866610000001
79.149994,19.232773
79.1538699999999,19.249161
79.1591490000001,19.258888
79.1713710000001,19.2722210000001
79.1822050000001,19.2919430000001
79.1844180000001,19.3149990000001
79.1847080000001,19.348053
79.1510930000001,19.7236060000001
79.127762,19.7991640000001
79.1213680000001,19.799721
79.0991519999999,19.8099980000001
79.0138850000001,19.9066620000001
79.011383,19.9308280000001
79.010818,19.966663
79.012207,19.992771
79.0102690000001,20.060555
78.9897000000001,20.262497
78.9833219999999,20.302219
78.9788670000001,20.314163
78.9738770000001,20.32222
78.9649959999999,20.3461070000001
78.957489,20.377773
78.9474790000001,20.433331
78.9441380000001,20.4530490000001
78.938034,20.4927710000001
78.9352569999999,20.516388
78.9158170000001,20.752777
78.9136050000001,20.780277
78.9122010000001,20.8119430000001
78.9122010000001,20.8763850000001
78.9136050000001,20.934719
78.915268,20.9608269999999
78.91304,20.988327
78.9002689999999,21.0666660000001
78.8963780000001,21.082218
78.892212,21.0938870000001
78.88443,21.124718
78.872757,21.2427710000001
78.870529,21.2702750000001
78.8674770000001,21.371941
78.8427579999999,21.534721
78.8383180000001,21.546108
78.7677610000001,21.5491640000001
78.760818,21.5447200000001
78.7555540000001,21.5341639999999
78.7352599999999,21.488884
78.6874849999999,21.3766630000001
78.665817,21.39444
78.6594240000001,21.3938870000001
78.65332,21.386383
78.6535950000001,21.3549960000001
78.66832,21.202496
78.6410980000001,21.129162
78.636383,21.1161080000001
78.637207,21.081387
78.6394350000001,21.054443
78.655823,20.938049
78.6597140000001,20.922771
78.6641540000001,20.9113850000001
78.6769260000001,20.85944
78.6880340000001,20.7708320000001
78.689972,20.743885
78.6885830000001,20.7183270000001
78.683319,20.6766620000001
78.6794280000001,20.6602750000001
78.674988,20.646942
78.6636050000001,20.6299970000001
78.6574860000001,20.623051
78.6513820000001,20.623051
78.6458280000001,20.6266630000001
78.6394350000001,20.6266630000001
78.6333310000001,20.619717
78.6297,20.6036070000001
78.6266480000001,20.5844420000001
78.62442,20.558609
78.62442,20.5269430000001
78.6269230000001,20.503887
78.630264,20.4847180000001
78.637772,20.4538840000001
78.6436000000001,20.4116630000001
78.6436000000001,20.3799969999999
78.643326,20.22916
78.642487,20.2008290000001
78.6388850000001,20.1077730000001
78.619141,20.0308300000001
78.618042,19.7613870000001
78.6149900000001,19.7108270000001
78.612762,19.688606
78.60498,19.6569400000001
78.5774840000001,19.581108
78.5705409999999,19.577774
78.564423,19.578331
78.5588680000001,19.5824969999999
78.5488740000001,19.598606
78.5358120000001,19.633884
78.5169369999999,19.6733280000001
78.5122070000001,19.6813850000001
78.5074920000001,19.6688839999999
78.5044399999999,19.649998
78.502777,19.6249960000001
78.504166,19.556385
78.503876,19.4941600000001
78.5016630000001,19.4722180000001
78.486099,19.3786090000001
78.4835970000001,19.3569410000001
78.471649,19.216938
78.4699860000001,19.1611060000001
78.4608150000001,19.008888
78.459152,18.984161
78.4561000000001,18.9655490000001
78.4491420000001,18.962772
78.4435879999999,18.967216
78.424423,19.0038870000001
78.3947140000001,19.0527760000001
78.3891599999999,19.0572200000001
78.3771970000001,19.062496
78.358597,19.064999
78.351929,19.0619430000001
78.340271,19.0469440000001
78.3311,19.022499
78.2599950000001,18.999439
78.1980290000001,19.0377770000001
78.102478,19.0949969999999
78.095535,19.0922200000001
78.090271,19.0830539999999
78.085541,19.0711100000001
78.035263,18.874165
78.031662,18.8594400000001
78.0291600000001,18.838329
78.0272060000001,18.784721
78.0277710000001,18.751663
78.0313720000001,18.699718
78.0344240000001,18.681107
78.0455320000001,18.6355510000001
78.0522,18.6013870000001
78.054703,18.579163
78.055252,18.5524980000001
78.029434,18.4399950000001
78.0216520000001,18.4108279999999
77.898331,18.3338850000001
77.8777620000001,18.3627739999999
77.867752,18.378883
77.856934,18.4241640000001
77.8483280000001,18.4472160000001
77.841934,18.4483300000001
77.776382,18.4541630000001
77.7627720000001,18.4491620000001
77.6355440000001,18.3624950000001
77.5194400000001,18.300274
77.5063780000001,18.2927740000001
77.5010990000001,18.2847209999999
77.4972080000001,18.270554
77.490814,18.2366600000001
77.4888760000001,18.213882
77.491928,18.0113870000001
77.4944310000001,17.9899940000001
77.498871,17.978607
77.50444,17.9738850000001
77.5072170000001,17.9558300000001
77.5083310000001,17.927494
77.506104,17.907497
77.4905400000001,17.778885
77.4711000000001,17.7383270000001
77.4208219999999,17.6572190000001
77.346375,17.5608290000001
77.243317,17.4983290000001
77.176926,17.4186060000001
77.0641480000001,17.34333
77.0585939999999,17.348053
77.051926,17.3463860000001
77.0472110000001,17.335831
77.043869,17.3258290000001
77.0422060000001,17.3038859999999
77.043045,17.2766650000001
77.0463710000001,17.228329
77.048874,17.207497
77.054428,17.1380500000001
77.054153,17.110554
77.050812,17.0944400000001
77.0447080000001,17.0958290000001
77.0397030000001,17.103886
77.0216520000001,17.176384
77.006378,17.230827
76.9908140000001,17.2819400000001
76.9863740000001,17.293053
76.9772030000001,17.3122180000001
76.9724880000001,17.320274
76.965546,17.3186070000001
76.9599910000001,17.3111080000001
76.9499970000001,17.293331
76.9405360000001,17.272774
76.917206,17.2213820000001
76.8510890000001,17.048332
76.8152620000001,16.9436070000001
76.8105319999999,16.9336050000001
76.7997130000001,16.9191630000001
76.7927550000001,16.9177740000001
76.7866520000001,16.9194410000001
76.781662,16.927219
76.778046,16.9416620000001
76.769714,17.026943
76.766663,17.047218
76.7569430000001,17.096107
76.7533260000001,17.1102750000001
76.727768,17.176384
76.723038,17.1841620000001
76.7074890000001,17.2044410000001
76.7008210000001,17.202774
76.6947020000001,17.19833
76.5952610000001,16.997215
76.5741580000001,16.8591609999999
76.5691530000001,16.8224980000001
76.5677640000001,16.7986070000001
76.566376,16.748051
76.566666,16.7186050000001
76.570541,16.6127739999999
76.5749970000001,16.571941
76.6530460000001,16.336662
76.693863,16.304718
76.6994169999999,16.299721
76.7041630000001,16.291664
76.7086030000001,16.280552
76.7130430000001,16.239162
76.7444310000001,16.0136110000001
76.7502749999999,15.978609
76.753601,15.964165
76.7613830000001,15.9383320000001
76.7741550000001,15.9038870000001
76.799423,15.8352760000001
76.824707,15.7663880000001
76.8288730000001,15.7549990000001
76.8366550000001,15.7286090000001
76.8399809999999,15.7141650000001
76.8605350000001,15.6230530000001
76.863312,15.6052760000001
76.8655400000001,15.5841639999999
76.867203,15.5299990000001
76.874985,15.5005550000001
76.8799739999999,15.4980530000001
76.8852690000001,15.5049990000001
76.8949890000001,15.5241660000001
76.904434,15.543331
76.912491,15.5686090000001
76.914993,15.5872190000001
76.926651,15.7161080000001
76.9433139999999,15.8763870000001
76.9474789999999,15.8891660000001
76.9561,15.9116650000001
76.971924,16.011665
76.976379,16.051941
76.9758150000001,16.14333
76.9741520000001,16.167496
76.971375,16.185272
76.9716490000001,16.3072200000001
76.9799800000001,16.4491620000001
76.984711,16.51722
76.988876,16.529999
76.9941410000001,16.5311090000001
76.9985960000001,16.5197180000001
77.000824,16.498604
77.001663,16.4713820000001
77.0033260000001,16.3586080000001
77.003052,16.3311080000001
77.0186,16.101387
77.0216520000001,16.0833320000001
77.0263820000001,16.0749970000001
77.037491,16.064442
77.044434,16.065552
77.0691530000001,16.0569420000001
77.078873,16.0402760000001
77.080551,16.0158310000001
77.079987,15.9941640000001
77.067215,15.875553
77.0638730000001,15.85972
77.0597080000001,15.853052
77.053589,15.849165
77.036926,15.865274
77.0272060000001,15.8822190000001
77.0102690000001,15.827776
77.0047150000001,15.762777
77.001663,15.5974980000001
77.0013890000001,15.4019430000001
77.002213,15.3744410000001
77.0036010000001,15.3502750000001
77.0158230000001,15.250555
77.0186,15.2324980000001
77.056931,15.131664
77.099152,15.0522209999999
77.1252590000001,15.0358310000001
77.176376,14.739719
77.1785889999999,14.7183300000001
77.1808170000001,14.665833
77.1797030000001,14.5788860000001
77.176376,14.532499
77.170822,14.494997
77.1716460000001,14.46722
77.1883090000001,14.38722
77.1922000000001,14.374998
77.237762,14.3080540000001
77.296371,14.143888
77.301651,14.137499
77.3188780000001,14.1347220000001
77.3313750000001,14.1411090000001
77.356094,14.1161080000001
77.3733060000001,14.0691640000001
77.4022060000001,13.9811100000001
77.497482,13.9208320000001
77.522217,13.914165
77.527771,13.914165
77.558594,14.057499
77.5669400000001,14.1149980000001
77.571106,14.159721
77.5730439999999,14.181942
77.583328,14.3258300000001
77.583878,14.354719
77.578873,14.479164
77.5774840000001,14.504444
77.570541,14.53611
77.5658110000001,14.545553
77.540268,14.585831
77.534714,14.5919420000001
77.528595,14.5947210000001
77.522217,14.5913870000001
77.517487,14.581665
77.50943,14.555832
77.5058289999999,14.539721
77.5019380000001,14.526943
77.495529,14.5297200000001
77.490814,14.539165
77.4880370000001,14.558054
77.4880370000001,14.5897199999999
77.4883120000001,14.713331
77.491089,14.732498
77.5005490000001,14.752222
77.506104,14.758888
77.5122070000001,14.762499
77.546341,14.8762110000001
77.55304,14.939999
77.5558170000001,15.077497
77.549423,15.111942
77.5444340000001,15.1527770000001
77.5408169999999,15.200275
77.527481,15.415276
77.5260930000001,15.440554
77.527206,15.4980530000001
77.5308230000001,15.57472
77.533325,15.6261079999999
77.534424,15.651665
77.5349880000001,15.680277
77.5338750000001,15.7405529999999
77.5308230000001,15.791109
77.526382,15.8349970000001
77.520538,15.872498
77.5022130000001,15.932386
77.486542,15.9928870000001
77.4818730000001,16.00922
77.4793700000001,16.016554
77.4735410000001,16.0268879999999
77.4668730000001,16.0333860000001
77.449707,16.080276
77.442749,16.110554
77.4396970000001,16.1322170000001
77.4344180000001,16.194717
77.434982,16.223049
77.464996,16.3074990000001
77.4713749999999,16.305553
77.4755400000001,16.2936100000001
77.48082,16.2533300000001
77.483871,16.203049
77.5061420000001,16.083496
77.50798,16.07233
77.512161,16.053997
77.5319820000001,15.9941640000001
77.5349810000001,15.98883
77.5602569999999,15.9227750000001
77.564987,15.913887
77.576385,15.771944
77.5827640000001,15.613052
77.6099850000001,15.235554
77.613037,15.2166650000001
77.6152650000001,15.194443
77.617477,15.1402760000001
77.617477,15.1147190000001
77.6160890000001,14.989719
77.6147000000001,14.9127770000001
77.6155400000001,14.8838880000001
77.6530460000001,14.738886
77.6586000000001,14.7391640000001
77.662766,14.752222
77.679703,14.8658310000001
77.681656,14.888611
77.69664,15.105553
77.7099909999999,15.203609
77.7299800000001,15.4286099999999
77.7319340000001,15.451387
77.745529,15.6438880000001
77.746094,15.7538870000001
77.747208,15.779999
77.758881,16.005276
77.770828,16.2213820000001
77.7969360000001,16.687775
77.806931,16.800552
77.8719180000001,16.9002720000001
77.9010930000001,16.992218
77.9313660000001,17.006107
77.933044,16.9802740000001
77.9319310000001,16.9538840000001
77.926376,16.8833310000001
77.9213710000001,16.842773
77.9016570000001,16.739994
77.897766,16.725826
77.8930510000001,16.7149960000001
77.8869320000001,16.7105520000001
77.8799740000001,16.708885
77.873871,16.7108270000001
77.867752,16.7061039999999
77.8630370000001,16.695274
77.8572080000001,16.664719
77.848877,16.4441600000001
77.8483280000001,16.414719
77.8508150000001,16.2911070000001
77.848602,16.1502720000001
77.835266,15.9816650000001
77.829437,15.918888
77.8277740000001,15.8697190000001
77.8285980000001,15.8405530000001
77.830276,15.8147200000001
77.835266,15.7697200000001
77.8402710000001,15.728054
77.843323,15.708887
77.854431,15.6616649999999
77.858871,15.649166
77.8636020000001,15.636665
77.8733060000001,15.6183300000001
77.8663790000001,15.3952770000001
77.862488,15.3488860000001
77.8591460000001,15.3322200000001
77.831375,15.23472
77.8097080000001,15.174166
77.7974850000001,15.133888
77.7922060000001,15.0944420000001
77.78804,15.0486090000001
77.783875,14.8763870000001
77.7672119999999,14.73583
77.765274,14.7130530000001
77.758606,14.6088870000001
77.750549,14.4533310000001
77.7513890000001,14.424166
77.764709,14.239998
77.769989,14.2336080000001
77.774994,14.223886
77.7777710000001,14.2044430000001
77.775543,14.1491660000001
77.7702640000001,14.1102750000001
77.766663,14.094164
77.7544400000001,14.055277
77.7433170000001,14.042221
77.738586,14.0324990000001
77.734421,14.0194440000001
77.7194369999999,13.961388
77.71666,13.941942
77.727478,13.76111
77.732208,13.751389
77.754166,13.7249980000001
77.760544,13.7216639999999
77.764435,13.7344420000001
77.771378,13.766666
77.783875,13.8052770000001
77.7885890000001,13.814999
77.794983,13.818331
77.801651,13.818054
77.807755,13.81472
77.813309,13.8083320000001
77.8183290000001,13.7983320000001
77.8263850000001,13.7722210000001
77.829712,13.755833
77.8324890000001,13.736109
77.8347170000001,13.713331
77.8641510000001,13.676664
77.950546,13.62833
78.049423,13.5888860000001
78.0549770000001,13.5955520000001
78.0583190000001,13.6119420000001
78.0927580000001,13.876942
78.092209,13.940275
78.09082,13.966942
78.0880430000001,13.9869420000001
78.077774,14.036665
78.0627590000001,14.0963860000001
78.0585940000001,14.10972
78.008881,14.2347200000001
78.0041660000001,14.24472
77.993317,14.2575
77.9863740000001,14.2575
77.964432,14.2833330000001
77.962204,14.306387
77.9608150000001,14.3324990000001
77.9627690000001,14.3558310000001
77.9677580000001,14.365831
77.974701,14.365831
78.0158230000001,14.347219
78.0213780000001,14.340832
78.026093,14.3311100000001
78.0460970000001,14.26861
78.066086,14.2324980000001
78.0769350000001,14.219442
78.0833280000001,14.216108
78.0894320000001,14.219719
78.0935970000001,14.233053
78.096939,14.24972
78.098328,14.2763879999999
78.098328,14.309721
78.097488,14.33972
78.093323,14.38611
78.0905460000001,14.406109
78.0905460000001,14.472498
78.094437,14.552498
78.101089,14.622774
78.103867,14.6430550000001
78.1119230000001,14.7366640000001
78.1130370000001,14.763332
78.1130370000001,14.796665
78.111649,14.8233320000001
78.1016540000001,14.9091640000001
78.1008150000001,14.965832
78.102768,14.9891640000001
78.1055450000001,15.009443
78.109711,15.023054
78.114426,15.0336090000001
78.1486050000001,15.0566650000001
78.197479,15.221943
78.2097170000001,15.2636110000001
78.216934,15.2944430000001
78.2230380000001,15.3322200000001
78.2355350000001,15.438053
78.237488,15.461664
78.2380370000001,15.4922200000001
78.2366490000001,15.518888
78.2344210000001,15.542221
78.228592,15.5819420000001
78.224991,15.5983310000001
78.219437,15.637777
78.2172090000001,15.66111
78.216934,15.6947210000001
78.2188720000001,15.7186090000001
78.2222140000001,15.7358300000001
78.229156,15.7369420000001
78.233871,15.7274970000001
78.25499,15.629164
78.2697140000001,15.6008300000001
78.2869260000001,15.5930540000001
78.2938690000001,15.5938870000001
78.299149,15.601387
78.3352659999999,15.7658329999999
78.3366550000001,15.793331
78.3441470000001,15.9949970000001
78.356369,16.1024970000001
78.3555450000001,16.133053
78.3424840000001,16.2394370000001
78.3408200000001,16.2663880000001
78.333603,16.4755520000001
78.3316650000001,16.5363849999999
78.328598,16.719162
78.3302760000001,16.7705540000001
78.333878,16.818886
78.34166,16.881939
78.370255,17.0455510000001
78.376648,17.0813870000001
78.4163820000001,17.2936100000001
78.420258,17.3016620000001
78.4252619999999,17.292774
78.433868,17.267776
78.436096,17.2444380000001
78.436371,17.2169380000001
78.4347080000001,17.1924930000001
78.3969419999999,16.9261050000001
78.3913730000001,16.9177740000001
78.3855440000001,16.878883
78.3844300000001,16.8513870000001
78.386108,16.82444
78.405258,16.6066630000001
78.408875,16.5905530000001
78.4274750000001,16.5841640000001
78.4385830000001,16.5730510000001
78.4402620000001,16.5527760000001
78.4391480000001,16.524998
78.437195,16.5005530000001
78.429428,16.4374960000001
78.430542,16.4066620000001
78.449707,16.331665
78.452209,16.3288840000001
78.525543,16.4641609999999
78.5660860000001,16.542221
78.612762,16.691383
78.6391600000001,16.802219
78.642487,16.8205530000001
78.648041,16.828884
78.660263,16.8388859999999
78.6663820000001,16.8369410000001
78.6719210000001,16.831108
78.674988,16.810829
78.6758120000001,16.786663
78.668045,16.7219390000001
78.665817,16.6652720000001
78.666931,16.6341630000001
78.670532,16.617496
78.676651,16.6152729999999
78.6827550000001,16.6202740000001
78.6888730000001,16.6180529999999
78.7133180000001,16.57111
78.716385,16.5505520000001
78.715271,16.5222210000001
78.7119290000001,16.5041660000001
78.707214,16.4924930000001
78.696365,16.476105
78.690262,16.4713820000001
78.683319,16.4699939999999
78.6710970000001,16.460274
78.573318,16.3286090000001
78.5677640000001,16.3208310000001
78.563034,16.309441
78.5549770000001,16.2799990000001
78.551651,16.2622180000001
78.5319370000001,16.1547160000001
78.521378,16.1044429999999
78.5078579999999,16.072126
78.498322,16.0588870000001
78.492203,16.0544430000001
78.486649,16.0466650000001
78.4827580000001,16.032219
78.479431,16.0144420000001
78.4769290000001,15.99333
78.4755400000001,15.9655530000001
78.4747009999999,15.9036100000001
78.46666,15.747776
78.464706,15.723331
78.46138,15.705832
78.4572140000001,15.6913870000001
78.4527740000001,15.6461110000001
78.451096,15.587776
78.4508210000001,15.481386
78.4516600000001,15.464165
78.4581760000001,15.427458
78.472763,15.363886
78.4769290000001,15.350554
78.5005490000001,15.2980540000001
78.588043,15.1933309999999
78.593048,15.2044430000001
78.604431,15.2299980000001
78.6091460000001,15.2408310000001
78.6094210000001,15.341665
78.612762,15.3941649999999
78.616089,15.4119430000001
78.630264,15.444998
78.635818,15.452776
78.710266,15.5005550000001
78.7172090000001,15.501389
78.805252,15.48472
78.811371,15.4819410000001
78.843323,15.4011100000001
78.8447110000001,15.3799970000001
78.84137,15.361664
78.8291630000001,15.3177759999999
78.8197169999999,15.2955530000001
78.7719270000001,15.219719
78.734421,15.1980530000001
78.728867,15.1974979999999
78.6752620000001,15.2199970000001
78.6010890000001,15.0349980000001
78.5969390000001,15.020832
78.5958250000001,14.9927750000001
78.5972140000001,14.9652750000001
78.599991,14.9447210000001
78.606934,14.9105550000001
78.6105350000001,14.893332
78.618042,14.8624970000001
78.6222080000001,14.848886
78.6416630000001,14.8049980000001
78.648605,14.805553
78.65332,14.816387
78.6572110000001,14.8305530000001
78.662201,14.841387
78.66832,14.8452760000001
78.6819310000001,14.8463860000001
78.7005460000001,14.8372190000001
78.728043,14.8180540000001
78.7308200000001,14.8147200000001
78.726379,14.698608
78.7236020000001,14.6774980000001
78.708038,14.616941
78.6827550000001,14.531666
78.6560970000001,14.526943
78.6216430000001,14.532499
78.5783230000001,14.5408330000001
78.5319370000001,14.4558320000001
78.497757,14.3855550000001
78.48526,14.3922210000001
78.479706,14.3988880000001
78.474991,14.4088880000001
78.470825,14.4224990000001
78.468048,14.4430540000001
78.4638820000001,14.4908310000001
78.461105,14.5458320000001
78.4588780000001,14.5697190000001
78.453323,14.610554
78.443039,14.6613879999999
78.4388730000001,14.674721
78.406372,14.7174970000001
78.388596,14.7299980000001
78.383881,14.7263870000001
78.3777620000001,14.688332
78.37442,14.6372200000001
78.3735960000001,14.6063860000001
78.3738710000001,14.579165
78.3780360000001,14.4533310000001
78.3863830000001,14.364998
78.3385930000001,14.2955530000001
78.3330540000001,14.3022210000001
78.3060910000001,14.325275
78.2733150000001,14.1927760000001
78.255554,14.1113870000001
78.2810970000001,14.0980529999999
78.284988,14.0913869999999
78.286377,14.07111
78.2858120000001,13.989998
78.265823,13.753611
78.260818,13.743608
78.25,13.7575000000001
78.241653,13.7844430000001
78.2341460000001,13.814999
78.2308200000001,13.8319420000001
78.221375,13.852221
78.2158200000001,13.858887
78.2094270000001,13.855553
78.2027739999999,13.8222200000001
78.2005460000001,13.7986090000001
78.1963650000001,13.7183299999999
78.194138,13.627775
78.1969300000001,13.573887
78.207489,13.3922210000001
78.216934,13.2369420000001
78.219437,13.183054
78.219437,13.1494430000001
78.217758,13.122498
78.213043,13.079165
78.2080380000001,13.0694429999999
78.2024840000001,13.0633320000001
78.198318,13.050276
78.1955259999999,13.0302770000001
78.197479,13.006666
78.2058260000001,12.979164
78.2199859999999,12.9474980000001
78.2349850000001,12.9194430000001
78.2405400000001,12.9119430000001
78.2466430000001,12.9149990000001
78.25499,12.944443
78.2599950000001,12.9541649999999
78.2660980000001,12.956942
78.2880400000001,12.9483319999999
78.2941440000001,12.944443
78.3488770000001,12.8783300000001
78.3544310000001,12.871109
78.3602600000001,12.8330539999999
78.3608090000001,12.802498
78.358597,12.74472
78.3599850000001,12.717497
78.363312,12.6999990000001
78.3855440000001,12.6122189999999
78.3936,12.584164
78.4755400000001,12.371386
78.4802700000001,12.3605540000001
78.483871,12.37722
78.486649,12.397499
78.4997100000001,12.5402760000001
78.5005490000001,12.5711099999999
78.495819,12.7163869999999
78.496094,12.7508319999999
78.498032,12.9019430000001
78.4994200000001,12.9294430000001
78.514999,13.093609
78.5177610000001,13.1138859999999
78.525543,13.144444
78.5372010000001,13.18861
78.5408170000001,13.198608
78.5441440000001,13.1811099999999
78.546097,13.156666
78.5480350000001,13.097776
78.5430450000001,13.053331
78.5397030000001,13.0363860000001
78.5305480000001,12.9749980000001
78.5238800000001,12.8686080000001
78.5224910000001,12.841108
78.5230410000001,12.8099980000001
78.533325,12.663887
78.543594,12.483053
78.5469360000001,12.3788850000001
78.5972140000001,12.1530530000001
78.6097110000001,12.043331
78.6147000000001,12.0008320000001
78.617477,11.979443
78.6271970000001,11.925554
78.631363,11.9108310000001
78.7302700000001,11.6502760000001
78.733597,11.6461110000001
78.738586,11.641666
78.741364,11.6411090000001
78.763321,11.6647210000001
78.795258,11.7077750000001
78.804977,11.7269420000001
78.8091430000001,11.7402740000001
78.8199920000001,11.7913880000001
78.8216550000001,11.819443
78.8197169999999,11.8444420000001
78.815536,11.859442
78.8091430000001,11.896111
78.81192,11.916666
78.816086,11.929998
78.8216550000001,11.93611
78.8277740000001,11.9316650000001
78.8324890000001,11.919998
78.8447110000001,11.875275
78.8510890000001,11.8386100000001
78.853867,11.8166660000001
78.85582,11.7913880000001
78.858032,11.7341630000001
78.862488,11.6872200000001
78.868317,11.646666
78.874985,11.60972
78.8822020000001,11.576109
78.9166560000001,11.433054
78.920822,11.4177759999999
78.948318,11.343609
78.9605410000001,11.333332
78.9666599999999,11.335554
78.9727630000001,11.413054
78.9760890000001,11.4697190000001
78.9774780000001,11.5377770000001
78.9763790000001,11.6024970000001
78.969437,11.6758310000001
78.951385,11.8299980000001
78.9433140000001,11.860275
78.926376,11.984997
78.895538,12.2291640000001
78.8930510000001,12.25111
78.891937,12.27972
78.892487,12.3044429999999
78.9010930000001,12.470831
78.90332,12.495552
78.908035,12.5055540000001
78.9183200000001,12.500832
78.9922030000001,12.444164
78.996094,12.4291650000001
78.9980320000001,12.4038870000001
78.9980320000001,12.367775
78.9963680000001,12.3033310000001
78.9947050000001,12.2747210000001
78.9841460000001,12.222498
78.969711,12.1172199999999
78.9674840000001,12.092497
78.9674840000001,12.063887
78.969986,12.0419430000001
78.973312,12.023333
78.97998,11.986109
78.986099,11.981665
79.02887,11.898054
79.0394290000001,11.8455520000001
79.054703,11.7811110000001
79.0758210000001,11.755278
79.113876,11.8019429999999
79.1717530000001,11.9003310000001
79.1745910000001,11.9063320000001
79.1966400000001,11.950554
79.2035980000001,11.98583
79.205261,12.014721
79.205551,12.051388
79.2255400000001,12.073608
79.253876,12.101664
79.2908169999999,12.117496
79.295822,12.113052
79.3005370000001,12.1011090000001
79.3044280000001,12.085554
79.3044280000001,12.0708310000001
79.2861020000001,11.9852750000001
79.2437130000001,11.918887
79.2400360000001,11.917387
79.2375409999999,11.9090540000001
79.224152,11.86833
79.224701,11.834997
79.236649,11.7886100000001
79.277481,11.7213860000001
79.2836,11.716387
79.301376,11.7052760000001
79.3183290000001,11.7052760000001
79.3216550000001,11.68611
79.3216550000001,11.663887
79.3194430000001,11.638611
79.306091,11.60083
79.27832,11.555277
79.245819,11.6358320000001
79.203049,11.707499
79.197754,11.7158320000001
79.19165,11.720831
79.1780400000001,11.7236080000001
79.1660920000001,11.714998
79.1613770000001,11.704998
79.157761,11.6874979999999
79.150543,11.652498
79.113037,11.413332
79.0930480000001,11.236385
79.1233060000001,11.1888870000001
79.1952510000001,11.166943
79.231659,11.146666
79.2377620000001,11.141388
79.2930450000001,11.0233330000001
79.3274840000001,10.910276
79.332214,10.8977780000001
79.3422090000001,10.876387
79.353043,10.858332
79.3647000000001,10.843887
79.4072110000001,10.853886
79.412201,10.863609
79.4158170000001,10.8811090000001
79.418869,10.902777
79.4369199999999,10.916388
79.443039,10.918331
79.4561000000001,10.9108310000001
79.467484,10.8963870000001
79.478317,10.8780540000001
79.4924770000001,10.8402750000001
79.4963680000001,10.823887
79.49942,10.804165
79.5069430000001,10.734163
79.5102690000001,10.714165
79.51416,10.697777
79.5327610000001,10.680832
79.544983,10.6769430000001
79.5510860000001,10.6788860000001
79.5555420000001,10.692776
79.559982,10.7444419999999
79.5605320000001,10.7822210000001
79.5591430000001,10.918888
79.555817,11.025831
79.551926,11.1141640000001
79.5521999999999,11.1444440000001
79.5594180000001,11.180277
79.569153,11.1208310000001
79.5785980000001,11.0233330000001
79.5822140000001,10.969164
79.5849910000001,10.911388
79.587494,10.8880540000001
79.5908200000001,10.868053
79.5947110000001,10.851664
79.599716,10.853886
79.604431,10.863886
79.6405490000001,10.9638859999999
79.643326,10.986109
79.6449890000001,11.0161090000001
79.6447140000001,11.0505539999999
79.641098,11.104998
79.6385960000001,11.1286089999999
79.6349950000001,11.3661080000001
79.652206,11.3808310000001
79.684143,11.2619440000001
79.693588,11.236385
79.7091520000001,11.205553
79.7160949999999,11.19972
79.7722170000001,11.1924969999999
79.7777710000001,11.198887
79.779434,11.2291640000001
79.781097,11.341108
79.780548,11.37583
79.7772060000001,11.3961110000001
79.7652739999999,11.445276
79.7649990000001,11.4724979999999
79.7658230000001,11.5069429999999
79.768051,11.5336090000001
79.7722170000001,11.5480539999999
79.7777710000001,11.5544430000001
79.783875,11.5569420000001
79.7902680000001,11.551664
79.812195,11.569719
79.8322140000001,11.673887
79.834991,11.6963860000001
79.839706,11.7886100000001
79.839981,11.8197190000001
79.836655,11.839998
79.8313749999999,11.8488860000001
79.768875,11.9388870000001
79.6905360000001,12.0461100000001
79.6858060000001,12.0508310000001
79.6749880000001,12.106386
79.6691440000001,12.1494430000001
79.6622010000001,12.2769430000001
79.6619260000001,12.3113880000001
79.6633150000001,12.341665
79.6874850000001,12.3572200000001
79.6941380000001,12.3561080000001
79.7133180000001,12.345276
79.7352600000001,12.31111
79.7399750000001,12.298887
79.743317,12.278887
79.7472079999999,12.2244420000001
79.750549,12.20472
79.7824859999999,12.164444
79.8030400000001,12.160831
79.8091430000001,12.1636100000001
79.8333280000001,12.201942
79.836105,12.2247199999999
79.836105,12.3297200000001
79.8322140000001,12.3847220000001
79.828873,12.4047200000001
79.8208310000001,12.4369430000001
79.812195,12.465275
79.8024750000001,12.4899980000001
79.7774810000001,12.543888
79.7719270000001,12.5447220000001
79.7663880000001,12.5377770000001
79.756378,12.5969430000001
79.773605,12.7877770000001
79.7785950000001,12.8374979999999
79.7855380000001,12.8752749999999
79.7897030000001,12.890276
79.799423,12.9124980000001
79.81192,12.957775
79.8222200000001,13.014721
79.8499909999999,13.3505540000001
79.8519290000001,13.3777749999999
79.852768,13.412777
79.852203,13.5255550000001
79.8530430000001,13.560555
79.859146,13.6419430000001
79.8702550000001,13.7352750000001
79.8744200000001,13.7897209999999
79.875259,13.8247200000001
79.8724819999999,13.848053
79.8688660000001,13.8677750000001
79.86499,13.883333
79.8560940000001,13.9105550000001
79.835541,13.94972
79.829987,13.9574990000001
79.823883,13.961388
79.7730410000001,13.969164
79.766937,13.965553
79.7352600000001,13.9116649999999
79.7305450000001,13.9002760000001
79.726379,13.884722
79.7169340000001,13.823608
79.7058260000001,13.731665
79.69664,13.62833
79.69664,13.589998
79.6941380000001,13.3180540000001
79.690262,13.0463870000001
79.688583,13.015833
79.6430510000001,12.8674960000001
79.597763,12.701387
79.594147,12.6827749999999
79.588593,12.6380540000001
79.58638,12.611664
79.5855410000001,12.5777759999999
79.589432,12.5238880000001
79.5908200000001,12.4933300000001
79.587769,12.4711090000001
79.5822140000001,12.464165
79.571381,12.45083
79.5663760000001,12.447777
79.5510860000001,12.514166
79.5483249999999,12.53722
79.5472109999999,12.567776
79.5472109999999,12.605553
79.549423,12.631664
79.5686040000001,12.7919429999999
79.58638,12.9986080000001
79.588043,13.0288870000001
79.5974880000001,13.2750000000001
79.594147,13.331942
79.5841520000001,13.465275
79.5808260000001,13.4844419999999
79.5683290000001,13.4927750000001
79.5627590000001,13.4852749999999
79.5319370000001,13.430277
79.527206,13.4191650000001
79.514709,13.3708310000001
79.5124970000001,13.3447210000001
79.5158230000001,13.288054
79.514435,13.265276
79.4780430000001,13.2566660000001
79.4713750000001,13.257221
79.467209,13.2724990000001
79.4394230000001,13.4202770000001
79.436096,13.4391650000001
79.435257,13.4727750000001
79.4394230000001,13.4874970000001
79.446365,13.487219
79.452484,13.483053
79.458038,13.475275
79.467484,13.4524970000001
79.478592,13.436943
79.483322,13.4477769999999
79.485535,13.474165
79.4869230000001,13.571665
79.484146,13.5944420000001
79.4330440000001,13.768332
79.391937,13.873608
79.358322,13.914721
79.351379,13.914721
79.3191530000001,13.9038869999999
79.302765,13.889166
79.295822,13.8894420000001
79.289703,13.8930550000001
79.278595,13.9080540000001
79.264999,14.01861
79.260269,14.0588870000001
79.2641600000001,14.0738870000001
79.2691499999999,14.0847209999999
79.279984,14.09972
79.332214,14.151943
79.338318,14.1558320000001
79.4460910000001,14.026388
79.4569400000001,14.0113890000001
79.469437,13.9663870000001
79.474152,13.9549980000001
79.484421,13.9363860000001
79.489975,13.92861
79.5352630000001,13.8830530000001
79.541367,13.886944
79.56192,13.924442
79.5666660000001,13.935831
79.5797120000001,13.977497
79.588043,14.007776
79.6038670000001,14.07222
79.610535,14.1102750000001
79.609985,14.1369439999999
79.7302700000001,14.3999999999999
79.750824,14.439442
79.7666630000001,14.4669420000001
79.799423,14.5149989999999
79.804153,14.530554
79.8060909999999,14.557775
79.804153,14.584997
79.781937,14.769165
79.768051,14.8452760000001
79.7638850000001,14.8602750000001
79.7091520000001,15.0133320000001
79.6980290000001,15.027498
79.6797030000001,15.03722
79.6699830000001,15.0591640000001
79.642212,15.132774
79.624985,15.199442
79.6144259999999,15.255278
79.61026,15.269999
79.6005400000001,15.291666
79.593597,15.290833
79.5613710000001,15.290833
79.52916,15.2980540000001
79.5230410000001,15.3011090000001
79.378021,15.4405330000001
79.339157,15.4830530000001
79.333603,15.4897190000001
79.3238830000001,15.5108320000001
79.2738800000001,15.6513879999999
79.2402650000001,15.767498
79.23526,15.777777
79.224152,15.7908330000001
79.218048,15.7861100000001
79.212769,15.777777
79.18692,15.729719
79.1108090000001,15.714443
79.1488800000001,15.7713870000001
79.1535950000001,15.783054
79.1616520000001,15.813332
79.1627660000001,15.8427750000001
79.160812,15.8680530000001
79.157761,15.889442
79.1494290000001,15.917221
79.126373,15.974998
79.074158,16.0924950000001
79.053864,16.1322170000001
79.041656,16.1369400000001
79.035538,16.1322170000001
79.022491,16.1261060000001
79.0155489999999,16.124996
78.9969330000001,16.1322170000001
78.9866490000001,16.1480520000001
78.9180450000001,16.3208310000001
78.913879,16.3344420000001
78.910263,16.351387
78.9044339999999,16.3930510000001
78.902771,16.421383
78.90387,16.4499970000001
78.9158170000001,16.4955480000001
78.9227599999999,16.496941
78.9352569999999,16.492771
78.9602660000001,16.4622150000001
78.964432,16.4488830000001
78.970261,16.40694
78.974426,16.393608
78.9841460000001,16.3741649999999
79.040817,16.3211100000001
79.0885930000001,16.2911070000001
79.0933230000001,16.2811090000001
79.101089,16.2574999999999
79.104706,16.2399940000001
79.109421,16.2299960000001
79.1366580000001,16.1952739999999
79.1533200000001,16.1766620000001
79.188309,16.150829
79.2088780000001,16.1547160000001
79.2219240000001,16.1536060000001
79.2280430000001,16.1511080000001
79.233871,16.144997
79.2391510000001,16.138607
79.2497099999999,16.1222189999999
79.2691499999999,16.08194
79.292206,16.023331
79.2963710000001,16.009441
79.324707,15.973886
79.3852690000001,15.9402750000001
79.496643,15.8924980000001
79.564148,15.8741650000001
79.624985,15.801109
79.635818,15.787777
79.6644290000001,15.738886
79.6863710000001,15.6966650000001
79.6983180000001,15.686943
79.7649990000001,15.647499
79.827209,15.638054
79.840271,15.644165
79.845825,15.6527770000001
79.8621980000001,15.67861
79.8669280000001,15.691109
79.870819,15.7072200000001
79.8735960000001,15.7311100000001
79.875259,15.797777
79.8749850000001,15.836664
79.8733060000001,15.867775
79.8630370000001,16.006107
79.860535,16.071941
79.86026,16.110828
79.8636020000001,16.130829
79.8691410000001,16.139717
79.8746950000001,16.133053
79.879425,16.1224980000001
79.8885960000001,16.0969430000001
79.8991550000001,16.040554
79.9116520000001,15.995831
79.931366,15.9527760000001
79.937485,15.949999
79.968048,15.975554
80.0088809999999,16.0227740000001
80.018326,16.048332
80.022491,16.0649990000001
80.0608060000001,16.279442
80.062759,16.3077739999999
80.060532,16.334995
80.0441440000001,16.521664
80.0405430000001,16.5405540000001
80.036377,16.5552750000001
80.0313720000001,16.566109
80.0244290000001,16.5641630000001
80.012207,16.5691639999999
79.9033200000001,16.725826
79.8808139999999,16.7902759999999
79.872208,16.8191640000001
---
80.1397090000001,36.7691570000001
80.1416930000001,36.696114
80.149719,36.6047130000001
80.1549840000001,36.5905460000001
80.1599880000001,36.6091610000001
80.162491,36.639717
80.162766,36.719711
80.160812,36.760277
80.1491550000001,36.83416
80.1447140000001,36.853325
80.1399840000001,36.849159
---
80.1102600000001,27.7719420000001
80.1116490000001,27.733051
80.113876,27.6991619999999
80.1174770000001,27.6794400000001
80.1227570000001,27.674164
80.1538700000001,27.701107
80.1580350000001,27.7191620000001
80.1724850000001,27.800831
80.175812,27.8219409999999
80.166061,27.878178
80.157761,27.986382
80.1483310000001,28.0597190000001
80.14415,28.0744400000001
80.1388850000001,28.06694
80.1355440000001,28.04583
80.125534,27.9822160000001
80.1102600000001,27.8377760000001
---
80.089432,32.315269
80.088043,32.2874980000001
80.090546,32.216934
80.09137,32.1513820000001
80.090271,32.091103
80.0805510000001,31.739716
80.077774,31.684719
80.0694430000001,31.582497
80.0702670000001,31.554718
80.0858150000001,31.44944
80.1058200000001,31.476662
80.1108090000001,31.4936070000001
80.1280360000001,31.7919430000001
80.145264,32.1216580000001
80.1605380000001,32.330826
80.179977,32.591103
80.190536,32.751106
80.196365,32.8933260000001
80.2144320000001,33.0308230000001
80.240265,33.261108
80.2424770000001,33.2866590000001
80.2430420000001,33.317215
80.241089,33.3863830000001
80.2388760000001,33.4244380000001
80.2310940000001,33.52388
80.2213750000001,33.602219
80.2177579999999,33.6249920000001
80.2133180000001,33.6374970000001
80.2069400000001,33.6244350000001
80.2030490000001,33.603607
80.199997,33.5805510000001
80.191925,33.508888
80.174423,33.274437
80.1480410000001,32.93943
80.1413730000001,32.896385
80.1330409999999,32.825554
80.122208,32.6958240000001
80.114151,32.529434
80.112198,32.5041660000001
80.1099850000001,32.479156
80.0944370000001,32.3663860000001
---
80.2380370000001,18.456661
80.2599950000001,18.389439
80.263885,18.3708310000001
80.2669369999999,18.3477750000001
80.2752689999999,18.274166
80.277771,18.2466620000001
80.2794339999999,18.2149959999999
80.281097,18.1383290000001
80.284714,18.119442
80.308319,18.1416630000001
80.337769,18.219162
80.3585970000001,18.3019410000001
80.362488,18.320274
80.360809,18.352219
80.3583220000001,18.3797190000001
80.338593,18.588051
80.3349910000001,18.606663
80.3069310000001,18.748882
80.301926,18.75861
80.25972,18.632774
80.2505490000001,18.604164
80.245529,18.5533290000001
---
80.3822020000001,24.308887
80.3833310000001,24.197773
80.3849950000001,24.161942
80.387772,24.1358300000001
80.393051,24.128609
80.399155,24.130829
80.4371949999999,24.1622159999999
80.4438630000001,24.1691630000001
80.4497070000001,24.179718
80.4541630000001,24.196941
80.452484,24.2327730000001
80.4491420000001,24.2544440000001
80.3952639999999,24.381107
80.389709,24.3833310000001
80.3841550000001,24.335831
---
80.4694370000001,20.0075000000001
80.466095,20.030552
80.4611049999999,20.0397189999999
80.405823,20.100552
80.4108120000001,20.169994
80.4144290000001,20.1888850000001
80.4174800000001,20.211384
80.4197080000001,20.2377740000001
80.4210970000001,20.3294410000001
80.4197080000001,20.3658290000001
80.4138790000001,20.415829
80.4094240000001,20.429718
80.40387,20.434162
80.3906860000001,20.4297900000001
80.3852690000001,20.434441
80.320831,20.527775
80.3022,20.5724980000001
80.2944340000001,20.6083300000001
80.2916560000001,20.6227720000001
80.2924800000001,20.6477740000001
80.296097,20.6666640000001
80.3008120000001,20.682217
80.3069310000001,20.727219
80.3113710000001,20.779442
80.31192,20.812775
80.3088680000001,20.834995
80.3058170000001,20.8411060000001
80.300537,20.829441
80.2869260000001,20.7833330000001
80.271103,20.7480510000001
80.264435,20.7433280000001
80.2233120000001,20.804718
80.218323,20.81361
80.2138820000001,20.8266640000001
80.211105,20.8533289999999
80.21138,20.881939
80.212204,20.9433290000001
80.2152710000001,21.095829
80.21666,21.1252750000001
80.239975,21.300552
80.266388,21.4833300000001
80.2736050000001,21.697216
80.2724910000001,21.8027760000001
80.271103,21.8383289999999
80.2677610000001,21.860554
80.2627719999999,21.8686069999999
80.257217,21.872498
80.2460940000001,21.879997
80.2177579999999,21.898331
80.204987,21.8922200000001
80.2005460000001,21.8763850000001
80.1774750000001,21.761108
80.168594,21.7297170000001
80.1541600000001,21.6866610000001
80.14444,21.6588860000001
80.1294250000001,21.6191640000001
80.1241460000001,21.60722
80.1183170000001,21.598606
80.1133120000001,21.6069410000001
80.1110990000001,21.6374969999999
80.1124880000001,21.6669390000001
80.1388850000001,21.727219
80.1424870000001,21.746105
80.1469419999999,21.798054
80.146103,21.8297200000001
80.1436,21.856106
80.108597,22.0541650000001
80.075546,22.128052
80.0260930000001,22.196384
80.0119320000001,22.188885
79.986923,22.1927720000001
79.9824829999999,22.2049940000001
79.979156,22.2263830000001
79.9783170000001,22.2575
79.981094,22.2874980000001
79.995255,22.3549960000001
80.001389,22.363884
80.0322110000001,22.32111
80.035263,22.3358310000001
80.037491,22.3616640000001
80.1697080000001,22.4191630000001
80.258041,22.44944
80.264999,22.455273
80.2751620000001,22.5000000000001
80.2866520000001,22.5599980000001
80.2916560000001,22.572773
80.2985990000001,22.5786090000001
80.308594,22.562775
80.313034,22.5499990000001
80.3169400000001,22.532776
80.319717,22.506386
80.3200990000001,22.5000000000001
80.325546,22.4086070000001
80.3288729999999,22.386662
80.352768,22.3369410000001
80.3585970000001,22.3333320000001
80.3708190000001,22.3358310000001
80.410263,22.3611069999999
80.423599,22.3849950000001
80.426651,22.408329
80.429153,22.4980510000001
80.426651,22.6122170000001
80.42276,22.6794400000001
80.418045,22.6794400000001
80.406937,22.678051
80.4005429999999,22.676662
80.387207,22.6644400000001
80.3819270000001,22.651661
80.3699799999999,22.632774
80.3572080000001,22.6174960000001
80.350815,22.616108
80.345261,22.619442
80.3410950000001,22.623886
80.3283230000001,22.694996
80.3249970000001,22.716938
80.3241580000001,22.7491610000001
80.4052579999999,22.829998
80.410538,22.8349950000001
80.4369200000001,22.8338850000001
80.490265,22.88694
80.478043,22.938328
80.4741520000001,22.955551
80.4613800000001,23.127773
80.453049,23.2580530000001
80.450272,23.284721
80.44693,23.306385
80.4430390000001,23.323608
80.4294280000001,23.3608280000001
80.423599,23.35083
80.4063720000001,23.3177759999999
80.4019320000001,23.3011090000001
80.399155,23.277496
80.398605,23.243885
80.3997189999999,23.203327
80.398331,23.17305
80.3947140000001,23.153049
80.3902740000001,23.136383
80.3852690000001,23.123329
80.380264,23.1308290000001
80.360809,23.2080500000001
80.350266,23.268608
80.3491520000001,23.3088870000001
80.3458249999999,23.330551
80.341934,23.347496
80.336105,23.3502730000001
80.283325,23.3083310000001
80.278046,23.295277
80.265549,23.242493
80.2599950000001,23.1961060000001
80.2577670000001,23.1697160000001
80.2566530000001,23.139717
80.252487,23.0869410000001
80.2449800000001,23.0474970000001
80.162491,23.00111
80.156097,22.9997180000001
80.146103,23.0147210000001
80.1280360000001,23.063332
80.1241460000001,23.079998
80.120819,23.1013870000001
80.115265,23.1527750000001
80.1133120000001,23.183052
80.1136020000001,23.2158279999999
80.118866,23.228882
80.1238710000001,23.2213820000001
80.1363830000001,23.1758270000001
80.1530460000001,23.1183280000001
80.161926,23.094162
80.1672060000001,23.0863840000001
80.1896970000001,23.225273
80.1924739999999,23.248051
80.2077640000001,23.4294400000001
80.20665,23.469162
80.205826,23.476662
80.202209,23.4852710000001
80.1969300000001,23.492771
80.185806,23.498329
80.1788640000001,23.49194
80.175262,23.4722179999999
80.169434,23.4624940000001
80.1547090000001,23.489162
80.131088,23.539719
80.1285860000001,23.5574990000001
80.135818,23.596664
80.140274,23.6130520000001
80.145264,23.6263850000001
80.2072140000001,23.751389
80.227203,23.7299960000001
80.2327580000001,23.7274930000001
80.2566530000001,23.718052
80.2944340000001,23.734718
80.301086,23.741383
80.3047030000001,23.761387
80.3033140000001,23.788887
80.298325,23.7961080000001
80.288589,23.815552
80.2802730000001,23.8441620000001
80.278046,23.866665
80.269714,23.9938850000001
80.2680510000001,24.021111
80.272766,24.029999
80.277206,24.0180550000001
80.2852629999999,23.9849929999999
80.2930450000001,23.9516600000001
80.2999880000001,23.909161
80.303864,23.8924939999999
80.30748,23.912495
80.309418,23.9394379999999
80.308319,23.9794390000001
80.2944340000001,24.2169380000001
80.284714,24.3058320000001
80.283875,24.3380510000001
80.2874910000001,24.358051
80.2924800000001,24.371941
80.3133090000001,24.398052
80.3183290000001,24.3988840000001
80.3238830000001,24.3966640000001
80.325546,24.3611070000001
80.325546,24.290833
80.330276,24.2294390000001
80.333054,24.2033269999999
80.3363800000001,24.182217
80.349991,24.146385
80.355545,24.151939
80.363312,24.1894380000001
80.3660890000001,24.213051
80.368591,24.273609
80.368866,24.3074990000001
80.367752,24.3477750000001
80.344986,24.5061069999999
80.3413700000001,24.5272219999999
80.333603,24.560276
80.314423,24.5974960000001
80.3113710000001,24.602497
80.3066410000001,24.5519410000001
80.298325,24.4811060000001
80.293869,24.4722180000001
80.2677610000001,24.460827
80.2624970000001,24.467773
80.258041,24.479439
80.2547150000001,24.5005530000001
80.253601,24.532497
80.2563780000001,24.555832
80.289429,24.723606
80.293869,24.7405509999999
80.299423,24.746662
80.3177640000001,24.754444
80.3294370000001,24.7630540000001
80.3347170000001,24.768887
80.3408200000001,24.77972
80.3458249999999,24.7936099999999
80.349426,24.814163
80.350815,24.8363840000001
80.338318,24.859997
80.323608,24.8849949999999
80.3183290000001,24.8916630000001
80.279984,24.853329
80.2738800000001,24.8427730000001
80.258606,24.8011089999999
80.246643,24.77972
80.247757,24.809998
80.25499,24.982216
80.2622070000001,25.105831
80.2686,25.1833310000001
80.2749940000001,25.28944
80.2749940000001,25.351662
80.2683260000001,25.3438870000001
80.2624970000001,25.3327750000001
80.25972,25.309162
80.2558290000001,25.255276
80.253326,25.231663
80.247757,25.2255519999999
80.2280430000001,25.2563860000001
80.2233120000001,25.267776
80.224991,25.450272
80.2310940000001,25.461384
80.236099,25.4755520000001
80.236374,25.508888
80.2344210000001,25.54361
80.21582,25.698883
80.181656,25.7238849999999
80.1730420000001,25.720736
80.168594,25.73333
80.1716460000001,25.8638840000001
80.17276,25.8938870000001
80.185806,26.081665
80.186371,26.2424930000001
80.1847080000001,26.5980529999999
80.1833190000001,26.637218
80.1722110000001,26.7999990000001
80.1488800000001,26.900829
80.1447140000001,26.916107
80.1227570000001,26.977493
80.107758,27.146107
80.1069340000001,27.1822170000001
80.0999910000001,27.221661
80.095825,27.2366600000001
80.090271,27.237217
80.0219270000001,27.1677740000001
80.00444,27.144997
79.9674840000001,27.1011090000001
79.9583280000001,27.1213840000001
79.9396970000001,27.1655500000001
79.920258,27.2288820000001
79.9158170000001,27.238884
79.910538,27.2441600000001
79.9049840000001,27.2449950000001
79.8988800000001,27.2408290000001
79.8852689999999,27.223606
79.8677520000001,27.1886060000001
79.862762,27.1741640000001
79.853592,27.1422200000001
79.8391570000001,27.060276
79.837494,27.0341640000001
79.8347170000001,26.946941
79.8291630000001,26.8686070000001
79.8258210000001,26.8483310000001
79.8208310000001,26.834164
79.8083190000001,26.814442
79.8013760000001,26.8061070000001
79.7955320000001,26.7947200000001
79.7905430000001,26.7805520000001
79.7888790000001,26.7547190000001
79.785812,26.667774
79.783051,26.6447180000001
79.7788700000001,26.627773
79.7483220000001,26.531109
79.742477,26.532219
79.737488,26.537777
79.731369,26.534443
79.7177580000001,26.486382
79.7136080000001,26.4694400000001
79.7099910000001,26.449718
79.664993,26.1930499999999
79.6458280000001,26.0377770000001
79.618317,25.8161090000001
79.6144259999999,25.803886
79.604431,25.8083310000001
79.5960999999999,25.8261070000001
79.5924840000001,25.845276
79.585266,25.871941
79.5716550000001,25.903049
79.541367,25.9422190000001
79.5108180000001,25.9769400000001
79.5047150000001,25.9736060000001
79.433868,25.802776
79.409988,25.730827
79.405823,25.7147179999999
79.39888,25.676662
79.3933260000001,25.6327740000001
79.3897090000001,25.5830540000001
79.385818,25.533333
79.375809,25.4430500000001
79.3652650000001,25.3863830000001
79.356644,25.354717
79.3461,25.298054
79.3308260000001,25.1955490000001
79.326385,25.149162
79.329163,25.0502740000001
79.3327640000001,24.9861070000001
79.3355410000001,24.962772
79.3408200000001,24.956661
79.368866,24.9474950000001
79.3730320000001,24.9324950000001
79.3771970000001,24.872498
79.3713680000001,24.7986070000001
79.368591,24.7769430000001
79.3599850000001,24.745548
79.351929,24.711105
79.3341520000001,24.6183280000001
79.327774,24.578053
79.32222,24.5352750000001
79.3169400000001,24.4922180000001
79.312759,24.4433290000001
79.309708,24.391384
79.309418,24.3611070000001
79.3069310000001,24.3061070000001
79.3049770000001,24.281666
79.3005370000001,24.2663880000001
79.294708,24.2569430000001
79.266388,24.267776
79.2613830000001,24.2741659999999
79.248871,24.2699969999999
79.224991,24.2324940000001
79.1969300000001,24.1169399999999
79.18692,24.059719
79.1763760000001,23.909161
79.174423,23.7891650000001
79.1741490000001,23.759163
79.1797030000001,23.667774
79.1780400000001,23.610554
79.1788640000001,23.5116650000001
79.182755,23.4074970000001
79.1877590000001,23.311943
79.19165,23.2522200000001
79.213608,22.9738849999999
79.219147,22.926662
79.2263790000001,22.891663
79.241364,22.8258290000001
79.2530520000001,22.7794420000001
79.2655490000001,22.737217
79.27832,22.6955490000001
79.291931,22.6613850000001
79.301926,22.646942
79.313034,22.6411059999999
79.331665,22.644718
79.3599850000001,22.65583
79.368866,22.6855509999999
79.3805390000001,22.736382
79.3866580000001,22.771385
79.4074860000001,22.8374980000001
79.405548,22.8130530000001
79.39888,22.675827
79.397766,22.614719
79.3969420000001,22.4861070000001
79.399719,22.382774
79.404434,22.284721
79.4063720000001,22.2108270000001
79.406647,22.1769409999999
79.405823,22.146385
79.4024810000001,22.0947189999999
79.385818,21.9319380000001
79.3777620000001,21.8661079999999
79.368866,21.803329
79.364426,21.7552759999999
79.363037,21.7280500000001
79.363312,21.6944390000001
79.3663790000001,21.6741640000001
79.369705,21.653885
79.381088,21.605831
79.388321,21.569443
79.3913730000001,21.523052
79.39415,21.4383280000001
79.3949890000001,21.3749960000001
79.3936,21.347775
79.3833310000001,21.19083
79.3713680000001,21.07444
79.3647000000001,20.9688840000001
79.3660890000001,20.936108
79.3738710000001,20.7949980000001
79.3797000000001,20.7911070000001
79.4219210000001,20.7766650000001
79.454987,20.748329
79.459427,20.7433280000001
79.452484,20.6713830000001
79.4494170000001,20.6505510000001
79.446365,20.596107
79.448029,20.5216640000001
79.454987,20.273331
79.460266,20.2233280000001
79.4808199999999,20.1108280000001
79.4927520000001,20.06472
79.516663,19.93055
79.527481,19.830276
79.54248,19.720829
79.544983,19.7033269999999
79.5485990000001,19.686108
79.55304,19.6733280000001
79.563599,19.659996
79.569153,19.655273
79.597763,19.636108
79.6038670000001,19.6355510000001
79.609985,19.6427730000001
79.6138760000001,19.659996
79.6163790000001,19.6766620000001
79.6255340000001,19.738884
79.6277620000001,19.763332
79.6288600000001,19.8633310000001
79.630539,19.9252739999999
79.641937,20.119717
79.6427610000001,20.150829
79.642212,20.1888850000001
79.639709,20.2141610000001
79.635818,20.2311060000001
79.631363,20.2438849999999
79.6222080000001,20.264999
79.616928,20.2736090000001
79.6083220000001,20.298885
79.5983280000001,20.357773
79.5949860000001,20.378883
79.591934,20.399998
79.589432,20.424995
79.5849910000001,20.5674969999999
79.5866550000001,20.62944
79.587204,20.6949960000001
79.5849910000001,20.808052
79.5822140000001,20.874996
79.580276,20.9041630000001
79.5774840000001,20.929161
79.5658110000001,21.0205539999999
79.5594180000001,21.0622180000001
79.5580290000001,21.0955510000001
79.5594180000001,21.1230509999999
79.562485,21.1441610000001
79.567764,21.155273
79.573318,21.1516609999999
79.5777739999999,21.139164
79.5849910000001,21.1019400000001
79.592209,21.022774
79.6013790000001,20.914162
79.605255,20.8555530000001
79.6074830000001,20.7841640000001
79.616653,20.675274
79.6199800000001,20.6541629999999
79.623596,20.637497
79.675262,20.477493
79.6799770000001,20.476662
79.684418,20.490829
79.7105410000001,21.0016630000001
79.7136080000001,21.092495
79.714996,21.182495
79.7163849999999,21.279999
79.715271,21.3877750000001
79.7127690000001,21.501942
79.7066500000001,21.6794400000001
79.7044370000001,21.708607
79.701385,21.776108
79.702774,21.839165
79.7058260000001,21.860554
79.7116550000001,21.868885
79.71666,21.868885
79.7216490000001,21.8608280000001
79.72554,21.84444
79.7305450000001,21.836662
79.7363740000001,21.8449970000001
79.7402650000001,21.8633310000001
79.743866,21.8816640000001
79.752777,21.973885
79.756378,22.0194440000001
79.7649990000001,22.154442
79.76915,22.2669410000001
79.774994,22.3105550000001
79.7785950000001,22.3291629999999
79.783051,22.3444400000001
79.7885890000001,22.3411060000001
79.793045,22.3288840000001
79.7969360000001,22.3124960000001
79.800812,22.248882
79.799988,22.2172160000001
79.7980350000001,22.192219
79.7849880000001,22.076385
79.781937,22.054718
79.774429,22.0177760000001
79.7658230000001,21.9524960000001
79.7638850000001,21.795551
79.7763820000001,21.734718
79.7813720000001,21.7344400000001
79.7880400000001,21.739437
79.798599,21.7630540000001
79.8030400000001,21.778053
79.8060909999999,21.7997209999999
79.805817,21.8349949999999
79.8080290000001,21.8599970000001
79.81192,21.8783300000001
79.81694,21.890274
79.8208310000001,21.873608
79.824158,21.852497
79.8338780000001,21.69944
79.834152,21.664162
79.8280490000001,21.41333
79.814697,21.13805
79.8016510000001,20.8133320000001
79.799988,20.7500000000001
79.79776,20.654995
79.796371,20.591942
79.796371,20.48666
79.7949830000001,20.4236069999999
79.794144,20.391941
79.791092,20.335552
79.7849880000001,20.258053
79.774994,20.1627730000001
79.7613830000001,20.084721
79.7419280000001,19.9266620000001
79.7119290000001,19.5702740000001
79.7102660000001,19.5422209999999
79.709427,19.5111079999999
79.7111050000001,19.481106
79.714996,19.4638820000001
79.719986,19.4549940000001
79.72554,19.449997
79.7305450000001,19.4411050000001
79.7347109999999,19.4277730000001
79.737198,19.402218
79.7260889999999,19.014442
79.718597,18.82972
79.7169340000001,18.801941
79.7174840000001,18.7713850000001
79.7211,18.7536090000001
79.7260889999999,18.744438
79.7472079999999,18.707497
79.763603,18.667034
79.789429,18.5830540000001
79.785812,18.5427740000001
79.782761,18.471661
79.792755,18.452496
79.8636020000001,18.287777
79.9099880000001,18.1541630000001
79.9285890000001,18.24416
79.9430390000001,18.356384
79.953049,18.4827730000001
79.9541630000001,18.5147210000001
79.9516599999999,18.5847209999999
79.95665,18.6341630000001
79.9597170000001,18.655273
79.964432,18.6691630000001
79.9697110000001,18.6794400000001
79.975266,18.6819380000001
79.973312,18.7680550000001
79.9699859999999,18.8058320000001
79.9947050000001,18.809441
80.02388,18.7361070000001
80.0372009999999,18.575275
80.0388790000001,18.544441
80.039978,18.509163
80.0449830000001,18.3363840000001
80.042206,18.239716
80.0508120000001,18.211662
80.0741580000001,18.153606
80.076935,18.154716
80.070831,18.1999970000001
80.0683290000001,18.22694
80.0680540000001,18.2663880000001
80.0688780000001,18.298885
80.073044,18.352219
80.077484,18.366386
80.0819400000001,18.3599970000001
80.1260829999999,18.062775
80.1280360000001,18.0075
80.125534,17.9383280000001
80.1235960000001,17.797497
80.1277620000001,17.783054
80.1333309999999,17.7852750000001
80.1535950000001,17.8691640000001
80.157486,17.886662
80.185257,18.03833
80.185806,18.1674960000001
80.1847080000001,18.2033270000001
80.174988,18.2233279999999
80.1730350000001,18.254719
80.1710970000001,18.4069400000001
80.173874,18.4241640000001
80.1783140000001,18.438328
80.1838680000001,18.4486049999999
80.1847080000001,18.594162
80.167755,18.6105540000001
80.163605,18.6247180000001
80.1599880000001,18.64333
80.1580350000001,18.674438
80.156937,18.7102740000001
80.1616520000001,18.724438
80.181656,18.766109
80.1866460000001,18.756386
80.201096,18.755276
80.1894230000001,18.894997
80.185806,18.9133300000001
80.1172030000001,19.1844410000001
80.112762,19.198051
80.107758,19.2074969999999
80.0966490000001,19.217773
80.09166,19.227219
80.0874940000001,19.2411040000001
80.084152,19.263332
80.0816650000001,19.289997
80.083328,19.318886
80.0863800000001,19.3405530000001
80.107208,19.3874970000001
80.1447140000001,19.580276
80.1513820000001,19.584164
80.156372,19.5747180000001
80.160812,19.561108
80.164429,19.543053
80.1683200000001,19.4805489999999
80.170258,19.4049949999999
80.1699829999999,19.368885
80.174423,19.3105550000001
80.193588,19.223885
80.197754,19.209995
80.2027740000001,19.20055
80.258041,19.099163
80.3366550000001,18.9799960000001
80.35054,19.023888
80.35054,19.0608290000001
80.349426,19.0972180000001
80.345261,19.1566620000001
80.3402710000001,19.211384
80.3347170000001,19.2616650000001
80.3252720000001,19.3302760000001
80.314148,19.385551
80.3049770000001,19.409161
80.2944340000001,19.423885
80.288879,19.428883
80.283875,19.4383280000001
80.224701,19.60083
80.220535,19.614719
80.21666,19.632774
80.2136080000001,19.655273
80.2130429999999,19.687496
80.212494,19.8086089999999
80.2138820000001,19.8377760000001
80.2185970000001,19.852497
80.2236020000001,19.84333
80.2277680000001,19.82972
80.2310940000001,19.8072200000001
80.2758180000001,19.812775
80.3397060000001,19.8586080000001
80.3752590000001,19.9169390000001
80.378036,19.910553
80.3963780000001,19.723328
80.3952639999999,19.689995
80.3869319999999,19.58194
80.386108,19.5486070000001
80.387207,19.5122180000001
80.389709,19.4847180000001
80.3947140000001,19.474995
80.405823,19.464996
80.4174800000001,19.45916
80.423874,19.4583280000001
80.454712,19.463329
80.4599910000001,19.4744380000001
80.464706,19.4894370000001
80.49942,19.6424940000001
80.501663,19.6688839999999
80.4997100000001,19.701107
80.477478,19.9333310000001
---
80.4699860000001,24.23444
80.470535,24.1594390000001
80.477478,24.0658300000001
80.4855350000001,23.9816630000001
80.49054,23.974438
80.4963680000001,23.9847180000001
80.503494,24.037788
80.5049900000001,24.048332
80.5069430000001,24.075829
80.508331,24.106663
80.5094300000001,24.137218
80.5091550000001,24.174995
80.506378,24.201385
80.4863740000001,24.2855530000001
80.4813690000001,24.292774
80.4747010000001,24.2855530000001
80.4711,24.2649989999999
---
80.481094,19.914997
80.4974820000001,19.8497199999999
80.503052,19.8447190000001
80.50972,19.8488849999999
80.528046,19.9099960000001
80.5349880000001,19.951939
80.537201,19.9866600000001
80.535812,20.023609
80.5333249999999,20.051388
80.5294340000001,20.0699960000001
80.521378,20.102497
80.5127720000001,20.130276
80.5058290000001,20.1261059999999
80.4997100000001,20.0805510000001
80.4852599999999,20.0005530000001
80.476929,19.9663849999999
80.477478,19.9333310000001
---
80.6191410000001,20.726662
80.632751,20.689716
80.636108,20.6666640000001
80.6385960000001,20.638607
80.642487,20.573608
80.645538,20.5502740000001
80.6577610000001,20.499161
80.6622010000001,20.514999
80.6658169999999,20.6111069999999
80.660538,20.751663
80.6574860000001,20.774998
80.653046,20.788887
80.6474909999999,20.7933310000001
80.641373,20.784721
80.621368,20.753609
---
80.695526,21.33083
80.688873,21.3472180000001
80.684708,21.360828
80.678864,21.3649980000001
80.6749880000001,21.353329
80.672211,21.329998
80.6691440000001,21.2680550000001
80.6669309999999,21.240829
80.6611020000001,21.1938860000001
80.6497190000001,21.134441
80.6494290000001,21.113052
80.65332,21.094719
80.6577610000001,21.0808300000001
80.6616519999999,21.062496
80.6658169999999,21.048885
80.6758120000001,21.0305519999999
80.6816560000001,21.0263860000001
80.687759,21.026665
80.6916500000001,21.0463870000001
80.693588,21.0736079999999
80.6966400000001,21.097218
80.6963650000001,21.1522180000001
80.703873,21.192219
80.7069400000001,21.215828
80.707489,21.288887
80.7047120000001,21.316666
80.7002720000001,21.330276
---
80.7174840000001,20.881939
80.721375,20.931664
80.719986,20.9608269999999
80.7160950000001,20.979439
80.7119290000001,20.99305
80.7069400000001,21.00222
80.701385,21.006664
80.695816,20.99416
80.6930390000001,20.9708290000001
80.6913600000001,20.9397160000001
80.6816560000001,20.873051
80.6741490000001,20.8336070000001
80.70166,20.806385
80.7052610000001,20.7877770000001
80.70665,20.750553
80.7105410000001,20.6633299999999
80.742477,20.527496
80.747482,20.5183300000001
80.7599950000001,20.5183300000001
80.762497,20.519997
80.7641600000001,20.589718
80.763321,20.6322170000001
80.7602690000001,20.6555520000001
80.755264,20.664997
80.742752,20.6647190000001
80.739151,20.6836050000001
80.719147,20.819164
---
