56.8252719999999,16.828053
56.8258290000001,16.8169440000001
56.824165,16.8083310000001
56.8099980000001,16.7850000000001
56.805832,16.7794420000001
56.79583,16.7702750000001
56.7022170000001,16.7266650000001
56.5188830000001,16.635555
56.406944,16.5766640000001
56.3944400000001,16.5705530000001
56.3880540000001,16.569443
56.3769380000001,16.570274
56.371666,16.571941
56.367218,16.575275
56.361382,16.575554
56.3549960000001,16.5716629999999
56.3263850000001,16.5530550000001
56.2408290000001,16.4961089999999
56.2313840000001,16.4863850000001
56.224442,16.47361
56.2113880000001,16.437222
56.2088850000001,16.4297220000001
56.211105,16.4208300000001
56.215271,16.4161110000001
56.224998,16.4108310000001
56.274162,16.4033320000001
56.464996,16.3916660000001
56.5291600000001,16.3933300000001
56.5358280000001,16.395832
56.5863880000001,16.4202770000001
56.7763820000001,16.5425
56.8683320000001,16.6119420000001
56.873604,16.616665
56.879166,16.629166
56.883606,16.644997
56.93972,16.749443
57.064163,16.8480530000001
57.1349950000001,16.899998
57.2236100000001,16.959442
57.2294390000001,16.963055
57.241661,16.9655530000001
57.2569430000001,16.9602780000001
57.274162,16.9591639999999
57.280273,16.960552
57.2936100000001,16.96611
57.305275,16.9733310000001
57.3155520000001,16.9827770000001
57.324715,16.993053
57.337494,17.0099980000001
57.3449940000001,17.0222209999999
57.3519440000001,17.0355530000001
57.359161,17.056664
57.3505550000001,17.09861
57.348328,17.1055529999999
57.3208310000001,17.124165
57.186661,17.050552
57.131943,17.0088880000001
57.0752720000001,16.9611090000001
57.038055,16.9266660000001
56.929718,16.8802759999999
56.8438870000001,16.848331
56.832222,16.8411100000001
56.8269420000001,16.8366659999999
---
56.909996,18.168888
56.9119420000001,18.1477780000001
56.9149930000001,18.140274
56.920273,18.142498
56.9416660000001,18.158333
56.9891660000001,18.209164
57.032219,18.256664
57.079163,18.254444
57.141937,18.173332
57.2352750000001,18.148331
57.3158260000001,18.158054
57.409439,18.142498
57.4808269999999,18.1152760000001
57.496109,18.110275
57.5130540000001,18.1099970000001
57.51944,18.111385
57.5311050000001,18.1191640000001
57.551109,18.1386110000001
57.5883330000001,18.179165
57.596138,18.191441
57.605827,18.2119410000001
57.6113820000001,18.2277760000001
57.6174930000001,18.242222
57.6208270000001,18.2491650000001
57.6341630000001,18.276108
57.645828,18.29472
57.681664,18.338886
57.6958310000001,18.3558310000001
57.7186050000001,18.3819430000001
57.738609,18.4016649999999
57.760277,18.4197200000001
57.802773,18.4563870000001
57.8077770000001,18.461388
57.811943,18.4672200000001
57.8186039999999,18.48111
57.913605,18.681942
57.9161070000001,18.689999
57.921104,18.71611
57.9227750000001,18.724998
57.9197160000001,18.881943
57.9183270000001,18.902496
57.9174960000001,18.9141650000001
57.908607,19.0047190000001
57.9036100000001,19.006107
57.898888,19.0038870000001
57.8269420000001,19.0333330000001
57.7397159999999,18.9294429999999
57.721107,18.848888
57.703606,18.8091660000001
57.6591639999999,18.7933310000001
57.508049,18.75972
57.472221,18.7680550000001
57.467216,18.7694440000001
57.448326,18.78833
57.2469410000001,18.7144430000001
57.241661,18.711941
57.220833,18.6580540000001
57.182777,18.5519410000001
57.169441,18.5147210000001
57.165276,18.4983330000001
57.156944,18.455555
57.1527710000001,18.4394419999999
57.144165,18.4172210000001
57.134163,18.3972209999999
57.1299970000001,18.3913879999999
57.1249920000001,18.386665
57.0797200000001,18.345554
57.0738830000001,18.341389
57.0686040000001,18.339165
57.023331,18.335552
57.0174940000001,18.335831
57.0144420000001,18.34333
56.9986040000001,18.346664
56.9374920000001,18.302498
56.934715,18.2949980000001
56.913055,18.2155530000001
56.9119420000001,18.206108
---
57.937492,19.286663
57.9402770000001,19.277496
57.9450000000001,19.2744410000001
57.948608,19.2680549999999
57.9494400000001,19.256664
57.946938,19.238052
57.929443,19.1705550000001
57.9269410000001,19.1627770000001
57.9186100000001,19.150833
57.913605,19.145832
57.907776,19.1416660000001
57.9016650000001,19.139999
57.8397220000001,19.1261099999999
57.851944,19.09333
57.8583300000001,19.0777740000001
57.8624950000001,19.0730550000001
57.896385,19.0374980000001
57.901108,19.0344430000001
57.9124980000001,19.0344430000001
57.9186100000001,19.03611
57.9702760000001,19.0888860000001
57.9736100000001,19.095833
57.975273,19.104721
57.976662,19.2858310000001
57.976662,19.2963870000001
57.974442,19.3074990000001
57.965271,19.332497
57.9605480000001,19.335552
57.955826,19.334442
---
57.930832,11.584999
57.9316640000001,11.5747200000001
57.9480510000001,11.5280550000001
57.9519420000001,11.5224990000001
57.98069,11.518125
57.9897160000001,11.509722
58.0069430000001,11.4983330000001
58.0127720000001,11.497221
58.0313870000001,11.4980550000001
58.036659,11.501944
58.0477750000001,11.520555
58.0491640000001,11.529999
58.0417140000001,11.7358840000001
58.0305480000001,11.7411100000001
58.0249940000001,11.7422220000001
58.0044399999999,11.736944
57.9986040000001,11.7341650000001
57.993889,11.729166
57.990273,11.722776
57.957497,11.659443
57.9508290000001,11.6461110000001
57.9324950000001,11.5944440000001
---
58.0966640000001,16.783333
58.100555,16.77861
58.106384,16.7780530000001
58.1122209999999,16.781944
58.1163859999999,16.7877769999999
58.1233290000001,16.8011089999999
58.1244430000001,16.810833
58.1213839999999,16.818886
58.1161040000001,16.816666
---
58.116943,11.800278
58.101105,11.7147220000001
58.098885,11.676388
58.1074980000001,11.6247220000001
58.113052,11.6236100000001
58.1186070000001,11.6066670000001
58.1188890000001,11.5830550000001
58.1152730000001,11.5533330000001
58.101387,11.467222
58.0958330000001,11.4658319999999
58.0716630000001,11.4636100000001
58.066109,11.464998
58.0724949999999,11.4547210000001
58.076942,11.4505540000001
58.1302720000001,11.40111
58.1369400000001,11.4027770000001
58.1474989999999,11.410555
58.2844390000001,11.6688880000001
58.2866590000001,11.6775
58.2858280000001,11.7088870000001
58.284721,11.7216660000001
58.281662,11.7366660000001
58.2455520000001,11.7866650000001
58.2244420000001,11.809999
58.2191620000001,11.812498
58.2136080000001,11.81361
58.171944,11.815832
58.1472170000001,11.814722
58.1336060000001,11.8111099999999
58.120552,11.8063890000001
---
58.3372189999999,19.226109
58.3402710000001,19.2183300000001
58.381386,19.187222
58.3861079999999,19.1841660000001
58.391388,19.1866650000001
58.3897170000001,19.2249980000001
58.3841630000001,19.2616650000001
58.375275,19.305832
58.3697200000001,19.3247180000001
58.366104,19.331108
58.361664,19.327499
58.3533330000001,19.315277
58.3461070000001,19.302219
58.3436050000001,19.2941670000001
58.3419420000001,19.2852750000001
58.3372189999999,19.2369419999999
---
58.9044420000001,17.7063870000001
58.905548,17.6958310000001
58.9163820000001,17.676388
58.920555,17.671387
58.929993,17.6644439999999
58.9658280000001,17.6411090000001
58.9711070000001,17.6391639999999
58.976662,17.6391639999999
58.989166,17.641941
59.039719,17.6605530000001
59.052216,17.667774
59.0547180000001,17.6758310000001
59.0511090000001,17.6822200000001
59.039719,17.696388
59.0180510000001,17.7180519999999
59.0077740000001,17.721664
59.001663,17.7202760000001
58.9955519999999,17.71611
58.987221,17.704166
58.975555,17.6961100000001
58.9508290000001,17.6902770000001
58.9269410000001,17.687775
58.9213870000001,17.6880530000001
58.9169390000001,17.6913870000001
---
59.0194400000001,18.3774990000001
59.0202710000001,18.365555
59.024437,18.360554
59.02916,18.3574980000001
59.034996,18.35722
59.0808260000001,18.3969420000001
59.090828,18.4072190000001
59.0949940000001,18.41333
59.115829,18.4441640000001
59.1180500000001,18.4505540000001
59.1197200000001,18.4597210000001
59.120552,18.4697190000001
59.1199950000001,18.4791640000001
59.1027760000001,18.4916650000001
59.0980530000001,18.4905550000001
59.0363850000001,18.4241640000001
59.0238880000001,18.4058299999999
---
59.2230530000001,18.5272220000001
59.2238850000001,18.515274
59.22583,18.5038870000001
59.253609,18.435555
59.257217,18.428886
59.284721,18.3894420000001
59.2902760000001,18.3919410000001
59.29277,18.466663
59.291939,18.478886
59.2908330000001,18.4947200000001
59.288887,18.503609
59.2575000000001,18.601944
59.2541660000001,18.6102750000001
59.2322160000001,18.571941
59.2297210000001,18.5636100000001
59.2238850000001,18.5372200000001
---
59.3086090000001,17.777775
59.309441,17.7544439999999
59.316109,17.721664
59.3280490000001,17.6869430000001
59.3347170000001,17.6719440000001
59.3430480000001,17.6619420000001
59.3977740000001,17.617496
59.416664,17.605553
59.4216609999999,17.6105540000001
59.424438,17.61861
59.4261090000001,17.627777
59.4261090000001,17.6388850000001
59.4241640000001,17.6505550000001
59.3933260000001,17.737499
59.3897170000001,17.7441640000001
59.3727719999999,17.7738880000001
59.36805,17.7772220000001
59.3213880000001,17.789165
59.315826,17.789165
59.310555,17.786942
---
59.2777710000001,17.817497
59.2808300000001,17.7580530000001
59.289719,17.681942
59.293884,17.658886
59.2963869999999,17.6491660000001
59.299164,17.6391639999999
59.3052750000001,17.6227760000001
59.3130490000001,17.610832
59.4069440000001,17.5205539999999
59.4119420000001,17.5188870000001
59.418327,17.5202750000001
59.4227750000001,17.5236090000001
59.425278,17.5316659999999
59.426666,17.5391650000001
59.4286040000001,17.5705530000001
59.3786090000001,17.6227760000001
59.369438,17.6297190000001
59.3488850000001,17.636944
59.3430480000001,17.6372180000001
59.336937,17.6355550000001
59.3255540000001,17.636108
59.320549,17.637775
59.3177720000001,17.647778
59.296104,17.7347220000001
---
59.3733290000001,17.2563860000001
59.375549,17.2311100000001
59.383606,17.1555520000001
59.386665,17.147221
59.4538880000001,17.070274
59.4594420000001,17.0700000000001
59.459999,17.089722
59.456665,17.150555
59.449715,17.236111
59.4466630000001,17.256943
59.4441600000001,17.266941
59.436943,17.280277
59.4080510000001,17.316109
59.4030530000001,17.318054
59.398048,17.317219
59.394165,17.3097189999999
59.374443,17.2663880000001
---
59.4474949999999,18.565277
59.448326,18.553055
59.4686050000001,18.526665
59.472771,18.5216639999999
59.483604,18.519997
59.4894410000001,18.519997
59.4947200000001,18.5227780000001
59.498886,18.528889
59.5263820000001,18.5702740000001
59.546661,18.610832
59.5558320000001,18.6336099999999
59.5566640000001,18.6436079999999
59.5483320000001,18.738888
59.5449980000001,18.746944
59.5383300000001,18.7324980000001
59.535828,18.724442
59.534164,18.715275
59.526665,18.6680529999999
59.501106,18.5913890000001
59.495552,18.5886080000001
59.4905550000001,18.5902750000001
59.4672160000001,18.6069410000001
59.461105,18.605274
59.4508290000001,18.5836110000001
59.448326,18.575554
---
60.3052750000001,18.5616650000001
60.306107,18.5491640000001
60.315826,18.521111
60.31916,18.512775
60.3652730000001,18.401108
60.374718,18.394165
60.3797149999999,18.392498
60.4163820000001,18.3819430000001
60.4941640000001,18.3716660000001
60.4997180000001,18.3741650000001
60.5038830000001,18.3805540000001
60.5055540000001,18.389999
60.4997180000001,18.4088860000001
60.486664,18.422497
60.4274980000001,18.4561080000001
60.348053,18.5072210000001
60.342499,18.5372200000001
60.3133320000001,18.5727770000001
60.307777,18.57
---
62.363052,17.4847219999999
62.3652730000001,17.456665
62.3674930000001,17.4441640000001
62.372498,17.422222
62.376663,17.416664
62.3813860000001,17.4127770000001
62.46666,17.3691640000001
62.471664,17.3672220000001
62.474442,17.373333
62.461662,17.4630550000001
62.4583280000001,17.472221
62.4144440000001,17.514442
62.3661040000001,17.5425
62.363327,17.509163
---
62.6699980000001,18.049721
62.6722180000001,18.041664
62.676384,18.03611
62.685272,18.0266649999999
62.6899950000001,18.0230520000001
62.7002720000001,18.019165
62.7124940000001,18.022499
62.7355500000001,18.039165
62.739716,18.0458300000001
62.7438890000001,18.060276
62.7455520000001,18.070553
62.740555,18.1297190000001
62.739166,18.141388
62.734993,18.146942
62.7288819999999,18.1530530000001
62.71833,18.156944
62.7122190000001,18.154999
62.686943,18.1141660000001
62.6827769999999,18.10722
62.6794429999999,18.099442
62.67083,18.0608330000001
---
63.7491610000001,20.8758320000001
63.7630540000001,20.8408319999999
63.767776,20.837498
63.7733310000001,20.8380550000001
63.779999,20.8422200000001
63.7858280000001,20.8475000000001
63.7899930000001,20.855
63.795555,20.8733330000001
63.7961040000001,20.8849980000001
63.7941670000001,20.8999980000001
63.7913820000001,20.9111100000001
63.7827760000001,20.9219440000001
63.7733310000001,20.9286080000001
63.7686080000001,20.9272189999999
63.7516630000001,20.885555
---
68.5702670000001,21.824718
68.5736080000001,21.864719
68.572495,21.881386
68.569992,21.8972209999999
68.5552670000001,21.9338870000001
68.5438840000001,21.9594420000001
68.523605,21.997776
68.5194400000001,22.0038870000001
68.5066530000001,22.0224989999999
68.498047,22.0350000000001
68.487778,22.0380550000001
68.4830470000001,22.0419430000001
68.479156,22.0505520000001
68.476105,22.0638890000001
68.4655460000001,22.150833
68.4644319999999,22.1675
68.463608,22.3719440000001
68.4516600000001,22.430553
68.440132,22.5000000000001
68.427216,22.581665
68.4224850000001,22.659721
68.420822,22.6738849999999
68.388046,22.823608
68.383881,22.8297200000001
68.3574980000001,22.8636090000001
68.3316650000001,22.8997190000001
68.328323,22.910275
68.3222200000001,22.936386
68.3177640000001,22.9694440000001
68.2938839999999,23.048054
68.2902680000001,23.058609
68.286377,23.0669440000001
68.0836030000001,23.3533330000001
68.064713,23.3674960000001
68.055542,23.3769420000001
68.0424960000001,23.3944440000001
67.992493,23.531666
67.9580540000001,23.6383320000001
67.954712,23.6488880000001
67.9508210000001,23.6569440000001
67.9416660000001,23.6661110000001
67.936386,23.6672210000001
67.929993,23.665554
67.923599,23.659721
67.918045,23.652775
67.9130550000001,23.644722
67.897491,23.6077770000001
67.8952639999999,23.5963860000001
67.889999,23.545555
67.8836060000001,23.511108
67.875824,23.492496
67.869156,23.486942
67.863052,23.4833300000001
67.8227690000001,23.4711070000001
67.8169400000001,23.469997
67.712494,23.491386
67.6655430000001,23.507774
67.5563810000001,23.4719430000001
67.491943,23.4333310000001
67.4858250000001,23.4299960000001
67.47583,23.428886
67.4655460000001,23.43111
67.4524990000001,23.44833
67.444717,23.464165
67.4411010000001,23.4744420000001
67.438049,23.486942
67.4363860000001,23.5005530000001
67.438599,23.5119439999999
67.4480440000001,23.5274960000001
67.451935,23.5366630000001
67.4533230000001,23.549164
67.4499970000001,23.5819440000001
67.4261020000001,23.7349970000001
67.420273,23.7619440000001
67.4161070000001,23.7677760000001
67.410828,23.7688870000001
67.3322140000001,23.783054
67.3263850000001,23.781944
67.3144380000001,23.773331
67.2894440000001,23.7497220000001
67.2847140000001,23.7416650000001
67.281662,23.7316670000001
67.2780460000001,23.708054
67.275543,23.6830520000001
67.2686,23.63583
67.2663880000001,23.624722
67.263321,23.6144410000001
67.2594300000001,23.6055530000001
67.246384,23.594444
67.2349850000001,23.586666
67.161942,23.570553
67.1566620000001,23.571663
67.147491,23.5805550000001
67.0474850000001,23.68111
67.008331,23.7311100000001
67.0000000000001,23.744442
66.9919430000001,23.757774
66.9813840000001,23.787777
66.931107,23.8669430000001
66.8841550000001,23.9358330000001
66.8799900000001,23.941109
66.8708189999999,23.949997
66.8102720000001,24.0011099999999
66.800552,24.0077739999999
66.7949980000001,24.006386
66.791382,23.999722
66.790268,23.987778
66.788879,23.9480550000001
66.786942,23.9369430000001
66.749161,23.893608
66.743042,23.8899989999999
66.737778,23.8911090000001
66.712494,23.900833
66.680267,23.9027750000001
66.5816650000001,23.891941
66.5699920000001,23.8874970000001
66.5638890000001,23.8841630000001
66.5572200000001,23.878609
66.5516660000001,23.871944
66.548599,23.861942
66.5438840000001,23.8269420000001
66.537766,23.80722
66.500824,23.7252770000001
66.4652710000001,23.6663859999999
66.4605410000001,23.6588860000001
66.4547120000001,23.6522220000001
66.448318,23.6466640000001
66.4360960000001,23.640274
66.4305420000001,23.639164
66.317215,23.660831
66.31221,23.6619420000001
66.302216,23.6663859999999
66.263321,23.684719
66.204987,23.719166
66.2002719999999,23.722221
66.1958310000001,23.7277760000001
66.19194,23.7352750000001
66.1849980000001,23.754719
66.1697080000001,23.808331
66.166656,23.8202739999999
66.161377,23.8480529999999
66.159164,23.864166
66.1580510000001,23.879444
66.155273,23.89333
66.148331,23.9124980000001
66.139999,23.925552
66.135544,23.930832
66.1213840000001,23.9402770000001
66.1013790000001,23.948608
66.072495,23.9677770000001
66.0202640000001,24.0313870000001
65.839996,24.1605530000001
65.8305510000001,24.1666640000001
65.8199920000001,24.16861
65.8140260000001,24.1670070000001
65.8055420000001,24.1530529999999
65.8016660000001,24.1444440000001
65.7988740000001,24.1211089999999
65.8002779999999,24.1061100000001
65.806107,24.08083
65.808044,24.0522189999999
65.8066560000001,24.0402760000001
65.792496,23.9861110000001
65.784164,23.9561080000001
65.7788850000001,23.951942
65.772766,23.948608
65.7663880000001,23.943333
65.760818,23.9369430000001
65.756943,23.928333
65.7577670000001,23.916664
65.7927700000001,23.7738880000001
65.797775,23.7727780000001
65.8063810000001,23.6538889999999
65.8008270000001,23.51833
65.760544,23.434719
65.767487,23.3944440000001
65.8008270000001,23.249722
65.763611,23.2344439999999
65.714722,23.1411090000001
65.7116550000001,23.1316640000001
65.6988830000001,23.081108
65.7027739999999,23.0736080000001
65.7527770000001,23.000275
65.815277,22.828888
65.825546,22.826385
65.8305510000001,22.823055
65.856384,22.790276
65.886108,22.723331
65.902222,22.675831
65.905548,22.644722
65.9027710000001,22.6372180000001
65.897766,22.6386110000001
65.8888850000001,22.6497190000001
65.881653,22.6669430000001
65.877777,22.6744420000001
65.8735960000001,22.679996
65.868881,22.6833310000001
65.8074950000001,22.7047200000001
65.7638850000001,22.684998
65.759155,22.677776
65.75499,22.6694409999999
65.7519380000001,22.66
65.7505489999999,22.6486090000001
65.7566530000001,22.651386
65.7633210000001,22.6563870000001
65.7688749999999,22.657219
65.77832,22.650555
65.796936,22.6086080000001
65.8511050000001,22.479164
65.8561100000001,22.451385
65.8594360000001,22.41861
65.860825,22.3755530000001
65.859161,22.363888
65.8558200000001,22.3577769999999
65.829712,22.329166
65.6911010000001,22.2577739999999
65.6324920000001,22.249054
65.6276550000001,22.27272
65.626152,22.281054
65.6259920000001,22.2893869999999
65.6298220000001,22.300554
65.6180420000001,22.3166659999999
65.6247100000001,22.3213880000001
65.6302640000001,22.3222200000001
65.63472,22.3166659999999
65.6386110000001,22.3091660000001
65.647217,22.2980540000001
65.6599880000001,22.2869420000001
65.664993,22.2836070000001
65.6683200000001,22.289719
65.665833,22.3036080000001
65.6591640000001,22.3230550000001
65.628876,22.3855550000001
65.5588840000001,22.4236110000001
65.548599,22.426388
65.542221,22.4233320000001
65.537491,22.416386
65.535263,22.40583
65.53833,22.394165
65.5458220000001,22.3791660000001
65.554153,22.3661080000001
65.577271,22.2418330000001
65.5787730000001,22.206329
65.6072080000001,22.0797200000001
65.666656,21.863888
65.669998,21.8541640000001
65.6738740000001,21.8463860000001
65.678055,21.8408320000001
65.6972200000001,21.826942
65.7013850000001,21.821388
65.7224880000001,21.766941
65.716934,21.7608300000001
65.7116550000001,21.7624970000001
65.6974949999999,21.7730520000001
65.665268,21.8280530000001
65.657776,21.84333
65.6544340000001,21.8530540000001
65.598053,22.0224989999999
65.5891570000001,22.0577769999999
65.5830540000001,22.1161080000001
65.579712,22.1258319999999
65.5452730000001,22.1991650000001
65.5408330000001,22.194164
65.537766,22.1849980000001
65.533051,22.1641650000001
65.517441,22.0538480000001
65.513611,22.000275
65.5152739999999,21.987499
65.5266570000001,21.909164
65.5299990000001,21.899441
65.533875,21.891666
65.537216,21.8872180000001
65.5366520000001,21.879997
65.5322110000001,21.859165
65.5299990000001,21.852497
65.5258330000001,21.858055
65.4966580000001,21.9011080000001
65.488602,21.914165
65.4855500000001,21.925831
65.4852750000001,21.9397200000001
65.506943,21.922497
65.510818,21.925278
65.5080410000001,21.936943
65.489716,21.9791640000001
65.4622190000001,22.0302770000001
65.457214,22.0316660000001
65.428604,22.017498
65.4238740000001,22.0105550000001
65.398041,21.929443
65.391098,21.6758310000001
65.391388,21.6622200000001
65.392487,21.6474990000001
65.3955540000001,21.6355550000001
65.399155,21.6280520000001
65.4122160000001,21.611385
65.4155430000001,21.6016650000001
65.416382,21.5869410000001
65.4080510000001,21.5447200000001
65.386658,21.474163
65.380829,21.46833
65.35527,21.4972760000001
65.3446039999999,21.5062750000001
65.3272710000001,21.534277
65.3267750000001,21.5431100000001
65.314713,21.57972
65.318878,21.5877760000001
65.324997,21.5902750000001
65.329712,21.5869410000001
65.3322140000001,21.5888860000001
65.3263850000001,21.6122210000001
65.3230440000001,21.6219440000001
65.2913820000001,21.69722
65.287491,21.7047200000001
65.2819370000001,21.704166
65.2702640000001,21.700832
65.264435,21.695
65.247498,21.663887
65.2441560000001,21.65472
65.234711,21.5880550000001
65.2316590000001,21.5652769999999
65.234711,21.5536080000001
65.238876,21.5480540000001
65.2483220000001,21.5411110000001
65.258881,21.538055
65.286713,21.493887
65.310883,21.4688870000001
65.3132100000001,21.4642220000001
65.3697200000001,21.3380550000001
65.3719330000001,21.324444
65.3697200000001,21.314163
65.3411100000001,21.266388
65.337494,21.260555
65.3333280000001,21.266109
65.323608,21.32111
65.3216550000001,21.3369410000001
65.3061070000001,21.417221
65.2485960000001,21.505276
65.2194369999999,21.5480540000001
65.210831,21.5591660000001
65.162491,21.613609
65.1530460000001,21.620552
65.147766,21.6219440000001
65.142212,21.621387
65.0627750000001,21.583885
65.0577700000001,21.577221
65.056381,21.5658300000001
65.058746,21.533703
65.0610960000001,21.494164
65.059708,21.483055
65.05722,21.4727750000001
65.050552,21.46833
65.044998,21.467499
65.034439,21.470554
65.031097,21.4800000000001
65.0072170000001,21.4666630000001
64.9755550000001,21.3733330000001
64.954437,21.300831
64.949432,21.2549970000001
64.9477690000001,21.2438890000001
64.891663,21.205276
64.8863830000001,21.206665
64.8624880000001,21.208885
64.829987,21.183052
64.8188780000001,21.1316640000001
64.8180540000001,21.1227760000001
64.8202670000001,21.1091650000001
64.8233179999999,21.0975
64.827499,21.0919420000001
64.8369290000001,21.0849990000001
64.848328,21.0861090000001
64.853043,21.082497
64.856384,21.073055
64.8558200000001,21.0605550000001
64.847763,21.0449980000001
64.8419339999999,21.0394440000001
64.835831,21.036942
64.8244320000001,21.0361100000001
64.8197170000001,21.0394440000001
64.815277,21.0449980000001
64.7886050000001,21.082497
64.7847140000001,21.089996
64.7810970000001,21.0975
64.7777710000001,21.1069409999999
64.7758260000001,21.1256080000001
64.7751540000001,21.1342750000001
64.7755429999999,21.1594430000001
64.7827760000001,21.214996
64.781937,21.2294430000001
64.777496,21.2583310000001
64.768875,21.2927740000001
64.7655489999999,21.3022189999999
64.761383,21.3077770000001
64.750824,21.310833
64.6619420000001,21.304996
64.663879,21.289719
64.6666560000001,21.2783320000001
64.669998,21.268608
64.6852720000001,21.238888
64.7227630000001,21.1619420000001
64.7244420000001,21.1437210000001
64.725433,21.136221
64.724602,21.121721
64.7227630000001,21.1050000000001
64.716934,21.1044430000001
64.6911010000001,21.1119420000001
64.681381,21.118889
64.6738740000001,21.1338880000001
64.615265,21.2713850000001
64.59082,21.3569410000001
64.5972140000001,21.3613850000001
64.6030430000001,21.366943
64.6052700000001,21.3733330000001
64.5755460000001,21.465275
64.532486,21.554165
64.4397130000001,21.584999
64.361099,21.4580540000001
64.335266,21.3905530000001
64.309998,21.32222
64.3069310000001,21.313332
64.298325,21.2861100000001
64.295822,21.2761080000001
64.294998,21.2672200000001
64.2985990000001,21.25972
64.3038789999999,21.2583310000001
64.308609,21.2549970000001
64.3102720000001,21.2427750000001
64.3061070000001,21.2349970000001
64.148605,20.9716640000001
64.139435,20.9574969999999
64.1341550000001,20.954166
64.0494380000001,20.904999
64.002487,20.8955540000001
63.8863830000001,20.793888
63.869164,20.7777750000001
63.8649980000001,20.770275
63.848053,20.7286110000001
63.8133320000001,20.638332
63.799164,20.535
63.820274,20.5080530000001
63.822777,20.499722
63.81916,20.4941640000001
63.7583310000001,20.447777
63.6977770000001,20.417774
63.6911090000001,20.413609
63.6741640000001,20.3869439999999
63.6724930000001,20.3791659999999
63.675552,20.369999
63.6599960000001,20.316666
63.6463850000001,20.2986110000001
63.6658330000001,20.2638850000001
63.65583,20.099998
63.6358260000001,20.0119440000001
63.609161,19.899441
63.6063839999999,19.8930550000001
63.5333330000001,19.7752760000001
63.516663,19.7491650000001
63.510551,19.747219
63.505272,19.7488859999999
63.5011060000001,19.754166
63.497215,19.761665
63.4877780000001,19.768887
63.4624940000001,19.779163
63.457535,19.7726440000001
63.431938,19.704998
63.429718,19.683052
63.4313890000001,19.6680530000001
63.4424970000001,19.6411090000001
63.4466629999999,19.6358300000001
63.4591600000001,19.6399990000001
63.4644389999999,19.643055
63.469994,19.64333
63.4747160000001,19.639721
63.49472,19.616386
63.549438,19.5016630000001
63.559715,19.4755550000001
63.561104,19.4636080000001
63.559441,19.4530530000001
63.549438,19.428055
63.5458300000001,19.4227750000001
63.54055,19.4244419999999
63.4530490000001,19.4736100000001
63.440277,19.4472200000001
63.4349980000001,19.3658330000001
63.435272,19.351665
63.4491650000001,19.3183330000001
63.4533310000001,19.312775
63.4636080000001,19.3091850000001
63.4636080000001,19.296665
63.459442,19.2894440000001
63.454437,19.283333
63.448608,19.2783319999999
63.44194,19.2744410000001
63.4197160000001,19.2758329999999
63.408882,19.277496
63.3274989999999,19.230553
63.315277,19.1586070000001
63.3102720000001,19.139999
63.253609,19.0586090000001
63.244438,19.045555
63.238609,19.040554
63.2280500000001,19.0441670000001
63.21833,19.0497209999999
63.2163850000001,19.0597189999999
63.214165,19.0852780000001
63.2136080000001,19.1086080000001
63.2083280000001,19.110275
63.1786040000001,19.0666660000001
63.175278,19.058331
63.174438,19.0469440000001
63.176384,19.0369420000001
63.209999,18.9725
63.214439,18.9669420000001
63.2188870000001,18.963333
63.225273,18.964996
63.230827,18.965275
63.245277,18.956108
63.2727740000001,18.90361
63.2736049999999,18.889721
63.251774,18.8115540000001
63.250275,18.8060530000001
63.2481080000001,18.8028870000001
63.244942,18.801054
63.242107,18.8033870000001
63.24044,18.8100550000001
63.2341040000001,18.847219
63.227104,18.883886
63.2102740000001,18.908054
63.206665,18.915276
63.1916660000001,18.8974989999999
63.1619420000001,18.784721
63.1627730000001,18.775833
63.170273,18.7611080000001
63.184715,18.751942
63.192436,18.7486650000001
63.1956060000001,18.752163
63.197105,18.7576640000001
63.197105,18.7653310000001
63.194439,18.78083
63.1959380000001,18.7939989999999
63.1987720000001,18.7918320000001
63.2009390000001,18.787331
63.2026060000001,18.7806640000001
63.203606,18.7718320000001
63.2076070000001,18.736164
63.2076070000001,18.7286640000001
63.2066040000001,18.7223320000001
63.2037730000001,18.7198310000001
63.2007750000001,18.7209970000001
63.172493,18.735554
63.16777,18.7391660000001
63.140549,18.6472210000001
63.1174930000001,18.5669440000001
63.0516660000001,18.382221
62.997215,18.2891650000001
62.988052,18.346664
62.991386,18.3672220000001
62.993332,18.389999
62.993332,18.402496
62.9858320000001,18.5249980000001
62.9844440000001,18.5397190000001
62.9822160000001,18.5524980000001
62.9788820000001,18.561943
62.974716,18.567497
62.965828,18.576664
62.9555510000001,18.5802760000001
62.951111,18.576385
62.862495,18.473888
62.85833,18.466942
62.7786100000001,18.2086110000001
62.776108,18.199444
62.765831,18.12611
62.7811050000001,18.082775
62.8041610000001,18.1044430000001
62.804443,18.1291660000001
62.8069380000001,18.1383320000001
62.8111040000001,18.1452750000001
62.8166660000001,18.144997
62.820549,18.137775
62.836662,18.0733300000001
62.839165,18.03722
62.8222200000001,17.984997
62.818054,17.978333
62.811386,17.97472
62.842499,17.927498
62.9186100000001,17.872219
62.9330520000001,17.8624990000001
62.962219,17.8433300000001
62.993332,17.828331
62.9958270000001,17.8202740000001
62.995552,17.7016640000001
62.991943,17.696663
62.987778,17.702221
62.972771,17.7305530000001
62.961937,17.752777
62.9555510000001,17.7713850000001
62.9505540000001,17.7936100000001
62.9333270000001,17.8347210000001
62.883606,17.881943
62.730553,17.99472
62.7047200000001,18.0044440000001
62.6933290000001,18.0047190000001
62.6566619999999,17.9963870000001
62.6530530000001,17.991386
62.652771,17.979164
62.6602710000001,17.9644430000001
62.669441,17.9569440000001
62.6699980000001,17.9463880000001
62.669441,17.879719
62.6644440000001,17.874165
62.6597210000001,17.8777770000001
62.656105,17.885277
62.634438,17.966389
62.626389,18.034721
62.6236040000001,18.045555
62.601387,18.048054
62.5891650000001,18.0447200000001
62.555275,17.978054
62.487221,17.8433300000001
62.483887,17.8355520000001
62.482216,17.825275
62.4827730000001,17.811943
62.499443,17.789719
62.5024950000001,17.7805520000001
62.5033260000001,17.7672200000001
62.498886,17.7236100000001
62.4936069999999,17.693333
62.490273,17.685555
62.473328,17.658607
62.4672160000001,17.654163
62.4580540000001,17.6616630000001
62.4508290000001,17.676388
62.437775,17.671387
62.434166,17.619164
62.4349980000001,17.6058310000001
62.4402770000001,17.5641630000001
62.4463880000001,17.54583
62.449997,17.5383299999999
62.4588850000001,17.528889
62.4772190000001,17.5138850000001
62.4861070000001,17.504444
62.506386,17.47472
62.529999,17.4374960000001
62.5372160000001,17.422497
62.538055,17.409164
62.5344390000001,17.401386
62.4919429999999,17.334442
62.4869380000001,17.3288880000001
62.4802700000001,17.3255540000001
62.3602750000001,17.359722
62.329163,17.371944
62.32444,17.375832
62.2655490000001,17.4652750000001
62.2584949999999,17.502497
62.2501600000001,17.5521640000001
62.247162,17.5769980000001
62.2394410000001,17.6238860000001
62.234161,17.645554
62.23111,17.6547200000001
62.2274930000001,17.649719
62.2094420000001,17.5999980000001
62.195549,17.5566640000001
62.196938,17.5452770000001
62.2005540000001,17.537777
62.205551,17.5358310000001
62.211105,17.5386090000001
62.216953,17.555641
62.2263340000001,17.567001
62.2351040000001,17.5578649999999
62.231522,17.5426770000001
62.230038,17.532429
62.2307820000001,17.519958
62.2289279999999,17.509464
62.204578,17.5100360000001
62.2005840000001,17.508038
62.125145,17.4832530000001
62.0063860000001,17.463608
61.996941,17.4516639999999
61.992775,17.4449999999999
61.989441,17.4372220000001
61.987778,17.4274980000001
61.9908290000001,17.4183310000001
61.9924930000001,17.4086070000001
61.9899980000001,17.399998
61.9855500000001,17.3933300000001
61.951111,17.3541640000001
61.9452740000001,17.3497200000001
61.926384,17.3452760000001
61.818054,17.3363880000001
61.756496,17.3856660000001
61.7269440000001,17.440277
61.732216,17.4697190000001
61.730827,17.483887
61.7280500000001,17.4947200000001
61.7238850000001,17.5
61.7016600000001,17.5236090000001
61.696106,17.5236090000001
61.639717,17.50111
61.6358260000001,17.498886
61.630829,17.4936100000001
61.626389,17.4872209999999
61.6247180000001,17.477219
61.628883,17.445274
61.6311040000001,17.432777
61.6391600000001,17.4219440000001
61.64444,17.419998
61.65416,17.414165
61.6872180000001,17.389999
61.69194,17.3861080000001
61.700386,17.3681109999999
61.7065510000001,17.354109
61.7124940000001,17.3394430000001
61.7144390000001,17.326942
61.7224960000001,17.233887
61.723053,17.2208329999999
61.7213820000001,17.1499979999999
61.719719,17.140274
61.7144390000001,17.1422200000001
61.710831,17.149441
61.7077709999999,17.158333
61.7049940000001,17.1838870000001
61.706108,17.194721
61.7052760000001,17.2077750000001
61.7033310000001,17.220276
61.691109,17.2608299999999
61.6880490000001,17.2697220000001
61.683052,17.271664
61.676384,17.2686079999999
61.6711040000001,17.2630540000001
61.636108,17.1899990000001
61.6333310000001,17.18111
61.63166,17.171387
61.6322169999999,17.158333
61.634163,17.146111
61.6405490000001,17.1280520000001
61.6027760000001,17.09861
61.55555,17.1177750000001
61.5216600000001,17.162777
61.5174940000001,17.1680530000001
61.44194,17.222775
61.429443,17.2197189999999
61.425278,17.213333
61.420555,17.171387
61.4280549999999,17.1541629999999
61.432777,17.150555
61.4316640000001,17.1397210000001
61.408051,17.109444
61.403053,17.1041640000001
61.3969420000001,17.1027760000001
61.3916629999999,17.104721
61.3577730000001,17.144997
61.3286060000001,17.2047200000001
61.325554,17.2136080000001
61.2788850000001,17.203609
61.190277,17.18111
61.0466610000001,17.1627540000001
60.945,17.150555
60.940552,17.1544420000001
60.9169390000001,17.201664
60.8958280000001,17.2411080000001
60.891106,17.24472
60.843048,17.276108
60.7716600000001,17.283607
60.731941,17.285275
60.676109,17.2752760000001
60.6405490000001,17.359722
60.618988,17.377098
60.6291660000001,17.397499
60.6316600000001,17.4061090000001
60.643051,17.5205539999999
60.6433260000001,17.5552750000001
60.6399990000001,17.5783310000001
60.632217,17.6091650000001
60.6186070000001,17.6358299999999
60.611382,17.649719
60.601944,17.6569440000001
60.5969390000001,17.6516650000001
60.5936050000001,17.644165
60.5841600000001,17.6094440000001
60.5805510000001,17.602219
60.5749970000001,17.602497
60.5561070000001,17.607777
60.5508270000001,17.609722
60.5224990000001,17.629444
60.5183259999999,17.6347200000001
60.506943,17.6536100000001
60.5038830000001,17.66222
60.4986040000001,17.682777
60.4961090000001,17.693054
60.4916610000001,17.73111
60.493607,17.7405550000001
60.499161,17.7402760000001
60.5088880000001,17.7349970000001
60.5183259999999,17.727776
60.523331,17.7261090000001
60.534721,17.7255550000001
60.541382,17.728886
60.5474930000001,17.733055
60.571106,17.773052
60.589996,17.8424990000001
60.5969390000001,17.880554
60.597771,17.8911090000001
60.5980530000001,17.937222
60.597221,17.9497180000001
60.594162,17.958332
60.5905530000001,17.965275
60.5863880000001,17.970554
60.558884,17.9933320000001
60.4530490000001,18.099998
60.3430480000001,18.2141649999999
60.3302760000001,18.2277760000001
60.3266600000001,18.2344440000001
60.3283310000001,18.2438890000001
60.3308259999999,18.25222
60.3349990000001,18.2586100000001
60.3452760000001,18.266666
60.349442,18.2730520000001
60.351387,18.282497
60.353882,18.3138890000001
60.3438870000001,18.431942
60.3408280000001,18.4402769999999
60.331383,18.4472200000001
60.2994380000001,18.465832
60.25,18.574165
60.2411040000001,18.601109
60.237221,18.607777
60.2311100000001,18.6061100000001
60.2277760000001,18.59861
60.2244420000001,18.579998
60.2244420000001,18.5569419999999
60.226944,18.531109
60.234993,18.470833
60.239716,18.448887
60.2427749999999,18.4405520000001
60.2497180000001,18.425278
60.266937,18.388332
60.2741620000001,18.374722
60.2908330000001,18.3541640000001
60.3108290000001,18.325554
60.3133320000001,18.315277
60.3072200000001,18.31361
60.301384,18.3138890000001
60.2080540000001,18.3961110000001
60.187218,18.4216650000001
60.152657,18.507431
60.1530530000001,18.5316660000001
60.1458280000001,18.62611
60.1441650000001,18.639442
60.1280520000001,18.7113880000001
60.1108320000001,18.776665
60.0963819999999,18.8163870000001
60.0902710000001,18.8147200000001
60.0788880000001,18.8147200000001
60.073883,18.8163870000001
60.058884,18.8230550000001
59.962776,18.8866650000001
59.9533310000001,18.89333
59.939995,18.904999
59.9358290000001,18.9097210000001
59.9247210000001,18.9297220000001
59.92033,18.9502200000001
59.92033,18.9637200000001
59.912773,19.0072210000001
59.899162,19.045555
59.889717,19.070553
59.838608,19.0700000000001
59.8324970000001,19.068333
59.8272170000001,19.0655520000001
59.8230510000001,19.059166
59.822777,19.050552
59.825272,19.040554
59.8322220000001,19.025833
59.8656080000001,18.9692209999999
59.8699950000001,18.936108
59.7980499999999,18.864719
59.7836070000001,18.934719
59.7836070000001,18.9686090000001
59.774162,19.073887
59.7705540000001,19.0805549999999
59.765274,19.0822220000001
59.75972,19.0819440000001
59.740555,19.0752750000001
59.7358320000001,19.0700000000001
59.719994,19.0322190000001
59.71666,18.991386
59.71666,18.9800000000001
59.719994,18.953609
59.712494,18.841389
59.6891630000001,18.745552
59.671387,18.71722
59.645271,18.694443
59.6424939999999,18.699997
59.6433260000001,18.7102780000001
59.6466600000001,18.728611
59.6466600000001,18.7399980000001
59.6424939999999,18.74472
59.6325000000001,18.734165
59.591385,18.666386
59.5805510000001,18.645554
59.4674990000001,18.3783300000001
59.4663850000001,18.3683320000001
59.47361,18.317219
59.4766620000001,18.2797200000001
59.4749980000001,18.270554
59.4480510000001,18.2594430000001
59.444717,18.2594430000001
59.4177700000001,18.276665
59.4136050000001,18.281666
59.409996,18.28833
59.407776,18.2997210000001
59.4044420000001,18.3261110000001
59.4019390000001,18.335831
59.3966600000001,18.3374980000001
59.392494,18.331387
59.3908310000001,18.3222200000001
59.3908310000001,18.3111080000001
59.4055480000001,18.1749990000001
59.4080510000001,18.164997
59.4122160000001,18.1600000000001
59.4174960000001,18.1624980000001
59.424438,18.1769410000001
59.424438,18.188053
59.4216609999999,18.198055
59.4277190000001,18.203777
59.442551,18.1992760000001
59.4457210000001,18.198277
59.455276,18.195831
59.45694,18.186943
59.45472,18.124443
59.4530490000001,18.1155550000001
59.4372180000001,18.0897219999999
59.4319380000001,18.0847210000001
59.391388,18.0572200000001
59.367218,18.0888860000001
59.334442,18.091389
59.3449630000001,18.0073600000001
59.3355480000001,17.941109
59.3363880000001,17.9288860000001
59.3386080000001,17.9175
59.3438870000001,17.8977780000001
59.35611,17.8591650000001
59.3649980000001,17.832775
59.371109,17.8161090000001
59.377777,17.8013880000001
59.38916,17.7827760000001
59.400551,17.7644419999999
59.409996,17.7577739999999
59.421387,17.7575
59.4274980000001,17.7588880000001
59.48555,17.779999
59.4983290000001,17.78722
59.5041660000001,17.7913859999999
59.514717,17.801941
59.52166,17.816387
59.5283279999999,17.841663
59.5330510000001,17.845276
59.5808260000001,17.822777
59.590271,17.8161090000001
59.5938870000001,17.8091660000001
59.638611,17.751942
59.66333,17.7172200000001
59.6538850000001,17.724163
59.6261060000001,17.7222210000001
59.620277,17.7180519999999
59.6188890000001,17.7105520000001
59.6374970000001,17.6424979999999
59.650627,17.603962
59.6561050000001,17.59222
59.660271,17.598331
59.6619420000001,17.607498
59.662216,17.628052
59.66333,17.640274
59.6658330000001,17.6483310000001
59.6716610000001,17.6524960000001
59.682129,17.6533390000001
59.718048,17.654163
59.7840730000001,17.631298
59.7888869999999,17.628052
59.8069380000001,17.594166
59.8047180000001,17.587776
59.7936100000001,17.588055
59.7872160000001,17.586666
59.7805480000001,17.583611
59.7747190000001,17.5794410000001
59.769722,17.574444
59.749443,17.5425
59.746941,17.534443
59.7449950000001,17.5138850000001
59.73555,17.4480550000001
59.6761090000001,17.4447210000001
59.5872190000001,17.5105550000001
59.579163,17.520832
59.575554,17.527496
59.57222,17.5358310000001
59.573006,17.5431520000001
59.611382,17.521664
59.6383289999999,17.5155530000001
59.6547160000001,17.513332
59.687775,17.508888
59.693329,17.5086100000001
59.6994400000001,17.509998
59.7063830000001,17.5130540000001
59.732216,17.537498
59.7369380000001,17.588886
59.7369380000001,17.5999980000001
59.7349930000001,17.6116640000001
59.7313840000001,17.6183320000001
59.726387,17.6202770000001
59.695549,17.6161080000001
59.6684490000001,17.5611710000001
59.639427,17.589706
59.607498,17.694164
59.5905530000001,17.7422220000001
59.5838850000001,17.757221
59.569717,17.767498
59.535828,17.786663
59.5294420000001,17.785
59.446938,17.7372210000001
59.442772,17.73111
59.442772,17.7199969999999
59.4886090000001,17.5519410000001
59.4916610000001,17.5438880000001
59.5030520000001,17.525276
59.5072170000001,17.5202750000001
59.510254,17.5190890000001
59.5122150000001,17.51833
59.518051,17.5224989999999
59.536987,17.5460820000001
59.5397190000001,17.500275
59.542496,17.4902760000001
59.55722,17.446941
59.560272,17.43861
59.6047210000001,17.377777
59.608887,17.3727759999999
59.614166,17.3708310000001
59.61972,17.370552
59.651108,17.3861080000001
59.6549990000001,17.38361
59.652222,17.375553
59.6227720000001,17.3441660000001
59.6061100000001,17.3533330000001
59.5830540000001,17.3708310000001
59.553329,17.403332
59.5486070000001,17.406666
59.543327,17.4086070000001
59.4927750000001,17.419167
59.4872209999999,17.4194410000001
59.4811100000001,17.418053
59.469162,17.41
59.469162,17.3988880000001
59.4880519999999,17.3255540000001
59.50444,17.2619439999999
59.508049,17.255276
59.5386050000001,17.1852759999999
59.547775,17.117222
59.54361,17.068054
59.5394440000001,17.061943
59.5363850000001,17.0313870000001
59.5372160000001,17.019165
59.54361,16.949718
59.5461040000001,16.93972
59.584732,16.8649640000001
59.5852740000001,16.826385
59.558884,16.786942
59.54805,16.6616629999999
59.5524980000001,16.6580540000001
59.5816650000001,16.6230550000001
59.5852740000001,16.616386
59.609161,16.565277
59.6105500000001,16.5519410000001
59.6094440000001,16.5419430000001
59.6069410000001,16.5338859999999
59.5963820000001,16.5016630000001
59.5919420000001,16.495552
59.586937,16.4974980000001
59.5716630000001,16.521664
59.5611040000001,16.542221
59.556938,16.5474970000001
59.5508270000001,16.5461080000001
59.5438840000001,16.543331
59.538887,16.53833
59.502014,16.4891660000001
59.4974980000001,16.4725
59.467773,16.329998
59.4649960000001,16.1780550000001
59.4652710000001,16.16861
59.471107,16.101665
59.4733280000001,16.091663
59.4824980000001,16.066387
59.492493,16.044167
59.495552,16.0355529999999
59.4977720000001,16.025555
59.4949950000001,16.0202750000001
59.489716,16.022221
59.4852750000001,16.0261080000001
59.4730530000001,16.041664
59.457771,16.066109
59.454437,16.072777
59.4513850000001,16.0813870000001
59.446388,16.101387
59.444443,16.113052
59.4399950000001,16.1691670000001
59.439438,16.181389
59.4424969999999,16.2613870000001
59.443985,16.276417
59.450272,16.304722
59.451942,16.313889
59.453331,16.334999
59.4741590000001,16.6594430000001
59.4730530000001,16.669998
59.470551,16.679996
59.4672160000001,16.6866650000001
59.462494,16.6902769999999
59.454437,16.7005540000001
59.4241640000001,16.7499999999999
59.390549,16.80611
59.38694,16.8127750000001
59.3844380000001,16.8227770000001
59.381386,16.869999
59.3816600000001,16.8811069999999
59.383331,16.8899990000001
59.389999,16.893055
59.3961110000001,16.894165
59.401382,16.89222
59.404999,16.8855550000001
59.4052730000001,16.862221
59.407494,16.85083
59.4105530000001,16.8422200000001
59.422493,16.8088870000001
59.4286040000001,16.792221
59.453606,16.7266650000001
59.4672160000001,16.697777
59.471382,16.6927759999999
59.476105,16.693333
59.4913859999999,16.8288879999999
59.4894410000001,16.8402750000001
59.486382,16.8488880000001
59.4674990000001,16.897499
59.453331,16.9244420000001
59.446388,16.935555
59.4383319999999,16.9458310000001
59.4297180000001,16.954441
59.420273,16.9613880000001
59.374443,17.111664
59.3730550000001,17.1744420000001
59.3566670000001,17.280552
59.3519440000001,17.302219
59.3488850000001,17.310555
59.344719,17.3155520000001
59.3397220000001,17.3174970000001
59.3333280000001,17.316109
59.327499,17.3119430000001
59.3233260000001,17.3061100000001
59.3208310000001,17.298054
59.3197170000001,17.2877770000001
59.2908330000001,17.2638850000001
59.2697220000001,17.251942
59.258888,17.2538870000001
59.2590480000001,17.2869420000001
59.257217,17.2919429999999
59.248604,17.3652760000001
59.247498,17.375832
59.246941,17.387775
59.2477720000001,17.398052
59.2527769999999,17.396111
59.261108,17.3861080000001
59.264717,17.3794440000001
59.277222,17.3641660000001
59.2869420000001,17.3588870000001
59.2972179999999,17.355
59.318329,17.349442
59.3244400000001,17.3508300000001
59.3247150000001,17.3619420000001
59.3122180000001,17.413055
59.304718,17.442776
59.2963869999999,17.4708330000001
59.2822190000001,17.585831
59.26944,17.7402760000001
59.264442,17.847221
59.2972179999999,17.9080540000001
59.3166660000001,17.9405520000001
59.3200000000001,17.9474980000001
59.3313830000001,17.976387
59.3338850000001,17.9844440000001
59.3330540000001,17.9966660000001
59.3222200000001,18.016666
59.3197170000001,18.0263860000001
59.3163830000001,18.0524980000001
59.3166660000001,18.074718
59.318054,18.13361
59.329437,18.206944
59.3470840000001,18.2420920000001
59.3544390000001,18.2508320000001
59.3644410000001,18.2722210000001
59.3669429999999,18.2802770000001
59.3686069999999,18.2894440000001
59.3733290000001,18.3486100000001
59.3686069999999,18.3922200000001
59.3666610000001,18.4036100000001
59.354996,18.43972
59.3508300000001,18.4447210000001
59.344772,18.4412750000001
59.3427730000001,18.4369429999999
59.341278,18.4321079999999
59.3363880000001,18.434998
59.331108,18.45472
59.3302760000001,18.466663
59.334442,18.474163
59.340271,18.478611
59.345833,18.4783330000001
59.365555,18.4686090000001
59.394165,18.4502749999999
59.421104,18.4313890000001
59.425827,18.428055
59.4313890000001,18.428055
59.433609,18.4344439999999
59.4352720000001,18.4772189999999
59.43055,18.4983330000001
59.421104,18.523052
59.4174960000001,18.52972
59.3719409999999,18.607777
59.36805,18.612778
59.3388820000001,18.6402739999999
59.3244400000001,18.648609
59.31916,18.6502760000001
59.312492,18.6469420000001
59.309166,18.639721
59.3074950000001,18.630554
59.3016660000001,18.5930520000001
59.29583,18.522221
59.3019410000001,18.389164
59.302498,18.3772200000001
59.3055499999999,18.3536109999999
59.3074950000001,18.343609
59.310555,18.3352780000001
59.316109,18.337776
59.322052,18.3364979999999
59.3250540000001,18.3288330000001
59.3283309999999,18.3188860000001
59.3108290000001,18.2772219999999
59.2686080000001,18.269444
59.2197190000001,18.3099980000001
59.1325000000001,18.311386
59.118607,18.230274
59.116943,18.221386
59.090828,18.140274
59.041939,18.0213850000001
58.9097209999999,17.895832
58.903053,17.892776
58.89666,17.8913880000001
58.8741610000001,17.891941
58.858887,17.8947220000001
58.9430540000001,17.7894440000001
59.0183260000001,17.7566640000001
59.096664,17.768887
59.113609,17.7683300000001
59.1188890000001,17.7666660000001
59.123886,17.7647210000001
59.1266630000001,17.7591630000001
59.166382,17.6686100000001
59.168327,17.663887
59.0744399999999,17.6241650000001
59.0405500000001,17.6116640000001
59.0344390000001,17.6102750000001
59.029442,17.612221
59.0252760000001,17.6172220000001
59.0163879999999,17.625553
59.011665,17.628887
58.9747160000001,17.6136090000001
58.9505080000001,17.5783270000001
58.943604,17.5913889999999
58.914993,17.6305540000001
58.908882,17.6291659999999
58.901939,17.62611
58.8494420000001,17.583332
58.8455510000001,17.578888
58.7522200000001,17.349998
58.7369380000001,17.2711110000001
58.7305530000001,17.22361
58.7327730000001,17.1566660000001
58.7624970000001,17.0936090000001
58.7636109999999,17.0833320000001
58.7505490000001,17.032776
58.746941,17.0286100000001
58.7427750000001,17.033607
58.7230530000001,17.0822220000001
58.702217,17.134163
58.700272,17.1455540000001
58.694717,17.1430550000001
58.68972,17.1383319999999
58.637215,17.0344430000001
58.6169430000001,16.9152760000001
58.6161040000001,16.905277
58.616661,16.89333
58.6236040000001,16.789719
58.62899,16.7361220000001
58.63694,16.677776
58.6555480000001,16.461388
58.6574939999999,16.4363860000001
58.6588820000001,16.4127769999999
58.663055,16.2983320000001
58.664719,16.2422220000001
58.663055,16.2336080000001
58.6274950000001,16.193607
58.6136090000001,16.2933310000001
58.6052700000001,16.370552
58.613327,16.411663
58.6377720000001,16.432499
58.6413880000001,16.4366650000001
58.6205520000001,16.6494410000001
58.606667,16.7108310000001
58.600555,16.7272189999999
58.581383,16.777496
58.4924930000001,16.928608
58.4841610000001,16.93861
58.4449999999999,16.8347209999999
58.4422150000001,16.8269420000001
58.4386060000001,16.8091660000001
58.4294430000001,16.754444
58.4286040000001,16.737778
58.4469380000001,16.600555
58.450829,16.578053
58.4532390000001,16.568619
58.4583279999999,16.548885
58.464439,16.532497
58.4699940000001,16.514721
58.4752730000001,16.496666
58.479721,16.475555
58.4799960000001,16.4355550000001
58.479164,16.425552
58.477219,16.4169430000001
58.474716,16.4133300000001
58.435829,16.573055
58.410828,16.6836089999999
58.409721,16.6938860000001
58.40361,16.709999
58.367218,16.769997
58.3222200000001,16.788887
58.19944,16.8247180000001
58.1766660000001,16.825832
58.138672,16.8028179999999
58.1251790000001,16.764471
58.086124,16.7428110000001
58.049198,16.7318060000001
58.0127720000001,16.750275
58.0091630000001,16.7436100000001
57.987495,16.639252
57.988609,16.622498
57.9869380000001,16.6138879999999
57.9838870000001,16.621944
57.9777450000001,16.655502
57.9802700000001,16.6719440000001
57.974159,16.725277
57.9711070000001,16.733055
57.9619370000001,16.739998
57.9530490000001,16.7441640000001
57.9503330000001,16.7425610000001
57.9236070000001,16.773331
57.9194410000001,16.7780530000001
57.9144440000001,16.779999
57.884438,16.7705540000001
57.8811040000001,16.7638850000001
57.8749920000001,16.749443
57.872498,16.7416650000001
57.8727720000001,16.7324980000001
57.8833310000001,16.6591639999999
57.8902739999999,16.622219
57.89222,16.6136090000001
57.9227750000001,16.602497
57.925278,16.6061099999999
57.9402770000001,16.6027759999999
57.9969409999999,16.5186080000001
57.996384,16.5105550000001
57.993889,16.5027770000001
57.990273,16.4986079999999
57.98555,16.495552
57.9794390000001,16.494442
57.877831,16.5223310000001
57.854164,16.5643309999999
57.7655490000001,16.6772190000001
57.7538830000001,16.693333
57.745552,16.703331
57.74015,16.7007060000001
57.738884,16.692219
57.742218,16.6844439999999
57.7713850000001,16.618889
57.7761080000001,16.615555
57.7863850000001,16.611385
57.794716,16.6027759999999
57.802773,16.5905530000001
57.8213880000001,16.561108
57.8249970000001,16.554722
57.8933260000001,16.4186100000001
57.887215,16.418888
57.8825000000001,16.4208300000001
57.849297,16.463421
57.844627,16.4697530000001
57.839966,16.476418
57.773163,16.5937750000001
57.76683,16.6054420000001
57.7411040000001,16.6605530000001
57.7219390000001,16.692219
57.7138820000001,16.701942
57.705276,16.710278
57.6999970000001,16.712498
57.61972,16.625553
57.5522159999999,16.6325
57.4852750000001,16.6891630000001
57.4752730000001,16.693333
57.469162,16.693333
57.410828,16.671387
57.407494,16.664719
57.404999,16.6558299999999
57.4030530000001,16.636944
57.38166,16.632221
57.3769380000001,16.631107
57.374443,16.6241650000001
57.377495,16.6008300000001
57.3833310000001,16.5663870000001
57.383606,16.5549960000001
57.38166,16.5461080000001
57.3769380000001,16.5419430000001
57.2902760000001,16.472221
57.2766649999999,16.4672200000001
57.2644420000001,16.464722
57.2052760000001,16.4555550000001
57.200554,16.455276
57.178329,16.4580540000001
57.167496,16.460278
57.1586070000001,16.4672200000001
57.117218,16.5138850000001
57.116661,16.523331
57.1194380000001,16.5302770000001
57.120552,16.539997
57.116943,16.5461080000001
57.093887,16.5633320000001
57.0494380000001,16.5841640000001
57.043884,16.584721
57.036659,16.5016630000001
57.039162,16.4927749999999
56.9552760000001,16.454441
56.8938830000001,16.440552
56.843605,16.426666
56.795555,16.4077760000001
56.7208330000001,16.374996
56.654999,16.308052
56.658333,16.300552
56.659164,16.290554
56.6566620000001,16.272499
56.646111,16.2536090000001
56.607216,16.21611
56.461662,16.123886
56.449715,16.117222
56.4255520000001,16.104164
56.394997,16.090553
56.3136060000001,16.0547220000001
56.268883,16.0433310000001
56.2177730000001,16.008331
56.2083280000001,15.99861
56.092216,15.865555
56.111938,15.78861
56.147774,15.7758329999999
56.1788860000001,15.658888
56.1947170000001,15.598055
56.1380540000001,15.375277
56.151108,15.2258320000001
56.159996,15.0888880000001
56.161385,14.848055
56.1616590000001,14.7172220000001
56.1611100000001,14.6966650000001
56.157776,14.690554
56.1527710000001,14.686666
56.1325000000001,14.6797220000001
56.1205520000001,14.6794430000001
56.115555,14.6819440000001
56.111382,14.686666
56.1080550000001,14.692778
56.1027760000001,14.709999
56.099159,14.714722
56.059715,14.7508320000001
56.0363850000001,14.767776
56.0302730000001,14.766666
56.0108260000001,14.7383330000001
56.000275,14.719999
56.0075000000001,14.6352769999999
56.0294420000001,14.6208320000001
56.0519410000001,14.603611
56.05722,14.558887
56.0552750000001,14.551388
56.0511089999999,14.541388
56.037498,14.5116649999999
55.958885,14.369444
55.9369429999999,14.330276
55.8861080000001,14.2636110000001
55.8669430000001,14.24472
55.851662,14.2327770000001
55.8302760000001,14.217222
55.812492,14.2077770000001
55.7997210000001,14.202776
55.7927700000001,14.2005540000001
55.7797160000001,14.196665
55.7666630000001,14.193333
55.741661,14.190832
55.731384,14.191111
55.72583,14.192221
55.715828,14.1961100000001
55.7069400000001,14.2033329999999
55.694717,14.2177770000001
55.647217,14.2769430000001
55.578606,14.341389
55.551941,14.3633330000001
55.54277,14.370277
55.5377730000001,14.372776
55.531662,14.369165
55.522774,14.3619440000001
55.5011060000001,14.3366660000001
55.4866640000001,14.3124980000001
55.3861470000001,14.193546
55.3802720000001,14.163055
55.37944,14.1224990000001
55.386108,14.0588870000001
55.389442,14.037498
55.40583,14.004721
55.4211040000001,13.9694440000001
55.4313890000001,13.9358329999999
55.4338840000001,13.911943
55.433609,13.8913879999999
55.4255520000001,13.730555
55.424164,13.710278
55.417496,13.6416660000001
55.4158330000001,13.6322210000001
55.3822169999999,13.4977760000001
55.3736039999999,13.4658320000001
55.3566670000001,13.429722
55.3524930000001,13.418333
55.3399960000001,13.3755550000001
55.3391650000001,13.3447210000001
55.340828,13.300833
55.341942,13.2899990000001
55.4005510000001,12.982222
55.538605,12.918055
55.5441670000001,12.9163879999999
55.5622180000001,12.914444
55.5655520000001,12.914721
55.568329,12.9163879999999
55.574715,12.922499
55.5811080000001,12.93111
55.5911100000001,12.960278
55.599159,12.9819430000001
55.623886,13.0347210000001
55.627495,13.0405540000001
55.6325000000001,13.0449980000001
55.662773,13.0588870000001
55.68222,13.0633320000001
55.684998,13.0624979999999
55.6930540000001,13.059721
55.8230510000001,12.928055
55.838051,12.9127770000001
56.061943,12.681389
56.0786060000001,12.66361
56.1030500000001,12.633888
56.107773,12.623888
56.1094440000001,12.615
56.1116640000001,12.6097219999999
56.1416630000001,12.5811100000001
56.293327,12.4530540000001
56.2977750000001,12.451666
56.298332,12.461666
56.297218,12.473888
56.2588880000001,12.6291660000001
56.2533260000001,12.6452770000001
56.222778,12.7186810000001
56.2222210000001,12.787222
56.223053,12.7944430000001
56.2255550000001,12.8019430000001
56.2327730000001,12.8133320000001
56.2416610000001,12.8241650000001
56.2500000000001,12.8300889999999
56.2522200000001,12.831665
56.2580490000001,12.8347210000001
56.26416,12.8349989999999
56.269165,12.8330550000001
56.352219,12.7408330000001
56.3594440000001,12.730555
56.3630519999999,12.7238879999999
56.379715,12.676109
56.3802720000001,12.663887
56.3847200000001,12.6447220000001
56.387772,12.6366650000001
56.395271,12.62611
56.399994,12.622776
56.411942,12.6222210000001
56.424721,12.626389
56.431389,12.628611
56.436943,12.631943
56.442215,12.6355550000001
56.446106,12.6413880000001
56.4636080000001,12.672777
56.466385,12.6797220000001
56.467499,12.7219430000001
56.467499,12.732498
56.4647220000001,12.7491659999999
56.4502720000001,12.785831
56.4477770000001,12.793333
56.4433290000001,12.812498
56.4397200000001,12.8327770000001
56.4399190000001,12.85265
56.441383,12.86861
56.4436039999999,12.8761099999999
56.4463880000001,12.88361
56.457222,12.9011100000001
56.4669420000001,12.910831
56.478333,12.918055
56.5011060000001,12.930277
56.5211110000001,12.9374980000001
56.5324940000001,12.936943
56.5433270000001,12.933332
56.5483320000001,12.931389
56.578606,12.9172209999999
56.638329,12.8874990000001
56.6463850000001,12.8766650000001
56.6488880000001,12.869165
56.658333,12.821665
56.6566620000001,12.8133320000001
56.643608,12.7850000000001
56.639999,12.758055
56.6397170000001,12.7252770000001
56.6433260000001,12.7186110000001
56.6761090000001,12.670832
56.746941,12.6136090000001
56.7777710000001,12.5999980000001
56.783333,12.598331
56.79583,12.5991650000001
56.802498,12.601387
56.808052,12.5999980000001
56.8133320000001,12.5975000000001
56.8174970000001,12.5933320000001
56.8302760000001,12.579443
56.8338850000001,12.573889
56.8816600000001,12.484722
56.8877720000001,12.468332
56.8972170000001,12.4180549999999
56.914444,12.3502770000001
56.9191670000001,12.3475
56.969994,12.3499980000001
57.032494,12.2861100000001
57.04805,12.253611
57.059715,12.237778
57.1838840000001,12.1494430000001
57.1883320000001,12.146666
57.2500000000001,12.109999
57.2755510000001,12.134722
57.2811050000001,12.148611
57.2872160000001,12.1513880000001
57.3091660000001,12.145832
57.4269410000001,12.0949990000001
57.4547200000001,12.0583320000001
57.4577710000001,12.051388
57.459717,12.0438880000001
57.4569400000001,12.0369430000001
57.4341660000001,12.0116650000001
57.428886,12.007776
57.422218,12.005833
57.4113850000001,12.0086100000001
57.404999,12.007776
57.347496,11.989443
57.3413850000001,11.986111
57.3436050000001,11.979166
57.376106,11.942778
57.4022220000001,11.9177760000001
57.4219440000001,11.9041650000001
57.426666,11.901388
57.5149990000001,11.9066660000001
57.526649,11.9111120000001
57.5286100000001,11.9133320000001
57.5344390000001,11.915833
57.5638890000001,11.922222
57.6136089999999,11.9133320000001
57.6186069999999,11.910555
57.623329,11.9063870000001
57.624443,11.8974990000001
57.6183320000001,11.8944440000001
57.6077730000001,11.862499
57.6613850000001,11.83
57.68055,11.86861
57.6938860000001,11.887777
57.688889,11.750555
57.6886060000001,11.741388
57.6933290000001,11.7044430000001
57.6972200000001,11.6988890000001
57.715828,11.6997200000001
57.80722,11.723055
57.8458329999999,11.6680550000001
57.8816600000001,11.688055
57.885277,11.6941660000001
57.887215,11.7022210000001
57.8891599999999,11.711666
57.89222,11.741388
57.8972170000001,11.757221
58.0061039999999,11.795555
58.026382,11.801388
58.038055,11.800554
58.043884,11.7991660000001
58.0480500000001,11.7936100000001
58.053143,11.7766670000001
58.0594410000001,11.7766670000001
58.095276,11.79611
58.1547160000001,11.8372209999999
58.1911089999999,11.870277
58.1999970000001,11.8808329999999
58.2052760000001,11.884722
58.211937,11.8861099999999
58.318329,11.798054
58.328331,11.734999
58.3288880000001,11.7233310000001
58.276108,11.622776
58.262772,11.607498
58.255272,11.5947210000001
58.2302700000001,11.5361100000001
58.230553,11.526388
58.2319410000001,11.5158330000001
58.236107,11.495277
58.261108,11.405554
58.3119430000001,11.3841650000001
58.346939,11.2383330000001
58.399437,11.2013870000001
58.5052720000001,11.235554
58.551109,11.2541660000001
58.556938,11.2572210000001
58.579437,11.2663880000001
58.632217,11.26111
58.6377720000001,11.2594430000001
58.653053,11.252222
58.6574939999999,11.247776
58.679718,11.210278
58.70916,11.1808320000001
58.7138820000001,11.178055
58.730827,11.176943
58.747772,11.1816650000001
58.769997,11.200832
58.784164,11.218054
58.792221,11.2291660000001
58.7969440000001,11.2338889999999
58.803604,11.2361110000001
58.8330540000001,11.233055
58.845276,11.231388
58.917496,11.1941660000001
58.9244380000001,11.166666
58.935272,11.1319430000001
58.9383320000001,11.1230550000001
58.9413830000001,11.1158330000001
58.9499969999999,11.106943
59.0036090000001,11.1133330000001
59.015831,11.1191650000001
59.026382,11.1274990000001
59.064438,11.1663880000001
59.0686040000001,11.172499
59.074997,11.1866659999999
59.079437,11.204166
59.093887,11.265554
59.101387,11.3149990000001
59.0991590000001,11.3249990000001
59.091942,11.338333
59.0844420000001,11.3499980000001
59.050827,11.373333
59.0127720000001,11.4016670000001
58.989716,11.4194430000001
58.9857860000001,11.4270820000001
58.9876400000001,11.4291920000001
58.9266660000001,11.423054
58.9202730000001,11.4227770000001
58.903053,11.424999
58.8972170000001,11.4261090000001
58.893051,11.4277759999999
58.888611,11.431944
58.885277,11.4391650000001
58.883888,11.450832
58.8836059999999,11.4630550000001
58.8847200000001,11.4966659999999
58.89666,11.5858330000001
58.899185,11.5999680000001
58.9047160000001,11.621387
58.909164,11.6266650000001
59.0902710000001,11.7511100000001
59.0972209999999,11.753054
59.1027760000001,11.751944
59.112778,11.7463870000001
59.117493,11.7422220000001
59.1224980000001,11.739443
59.12722,11.739443
59.1744380000001,11.750832
59.188049,11.7544440000001
59.200829,11.7591650000001
59.211662,11.7647210000001
59.2175370000001,11.769547
59.23027,11.784721
59.2366410000001,11.7922880000001
59.239166,11.795277
59.245277,11.798332
59.257774,11.798887
59.2752760000001,11.7969440000001
59.303329,11.790833
59.3247150000001,11.7830540000001
59.4297180000001,11.739166
59.59166,11.6677760000001
59.5954820000001,11.666248
59.6355510000001,11.756388
59.6383289999999,11.7641659999999
59.642776,11.781666
59.6469420000001,11.8116660000001
59.648888,11.820555
59.651939,11.828333
59.6950000000001,11.8963870000001
59.701111,11.9008330000001
59.707771,11.902777
59.7202760000001,11.9033320000001
59.7383270000001,11.9030550000001
59.7724690000001,11.898848
59.784721,11.8963870000001
59.7947159999999,11.891109
59.7991640000001,11.8866650000001
59.803886,11.881109
59.8116610000001,11.869444
59.8461,11.8159600000001
59.861382,11.8527770000001
59.8699950000001,11.8758320000001
59.8969420000001,11.956944
59.8977740000001,11.968054
59.896111,11.9800000000001
59.8905490000001,11.998055
59.888611,12.0083330000001
59.886108,12.034166
59.8858260000001,12.107222
59.8869400000001,12.1297210000001
59.8883290000001,12.139999
59.8969420000001,12.163055
59.9102710000001,12.191944
59.9688870000001,12.3102760000001
59.9763869999999,12.3236100000001
60.0636060000001,12.461943
60.0763850000001,12.4769440000001
60.098328,12.4891660000001
60.1111070000001,12.4941650000001
60.1180500000001,12.4963870000001
60.1247180000001,12.498333
60.144722,12.502777
60.1694410000001,12.5075
60.175552,12.5080550000001
60.1819380000001,12.508333
60.1936040000001,12.5077760000001
60.210548,12.5044440000001
60.3341600000001,12.5277770000001
60.3438870000001,12.5377770000001
60.378052,12.5719429999999
60.399162,12.589722
60.4249950000001,12.5975000000001
60.4427719999999,12.6027769999999
60.462494,12.6074980000001
60.4686050000001,12.608055
60.479996,12.605833
60.516937,12.5944440000001
60.526665,12.5875
60.6299970000001,12.5058330000001
60.7102740000001,12.424999
60.750832,12.38611
60.7602770000001,12.3788870000001
60.779442,12.3647210000001
60.799721,12.3536110000001
60.8047180000001,12.3511100000001
60.8358310000001,12.336111
60.8872150000001,12.308611
60.946106,12.271944
60.9730530000001,12.245554
60.980827,12.2336100000001
60.99305,12.217222
60.997498,12.2127760000001
61.0024950000001,12.209999
61.006943,12.215555
61.010826,12.2225000000001
61.0186079999999,12.247776
61.029442,12.2941670000001
61.0505519999999,12.3880540000001
61.0538859999999,12.407776
61.054443,12.4324990000001
61.0538859999999,12.458055
61.0508270000001,12.5002770000001
61.04805,12.567221
61.0497209999999,12.602221
61.0530550000001,12.6219440000001
61.057541,12.6378250000001
61.087776,12.6702770000001
61.2008289999999,12.7722210000001
61.2449950000001,12.796665
61.312218,12.83111
61.3624950000001,12.85611
61.414719,12.773888
61.5661090000001,12.529999
61.5672150000001,12.5230539999999
61.569443,12.481388
61.569717,12.468332
61.5686040000001,12.4447210000001
61.569443,12.4302770000001
61.573326,12.406666
61.5805510000001,12.392776
61.717499,12.144444
61.728607,12.124443
61.844444,12.1594430000001
61.878609,12.169998
61.9124980000001,12.1816650000001
61.963333,12.2002770000001
62.0061040000001,12.2149980000001
62.142494,12.25861
62.2582170000001,12.294617
62.2616650000001,12.2958320000001
62.2724990000001,12.2916660000001
62.308052,12.2713870000001
62.3272170000001,12.2563880000001
62.3379820000001,12.245344
62.3899990000001,12.209999
62.4047160000001,12.19972
62.423882,12.1844439999999
62.437775,12.172222
62.4602740000001,12.1491659999999
62.52916,12.084721
62.5899960000001,12.0474990000001
62.665276,12.046665
62.7158280000001,12.072777
62.749443,12.0894430000001
62.8030549999999,12.0666660000001
62.8388820000001,12.050278
62.892494,12.028889
62.9186100000001,12.0583320000001
62.9672160000001,12.113333
62.9994430000001,12.15111
63.015831,12.1686100000001
63.0452730000001,12.144165
63.173882,12.0369430000001
63.1824490000001,12.027491
63.272217,11.9363880000001
63.3238830000001,11.998888
63.3883290000001,12.0783330000001
63.436661,12.1372200000001
63.4852750000001,12.1950000000001
63.512215,12.17861
63.58416,12.1394440000001
63.5949940000001,12.1538890000001
63.7288820000001,12.3466660000001
63.8333280000001,12.473055
63.8727719999999,12.530832
63.942772,12.633888
63.9672160000001,12.6819439999999
64.0072170000001,12.7944430000001
64.025269,12.846943
64.0533290000001,12.938055
64.0644380000001,12.9883330000001
64.071106,13.0322210000001
64.083603,13.1355550000001
64.089996,13.1936090000001
64.0930480000001,13.23
64.0866550000001,13.2913879999999
64.0130460000001,13.9816670000001
64.0180510000001,13.9883330000001
64.173874,14.146666
64.1858220000001,14.154722
64.333603,14.1513880000001
64.3449859999999,14.149721
64.4705510000001,14.116388
64.488052,14.0324990000001
64.507492,13.900833
64.529434,13.820276
64.5711060000001,13.68222
64.577209,13.6633320000001
64.5827640000001,13.662498
64.5897220000001,13.6649990000001
64.6077730000001,13.6769430000001
64.62944,13.696943
64.639709,13.707499
64.6522670000001,13.7255710000001
64.7333220000001,13.8327770000001
64.7711030000001,13.879166
64.8355410000001,13.955832
64.9491580000001,14.0913889999999
65.0488740000001,14.235277
65.1021270000001,14.2964380000001
65.115234,14.3088319999999
65.1299900000001,14.319443
65.149719,14.329166
65.208603,14.3561100000001
65.2466580000001,14.3688890000001
65.313599,14.4930550000001
65.3588870000001,14.4944440000001
65.3763890000001,14.49361
65.446381,14.4952770000001
65.5160980000001,14.497221
65.585831,14.500555
65.696106,14.5322210000001
65.7027739999999,14.535
65.7088780000001,14.5394439999999
65.736374,14.5652770000001
65.756943,14.5880550000001
65.773331,14.603888
65.7972110000001,14.6213870000001
65.816666,14.6316660000001
65.826935,14.634722
65.8763890000001,14.6088890000001
65.9311070000001,14.5802760000001
65.9494320000001,14.569443
66.0074920000001,14.540554
66.0252690000001,14.534721
66.0788880000001,14.519165
66.114716,14.5091650000001
66.1324920000001,14.5049989999999
66.1405490000001,14.717777
66.149155,14.9813880000001
66.149994,15.025276
66.283875,15.4680540000001
66.321381,15.4468540000001
66.4069370000001,15.400555
66.4616550000001,15.371387
66.4799960000001,15.362778
66.5580440000001,15.5277770000001
66.6058200000001,15.625832
66.6849980000001,15.7311100000001
66.8908230000001,16.0099980000001
67.0177760000001,16.353886
67.1633300000001,16.40583
67.177765,16.399166
67.237778,16.361385
67.260818,16.337498
67.305542,16.261944
67.329987,16.220554
67.337494,16.2047200000001
67.35582,16.161663
67.367493,16.1386110000001
67.383606,16.1111109999999
67.3877720000001,16.104164
67.401657,16.089722
67.406662,16.0869410000001
67.4116520000001,16.0858310000001
67.5,16.1922190000001
67.5016630000001,16.206108
67.5155490000001,16.3825000000001
67.529999,16.4033320000001
67.609161,16.5083310000001
67.656937,16.570274
67.6655430000001,16.5769419999999
67.6822200000001,16.588055
67.7322080000001,16.6202770000001
67.832214,16.684719
67.899155,16.7269440000001
68.030273,17.188332
68.062103,17.2345470000001
68.0745700000001,17.2525830000001
68.0905460000001,17.273609
68.0297090000001,17.592499
68.01416,17.648888
68.0044400000001,17.6802749999999
67.984711,17.743332
67.9641570000001,17.801941
67.9569400000001,17.8199999999999
67.953598,17.831108
67.9486079999999,17.858055
67.945541,17.884163
67.9977720000001,17.9397200000001
68.150269,18.135555
68.166107,18.1552770000001
68.280823,18.103886
68.3177640000001,18.085831
68.354431,18.069443
68.3910980000001,18.0533330000001
68.4094390000001,18.0458300000001
68.4399870000001,18.058052
68.490829,18.081665
68.5077670000001,18.090832
68.5089260000001,18.099541
68.515274,18.149441
68.5391540000001,18.358055
68.475266,18.611942
68.487778,18.9522210000001
68.419434,19.41333
68.3997190000001,19.543888
68.3727720000001,19.71722
68.3499910000001,19.860554
68.341385,19.898331
68.336655,19.923885
68.3374940000001,19.9377750000001
68.34082,19.948055
68.3447110000001,19.956665
68.3497160000001,19.9641649999999
68.3613740000001,19.976665
68.3811040000001,20.0066640000001
68.394989,20.030277
68.4033200000001,20.048054
68.414719,20.0758319999999
68.443878,20.1672210000001
68.4480440000001,20.175831
68.462769,20.198608
68.47583,20.2086110000001
68.4822080000001,20.211109
68.5016630000001,20.088055
68.5438840000001,19.956387
68.5830540000001,20.0630530000001
68.6469420000001,20.1772190000001
68.662216,20.2024990000001
68.691376,20.2383310000001
68.7547150000001,20.3138890000001
68.7866520000001,20.3502770000001
68.928329,20.3147200000001
68.968597,20.238888
69.042221,20.096943
69.056381,20.5352750000001
69.0603029999999,20.580929
69.0530549999999,20.6041640000001
69.0437930000001,20.650063
69.031097,20.744164
69.0233310000001,20.791664
69.011932,20.8463860000001
69.0049900000001,20.8666650000001
68.997498,20.884441
68.9855500000001,20.9088860000001
68.9730529999999,20.9286080000001
68.9683230000001,20.9327770000001
68.958328,20.9388890000001
68.952774,20.938332
68.946381,20.93111
68.9394380000001,20.915554
68.9258270000001,20.888885
68.9133300000001,20.8830530000001
68.9077760000001,20.8827739999999
68.898041,20.8886110000001
68.8936000000001,20.8952750000001
68.889999,20.9041630000001
68.886658,20.9152760000001
68.8813779999999,20.944721
68.87999,20.9594420000001
68.87944,20.990833
68.8774870000001,21.0247189999999
68.8733220000001,21.0588870000001
68.866653,21.081387
68.819717,21.207775
68.8161010000001,21.216663
68.724152,21.420555
68.6911010000001,21.448608
68.686661,21.452774
68.6780550000001,21.4655530000001
68.6713869999999,21.4874990000001
68.66832,21.500832
68.6616520000001,21.550552
68.6585999999999,21.585278
68.656097,21.6011090000001
68.649429,21.623055
68.6424870000001,21.6427760000001
68.620819,21.701664
68.6172180000001,21.710278
68.612488,21.714165
68.606384,21.7111090000001
68.600555,21.710552
68.5911100000001,21.71833
68.583603,21.7355540000001
68.576935,21.7575000000001
68.5744320000001,21.7733310000001
68.570541,21.809166
---
