22.00111,121.570267
22.004444,121.55748
22.0227740000001,121.524147
22.034164,121.505257
22.038052,121.502213
22.0445860000001,121.498871
22.0738870000001,121.489967
22.078609,121.490257
22.078884,121.501389
22.078053,121.546944
22.0583310000001,121.563599
22.0269430000001,121.5811
22.0224989999999,121.583054
22.016941,121.583603
22.00333,121.5811
22.001389,121.576393
---
23.5105550000001,119.590271
23.5138850000001,119.550812
23.5155530000001,119.544144
23.5174980000001,119.539978
23.5208320000001,119.535812
23.5333330000001,119.527481
23.5354610000001,119.526703
23.532776,119.546097
23.5319400000001,119.568047
23.532497,119.574158
23.5441630000001,119.584427
23.5486069999999,119.58194
23.5519410000001,119.568878
23.560555,119.549988
23.5663870000001,119.549423
23.5780530000001,119.550537
23.5847210000001,119.551651
23.599998,119.577477
23.606941,119.598328
23.6074980000001,119.604431
23.606106,119.609711
23.583332,119.652771
23.559441,119.670822
23.5541650000001,119.672493
23.549999,119.669434
---
24.4041630000001,118.211647
24.406384,118.205833
24.4124950000001,118.207489
24.418896,118.211411
24.441383,118.226089
24.444996,118.229713
24.447216,118.234711
24.445827,118.241364
24.4419400000001,118.244713
24.4330519999999,118.24942
24.4272189999999,118.25
24.421661,118.249153
24.406384,118.228592
24.4041630000001,118.223602
---
24.3883290000001,118.295258
24.3891640000001,118.287773
24.3919409999999,118.282761
24.399162,118.275543
24.404995,118.277206
24.4088860000001,118.280823
24.4198420000001,118.293373
24.4336050000001,118.299713
24.463329,118.330276
24.515831,118.393051
24.521664,118.401657
24.5197180000001,118.405823
24.4977720000001,118.436096
24.493885,118.439423
24.4705510000001,118.449707
24.4655490000001,118.451103
24.4586070000001,118.450272
24.4355509999999,118.44664
24.4286080000001,118.445534
24.4233280000001,118.443314
24.399441,118.42276
24.3958280000001,118.419144
---
25.126583,121.788597
25.114719,121.881653
25.01083,121.999153
25.0069430000001,122.002213
25.0002749999999,122.001099
24.9966620000001,121.997208
24.993885,121.992752
24.9869380000001,121.978317
24.985033,121.969513
24.976383,121.947197
24.9599949999999,121.913879
24.9327740000001,121.882477
24.9291610000001,121.878593
24.86694,121.828323
24.8527760000001,121.819443
24.847775,121.81694
24.834995,121.813873
24.789997,121.805252
24.756664,121.799713
24.7452740000001,121.800812
24.6372180000001,121.817207
24.626942,121.819992
24.622498,121.82222
24.6144410000001,121.828323
24.606384,121.843597
24.59222,121.849426
24.56361,121.853317
24.533607,121.853043
24.4763830000001,121.839706
24.4708289999999,121.8311
24.463882,121.816673
24.4555510000001,121.803589
24.44833,121.796097
24.426384,121.780548
24.414162,121.776657
24.335274,121.75943
24.3288840000001,121.759163
24.323887,121.760536
24.3016610000001,121.772491
24.292774,121.753052
24.286385,121.74498
24.2049940000001,121.676086
24.1847190000001,121.659416
24.0858309999999,121.607483
24.0805510000001,121.60498
24.060829,121.601929
24.0558320000001,121.603317
24.041664,121.609154
24.034164,121.616089
23.98333,121.611366
23.899998,121.596367
23.7013850000001,121.536926
23.4852710000001,121.496368
23.422417,121.476326
23.4147190000001,121.475807
23.4011080000001,121.473312
23.327221,121.453049
23.087498,121.355553
22.899998,121.259163
22.762497,121.168053
22.7352710000001,121.137497
22.72805,121.12886
22.724716,121.119141
22.7222180000001,121.108322
22.7091600000001,121.079437
22.656384,121.030273
22.6349950000001,121.014427
22.568329,120.969711
22.535831,120.955551
22.3413850000001,120.878593
22.323608,120.873306
22.3166659999999,120.872208
22.291943,120.871368
22.2749980000001,120.873032
22.2325630000001,120.879425
22.0980529999999,120.88472
22.0394400000001,120.882477
22.034443,120.880257
21.9277730000001,120.824158
21.9277730000001,120.722763
21.928051,120.716377
21.9308280000001,120.71138
21.933605,120.70665
21.9408300000001,120.699707
21.945827,120.698318
22.053608,120.686371
22.104443,120.693039
22.1152730000001,120.691093
22.1719400000001,120.677757
22.1819380000001,120.674988
22.277496,120.629433
22.295277,120.620529
22.3127750000001,120.61026
22.362217,120.576103
22.3661080000001,120.573036
22.382774,120.553307
22.4224970000001,120.505547
22.4291610000001,120.488586
22.4299960000001,120.481369
22.432217,120.475807
22.4533270000001,120.444702
22.4669380000001,120.429153
22.4747160000001,120.423027
22.482502,120.416901
22.478329,120.392761
22.478607,120.386108
22.4805490000001,120.381927
22.4833300000001,120.377197
22.503887,120.345543
22.507221,120.34166
22.519444,120.328598
22.540436,120.307083
22.550632,120.302551
22.557865,120.300339
22.5499990000001,120.305252
22.544998,120.306641
22.5263860000001,120.323883
22.521172,120.330887
22.525829,120.332764
22.53611,120.329987
22.554443,120.32193
22.572498,120.312759
22.596941,120.296097
22.610275,120.271378
22.6130520000001,120.266388
22.6163860000001,120.262497
22.6280520000001,120.253326
22.640274,120.244713
22.649441,120.240257
22.660828,120.238586
22.6774940000001,120.251099
22.6844410000001,120.252213
22.6899950000001,120.251663
22.736725,120.228676
22.773331,120.206383
22.786942,120.199707
22.8816640000001,120.17276
22.9080450000001,120.16748
22.953606,120.163879
23.0227740000001,120.135536
23.0136110000001,120.107758
23.0349960000001,120.064423
23.041107,120.055817
23.0449980000001,120.052757
23.0502739999999,120.051376
23.060829,120.049149
23.071941,120.053307
23.075829,120.056931
23.079163,120.06749
23.079163,120.086929
23.0847209999999,120.095543
23.088329,120.099152
23.0938870000001,120.099991
23.1247180000001,120.093872
23.129162,120.09166
23.1324960000001,120.087769
23.1347200000001,120.08194
23.1366620000001,120.067207
23.1394389999999,120.062477
23.1427729999999,120.058594
23.1472170000001,120.056091
23.153049,120.055542
23.158886,120.05748
23.2280500000001,120.083328
23.2669410000001,120.099716
23.2869420000001,120.109711
23.3174990000001,120.129997
23.3199959999999,120.141098
23.322773,120.145264
23.327221,120.148331
23.391941,120.148041
23.3974949999999,120.147491
23.466106,120.13472
23.4933280000001,120.12886
23.508759,120.125168
23.5141640000001,120.123871
23.5688860000001,120.11554
23.613884,120.111099
23.6202740000001,120.111366
23.631386,120.11554
23.781109,120.193314
23.785553,120.196373
23.8194429999999,120.221916
23.829998,120.2397
23.8890690000001,120.278702
23.8983310000001,120.283867
23.953327,120.312477
24.048332,120.363037
24.141106,120.421097
24.149998,120.4272
24.1930450000001,120.471909
24.2102740000001,120.476379
24.2866630000001,120.508041
24.291943,120.510536
24.3622170000001,120.544983
24.385273,120.558868
24.4022180000001,120.571663
24.4102750000001,120.578598
24.427988,120.594437
24.463608,120.628593
24.47916,120.642761
24.493885,120.650543
24.511108,120.656647
24.5330540000001,120.665817
24.5963860000001,120.694702
24.6008300000001,120.697746
24.647495,120.751389
24.737495,120.86026
24.7405509999999,120.8647
24.73999,120.871597
24.836662,120.90332
24.875828,120.921097
24.9233280000001,120.951393
24.933046,120.958702
25.001663,121.001663
25.0088880000001,121.009163
25.047218,121.058319
25.0499990000001,121.062759
25.1099970000001,121.194702
25.1155509999999,121.223602
25.1189060000001,121.275871
25.126106,121.310532
25.1324960000001,121.338593
25.14333,121.363037
25.149162,121.371918
25.152775,121.375526
25.1574969999999,121.384987
25.1588860000001,121.390549
25.1591609999999,121.396942
25.1552730000001,121.409416
25.149162,121.418053
25.129103,121.441109
25.134743,121.444122
25.176105,121.396942
25.1805500000001,121.394707
25.1869390000001,121.394989
25.1911049999999,121.398041
25.2366600000001,121.435257
25.243885,121.442749
25.2688870000001,121.476089
25.2719420000001,121.480553
25.281666,121.512497
25.282776,121.518051
25.2841640000001,121.559418
25.2830540000001,121.56694
25.275829,121.583328
25.26722,121.598038
25.2608299999999,121.606934
25.2574999999999,121.610809
25.249439,121.616928
25.2144390000001,121.636658
25.1686670000001,121.681274
25.1388850000001,121.734711
---
26.1316639999999,119.918587
26.131939,119.911652
26.1358300000001,119.9086
26.140877,119.907707
26.159439,119.909416
26.1624950000001,119.913879
26.162773,119.947479
26.1599960000001,119.952477
26.1497190000001,119.951393
26.1452750000001,119.948318
26.139439,119.939423
26.1349950000001,119.929428
---
26.186108,119.96138
26.1894380000001,119.957489
26.203884,119.953598
26.2102740000001,119.953873
26.2155490000001,119.956383
26.218327,119.960823
26.228329,119.979713
26.2297170000001,119.98526
26.2274929999999,119.991089
26.219162,120.006104
26.213329,120.006653
26.2022170000001,120.006378
26.196941,120.005547
26.1874960000001,119.967209
---
