-9.38111099999998,-171.219177
-9.37888899999996,-171.223907
-9.35555599999992,-171.23056
-9.34805699999993,-171.22998
-9.34555599999999,-171.224701
-9.34694499999995,-171.218628
-9.35111199999994,-171.215576
-9.36305600000003,-171.211426
-9.377499,-171.214722
---
-9.21416699999992,-171.844452
-9.21888899999999,-171.848053
-9.21833399999997,-171.853638
-9.21277900000001,-171.856766
-9.209723,-171.858032
-9.209723,-171.859161
-9.20666699999992,-171.860535
-9.19027899999998,-171.862518
-9.18111399999998,-171.864746
-9.17777799999999,-171.862213
-9.17444599999999,-171.86142
-9.17055499999992,-171.858368
-9.16805799999992,-171.853882
-9.16972199999992,-171.850006
-9.17416800000001,-171.847504
-9.18472299999996,-171.844757
-9.19083399999994,-171.844757
-9.19444700000003,-171.843628
-9.20750199999992,-171.843079
---
-8.58749999999998,-172.488617
-8.58250199999998,-172.493042
-8.56611099999992,-172.49942
-8.56055600000002,-172.500336
-8.55388800000003,-172.496979
-8.55361399999993,-172.492249
-8.555834,-172.488892
-8.566666,-172.483612
-8.58055699999994,-172.481934
-8.58722099999994,-172.483917
---
