-21.454166,-174.917267
-21.452225,-174.924469
-21.446114,-174.933929
-21.417778,-174.96582
-21.3913919999999,-174.973602
-21.365833,-174.974701
-21.358894,-174.973907
-21.353889,-174.970551
-21.324722,-174.935272
-21.30611,-174.911438
-21.426666,-174.910858
---
-21.178616,-175.141693
-21.173058,-175.13504
-21.163055,-175.131958
-21.155277,-175.131958
-21.144726,-175.129456
-21.1349979999999,-175.123322
-21.132504,-175.119476
-21.128059,-175.107239
-21.1249999999999,-175.093628
-21.1241679999999,-175.07309
-21.124725,-175.066986
-21.127228,-175.060822
-21.134445,-175.050293
-21.1394419999999,-175.047241
-21.145832,-175.045563
-21.1525,-175.046417
-21.161671,-175.051697
-21.260284,-175.118042
-21.263889,-175.123627
-21.26778,-175.13504
-21.2680629999999,-175.145294
-21.252785,-175.186401
-21.18,-175.314453
-21.1744419999999,-175.323639
-21.161671,-175.336426
-21.143333,-175.35141
-21.133888,-175.356934
-21.1294439999999,-175.358032
-21.102505,-175.360535
-21.099171,-175.359467
-21.0913929999999,-175.35498
-21.086117,-175.35141
-21.076672,-175.343079
-21.073055,-175.339172
-21.0647279999999,-175.316101
-21.063618,-175.3125
-21.065002,-175.305298
-21.068058,-175.301941
-21.071388,-175.302246
-21.074448,-175.304749
-21.1249999999999,-175.276672
-21.175556,-175.152222
-21.178059,-175.145844
---
-20.278057,-174.767548
-20.275558,-174.777527
-20.271667,-174.785309
-20.266396,-174.78833
-20.245277,-174.795868
-20.238609,-174.795319
-20.234722,-174.791962
-20.23167,-174.786438
-20.230831,-174.779175
-20.234722,-174.765564
-20.237225,-174.76004
-20.242496,-174.756683
-20.264446,-174.756134
-20.272507,-174.758362
-20.27639,-174.760834
---
-19.928333,-174.41864
-19.927776,-174.422791
-19.9147219999999,-174.42392
-19.910004,-174.422546
-19.9055599999999,-174.420013
-19.888058,-174.405273
-19.883614,-174.401123
-19.880554,-174.395844
-19.881668,-174.390869
-19.886948,-174.387512
-19.89389,-174.386719
-19.9005579999999,-174.388947
-19.905003,-174.392792
-19.926666,-174.41394
---
-19.825279,-174.327484
-19.824722,-174.333313
-19.818611,-174.348053
-19.815559,-174.353088
-19.811951,-174.35498
-19.806393,-174.354431
-19.7683329999999,-174.325867
-19.764446,-174.32254
-19.764172,-174.315857
-19.766949,-174.309723
-19.7719499999999,-174.306427
-19.811394,-174.311707
-19.8172259999999,-174.314453
-19.821945,-174.318604
---
-19.800838,-175.063324
-19.7988889999999,-175.069733
-19.7936129999999,-175.07724
-19.789352,-175.080933
-19.7861179999999,-175.083893
-19.782501,-175.085541
-19.768063,-175.0914
-19.749725,-175.098602
-19.741386,-175.097809
-19.711948,-175.090271
-19.7080569999999,-175.086945
-19.7063899999999,-175.081696
-19.7080569999999,-175.078369
-19.7180599999999,-175.058929
-19.721947,-175.054749
-19.728336,-175.050293
-19.759171,-175.043884
-19.781391,-175.042511
-19.787502,-175.042267
-19.792229,-175.044189
-19.7961119999999,-175.047546
-19.799171,-175.051392
-19.800838,-175.056671
---
-19.753616,-174.279175
-19.751118,-174.292816
-19.748611,-174.299164
-19.74472,-174.304749
-19.740833,-174.30722
-19.736942,-174.305298
-19.6911129999999,-174.261719
-19.688053,-174.256134
-19.692226,-174.250854
-19.697224,-174.247528
-19.7072259999999,-174.249176
-19.74472,-174.263062
-19.7499999999999,-174.266449
-19.752785,-174.272522
---
-19.692497,-175.021149
-19.6919439999999,-175.025574
-19.6887699999999,-175.032043
-19.686668,-175.033936
-19.6836089999999,-175.035004
-19.6794429999999,-175.036133
-19.676666,-175.035858
-19.668056,-175.031403
-19.659721,-175.02533
-19.654167,-175.01889
-19.6516689999999,-175.015015
-19.65139,-175.01059
-19.6524999999999,-175.005585
-19.656944,-175.003082
-19.660278,-175.002838
-19.6644479999999,-175.003937
-19.685558,-175.013947
-19.691387,-175.018341
---
-19.657227,-174.250336
-19.651943,-174.260834
-19.6433329999999,-174.273926
-19.634445,-174.281952
-19.61861,-174.290588
-19.607227,-174.293884
-19.6011119999999,-174.293884
-19.594444,-174.291962
-19.5913929999999,-174.286438
-19.592777,-174.280029
-19.642776,-174.241699
-19.64695,-174.239197
-19.651115,-174.238892
-19.654449,-174.24057
-19.656113,-174.244476
---
-18.83028,-174.653656
-18.825832,-174.666962
-18.8127779999999,-174.673096
-18.8044469999999,-174.675049
-18.79417,-174.674164
-18.790279,-174.670868
-18.787228,-174.665283
-18.783894,-174.655609
-18.783058,-174.64978
-18.785561,-174.645599
-18.806667,-174.62442
-18.8094439999999,-174.623077
-18.814167,-174.62442
-18.823338,-174.63031
-18.827499,-174.638611
-18.83028,-174.646973
---
-18.70639,-174.06665
-18.703056,-174.090271
-18.701115,-174.09613
-18.696388,-174.097809
-18.6911129999999,-174.094177
-18.6841699999999,-174.085846
-18.681393,-174.079712
-18.68111,-174.073639
-18.68222,-174.068909
-18.687225,-174.065552
-18.6986079999999,-174.061707
-18.704723,-174.061401
---
-18.719723,-174.0242
-18.715553,-174.033356
-18.713886,-174.03476
-18.6874999999999,-174.044464
-18.683609,-174.045013
-18.6808359999999,-174.043335
-18.6802829999999,-174.041138
-18.6808359999999,-174.037537
-18.6841699999999,-174.029724
-18.694447,-174.019196
-18.705276,-174.015015
-18.711948,-174.016449
-18.71722,-174.019745
---
-18.704449,-174.123871
-18.703335,-174.128052
-18.697224,-174.128357
-18.6902769999999,-174.127808
-18.682777,-174.126373
-18.6775019999999,-174.123627
-18.671391,-174.115814
-18.666664,-174.105835
-18.6638869999999,-174.091095
-18.6655539999999,-174.085297
-18.67028,-174.0867
-18.6741709999999,-174.089722
---
-18.6841699999999,-173.986969
-18.669724,-174.054443
-18.6622199999999,-174.061951
-18.6563869999999,-174.064209
-18.639442,-174.070038
-18.632504,-174.070587
-18.626392,-174.068054
-18.6236109999999,-174.0625
-18.621117,-174.05722
-18.621117,-174.049469
-18.621117,-174.041382
-18.621117,-174.033356
-18.618893,-174.027222
-18.6144489999999,-174.023376
-18.603054,-174.017242
-18.589725,-174.013062
-18.580006,-174.005585
-18.5763889999999,-174.000854
-18.5733379999999,-173.995544
-18.571117,-173.989441
-18.568058,-173.967529
-18.568893,-173.939209
-18.5708349999999,-173.935577
-18.575279,-173.931671
-18.599728,-173.916687
-18.62056,-173.907501
-18.626945,-173.906158
-18.6330599999999,-173.907257
-18.6380579999999,-173.910553
---
-15.63028,-175.654724
-15.627222,-175.665833
-15.624166,-175.670013
-15.615002,-175.679199
-15.6077789999999,-175.6828
-15.5936129999999,-175.684723
-15.589724,-175.683929
-15.576389,-175.67807
-15.5686109999999,-175.671661
-15.5661129999999,-175.667816
-15.5602799999999,-175.627228
-15.5608349999999,-175.621399
-15.5633339999999,-175.616669
-15.5708329999999,-175.608917
-15.584999,-175.607239
-15.6005549999999,-175.609467
-15.6044449999999,-175.611969
-15.625,-175.636414
-15.629168,-175.644745
---
