38.7511060000001,53.099998
38.753609,53.0972140000001
38.758049,53.094994
38.8005450000001,53.077217
38.8330540000001,53.063881
39.0072170000001,53.0224910000001
39.018326,53.021935
39.0302730000001,53.0233230000001
39.049995,53.028328
39.067215,53.0355530000001
39.0772170000001,53.041664
39.085548,53.049164
39.09166,53.0586010000001
39.0933230000001,53.0644380000001
39.09388,53.078606
39.092491,53.0833280000001
39.0897140000001,53.0872120000001
39.085823,53.0905460000001
39.0808260000001,53.0874939999999
39.0783310000001,53.0822140000001
39.075554,53.070274
39.0694430000001,53.060547
39.050545,53.054993
39.0386050000001,53.053322
39.0155490000001,53.0527730000001
39.0099950000001,53.053047
38.8997190000001,53.0697170000001
---
42.6541600000001,58.784721
42.6430510000001,58.7974930000001
42.6322100000001,58.8116610000001
42.604164,58.8502730000001
42.5408330000001,58.9516600000001
42.533333,58.9736020000001
42.5313800000001,58.982491
42.525269,59.0238800000001
42.52388,59.047218
42.5255510000001,59.068054
42.5313800000001,59.093323
42.5461040000001,59.1269380000001
42.5463870000001,59.1416630000001
42.5441589999999,59.149162
42.541107,59.1558229999999
42.5027770000001,59.2091600000001
42.491936,59.223045
42.480545,59.2358249999999
42.472763,59.24305
42.4516599999999,59.258606
42.441933,59.261383
42.4311070000001,59.2619399999999
42.413048,59.2575000000001
42.4024890000001,59.257774
42.387215,59.260277
42.3722150000001,59.2638850000001
42.36277,59.267769
42.3544390000001,59.27388
42.3477710000001,59.284721
42.2997209999999,59.425552
42.2949980000001,59.4408260000001
42.29277,59.4572140000001
42.291664,59.487213
42.2936100000001,59.5299910000001
42.2969440000001,59.549721
42.301933,59.5680540000001
42.3088839999999,59.622215
42.3224950000001,59.735825
42.3161010000001,59.8574980000001
42.3008270000001,59.9097140000001
42.2977750000001,59.9161000000001
42.2944410000001,59.9213790000001
42.217491,60.014442
42.1636050000001,60.026657
42.032494,60.0280460000001
41.911102,60.1372150000001
41.8980480000001,60.1452709999999
41.8849950000001,60.153046
41.883873,60.1527630000001
41.8622130000001,60.1777730000001
41.858887,60.1830520000001
41.8294370000001,60.2458270000001
41.8227690000001,60.2561040000001
41.8152690000001,60.264442
41.80249,60.2733230000001
41.7927700000001,60.2758260000001
41.7872160000001,60.275269
41.7816620000001,60.2722170000001
41.7766570000001,60.268326
41.773605,60.2630540000001
41.7724909999999,60.256943
41.773605,60.2488780000001
41.7780460000001,60.2324910000001
41.783333,60.2188800000001
41.7949980000001,60.193321
41.80555,60.1511
41.8069379999999,60.135551
41.8049930000001,60.1224899999999
41.800545,60.1111070000001
41.7936099999999,60.1008299999999
41.781105,60.0880429999999
41.7633290000001,60.0730510000001
41.757774,60.0697169999999
41.7522200000001,60.069443
41.7369380000001,60.071381
41.7241590000001,60.0802760000001
41.6597140000001,60.1361079999999
41.635826,60.157211
41.6277690000001,60.1641540000001
41.599434,60.1855469999999
41.5944369999999,60.186378
41.588882,60.1858220000001
41.579437,60.178047
41.5749970000001,60.1669390000001
41.57222,60.1544339999999
41.5611040000001,60.1260990000001
41.5580440000001,60.1211010000001
41.55027,60.1122130000001
41.542221,60.103325
41.537498,60.0994340000001
41.5247120000001,60.094154
41.5185999999999,60.0924910000001
41.4536060000001,60.0777740000001
41.4424900000001,60.076942
41.432213,60.078606
41.418327,60.0838780000001
41.4141540000001,60.0869370000001
41.4102710000001,60.091103
41.4002689999999,60.106659
41.381104,60.140274
41.3755490000001,60.152771
41.369987,60.166664
41.359436,60.194153
41.349159,60.2227630000001
41.341103,60.257217
41.33638,60.271935
41.3144379999999,60.3258290000001
41.308601,60.3386
41.302216,60.3499980000001
41.29277,60.366661
41.282768,60.38221
41.2630540000001,60.4088820000001
41.243881,60.4299930000001
41.240547,60.43499
41.2305450000001,60.4505460000001
41.2274860000001,60.45694
41.2227629999999,60.471657
41.2194370000001,60.4883270000001
41.217491,60.511108
41.2172090000001,60.5183259999999
41.2183230000001,60.5319369999999
41.2316590000001,60.59388
41.2458270000001,60.6563800000001
41.252777,60.679993
41.2580490000001,60.7049940000001
41.2577740000001,60.811935
41.2513890000001,60.9324950000001
41.250549,60.9474870000001
41.248604,60.9558260000001
41.24305,60.969711
41.236382,60.9797129999999
41.232491,60.9838790000001
41.2098770000001,61.0042040000001
41.2302700000001,61.0224910000001
41.2372130000001,61.0858230000001
41.234161,61.133331
41.2319340000001,61.1419370000001
41.2286000000001,61.147217
41.2202680000001,61.152771
41.2061,61.1580430000001
41.2022170000001,61.161934
41.195824,61.173325
41.168602,61.2416610000001
41.1661000000001,61.248878
41.161377,61.2733230000001
41.1622090000001,61.286942
41.162766,61.29361
41.1652680000001,61.306099
41.17083,61.3236080000001
41.17527,61.3349910000001
41.1872100000001,61.3552700000001
41.1986010000001,61.3685990000001
41.2080460000001,61.3766560000001
41.2199860000001,61.382767
41.262215,61.3938830000001
41.273605,61.3958279999999
41.292221,61.4033200000001
41.2991640000001,61.412766
41.301384,61.4186020000001
41.3024900000001,61.424713
41.3036040000001,61.4383240000001
41.301102,61.454437
41.267494,61.611382
41.262215,61.626099
41.256386,61.638603
41.202774,61.73777
41.125549,61.874161
41.1116640000001,61.8933259999999
41.050545,61.943047
41.038048,61.952774
41.017494,61.9661030000001
40.999718,61.974991
40.976097,61.9830470000001
40.9663850000001,61.985268
40.945824,61.9874950000001
40.935265,61.9874950000001
40.924164,61.986107
40.9183270000001,61.9844360000001
40.9072110000001,61.9833300000001
40.882492,61.985268
40.8727650000001,61.9874950000001
40.839973,61.999298
40.723602,62.042496
40.714714,62.046944
40.6066590000001,62.1124950000001
40.5644380000001,62.1411060000001
40.5042110000001,62.1855320000001
40.4936070000001,62.1924900000001
40.486107,62.2013850000001
40.48027,62.213608
40.478043,62.2219309999999
40.476654,62.2297130000001
40.4752660000001,62.2513890000001
40.4738770000001,62.259163
40.4691540000001,62.2749939999999
40.4424900000001,62.329994
40.436378,62.342216
40.428879,62.3499980000001
40.4202730000001,62.35527
40.278046,62.39888
40.220268,62.4108200000001
40.1347200000001,62.428047
40.1219330000001,62.4222179999999
40.1102750000001,62.4186020000001
40.1047130000001,62.4180529999999
40.089432,62.4194410000001
40.0752720000001,62.424164
40.033844,62.4404830000001
40.0308230000001,62.4419330000001
39.9341580000001,62.551102
39.926941,62.559715
39.9097140000001,62.584435
39.829437,62.7272110000001
39.7997210000001,62.789436
39.7905500000001,62.8074950000001
39.7844390000001,62.819443
39.7488780000001,62.879715
39.7358250000001,62.901657
39.6977690000001,62.955269
39.6669390000001,63
39.6444400000001,63.0386050000001
39.6172100000001,63.0933230000001
39.599159,63.130272
39.5666660000001,63.199158
39.528328,63.2808230000001
39.498329,63.342491
39.423325,63.4786000000001
39.403603,63.510826
39.3936080000001,63.526382
39.3644410000001,63.5613780000001
39.32972,63.5958250000001
39.27916,63.643608
39.263329,63.6572110000001
39.224159,63.693878
39.209435,63.7080460000001
39.2061000000001,63.7127690000001
39.153603,63.813881
39.1138840000001,63.8930510000001
39.0680540000001,63.98333
39.0347210000001,64.0361020000001
39.0247120000001,64.051651
39.0038830000001,64.0811
38.99749,64.09166
38.9755480000001,64.132477
38.9549940000001,64.173874
38.9524920000001,64.181931
38.9505460000001,64.1966400000001
38.953606,64.214706
38.9566570000001,64.2260890000001
38.962494,64.2427520000001
38.9713750000001,64.264435
38.9741590000001,64.2694400000001
38.983879,64.297211
38.9869380000001,64.308594
38.9919360000001,64.333054
38.9911040000001,64.3402710000001
38.9880450000001,64.3461
38.977211,64.361099
38.965828,64.372757
38.953125,64.3830260000001
38.9455410000001,64.388596
38.929436,64.4019320000001
38.913879,64.4163820000001
38.9024890000001,64.428314
38.89138,64.4413600000001
38.873878,64.464706
38.761383,64.6316530000001
38.741936,64.665268
38.736107,64.677765
38.708328,64.7466430000001
38.689987,64.798035
38.6661000000001,64.8749850000001
38.657494,64.9038699999999
38.656097,64.9113770000001
38.6488800000001,64.935257
38.631935,64.9763790000001
38.626656,64.9871980000001
38.6166610000001,65.003326
38.5480500000001,65.106644
38.5333330000001,65.1238710000001
38.51194,65.1516570000001
38.4769360000001,65.198868
38.4347150000001,65.2566530000001
38.4108200000001,65.2922060000001
38.3947140000001,65.319717
38.3849950000001,65.3366550000001
38.2683260000001,65.5644230000001
38.2538830000001,65.5972140000001
38.243607,65.627762
38.2363820000001,65.6577610000001
38.2280430000001,65.6955259999999
38.225822,65.7163850000001
38.225266,65.729706
38.2263790000001,65.748596
38.2322080000001,65.771652
38.236656,65.7822110000001
38.253609,65.7988740000001
38.2572170000001,65.803589
38.265274,65.8188780000001
38.2736049999999,65.840271
38.281105,65.862488
38.2830510000001,65.87442
38.2830510000001,65.880814
38.2808230000001,65.895264
38.241104,66.0558170000001
38.2361070000001,66.0716550000001
38.2302700000001,66.0849910000001
38.151932,66.2602690000001
38.144714,66.26915
38.140831,66.2727660000001
38.1286010000001,66.281937
38.1158290000001,66.2899780000001
38.099434,66.3024750000001
38.0919339999999,66.310257
38.084717,66.319443
38.07888,66.3327639999999
38.04361,66.4238740000001
38.037773,66.4463650000001
38.036942,66.4533230000001
38.0372160000001,66.4597170000001
38.041107,66.489426
38.0430530000001,66.49498
38.043327,66.5205380000001
38.0408330000001,66.541367
38.0349959999999,66.5702670000001
38.0244370000001,66.6002660000001
38.0155490000001,66.620255
38.0030520000001,66.643875
37.9899900000001,66.658875
37.981636,66.6660920000001
37.9733199999999,66.670258
37.9638820000001,66.6724850000001
37.9480440000001,66.6705319999999
37.936653,66.6663820000001
37.930275,66.66304
37.9249950000001,66.6594240000001
37.916382,66.6510930000001
37.908325,66.6424870000001
37.901382,66.633041
37.88472,66.616089
37.823883,66.5577550000001
37.812492,66.5508120000001
37.788887,66.541367
37.772766,66.5383150000001
37.5319370000001,66.516937
37.3994369999999,66.5155489999999
37.39444,66.5158230000001
37.3811040000001,66.5213780000001
37.375809,66.5257570000001
37.3730470000001,66.5280460000001
37.3663790000001,66.5377350000001
37.3658290000001,66.524994
37.364441,66.517212
37.3616640000001,66.5091550000001
37.3547129999999,66.4983220000001
37.3463820000001,66.4910890000001
37.3419340000001,66.4885860000001
37.327774,66.4674840000001
37.321106,66.4555510000001
37.3186040000001,66.4474790000001
37.318878,66.440842
37.341377,66.4194340000001
37.3461,66.408325
37.337494,66.3560940000001
37.335823,66.3486020000001
37.327774,66.325272
37.32444,66.309982
37.3236080000001,66.3027650000001
37.324715,66.2899780000001
37.32888,66.2785950000001
37.3719330000001,66.186371
37.421379,66.105255
37.4552690000001,66.008041
37.5374980000001,65.7719270000001
37.5386050000001,65.7088780000001
37.5369420000001,65.7013850000001
37.5336070000001,65.6955259999999
37.521103,65.6844180000001
37.5169370000001,65.681091
37.4949950000001,65.666656
37.4588850000001,65.646942
37.448875,65.6444400000001
37.433052,65.643875
37.4219360000001,65.644714
37.410271,65.6480410000001
37.39888,65.6499940000001
37.387772,65.6508180000001
37.3608249999999,65.6510930000001
37.355553,65.6508180000001
37.3463820000001,65.646103
37.2680510000001,65.573883
37.2644420000001,65.569443
37.2563860000001,65.554428
37.2486040000001,65.5308230000001
37.2472150000001,65.5174870000001
37.2449950000001,65.4677580000001
37.2443700000001,65.437256
37.2486040000001,65.3988800000001
37.2486040000001,65.3838810000001
37.2486040000001,65.3621980000001
37.2461010000001,65.0933230000001
37.244438,65.0727690000001
37.2413790000001,65.0608060000001
37.23555,65.043594
37.148048,64.8444370000001
37.1386030000001,64.823044
37.1249920000001,64.798035
37.11805,64.7894290000001
37.109161,64.7822110000001
37.095825,64.77916
37.071106,64.7769320000001
37.0541610000001,64.77832
37.0280460000001,64.785538
37.007217,64.7902680000001
36.9705430000001,64.798325
36.9599910000001,64.8002620000001
36.9486010000001,64.8010860000001
36.9424900000001,64.8005370000001
36.929161,64.797485
36.92305,64.7952580000001
36.9127659999999,64.7894290000001
36.893883,64.7763820000001
36.850624,64.7443240000001
36.8027730000001,64.7155460000001
36.7683260000001,64.693588
36.71666,64.6574860000001
36.7036059999999,64.646652
36.6941530000001,64.640274
36.6838760000001,64.63443
36.6727680000001,64.629425
36.6549910000001,64.622757
36.636383,64.6169280000001
36.60305,64.609985
36.5969390000001,64.6097110000001
36.5749970000001,64.612488
36.559715,64.616653
36.5372160000001,64.6288600000001
36.5269390000001,64.631927
36.492493,64.633606
36.4802700000001,64.6324770000001
36.459991,64.627762
36.447212,64.624146
36.4236069999999,64.615265
36.3969420000001,64.6013790000001
36.3694380000001,64.581375
36.3033219999999,64.5277710000001
36.2955470000001,64.519989
36.280548,64.5036010000001
36.255554,64.4738770000001
36.247215,64.458878
36.2433240000001,64.4477540000001
36.24305,64.440811
36.244156,64.4324800000001
36.2466580000001,64.4260860000001
36.2477720000001,64.4174800000001
36.2308200000001,64.3533170000001
36.1674960000001,64.169434
36.161934,64.1597140000001
36.123322,64.094986
36.0380480000001,63.9861070000001
36.0402760000001,63.969437
36.0391620000001,63.9338760000001
36.0374980000001,63.9205470000001
36.0316240000001,63.888977
35.989716,63.806938
35.9855500000001,63.79583
35.9805450000001,63.778328
35.9769360000001,63.759438
35.970825,63.698044
35.9691540000001,63.6555480000001
35.9694370000001,63.6333310000001
35.967491,63.6130520000001
35.9644390000001,63.6011050000001
35.962212,63.595543
35.9566570000001,63.5858230000001
35.949715,63.5774920000001
35.923325,63.556381
35.9124909999999,63.543884
35.9049910000001,63.528328
35.9008260000001,63.5172120000001
35.8572160000001,63.342491
35.852219,63.3172150000001
35.8516620000001,63.2958300000001
35.8527760000001,63.272766
35.856659,63.240273
35.8611070000001,63.2086030000001
35.862213,63.200272
35.8652730000001,63.131378
35.864159,63.1249920000001
35.8619380000001,63.1194380000001
35.859802,63.116631
35.8391570000001,63.1044390000001
35.827217,63.1044390000001
35.8222200000001,63.106102
35.76416,63.1583249999999
35.6736070000001,63.184715
35.6552659999999,63.142494
35.650269,63.1319350000001
35.6405490000001,63.1119380000001
35.637772,63.107216
35.630547,63.0988770000001
35.626099,63.0952680000001
35.613327,63.093605
35.558884,63.0986020000001
35.553879,63.0999980000001
35.543053,63.12249
35.539162,63.1260990000001
35.5336070000001,63.1266560000001
35.4630510000001,63.109436
35.4508290000001,63.1052700000001
35.436935,63.0955430000001
35.432495,63.0919339999999
35.43055,63.0863800000001
35.4288790000001,63.0733260000001
35.4299930000001,63.0505450000001
35.429436,63.0288770000001
35.426102,63.017212
35.416939,62.988884
35.4147110000001,62.9833300000001
35.3841630000001,62.922493
35.3741610000001,62.9033200000001
35.3677670000001,62.8944400000001
35.36055,62.8861080000001
35.356102,62.8827670000001
35.3455430000001,62.869438
35.3241650000001,62.8369370000001
35.2605510000001,62.7319340000001
35.254715,62.722214
35.226654,62.636658
35.224991,62.6233220000001
35.233604,62.554436
35.239716,62.5447160000001
35.254715,62.53138
35.262497,62.524437
35.270271,62.517494
35.277214,62.508606
35.2894360000001,62.4788740000001
35.2897190000001,62.4713750000001
35.2886050000001,62.464996
35.2863849999999,62.459435
35.2780460000001,62.4449920000001
35.2649990000001,62.4272159999999
35.250549,62.4105450000001
35.2272110000001,62.387215
35.198601,62.361107
35.176659,62.3441540000001
35.1633220000001,62.333878
35.1516570000001,62.32222
35.1444400000001,62.313881
35.1416630000001,62.3091580000001
35.1461940000001,62.3032230000001
35.196503,62.275963
35.206383,62.2716599999999
35.2530520000001,62.2697140000001
35.259438,62.270271
35.3358230000001,62.163605
35.3680570000001,62.1325610000001
35.3747100000001,62.1277690000001
35.4199909999999,62.0724950000001
35.4366530000001,62.0502700000001
35.443047,62.0405499999999
35.448601,62.0297160000001
35.4583280000001,61.9958270000001
35.459435,61.9874950000001
35.459991,61.9722140000001
35.4583280000001,61.9591600000001
35.418884,61.8174970000001
35.411102,61.8024900000001
35.412209,61.794159
35.444153,61.5958249999999
35.4508290000001,61.57666
35.479156,61.533333
35.482491,61.528877
35.494156,61.5183260000001
35.509438,61.503326
35.5499950000001,61.4513850000001
35.55249,61.445824
35.5541610000001,61.438599
35.5547710000001,61.429344
35.631378,61.3822100000001
35.6352690000001,61.3788759999999
35.6380460000001,61.3733220000001
35.639717,61.3658290000001
35.6297150000001,61.3008270000001
35.6283260000001,61.294716
35.6263810000001,61.289162
35.6072460000001,61.2765580000001
35.632767,61.253609
35.657768,61.235268
35.667496,61.2311020000001
35.6780469999999,61.2288740000001
35.689987,61.2286
35.7005460000001,61.2322080000001
35.813324,61.2619400000001
35.819717,61.2622150000001
35.885269,61.2411040000001
35.897491,61.2330470000001
35.9038770000001,61.2258220000001
35.9374920000001,61.2116620000001
36.06916,61.201103
36.1086040000001,61.216934
36.1399920000001,61.2213750000001
36.1711040000001,61.222763
36.186653,61.2188800000001
36.286659,61.1844330000001
36.4141539999999,61.1602710000001
36.4252700000001,61.164993
36.5613779999999,61.189713
36.567772,61.189987
36.573326,61.1891560000001
36.63221,61.166664
36.649994,61.157211
36.6508260000001,61.1502690000001
36.6505429999999,61.072769
36.6497189999999,60.934433
36.64888,60.796387
36.647491,60.6669390000001
36.6472170000001,60.640831
36.6461030000001,60.502777
36.645546,60.364716
36.6560970000001,60.3330540000001
36.659988,60.329437
36.8711010000001,60.157494
36.8916630000001,60.1413800000001
36.9369350000001,60.1061020000001
36.954163,60.094437
36.9630510000001,60.0891570000001
36.981659,60.079437
36.996101,60.0733260000001
37.009438,60.0652689999999
37.0138850000001,60.0616610000001
37.0369420000001,60.029434
37.0427700000001,60.01944
37.047775,60.007217
37.1247100000001,59.813049
37.147217,59.7155460000001
37.2083280000001,59.5461040000001
37.232765,59.4799880000001
37.323051,59.3930510000001
37.3436050000001,59.387215
37.3961029999999,59.3736040000001
37.4122090000001,59.3702700000001
37.424713,59.370544
37.4636080000001,59.3727650000001
37.469154,59.373878
37.4736020000001,59.377213
37.4788740000001,59.379715
37.48555,59.380821
37.4905470000001,59.3791580000001
37.503883,59.3711010000001
37.5319370000001,59.3472140000001
37.539162,59.3388820000001
37.5413819999999,59.322769
37.5402760000001,59.3086010000001
37.5388870000001,59.3022159999999
37.5330510000001,59.284721
37.524437,59.270271
37.5169370000001,59.2619399999999
37.513885,59.257217
37.513329,59.2500000000001
37.5180510000001,59.2380450000001
37.5330510000001,59.2022170000001
37.5766599999999,59.1338810000001
37.611938,59.081665
37.6313779999999,59.0527730000001
37.654709,58.9808200000001
37.6672130000001,58.941101
37.669991,58.9261020000001
37.6802750000001,58.814713
37.674164,58.812767
37.6669390000001,58.8044360000001
37.6624909999999,58.793327
37.6508260000001,58.726097
37.648605,58.712769
37.6505430000001,58.6880420000001
37.6519320000001,58.6802749999999
37.6549910000001,58.665268
37.661659,58.6463850000001
37.6477740000001,58.498047
37.643326,58.486938
37.6405490000001,58.4741590000001
37.639992,58.4672090000001
37.641106,58.407211
37.6736070000001,58.2455439999999
37.67527,58.238045
37.681107,58.2274860000001
37.6847150000001,58.2238770000001
37.689156,58.2211
37.6941530000001,58.2194370000001
37.7002720000001,58.2194370000001
37.711662,58.2238770000001
37.7183230000001,58.2249910000001
37.724159,58.2238770000001
37.7833330000001,58.203049
37.7891620000001,58.19249
37.796387,58.1744380000001
37.926659,57.708046
37.92749,57.701103
37.925827,57.6947100000001
37.9252700000001,57.6144410000001
37.927216,57.528603
37.9377670000001,57.4577710000001
37.9391560000001,57.4502720000001
37.9747090000001,57.378876
37.9858250000001,57.356941
37.989433,57.3530499999999
37.998878,57.348328
38.058327,57.3669360000001
38.063606,57.369438
38.075554,57.373047
38.082497,57.373878
38.088043,57.373047
38.0930480000001,57.3711010000001
38.2708280000001,57.243881
38.2738800000001,57.239159
38.2819370000001,57.2122120000001
38.283333,57.204712
38.283333,57.188881
38.2802730000001,57.1761020000001
38.2758260000001,57.164993
38.2647170000001,57.1527710000001
38.2600940000001,57.149788
38.2449950000001,57.1413800000001
38.2361070000001,57.1347200000001
38.2330470000001,57.1299900000001
38.1994319999999,57.0761030000001
38.1949920000001,57.0649950000001
38.1936040000001,57.0586010000001
38.1936040000001,57.050827
38.21138,56.9424900000001
38.2256090000001,56.8667070000001
38.231659,56.845825
38.2364270000001,56.833328
38.2514720000001,56.7989959999999
38.2541660000001,56.7930530000001
38.266937,56.77388
38.2862630000001,56.755745
38.266937,56.695267
38.255272,56.578331
38.262772,56.5611040000001
38.2661059999999,56.5466610000001
38.2661059999999,56.538887
38.263054,56.4711
38.2599950000001,56.4427640000001
38.254715,56.4244380000001
38.2494350000001,56.4141540000001
38.2313770000001,56.3855510000001
38.2185970000001,56.3672100000001
38.192764,56.330551
38.185265,56.3224949999999
38.1799930000001,56.319992
38.1733250000001,56.3188860000001
38.16777,56.319992
38.1638790000001,56.3238830000001
38.16082,56.328606
38.1583249999999,56.334435
38.151932,56.3438800000001
38.1388850000001,56.3527760000001
38.132767,56.3527760000001
38.120544,56.3491590000001
38.089432,56.3372120000001
38.085548,56.333054
38.083328,56.319717
38.0712050000001,56.219704
38.0944370000001,56.17305
38.094994,56.164436
38.0866550000001,56.109993
38.0819400000001,56.083328
38.07888,56.070831
38.0758290000001,56.05027
38.074165,56.0361100000001
38.071938,55.999161
38.0716630000001,55.9913790000001
38.0724950000001,55.982765
38.0738830000001,55.974991
38.092216,55.875549
38.0955430000001,55.8611070000001
38.1019360000001,55.841934
38.111382,55.827492
38.12249,55.8063810000001
38.1241610000001,55.7638850000001
38.1230469999999,55.742767
38.1183240000001,55.7238770000001
38.111382,55.691658
38.108887,55.6702730000001
38.098328,55.556656
38.0908280000001,55.4694370000001
38.0861050000001,55.4427640000001
38.0805510000001,55.4324950000001
38.067772,55.4141540000001
38.0486070000001,55.39444
38.0419390000001,55.3847200000001
38.0349959999999,55.3683240000001
37.981934,55.229431
37.9647140000001,55.179436
37.9583279999999,55.146385
37.9561,55.140831
37.9469380000001,55.1266560000001
37.9077680000001,55.0724950000001
37.903877,55.0683290000001
37.887215,55.0541610000001
37.8677670000001,55.0397190000001
37.863884,55.035828
37.8049930000001,54.9547120000001
37.7841640000001,54.919991
37.774994,54.890274
37.770271,54.871658
37.7630540000001,54.854996
37.746384,54.8330540000001
37.7111050000001,54.8097149999999
37.6480480000001,54.7822110000001
37.641106,54.7813800000001
37.6349950000001,54.781662
37.62999,54.783607
37.626381,54.7874980000001
37.6219330000001,54.799995
37.617493,54.803047
37.5855480000001,54.8094330000001
37.579437,54.8097149999999
37.5730510000001,54.8097149999999
37.56694,54.8080440000001
37.5616610000001,54.8058240000001
37.5191570000001,54.7869420000001
37.508606,54.7744369999999
37.495544,54.7563860000001
37.443604,54.6811069999999
37.4411010000001,54.675552
37.4380420000001,54.663048
37.4377670000001,54.6552660000001
37.4402690000001,54.6305470000001
37.445824,54.61055
37.4508290000001,54.598877
37.453323,54.5836029999999
37.452492,54.5766600000001
37.4460980000001,54.5516589999999
37.442215,54.539993
37.4305499999999,54.5127720000001
37.4141540000001,54.4822080000001
37.386108,54.424713
37.381378,54.4138790000001
37.374435,54.3974910000001
37.3608249999999,54.3561020000001
37.3302760000001,54.2016600000001
37.3508530000001,53.9056400000001
37.470543,53.8924940000001
37.5308230000001,53.869713
37.563049,53.8611070000001
37.679718,53.837494
37.7741620000001,53.820274
37.8655470000001,53.8058240000001
37.883606,53.804436
37.901932,53.8036040000001
37.92749,53.8038790000001
38.0119400000001,53.80777
38.032494,53.80999
38.086937,53.823883
38.11721,53.831665
38.1347200000001,53.8369370000001
38.1952669999999,53.8522190000001
38.2319340000001,53.8580470000001
38.355553,53.869987
38.3616640000001,53.869713
38.372765,53.867493
38.389992,53.8555530000001
38.3936080000001,53.851387
38.4136050000001,53.8422160000001
38.4238820000001,53.8391570000001
38.4633260000001,53.8322140000001
38.486382,53.828606
38.4924930000001,53.828331
38.497215,53.826103
38.508331,53.823883
38.521378,53.8244400000001
38.541664,53.8266600000001
38.5855480000001,53.8358230000001
38.65416,53.851387
38.666382,53.8544390000001
38.6885990000001,53.870827
38.7708280000001,53.92749
38.903046,53.981659
38.9091570000001,53.9833300000001
38.915825,53.983879
38.9391560000001,53.965546
39.0283279999999,53.869438
39.0347210000001,53.8599930000001
39.0363850000001,53.852493
39.0427700000001,53.802216
39.043327,53.7944410000001
39.039993,53.783051
39.0288770000001,53.770271
39.0272140000001,53.7647170000001
39.0577700000001,53.7158280000001
39.064713,53.707214
39.124435,53.639992
39.2255480000001,53.6058270000001
39.3188860000001,53.5791629999999
39.3358229999999,53.541382
39.3308260000001,53.53833
39.32972,53.533333
39.319992,53.4452670000001
39.3191600000001,53.421104
39.3188860000001,53.3972170000001
39.330276,53.3216630000001
39.339432,53.3019330000001
39.344437,53.3008270000001
39.346382,53.293327
39.356659,53.2508320000001
39.359718,53.2349930000001
39.3602750000001,53.227211
39.3591610000001,53.213608
39.347771,53.1647110000001
39.343048,53.1555480000001
39.3402710000001,53.1522140000001
39.2902760000001,53.1741640000001
39.209991,53.1811070000001
39.1697160000001,53.1730500000001
39.1719360000001,53.166664
39.1755519999999,53.162491
39.179993,53.1599880000001
39.198875,53.152771
39.2138820000001,53.1486050000001
39.341103,53.120544
39.4349900000001,53.1224900000001
39.578606,53.2038800000001
39.5936050000001,53.2130510000001
39.603607,53.219437
39.6169360000001,53.2299880000001
39.6474910000001,53.256104
39.6516570000001,53.2597200000001
39.655266,53.2641600000001
39.6577680000001,53.2694400000001
39.664154,53.293327
39.6636050000001,53.3011020000001
39.6613770000001,53.3074950000001
39.6577680000001,53.3119350000001
39.6536030000001,53.308327
39.6455460000001,53.285553
39.6361079999999,53.27166
39.6244350000001,53.259438
39.591934,53.2358250000001
39.5313800000001,53.203606
39.5258259999999,53.2041630000001
39.521935,53.2074970000001
39.5186,53.2119369999999
39.515274,53.2277680000001
39.515831,53.241936
39.524994,53.30027
39.532768,53.344994
39.5369420000001,53.3708270000001
39.5377730000001,53.399437
39.5366590000001,53.4152679999999
39.531937,53.4369349999999
39.5288770000001,53.442215
39.521935,53.451103
39.51416,53.457771
39.5011060000001,53.46666
39.4838790000001,53.475266
39.481102,53.48082
39.4705430000001,53.511665
39.4691540000001,53.5199890000001
39.461937,53.5641560000001
39.5063860000001,53.724434
39.512215,53.7338790000001
39.5188830000001,53.735825
39.5238800000001,53.734436
39.606941,53.6447140000001
39.613884,53.6358260000001
39.6163860000001,53.6294329999999
39.6547090000001,53.5147170000001
39.651932,53.4436040000001
39.6444400000001,53.4513850000001
39.639435,53.4527740000001
39.6327670000001,53.451103
39.6291580000001,53.4483260000001
39.63166,53.4416580000001
39.640274,53.425552
39.652771,53.4163820000001
39.6658250000001,53.4083250000001
39.6708300000001,53.406937
39.6761020000001,53.4066540000001
39.773605,53.413605
39.8816600000001,53.486656
39.8852690000001,53.491104
39.8866580000001,53.51194
39.8930510000001,53.5361100000001
39.8972170000001,53.539993
39.959991,53.5749970000001
39.966103,53.5758289999999
40.003609,53.432213
40.0049970000001,53.4236069999999
40.0016630000001,53.3969420000001
39.996941,53.3786010000001
39.9916610000001,53.3683240000001
39.981659,53.354713
39.9766540000001,53.351662
39.968323,53.3441540000001
39.964714,53.339432
39.9458240000001,53.3041610000001
39.940544,53.29361
39.938881,53.287773
39.938599,53.2805480000001
39.962769,53.0611040000001
39.9722140000001,52.990547
39.9905470000001,52.934715
39.9688800000001,52.9147110000001
39.9047090000001,52.9227680000001
39.8997190000001,52.9241640000001
39.89138,52.9299930000001
39.8677670000001,52.950546
39.850548,52.9727630000001
39.838882,52.9830470000001
39.785828,53.0241620000001
39.7686000000001,53.034721
39.747215,53.0444410000001
39.7424930000001,53.043884
39.739716,53.038887
39.755554,53.013611
39.7622149999999,53.0047150000001
39.8583300000001,52.9141540000001
39.8661040000001,52.907494
39.884995,52.8999939999999
39.98082,52.8241650000001
39.996941,52.799721
40.016388,52.770828
40.023048,52.76194
40.046387,52.7402729999999
40.0508270000001,52.73777
40.056381,52.7374950000001
40.2008290000001,52.736382
40.2719350000001,52.6902690000001
40.4460980000001,52.721931
40.4944380000001,52.736382
40.5061040000001,52.741379
40.511108,52.7444379999999
40.5647129999999,52.779991
40.5924910000001,52.8080440000001
40.6147160000001,52.8338780000001
40.6188810000001,52.837769
40.6591570000001,52.8627700000001
40.675827,52.8688809999999
40.686935,52.868324
40.6913760000001,52.865829
40.6955410000001,52.862213
40.6977690000001,52.855827
40.698326,52.847771
40.700272,52.8399890000001
40.7061,52.8288800000001
40.7105480000001,52.8263850000001
40.716103,52.826103
40.740829,52.834435
40.746658,52.8369370000001
40.7963870000001,52.8655469999999
40.895271,52.8980480000001
41.0136110000001,52.9177700000001
41.0238800000001,52.914993
41.039993,52.912766
41.0511020000001,52.9122090000001
41.081665,52.918602
41.0808260000001,52.9238820000001
41.0622100000001,52.955269
41.0502700000001,52.965828
40.933052,53.0244369999999
40.8883289999999,53.0377730000001
40.833878,53.061378
40.7711030000001,53.107216
40.7677690000001,53.1116640000001
40.7652740000001,53.118324
40.7630540000001,53.1430510000001
40.7597200000001,53.248047
40.765831,53.317772
40.7686000000001,53.3874970000001
40.7583310000001,53.401932
40.7552720000001,53.4074940000001
40.7322080000001,53.4527740000001
40.729431,53.4583280000001
40.7280430000001,53.466934
40.7288740000001,53.4736020000001
40.7324910000001,53.48555
40.739716,53.5019380000001
40.75444,53.534164
40.7663880000001,53.5538789999999
40.770546,53.55777
40.7838820000001,53.5613779999999
40.8008270000001,53.5616610000001
40.8063810000001,53.5613779999999
40.816383,53.5586010000001
40.8261029999999,53.5549930000001
40.8305510000001,53.55249
40.842766,53.554161
40.848328,53.556656
40.8916630000001,53.5841600000001
40.8941570000001,53.589432
40.89444,53.5966570000001
40.8819350000001,53.6269380000001
40.8572159999999,53.6572110000001
40.8122100000001,53.658325
40.784164,53.65416
40.777489,53.652214
40.63916,53.7049940000001
40.634995,53.708603
40.6177670000001,53.7308200000001
40.6158290000001,53.738327
40.615273,53.746384
40.625549,53.8597180000001
40.653877,54.0311050000001
40.666939,54.0647130000001
40.677216,54.0858230000001
40.68055,54.090546
40.6855470000001,54.093605
40.6908260000001,54.0952679999999
40.6947100000001,54.091934
40.7155460000001,54.094994
40.726097,54.1888810000001
40.7286,54.2241590000001
40.7286,54.231659
40.7258220000001,54.2369380000001
40.7210999999999,54.2394330000001
40.7152710000001,54.2386020000001
40.698601,54.222763
40.6958240000001,54.2174910000001
40.6891560000001,54.2083280000001
40.6841580000001,54.209435
40.6797180000001,54.223602
40.6697160000001,54.2705460000001
40.668327,54.279434
40.6686020000001,54.293884
40.6730500000001,54.3497160000001
40.703606,54.41777
40.710274,54.4269410000001
40.7152710000001,54.4302750000001
40.7191540000001,54.4269410000001
40.7199859999999,54.4188839999999
40.7230450000001,54.3716580000001
40.7210999999999,54.3583300000001
40.75222,54.3083270000001
40.8749920000001,54.2461010000001
40.880272,54.244713
40.883606,54.2494350000001
40.922218,54.306381
40.9266590000001,54.317497
40.925552,54.3319400000001
40.9236069999999,54.339432
40.8652730000001,54.469154
40.861107,54.4724879999999
40.856659,54.4747090000001
40.799164,54.479713
40.8011020000001,54.49305
40.8136059999999,54.5569380000001
40.817215,54.5688860000001
40.832497,54.6080470000001
40.8716580000001,54.701935
40.8783260000001,54.7111050000001
40.9205470000001,54.74305
40.926102,54.7458270000001
40.9619370000001,54.7591630000001
40.968323,54.761108
41.102219,54.7338790000001
41.106384,54.7305450000001
41.24749,54.51416
41.2594380000001,54.492218
41.283607,54.446938
41.2936100000001,54.4205470000001
41.3036040000001,54.3941570000001
41.3161010000001,54.361107
41.3208310000001,54.335823
41.3333280000001,54.3027729999999
41.33638,54.297218
41.471931,54.0772170000001
41.4755480000001,54.072769
41.483879,54.06694
41.5185999999999,54.0447160000001
41.5277710000001,54.039993
41.55249,54.032494
41.597214,54.0197140000001
41.614159,54.019157
41.660271,54.0233230000001
41.712494,54.0255510000001
41.718048,54.025269
41.7941590000001,53.993881
41.8033220000001,53.9888840000001
41.8499980000001,53.9561
41.87471,53.936378
42.001663,53.916664
42.039993,53.913879
42.0499950000001,53.9111020000001
42.0547100000001,53.9088820000001
42.063324,53.902771
42.075272,53.8924940000001
42.0991590000001,53.859436
42.10527,53.8480450000001
42.1194380000001,53.8186040000001
42.123878,53.8038790000001
42.12999,53.76944
42.1427690000001,53.6677700000001
42.1430510000001,53.6519320000001
42.1408309999999,53.6308210000001
42.1094360000001,53.4730450000001
42.0749970000001,53.3033220000001
42.0730510000001,53.2972180000001
42.071106,53.2836070000001
42.0705490000001,53.2780460000001
42.071938,53.2688830000001
42.0791630000001,53.227211
42.087494,53.1980440000001
42.0913770000001,53.1822130000001
42.0960999999999,53.1566540000001
42.094437,53.1441570000001
42.078331,53.1044390000001
42.0705490000001,53.0883260000001
41.993881,52.9652710000001
41.9774859999999,52.950546
41.9730450000001,52.9466550000001
41.778603,52.8388820000001
41.6958240000001,52.8158260000001
41.6977690000001,52.8216630000001
41.6988750000001,52.828606
41.701103,52.87249
41.6988750000001,52.8791580000001
41.6719360000001,52.917213
41.6663820000001,52.917496
41.5808259999999,52.903603
41.57444,52.9019320000001
41.512215,52.8760990000001
41.5063860000001,52.8736040000001
41.4672090000001,52.854164
41.434715,52.8372120000001
41.418884,52.828331
41.407211,52.8233260000001
41.394714,52.8191600000001
41.328377,52.8349910000001
41.318382,52.835663
41.2468830000001,52.8506580000001
41.204712,52.869659
41.1993790000001,52.872658
41.187881,52.8838270000001
41.185219,52.8853300000001
41.118881,52.908325
41.108887,52.9111020000001
41.102219,52.909431
41.096382,52.906937
41.0511020000001,52.8847200000001
41.047218,52.881935
41.048882,52.8760990000001
41.0624920000001,52.8577730000001
41.069992,52.849716
41.07444,52.8472140000001
41.091103,52.846382
41.101936,52.8472140000001
41.1144409999999,52.851662
41.177494,52.836384
41.18483,52.837215
41.2056620000001,52.8307150000001
41.2891620000001,52.7985500000001
41.294556,52.7960170000001
41.3722150000001,52.7627720000001
41.376381,52.7591630000001
41.423325,52.7158280000001
41.427216,52.7122120000001
41.4411010000001,52.6938780000001
41.474434,52.6347200000001
41.497215,52.588326
41.5086060000001,52.5658260000001
41.5155490000001,52.5566560000001
41.5211030000001,52.556099
41.527214,52.5569380000001
41.538887,52.5616610000001
41.5430530000001,52.565544
41.5463870000001,52.5702740000001
41.557213,52.5774920000001
41.5680540000001,52.5830540000001
41.581108,52.5866550000001
41.587769,52.588326
41.59388,52.588882
41.63472,52.5922160000001
41.640274,52.5919340000001
41.6452710000001,52.590546
41.6783290000001,52.5669400000001
41.6822130000001,52.563324
41.7244340000001,52.4822080000001
41.740936,52.4400710000001
41.7808229999999,52.4913790000001
42.0161060000001,52.8072130000001
42.0905460000001,52.918053
42.096657,52.9280470000001
42.1080470000001,52.948875
42.1166610000001,52.9652710000001
42.1324920000001,52.99749
42.1388850000001,53.0149990000001
42.235825,53.316666
42.2433240000001,53.3408280000001
42.257217,53.3980480000001
42.265831,53.4369349999999
42.2686,53.4497150000001
42.2713780000001,53.462769
42.279434,53.5405500000001
42.2841640000001,53.5980450000001
42.2869420000001,53.641937
42.2891620000001,53.6630480000001
42.306656,53.7719350000001
42.323608,53.8702700000001
42.326103,53.8841630000001
42.3288800000001,53.897217
42.3316649999999,53.9099880000001
42.3372120000001,53.9286040000001
42.339989,53.941658
42.3486020000001,53.9955440000001
42.350273,54.015831
42.3505480000001,54.030823
42.3486020000001,54.0555500000001
42.3372120000001,54.1730500000001
42.332497,54.198601
42.3224950000001,54.225822
42.310547,54.2483290000001
42.2683260000001,54.3152690000001
42.15332,54.56694
42.073326,54.732208
42.058884,54.761108
41.929993,54.9341580000001
41.912491,54.9566570000001
41.9049910000001,54.962769
41.900543,54.9649960000001
41.895546,54.966103
41.8899920000001,54.9663850000001
41.883881,54.9655460000001
41.864716,54.960274
41.845825,54.9563830000001
41.829163,54.9566570000001
41.8194430000001,54.960274
41.8149950000001,54.962494
41.802216,54.9716570000001
41.798332,54.974991
41.786659,54.986382
41.7713780000001,55.0019380000001
41.7394330000001,55.042221
41.7277680000001,55.053604
41.6580430000001,55.1208270000001
41.645828,55.130821
41.6249920000001,55.1466600000001
41.562767,55.193878
41.549995,55.2027740000001
41.5372159999999,55.211662
41.505554,55.2277680000001
41.492767,55.236656
41.484718,55.243324
41.439713,55.289162
41.423882,55.316666
41.4111020000001,55.349434
41.4055480000001,55.3616640000001
41.390549,55.3902740000001
41.3872150000001,55.3947140000001
41.374992,55.404709
41.3663860000001,55.4102710000001
41.356659,55.4136050000001
41.346657,55.415825
41.314713,55.4316640000001
41.301933,55.4405440000001
41.293884,55.4472120000001
41.2902760000001,55.4516600000001
41.2866590000001,55.4569400000001
41.283882,55.4633260000001
41.265549,55.5202710000001
41.262215,55.5374980000001
41.2672120000001,55.6524889999999
41.2874980000001,55.7994380000001
41.2899930000001,55.8122099999999
41.2999950000001,55.8338780000001
41.3197169999999,55.8624950000001
41.3222200000001,55.86805
41.329437,55.884995
41.3336030000001,55.903877
41.3336030000001,55.933601
41.3284530000001,56.0009610000001
41.3255540000001,56.014999
41.3152689999999,56.214996
41.306381,56.3602750000001
41.2969440000001,56.523605
41.298294,56.5337520000001
41.296104,56.54277
41.2891620000001,56.6441570000001
41.2880480000001,56.6669390000001
41.287216,56.697212
41.291664,56.7449950000001
41.2933270000001,56.7511060000001
41.298882,56.7983320000001
41.299438,56.8274920000001
41.2977750000001,56.843605
41.2902760000001,56.877213
41.286385,56.8933260000001
41.278877,56.9138790000001
41.274994,56.9302749999999
41.269989,56.9561000000001
41.258606,57.031105
41.260277,57.044716
41.265831,57.0549930000001
41.269989,57.0591580000001
41.345825,57.133881
41.3897170000001,57.1197130000001
41.391937,57.112213
41.401382,57.0958249999999
41.412209,57.0830540000001
41.436653,57.0619350000001
41.4488749999999,57.052216
41.4669340000001,57.0427700000001
41.476654,57.0394360000001
41.6819380000001,56.977486
41.854164,56.9685970000001
41.8661040000001,56.970825
41.8849950000001,56.978325
41.893051,56.9869380000001
41.9027710000001,57.0016630000001
41.9052659999999,57.0072170000001
41.909988,57.0258260000001
41.9105450000001,57.032494
41.9161,57.058044
41.92083,57.07666
41.926384,57.094437
41.9288790000001,57.0999980000001
41.9416580000001,57.1197130000001
41.9449920000001,57.124435
41.961105,57.1424940000001
41.983047,57.162491
41.9974900000001,57.173325
42.0269390000001,57.187492
42.033607,57.189987
42.044159,57.1963810000001
42.0636060000001,57.2111049999999
42.095268,57.2458270000001
42.1097179999999,57.26416
42.1194380000001,57.27916
42.126656,57.2958300000001
42.138603,57.323608
42.1497190000001,57.3522189999999
42.1560970000001,57.369438
42.1624909999999,57.38694
42.1711040000001,57.4174960000001
42.1738820000001,57.444992
42.17527,57.4738770000001
42.173325,57.4977720000001
42.1702730000001,57.5222170000001
42.163048,57.5799940000001
42.1549910000001,57.61277
42.15332,57.627487
42.153603,57.6644360000001
42.187767,57.8386000000001
42.210823,57.872765
42.2652739999999,57.9083250000001
42.3422160000001,57.9541630000001
42.3544390000001,57.9597170000001
42.36721,57.9636080000001
42.3777690000001,57.962769
42.3824920000001,57.9605480000001
42.399162,57.948044
42.4455410000001,57.943604
42.498047,58.016388
42.5046389999999,58.0266040000001
42.508049,58.0536040000001
42.5075000000001,58.0763850000001
42.5038829999999,58.1016620000001
42.4713750000001,58.2513890000001
42.462769,58.2833330000001
42.446938,58.324997
42.4299930000001,58.3630520000001
42.420273,58.3794330000001
42.40638,58.3988800000001
42.398331,58.40638
42.384995,58.4133220000001
42.3644410000001,58.4169390000001
42.352776,58.415543
42.3161010000001,58.406097
42.310547,58.4058230000001
42.3055499999999,58.4066540000001
42.3008270000001,58.4086
42.2966610000001,58.411934
42.2944410000001,58.4194410000001
42.2947160000001,58.441658
42.29805,58.498047
42.301102,58.5105510000001
42.304436,58.5155490000001
42.308601,58.518326
42.313881,58.5174940000001
42.5213780000001,58.3427660000001
42.5483320000001,58.314995
42.5519330000001,58.3108220000001
42.558327,58.299721
42.563881,58.2866590000001
42.572769,58.2547150000001
42.5786060000001,58.2291560000001
42.588326,58.1994320000001
42.6011050000001,58.1641540000001
42.6077730000001,58.15332
42.615547,58.1458280000001
42.62027,58.1438830000001
42.630821,58.143051
42.64138,58.149994
42.6455460000001,58.154434
42.651932,58.1644360000001
42.6924900000001,58.260277
42.695541,58.2730480000001
42.6974870000001,58.293884
42.695541,58.3102720000001
42.688599,58.3336030000001
42.674438,58.3672100000001
42.664711,58.397217
42.6630480000001,58.406097
42.6608199999999,58.422493
42.6591570000001,58.461105
42.657768,58.52166
42.659431,58.55027
42.662491,58.562767
42.6705470000001,58.5716630000001
42.676102,58.5749970000001
42.695541,58.582497
42.707771,58.585266
42.724991,58.587212
42.7538830000001,58.5908280000001
42.765549,58.5924910000001
42.7774890000001,58.5952679999999
42.784164,58.5977710000001
42.7952730000001,58.604164
42.7977750000001,58.609718
42.797493,58.6174930000001
42.7941590000001,58.6227650000001
42.7038800000001,58.730545
42.6697160000001,58.768883
42.6580430000001,58.7805480000001
---
