39.779999,26.0702709999999
39.780823,26.0599980000001
39.7994310000001,26.018604
39.8152690000001,25.984997
39.817772,25.981384
39.8227769999999,25.977493
39.8261110000001,25.975552
39.829987,25.9749950000001
39.833321,25.977493
39.839432,25.99305
39.842499,26.0127720000001
39.842766,26.034161
39.8422090000001,26.0477710000001
39.8411029999999,26.0711100000001
39.8397220000001,26.0758290000001
39.833321,26.0847210000001
39.829987,26.086388
39.825554,26.086388
39.7894440000001,26.0822220000001
39.7836000000001,26.0780530000001
---
40.0930400000001,25.7316670000001
40.11805,25.671104
40.1222080000001,25.664444
40.126389,25.6638830000001
40.151375,25.6708300000001
40.153603,25.6736109999999
40.164986,25.688889
40.1813890000001,25.7152750000001
40.2122120000001,25.776665
40.241096,25.934441
40.241096,25.9405520000001
40.238884,25.943604
40.160271,26.0113870000001
40.1574940000001,26.013611
40.153603,26.013611
40.1447220000001,26.011105
40.1288760000001,25.9899980000001
40.121101,25.9580540000001
40.1002660000001,25.824444
---
40.571938,27.6016620000001
40.586937,27.5536080000001
40.598053,27.5316660000001
40.600266,27.528606
40.6044390000001,27.5283320000001
40.6377720000001,27.526382
40.6424870000001,27.526665
40.648331,27.531109
40.650551,27.5341610000001
40.6538849999999,27.541386
40.656097,27.550549
40.6583329999999,27.5983279999999
40.658875,27.6149980000001
40.6572189999999,27.651108
40.656097,27.663326
40.6499940000001,27.7069440000001
40.6391530000001,27.7294430000001
40.637215,27.733051
40.6344380000001,27.735271
40.6308290000001,27.736382
40.622208,27.733051
40.615555,27.7238850000001
40.6124880000001,27.7158320000001
40.5791630000001,27.6277729999999
40.573318,27.611382
40.5722200000001,27.6072200000001
---
41.9305500000001,35.0919420000001
41.92305,35.093323
41.9163820000001,35.0961000000001
41.904709,35.104156
41.8580470000001,35.1369320000001
41.7705540000001,35.212494
41.725822,35.2652659999999
41.7130510000001,35.286652
41.6536030000001,35.4563830000001
41.6466600000001,35.4794390000001
41.6438670000001,35.4931720000001
41.638054,35.5063860000001
41.6308290000001,35.549431
41.627213,35.5766530000001
41.630272,35.612221
41.6316530000001,35.6216660000001
41.6366580000001,35.6438830000001
41.669434,35.7691570000001
41.673607,35.784431
41.7008290000001,35.876656
41.7130510000001,35.9111100000001
41.7230530000001,35.928596
41.7280430000001,35.9341660000001
41.734154,35.950554
41.7349930000001,35.955544
41.7322160000001,35.9730530000001
41.691933,36.051102
41.685555,36.0611040000001
41.678596,36.070541
41.6710970000001,36.078606
41.636375,36.1102680000001
41.6277690000001,36.1169360000001
41.5991519999999,36.1308290000001
41.5911029999999,36.131386
41.552773,36.133606
41.535828,36.1327670000001
41.5213780000001,36.120544
41.513878,36.117493
41.5052719999999,36.115555
41.496666,36.1149980000001
41.489441,36.1169360000001
41.4787980000001,36.1212770000001
41.470276,36.1260990000001
41.464432,36.1308290000001
41.4194340000001,36.1727680000001
41.35611,36.2402730000001
41.2833330000001,36.344994
41.2561040000001,36.396378
41.252213,36.4038850000001
41.242775,36.429153
41.241379,36.433884
41.240555,36.4619370000001
41.2416530000001,36.4719310000001
41.2444310000001,36.4852680000001
41.2513890000001,36.4997180000001
41.267769,36.5316620000001
41.2719350000001,36.5386050000001
41.294434,36.5697099999999
41.2969440000001,36.572495
41.347488,36.612488
41.359444,36.648041
41.3622210000001,36.667496
41.364998,36.711655
41.3630450000001,36.7344440000001
41.3555530000001,36.8099980000001
41.3472140000001,36.8569340000001
41.34304,36.8711010000001
41.315819,36.9308320000001
41.281937,36.998604
41.276108,37.0099950000001
41.2674870000001,37.0233310000001
41.2591630000001,37.029709
41.2516560000001,37.0310969999999
41.230553,37.029999
41.217766,37.0288850000001
41.205269,37.0288850000001
41.1977770000001,37.029999
41.1883320000001,37.033333
41.1830440000001,37.036652
41.1755450000001,37.04332
41.1710970000001,37.049988
41.167496,37.0580440000001
41.148331,37.121384
41.1452640000001,37.137215
41.144913,37.1522830000001
41.141106,37.2380450000001
41.1369319999999,37.2966540000001
41.080544,37.4177629999999
41.0419390000001,37.4991610000001
41.030266,37.5263750000001
41.028046,37.537209
41.0286030000001,37.547493
41.0374910000001,37.5813830000001
41.0477680000001,37.607773
41.053322,37.6130450000001
41.07943,37.629715
41.1160959999999,37.654999
41.1188890000001,37.657494
41.1302720000001,37.67305
41.1361010000001,37.683044
41.1372149999999,37.6874850000001
41.1191640000001,37.753609
41.1005480000001,37.786385
41.096931,37.784431
41.074432,37.7805400000001
41.070267,37.780266
41.0635990000001,37.782776
41.0541530000001,37.787766
41.045547,37.7936100000001
41.0283280000001,37.8133320000001
41.0261080000001,37.816376
40.9827730000001,37.892487
40.9819340000001,37.8977740000001
40.988319,37.9344410000001
40.987778,37.9799960000001
40.9874879999999,37.996384
40.964989,38.092499
40.9622120000001,38.1019440000001
40.9554750000001,38.1160889999999
40.9494320000001,38.1599880000001
40.921654,38.319153
40.9152760000001,38.336388
40.91111,38.350266
40.909431,38.361382
40.9122090000001,38.4205470000001
40.920273,38.5186
40.949997,38.7099910000001
40.9630510000001,38.7344440000001
40.976662,38.7583240000001
40.9863820000001,38.7699970000001
40.993889,38.778603
41.0000000000001,38.788605
41.0099950000001,38.816109
41.0411000000001,38.9241640000001
41.040833,38.933884
41.0374910000001,38.998322
41.0330510000001,39.004715
41.032219,39.0099950000001
41.0411000000001,39.05471
41.0508190000001,39.098328
41.0572129999999,39.1238780000001
41.063332,39.1447220000001
41.067772,39.151108
41.073402,39.1547160000001
41.0824970000001,39.1630480000001
41.0824970000001,39.1686100000001
41.0749970000001,39.2088780000001
41.073318,39.212769
41.0583270000001,39.2294390000001
41.0544360000001,39.236664
41.049721,39.25721
41.048882,39.2686
41.049721,39.2786030000001
41.053322,39.290833
41.066109,39.3266530000001
41.0763780000001,39.3536
41.0866550000001,39.3802720000001
41.0916600000001,39.3905490000001
41.102219,39.4066619999999
41.106934,39.412491
41.1083300000001,39.416656
41.1094440000001,39.4210970000001
41.1016620000001,39.476379
41.09861,39.485825
41.0949940000001,39.4936070000001
41.0561070000001,39.5469440000001
41.048325,39.5552750000001
41.003052,39.690552
40.956657,39.912491
40.921654,40.081383
40.9174960000001,40.1027760000001
40.916656,40.1105500000001
40.9163820000001,40.1285930000001
40.920273,40.149994
40.957207,40.2691500000001
40.978867,40.337494
40.988319,40.3530430000001
40.9941020000001,40.3582000000001
40.995804,40.3597110000001
41.008881,40.371368
41.0161060000001,40.386658
41.01738,40.390007
41.0205460000001,40.398331
41.0424960000001,40.4580460000001
41.043877,40.4652710000001
41.0436100000001,40.4741520000001
41.041382,40.4891589999999
41.0547030000001,40.5805440000001
41.078606,40.6377720000001
41.1369319999999,40.729706
41.1663820000001,40.7727580000001
41.1949839999999,40.8330540000001
41.1966479999999,40.8391490000001
41.1966479999999,40.847019
41.1966479999999,40.848328
41.194916,40.8557430000001
41.1885990000001,40.882767
41.1861040000001,40.906937
41.185822,40.915825
41.1874849999999,40.9311070000001
41.230263,41.043877
41.285301,41.1716920000001
41.3076019999999,41.208763
41.3205410000001,41.226929
41.328873,41.2424930000001
41.3655400000001,41.3205410000001
41.371651,41.338875
41.3727650000001,41.3461000000001
41.371651,41.371933
41.373047,41.3874970000001
41.3737720000001,41.388462
41.376381,41.3919300000001
41.3908310000001,41.408875
41.398041,41.4172060000001
41.4755480000001,41.49305
41.487488,41.504433
41.523876,41.531559
41.5180440000001,41.5691530000001
41.4924930000001,41.7247090000001
41.468597,41.7597200000001
41.4336010000001,41.8208240000001
41.42971,41.8286060000001
41.4283220000001,41.8333210000001
41.428879,41.8377690000001
41.4583210000001,41.8830410000001
41.4780430000001,41.901375
41.484993,41.9052659999999
41.494987,41.9169390000001
41.512772,41.947777
41.5163880000001,41.954987
41.5188830000001,41.963051
41.519157,41.96804
41.5180440000001,41.9794390000001
41.5075000000001,42.097771
41.5075000000001,42.1669390000001
41.5075000000001,42.1824870000001
41.491653,42.272774
41.487488,42.287491
41.4766620000001,42.3119350000001
41.460274,42.3669360000001
41.434708,42.455269
41.4333270000001,42.4722140000001
41.438332,42.4833300000001
41.49527,42.550819
41.5083240000001,42.5649950000001
41.5791630000001,42.590271
41.5830540000001,42.5977710000001
41.5863880000001,42.6105499999999
41.592766,42.6516650000001
41.594719,42.6813890000001
41.586937,42.8161090000001
41.5849909999999,42.8274920000001
41.578873,42.8402400000001
41.506943,42.8927690000001
41.3933260000001,43.0161060000001
41.374161,43.039719
41.3200000000001,43.126381
41.1902690000001,43.2335970000001
41.201935,43.3497090000001
41.2027660000001,43.369713
41.200554,43.387215
41.1852650000001,43.425819
41.1816559999999,43.4341660000001
41.1710970000001,43.451935
41.1688770000001,43.4549870000001
41.1661000000001,43.4574970000001
41.1430440000001,43.4730530000001
41.139992,43.4747090000001
41.136375,43.4755480000001
41.1325000000001,43.4741520000001
41.1129610000001,43.46077
41.1019439999999,43.4549870000001
41.0972140000001,43.4538880000001
41.0902710000001,43.4538880000001
41.0283280000001,43.477486
41.0252690000001,43.479156
41.0205540000001,43.485268
41.0169300000001,43.4935990000001
40.998047,43.5541530000001
40.9966660000001,43.5591660000001
40.995544,43.5694430000001
40.9964180000001,43.5811350000001
40.9966660000001,43.5844350000001
40.995827,43.590546
40.992493,43.599434
40.988319,43.606377
40.9280549999999,43.671654
40.924988,43.6733250000001
40.7702640000001,43.742493
40.75,43.748878
40.739998,43.7519380000001
40.666656,43.741379
40.6226810000001,43.719208
40.6191560000001,43.71666
40.5313800000001,43.6530460000001
40.501099,43.592766
40.4511110000001,43.5830540000001
40.3688890000001,43.6069340000001
40.274437,43.6616520000001
40.1669390000001,43.720543
40.163322,43.7216569999999
40.1597140000001,43.7216569999999
40.1563800000001,43.719719
40.153328,43.711937
40.1522219999999,43.7077640000001
40.152489,43.681931
40.148041,43.6705470000001
40.144463,43.6638490000001
40.1397090000001,43.657776
40.130547,43.650269
40.1263810000001,43.6483310000001
40.122765,43.647774
40.1197130000001,43.648888
40.1085970000001,43.6574940000001
40.1024860000001,43.6688770000001
40.1008220000001,43.6736070000001
40.0186,43.9124909999999
40.0136109999999,43.933884
40.0108179999999,43.971375
40.0066530000001,44.0322190000001
40.008606,44.0405430000001
40.013054,44.052208
40.046097,44.279999
40.046097,44.2852710000001
40.0238880000001,44.347214
40.0205540000001,44.3561100000001
40.003609,44.3991550000001
39.962769,44.487778
39.912209,44.548325
39.898888,44.552216
39.895264,44.5519410000001
39.888611,44.55471
39.8794330000001,44.5602650000001
39.8330540000001,44.590828
39.8305440000001,44.594162
39.8077700000001,44.633881
39.7997210000001,44.6488879999999
39.730553,44.7461010000001
39.7063830000001,44.778862
39.6980440000001,44.7899860000001
39.6844410000001,44.8013840000001
39.681656,44.803055
39.645821,44.8163760000001
39.630814,44.8130420000001
39.6969530000001,44.7426150000001
39.70665,44.7308200000001
39.7777710000001,44.611107
39.78054,44.6058200000001
39.6988680000001,44.4710850000001
39.640656,44.4778900000001
39.4469379999999,44.431931
39.4416499999999,44.4302749999999
39.4319310000001,44.424988
39.4252620000001,44.4161
39.4191589999999,44.4063800000001
39.413872,44.3958210000001
39.395546,44.340271
39.387497,44.315536
39.3872450000001,44.3089870000001
39.3869320000001,44.300819
39.387497,44.2927630000001
39.400536,44.240822
39.407204,44.2322010000001
39.410263,44.229561
39.411377,44.2286
39.414711,44.2241520000001
39.4169390000001,44.2180400000001
39.4169390000001,44.2005389999999
39.4130480000001,44.0860980000001
39.411652,44.0702670000001
39.4088750000001,44.064995
39.388596,44.038605
39.3849950000001,44.0341570000001
39.379715,44.0341570000001
39.3774450000001,44.0349540000001
39.3524860000001,44.060547
39.336098,44.0747150000001
39.140831,44.215828
39.135262,44.2174840000001
39.12915,44.2166600000001
39.056675,44.198032
39.014992,44.168877
39.0075000000001,44.161095
39.0022129999999,44.159424
38.9960940000001,44.1602710000001
38.9680400000001,44.173325
38.8958210000001,44.2080460000001
38.8911060000001,44.210815
38.8666530000001,44.24749
38.8644410000001,44.253609
38.863884,44.27887
38.8624880000001,44.285828
38.859711,44.2911000000001
38.8508219999999,44.2972110000001
38.834435,44.3033219999999
38.815536,44.304993
38.8044360000001,44.301384
38.726929,44.262772
38.7216570000001,44.260818
38.6569369999999,44.2947160000001
38.651375,44.3052600000001
38.6430440000001,44.312202
38.637772,44.313881
38.6130450000001,44.317215
38.5238719999999,44.32222
38.5113910000001,44.32222
38.5102770000001,44.32222
38.4919360000001,44.3194429999999
38.475548,44.314156
38.4643060000001,44.3093830000001
38.455269,44.3055500000001
38.443604,44.302773
38.4005360000001,44.3052600000001
38.38784,44.307316
38.3845979999999,44.309875
38.381653,44.312202
38.379433,44.3183290000001
38.3780360000001,44.3252719999999
38.3780360000001,44.3328290000001
38.3780360000001,44.333878
38.395546,44.4347080000001
38.394833,44.436672
38.393326,44.440819
38.3516620000001,44.48333
38.3455430000001,44.484154
38.339432,44.48304
38.328575,44.479549
38.3230439999999,44.4777680000001
38.3183290000001,44.475266
38.3141560000001,44.471657
38.3114740000001,44.4682040000001
38.2112999999999,44.399017
38.097214,44.3233180000001
37.960274,44.238884
37.899151,44.223969
37.873322,44.2930530000001
37.768044,44.5741580000001
37.7655490000001,44.5794300000001
37.727768,44.61805
37.722214,44.6197130000001
37.7161030000001,44.6188740000001
37.7058260000001,44.614441
37.6908190000001,44.5988770000001
37.613884,44.5844350000001
37.4519350000001,44.586098
37.4432530000001,44.5879519999999
37.4402620000001,44.5885930000001
37.4369280000001,44.592766
37.4347080000001,44.5988770000001
37.4347080000001,44.6093030000001
37.4347080000001,44.6141590000001
37.4327700000001,44.6288760000001
37.4277730000001,44.6485979999999
37.3216630000001,44.8016590000001
37.30526,44.8152620000001
37.294991,44.819443
37.2841569999999,44.822762
37.271103,44.821938
37.266388,44.819153
37.174988,44.792763
37.149712,44.787338
37.163879,44.7777710000001
37.1663820000001,44.774712
37.1697160000001,44.7661060000001
37.1744310000001,44.7458270000001
37.189438,44.6463780000001
37.187485,44.6380540000001
37.1641619999999,44.5844350000001
37.162209,44.5811
37.155266,44.57222
37.1441570000001,44.563042
37.1361010000001,44.5549930000001
37.129166,44.546097
37.0916520000001,44.4905550000001
37.0808259999999,44.4702760000001
37.0630420000001,44.4363780000001
37.038322,44.349709
37.006653,44.3411030000001
36.971931,44.321106
36.9705430000001,44.317215
36.9847110000001,44.2588809999999
36.9866640000001,44.2552720000001
37.0841599999999,44.199715
37.0933229999999,44.1949999999999
37.100266,44.1933290000001
37.1077730000001,44.1958240000001
37.1527710000001,44.2263790000001
37.155266,44.234154
37.1605530000001,44.2588809999999
37.161934,44.262772
37.1641619999999,44.265831
37.1674960000001,44.2677690000001
37.1719440000001,44.2688830000001
37.1950000000001,44.268326
37.228325,44.264992
37.2419360000001,44.261658
37.2474980000001,44.256943
37.274155,44.233887
37.2783280000001,44.227219
37.3149950000001,44.1213840000001
37.316376,44.116379
37.317215,44.0961000000001
37.316376,44.072945
37.32222,44.04805
37.320541,44.0141530000001
37.3149950000001,44.0038760000001
37.286652,43.9591600000001
37.2838750000001,43.9566570000001
37.2758260000001,43.954712
37.2722170000001,43.9527660000001
37.2519380000001,43.9369350000001
37.2316670000001,43.919716
37.2288820000001,43.9172130000001
37.2241520000001,43.9113850000001
37.221657,43.903603
37.2219309999999,43.8163760000001
37.229996,43.6230470000001
37.2497180000001,43.494713
37.2527690000001,43.485268
37.3738780000001,43.1569369999999
37.3399890000001,43.0044330000001
37.338326,43.0010990000001
37.326935,42.9761050000001
37.3224870000001,42.9602740000001
37.32222,42.9555440000001
37.3224870000001,42.950554
37.3277660000001,42.924164
37.335541,42.89444
37.354439,42.8266530000001
37.361107,42.8241580000001
37.3722080000001,42.823318
37.3758320000001,42.8222200000001
37.378319,42.8199999999999
37.3799900000001,42.815552
37.3847200000001,42.7908250000001
37.384438,42.7861100000001
37.3808290000001,42.7794420000001
37.3712160000001,42.7657320000001
37.351944,42.7247090000001
37.181656,42.590546
37.1697160000001,42.585541
37.16111,42.5841600000001
37.1527710000001,42.5816570000001
37.150826,42.5783310000001
37.149994,42.573875
37.1474910000001,42.5316619999999
37.1174930000001,42.3769380000001
37.106926,42.355614
37.122208,42.357216
37.137215,42.3569340000001
37.2244340000001,42.3552630000001
37.2277680000001,42.3544390000001
37.2338870000001,42.3511050000001
37.2386020000001,42.3452760000001
37.269722,42.294434
37.2894440000001,42.215828
37.2905430000001,42.1808320000001
37.261658,42.151665
37.256943,42.145821
37.2083210000001,42.0833210000001
37.192772,42.056931
37.172768,41.9952700000001
37.1299900000001,41.8402710000001
37.0863880000001,41.557213
37.0841599999999,41.539162
37.080269,41.4830470000001
37.078888,41.454163
37.0749969999999,41.362488
37.071106,41.2216570000001
37.0713810000001,41.216385
37.076378,41.2058260000001
37.0974879999999,41.118332
37.1297149999999,40.9299930000001
37.1286090000001,40.901108
37.1224900000001,40.8066560000001
37.11805,40.770821
37.0997090000001,40.6972200000001
37.091385,40.6797099999999
37.088875,40.676941
37.0813830000001,40.6636050000001
37.0688860000001,40.6349870000001
37.024994,40.5188830000001
37.0213780000001,40.5072100000001
37.0208210000001,40.482491
37.0174870000001,40.4558260000001
37.0130540000001,40.439713
37.0013810000001,40.415268
36.928596,40.2797090000001
36.9194870000001,40.2638779999999
36.895821,40.214432
36.814713,40.0077670000001
36.792763,39.9427719999999
36.786385,39.9233250000001
36.7558290000001,39.8261110000001
36.7513890000001,39.8099980000001
36.71888,39.5880510000001
36.6975170000001,39.4393010000001
36.678322,39.308601
36.6680530000001,39.2577670000001
36.665276,39.229996
36.665276,39.2202760000001
36.6655430000001,39.205826
36.6677630000001,39.1785960000001
36.671654,39.164719
36.6836010000001,39.130547
36.695541,39.096375
36.7027660000001,39.074715
36.7077640000001,39.0488820000001
36.708611,39.038048
36.7080540000001,39.011375
36.705269,39.0041660000001
36.7011110000001,38.987778
36.696938,38.966103
36.6952670000001,38.922493
36.6950000000001,38.9127660000001
36.698044,38.7747120000001
36.700554,38.7369310000001
36.7011110000001,38.731377
36.7036059999999,38.721931
36.7091600000001,38.710831
36.725548,38.6841660000001
36.768044,38.628319
36.839165,38.5494310000001
36.849442,38.532776
36.8580470000001,38.513611
36.885544,38.4327700000001
36.898331,38.3863750000001
36.913879,38.2497180000001
36.9144440000001,38.2441640000001
36.9133220000001,38.229996
36.9058230000001,38.1811070000001
36.8760990000001,38.1027760000001
36.8730550000001,38.0952760000001
36.869713,38.088326
36.8505480000001,38.0555500000001
36.83036,38.023369
36.824715,37.993332
36.816933,37.9649890000001
36.808884,37.9472200000001
36.794434,37.924721
36.787766,37.910828
36.781097,37.891388
36.7486040000001,37.7841570000001
36.747498,37.777222
36.747208,37.762215
36.7477650000001,37.736107
36.749718,37.719162
36.7469410000001,37.701378
36.737221,37.669716
36.7008290000001,37.5772090000001
36.6963810000001,37.5663760000001
36.6897130000001,37.5524980000001
36.677773,37.5333329999999
36.6538850000001,37.3813860000001
36.6560970000001,37.371941
36.657494,37.3605500000001
36.6644440000001,37.2694400000001
36.6647190000001,37.248878
36.659157,37.1274950000001
36.714432,37.0430530000001
36.719994,37.0386050000001
36.729713,37.0280460000001
36.753876,36.994431
36.7583240000001,36.9880450000001
36.763611,36.9763790000001
36.778046,36.9336010000001
36.82943,36.7027660000001
36.834435,36.6736070000001
36.8337100000001,36.659943
36.8241580000001,36.663322
36.811935,36.6638790000001
36.800278,36.6597140000001
36.6197130000001,36.586388
36.4922100000001,36.5499880000001
36.48333,36.5491640000001
36.4241640000001,36.5661090000001
36.4208300000001,36.5672150000001
36.414719,36.571106
36.3974910000001,36.582764
36.3109820000001,36.6611330000001
36.2894440000001,36.6885990000001
36.2830510000001,36.6916660000001
36.247765,36.6930470000001
36.2391590000001,36.692215
36.2361069999999,36.6902690000001
36.2316670000001,36.684441
36.2274860000001,36.6780550000001
36.226105,36.6744310000001
36.219437,36.628609
36.218597,36.619431
36.2199940000001,36.608887
36.2277760000001,36.5755540000001
36.23555,36.535553
36.2333300000001,36.5066530000001
36.2133260000001,36.39222
36.1822130000001,36.3755419999999
36.1774980000001,36.374718
36.173325,36.374718
36.1099930000001,36.3774950000001
36.102486,36.378609
36.092499,36.3822100000001
36.083321,36.387215
36.0305400000001,36.383606
36.0000000000001,36.377747
35.9958270000001,36.3721920000001
35.9697189999999,36.299995
35.967499,36.232773
35.9663849999999,36.2286070000001
35.9602740000001,36.219162
35.9547200000001,36.2138820000001
35.920555,36.1908260000001
35.9136050000001,36.1874920000001
35.9055480000001,36.184998
35.9013820000001,36.183884
35.879715,36.182495
35.854996,36.182495
35.824715,36.1763840000001
35.8191600000001,36.171661
35.8174970000001,36.168053
35.8174970000001,36.1577760000001
35.8184430000001,36.155876
35.8336110000001,36.1441650000001
35.852219,36.128052
35.861382,36.1099930000001
35.8997190000001,36.015831
35.926994,35.92244
35.9954989999999,35.9802170000001
36.0097200000001,35.976662
36.066376,35.9549870000001
36.0952760000001,35.9419330000001
36.2188800000001,35.850266
36.284157,35.7902760000001
36.2963870000001,35.7833329999999
36.3086010000001,35.782776
36.3124849999999,35.783875
36.3191530000001,35.7877660000001
36.3549960000001,35.8188860000001
36.4474950000001,35.92083
36.4541630000001,35.928596
36.5297090000001,36.036385
36.5352710000001,36.0463869999999
36.587494,36.149712
36.5888750000001,36.1586
36.5883259999999,36.1694340000001
36.5888750000001,36.1741640000001
36.5913850000001,36.182487
36.594437,36.1888890000001
36.599991,36.1936040000001
36.6033330000001,36.195267
36.6463780000001,36.215828
36.654999,36.217766
36.6588750000001,36.217766
36.7638780000001,36.2066570000001
36.7708210000001,36.2058260000001
36.791939,36.1933290000001
36.828606,36.1663819999999
36.85833,36.134995
36.8680500000001,36.1244350000001
36.9033280000001,36.0769350000001
36.9144440000001,36.0619350000001
36.9241640000001,36.0313800000001
36.926384,36.021935
36.926384,36.01693
36.9252780000001,36.012772
36.9208300000001,36.0016560000001
36.898041,35.961937
36.8916630000001,35.953049
36.8763890000001,35.9369350000001
36.8461000000001,35.9102710000001
36.8360979999999,35.899437
36.779442,35.826935
36.7755510000001,35.8208240000001
36.7674870000001,35.797768
36.7647089999999,35.789719
36.756386,35.720833
36.7577670000001,35.709991
36.7591630000001,35.7055440000001
36.761101,35.702492
36.7638780000001,35.693604
36.7536090000001,35.64666
36.752213,35.6430440000001
36.733887,35.6094440000001
36.7073520000001,35.573914
36.7036059999999,35.572495
36.700272,35.572495
36.689156,35.5744320000001
36.685822,35.575829
36.6849980000001,35.5797200000001
36.687775,35.611107
36.682213,35.636101
36.6419299999999,35.6380540000001
36.61805,35.6366580000001
36.6141590000001,35.6355440000001
36.6105500000001,35.633881
36.6049960000001,35.6288760000001
36.596931,35.6163790000001
36.5916599999999,35.6058200000001
36.5791629999999,35.5669330000001
36.578606,35.562218
36.5791629999999,35.556664
36.5822220000001,35.548325
36.5841600000001,35.5452730000001
36.596931,35.532494
36.6097110000001,35.50721
36.611382,35.503609
36.6119310000001,35.498878
36.6066670000001,35.48333
36.580269,35.412491
36.5508190000001,35.3541560000001
36.539162,35.3399889999999
36.621941,35.178879
36.700554,35.023598
36.7149890000001,34.9944310000001
36.719994,34.983047
36.721931,34.973053
36.724709,34.9452670000001
36.7249910000001,34.929153
36.723053,34.9155430000001
36.721375,34.911942
36.7170640000001,34.904236
36.742775,34.89222
36.7491610000001,34.8891530000001
36.7594380000001,34.8813860000001
36.766663,34.873055
36.7855530000001,34.844437
36.795273,34.8272090000001
36.808601,34.7772220000001
36.812485,34.7408219999999
36.8133320000001,34.7294390000001
36.811104,34.7055440000001
36.8052749999999,34.659431
36.775826,34.57222
36.768044,34.5591660000001
36.7055440000001,34.4766620000001
36.637772,34.3627779999999
36.629433,34.3452760000001
36.615555,34.322777
36.5916599999999,34.289719
36.5741580000001,34.26693
36.564438,34.2558290000001
36.553879,34.2455440000001
36.538879,34.2344440000001
36.524712,34.228333
36.5191570000001,34.22361
36.511375,34.215828
36.4610980000001,34.152489
36.4486010000001,34.128609
36.41111,34.083054
36.4024890000001,34.0763780000001
36.3947220000001,34.0738750000001
36.390266,34.073318
36.3774950000001,34.072777
36.3694310000001,34.073601
36.361931,34.074997
36.303055,34.031662
36.2777710000001,33.9886020000001
36.2802660000001,33.9369350000001
36.2827760000001,33.9355550000001
36.2938770000001,33.92305
36.3124849999999,33.8830410000001
36.3138890000001,33.878609
36.314156,33.873055
36.309441,33.862221
36.3069310000001,33.8594440000001
36.260818,33.8161090000001
36.2063830000001,33.7452700000001
36.179436,33.7052690000001
36.187485,33.654442
36.189713,33.6449969999999
36.1822130000001,33.6102680000001
36.1811070000001,33.606377
36.139709,33.5408330000001
36.1377720000001,33.362778
36.1244350000001,33.2872090000001
36.091103,33.045273
36.096657,32.950272
36.0972140000001,32.938889
36.096657,32.934441
36.068329,32.864441
36.037491,32.822495
36.0255510000001,32.808884
36.0288850000001,32.77166
36.0391620000001,32.6697160000001
36.0802690000001,32.5811000000001
36.0822220000001,32.5780490000001
36.0927120000001,32.5666280000001
36.092499,32.531662
36.0938800000001,32.5174870000001
36.0977710000001,32.5049900000001
36.1011050000001,32.4972080000001
36.173882,32.3694310000001
36.1763840000001,32.366653
36.268326,32.275826
36.34388,32.2047200000001
36.3491520000001,32.1999970000001
36.3669360000001,32.1885990000001
36.3905490000001,32.1794360000001
36.401932,32.1713870000001
36.429436,32.149155
36.4730530000001,32.106934
36.516388,32.064713
36.5419390000001,32.0224910000001
36.545547,32.0152660000001
36.5477680000001,32.0075000000001
36.5480499999999,32.0030520000001
36.5444340000001,31.993607
36.589722,31.823051
36.6347200000001,31.742222
36.636375,31.7383310000001
36.6963810000001,31.582771
36.782776,31.385277
36.790833,31.3722149999999
36.798882,31.3591610000001
36.804436,31.3436090000001
36.8149950000001,31.297497
36.817215,31.2822189999999
36.849152,31.046661
36.854156,30.9930500000001
36.8555530000001,30.970833
36.8536,30.888054
36.8461000000001,30.8261110000001
36.844994,30.8111080000001
36.844162,30.7633290000001
36.8547130000001,30.737221
36.8566670000001,30.733887
36.873322,30.7088810000001
36.8827670000001,30.697495
36.8849950000001,30.688332
36.8852769999999,30.6827740000001
36.8772130000001,30.664162
36.8702700000001,30.650555
36.8663790000001,30.643887
36.850822,30.6233330000001
36.8363879999999,30.6097180000001
36.825272,30.6013830000001
36.7972110000001,30.580555
36.7883220000001,30.574162
36.7822190000001,30.5702709999999
36.7261050000001,30.5608330000001
36.615822,30.5536080000001
36.4944310000001,30.528332
36.4269409999999,30.481384
36.393044,30.474442
36.385277,30.474442
36.3633190000001,30.485828
36.3466570000001,30.4977720000001
36.3397220000001,30.511105
36.320541,30.503883
36.2277760000001,30.428608
36.2061,30.409443
36.203606,30.4069400000001
36.201935,30.403332
36.208054,30.399715
36.235268,30.390831
36.261375,30.3658290000001
36.296654,30.285828
36.300278,30.276382
36.303596,30.2624970000001
36.3041529999999,30.257217
36.3041529999999,30.216389
36.303596,30.2008290000001
36.2988820000001,30.178883
36.2897190000001,30.1458279999999
36.2880480000001,30.143604
36.2852710000001,30.14333
36.27916,30.1458279999999
36.273331,30.146938
36.255829,30.1458279999999
36.2527690000001,30.1438870000001
36.244713,30.126942
36.235268,30.092216
36.2116550000001,29.975826
36.151665,29.7752719999999
36.152771,29.7708280000001
36.1613850000001,29.736111
36.1619420000001,29.7322200000001
36.160828,29.717216
36.159431,29.7144390000001
36.138054,29.6874920000001
36.1183320000001,29.6772160000001
36.1705469999999,29.628609
36.199432,29.570271
36.205544,29.5044400000001
36.2311100000001,29.3497160000001
36.2472080000001,29.315273
36.271935,29.283604
36.29583,29.2588729999999
36.3283310000001,29.183605
36.3388750000001,29.1622160000001
36.3488850000001,29.146664
36.3527760000001,29.141663
36.3833240000001,29.1172220000001
36.4722140000001,29.098053
36.4763790000001,29.0975000000001
36.5263750000001,29.124722
36.5330510000001,29.125832
36.537209,29.1252750000001
36.540543,29.1238819999999
36.553596,29.106937
36.558884,29.0808300000001
36.5586010000001,29.0758290000001
36.5544360000001,29.0522160000001
36.552216,29.049164
36.5491640000001,29.0483280000001
36.542213,29.0508310000001
36.5402760000001,29.0474970000001
36.5399860000001,29.0444370000001
36.541054,29.0201990000001
36.5433200000001,29.0166630000001
36.5833210000001,29.0238879999999
36.6030430000001,29.028889
36.613319,29.0336040000001
36.6163790000001,29.0352750000001
36.6177749999999,29.0394440000001
36.6266560000001,29.0872150000001
36.681107,29.052498
36.7416530000001,28.938332
36.7466660000001,28.924721
36.6888890000001,28.8669400000001
36.686378,28.8644410000001
36.6588750000001,28.851662
36.6560970000001,28.8505520000001
36.6710970000001,28.79277
36.7102740000001,28.65694
36.7699969999999,28.619717
36.803322,28.608604
36.880272,28.458611
36.8813860000001,28.4541630000001
36.8636020000001,28.3961110000001
36.8619310000001,28.3924939999999
36.849991,28.378883
36.8472140000001,28.3763890000001
36.8435970000001,28.3761060000001
36.837494,28.379993
36.8324970000001,28.3849949999999
36.8327639999999,28.3888820000001
36.836655,28.395271
36.837769,28.405273
36.8313830000001,28.4202770000001
36.8280490000001,28.4219440000001
36.824997,28.421104
36.8113780000001,28.4172170000001
36.7869420000001,28.4036060000001
36.783875,28.4016650000001
36.781662,28.398605
36.781097,28.382771
36.7822190000001,28.3780520000001
36.8258290000001,28.310833
36.8447190000001,28.2886090000001
36.8472140000001,28.279999
36.847488,28.2674940000001
36.8427660000001,28.2563860000001
36.835274,28.2486080000001
36.825272,28.2436070000001
36.811104,28.238049
36.8038790000001,28.2352710000001
36.800278,28.2341610000001
36.7960970000001,28.2344440000001
36.7661060000001,28.2474980000001
36.7444310000001,28.2694440000001
36.7294390000001,28.2758289999999
36.6986010000001,28.2308270000001
36.589722,28.0663830000001
36.5527730000001,27.983887
36.5738749999999,27.967216
36.5933230000001,27.9597209999999
36.596931,27.9588810000001
36.5997090000001,27.959995
36.6024860000001,27.982494
36.5994420000001,28.0058330000001
36.5974880000001,28.014721
36.594437,28.021664
36.594437,28.027222
36.597771,28.0508310000001
36.6188890000001,28.070553
36.6349950000001,28.084721
36.6383290000001,28.086662
36.6419299999999,28.0855480000001
36.6736070000001,28.0611080000001
36.687775,28.04472
36.6905520000001,28.0361100000001
36.687775,28.033886
36.6836010000001,28.033051
36.676659,28.0355530000001
36.6724930000001,28.0350000000001
36.67083,28.0313840000001
36.66832,28.0186039999999
36.6680530000001,28.013611
36.6710970000001,27.989162
36.674164,27.9663890000001
36.676659,27.9636080000001
36.682487,27.963882
36.685822,27.9655490000001
36.6897130000001,27.974995
36.699158,28.002773
36.707222,28.0386090000001
36.7080540000001,28.0808299999999
36.7027660000001,28.085831
36.701935,28.090275
36.702209,28.09444
36.7194370000001,28.1219409999999
36.7224880000001,28.123882
36.7913820000001,28.1244390000001
36.7949910000001,28.123333
36.800278,28.1183320000001
36.8016590000001,28.1144410000001
36.8013840000001,28.093884
36.799988,28.0908320000001
36.78611,28.0736050000001
36.7691570000001,28.0369420000001
36.758041,28.008053
36.752213,27.9841609999999
36.7377780000001,27.9236110000001
36.737221,27.91972
36.7402730000001,27.9175000000001
36.7480550000001,27.9161109999999
36.7494350000001,27.911942
36.7572099999999,27.817219
36.7575,27.800278
36.7572099999999,27.737221
36.7561040000001,27.727493
36.7516560000001,27.7158320000001
36.747208,27.7099950000001
36.7383190000001,27.703888
36.715546,27.6883320000001
36.6916660000001,27.676105
36.6744310000001,27.511944
36.6658330000001,27.495548
36.654709,27.48111
36.649994,27.475277
36.680832,27.3794400000001
36.6872180000001,27.369999
36.6999970000001,27.359997
36.7033310000001,27.3586040000001
36.7069400000001,27.3586040000001
36.7502750000001,27.470833
36.7491610000001,27.474442
36.7458270000001,27.4961050000001
36.7777710000001,27.7374950000001
36.7941670000001,27.9188840000001
36.822777,28.025829
36.934998,28.0663830000001
36.9758220000001,28.1999970000001
37.0233310000001,28.324444
37.0255510000001,28.3274960000001
37.035828,28.328888
37.0397189999999,28.3286060000001
37.044991,28.323605
37.0455470000001,28.3208270000001
37.04361,28.2730480000001
37.0394440000001,28.210278
37.0247120000001,28.0344430000001
37.01722,27.8486100000001
37.001938,27.676388
36.992775,27.5149960000001
37.027489,27.426388
37.0280460000001,27.421387
37.0163880000001,27.344719
37.0141530000001,27.335831
37.0099950000001,27.329437
37.0061040000001,27.328888
36.998604,27.336662
36.99527,27.3383290000001
36.9808200000001,27.3227769999999
36.971931,27.311108
36.9661030000001,27.3022160000001
36.9613880000001,27.290276
36.9558260000001,27.2722210000001
36.962494,27.2575000000001
36.9674990000001,27.252499
37.035271,27.2286110000001
37.0519410000001,27.2255520000001
37.056107,27.2252770000001
37.072777,27.2341610000001
37.0761109999999,27.2361109999999
37.151932,27.3227769999999
37.15416,27.3258290000001
37.150551,27.3683320000001
37.127213,27.4072190000001
37.104713,27.439716
37.1316530000001,27.5499950000001
37.2324910000001,27.595276
37.2735980000001,27.5638890000001
37.261658,27.5213810000001
37.267487,27.4858280000001
37.302216,27.413326
37.308884,27.4041599999999
37.3252720000001,27.39027
37.328331,27.388611
37.339432,27.385551
37.351379,27.38472
37.4079060000001,27.4210820000001
37.4105530000001,27.414444
37.4111100000001,27.403332
37.4016650000001,27.375549
37.3997120000001,27.3719410000001
37.376099,27.360828
37.37027,27.356667
37.353043,27.332497
37.3422090000001,27.313606
37.335831,27.2436070000001
37.336937,27.2391620000001
37.3491520000001,27.197495
37.3508220000001,27.193886
37.3547129999999,27.1941600000001
37.411385,27.218327
37.473328,27.2241590000001
37.58194,27.2149930000001
37.585274,27.213329
37.590828,27.2088810000001
37.604439,27.193886
37.7124940000001,27.2252770000001
37.7277760000001,27.2408290000001
37.7399980000001,27.2486080000001
37.7472079999999,27.2511060000001
37.7947160000001,27.2619440000001
37.811661,27.2641640000001
37.8844379999999,27.261662
37.887215,27.2641640000001
37.8936,27.2677730000001
37.920547,27.2738879999999
37.924721,27.2744410000001
37.928596,27.2738879999999
37.9516530000001,27.2688870000001
37.955544,27.2677730000001
37.9730530000001,27.2497220000001
37.9777760000001,27.2441640000001
37.9797130000001,27.240555
38.0652690000001,26.9852710000001
38.066376,26.980827
38.0669330000001,26.9755519999999
38.064156,26.9433330000001
38.0622180000001,26.923054
38.155266,26.8180500000001
38.2088780000001,26.772221
38.2133260000001,26.766388
38.2147220000001,26.7624970000001
38.214989,26.751942
38.2016530000001,26.6811070000001
38.156662,26.627773
38.141106,26.6238820000001
38.103333,26.610828
38.1019440000001,26.606667
38.101662,26.591106
38.102219,26.585831
38.1152730000001,26.5469439999999
38.1174930000001,26.5441670000001
38.138329,26.523605
38.1722110000001,26.488888
38.212769,26.438889
38.21666,26.420277
38.224991,26.3661079999999
38.223328,26.3511090000001
38.2238850000001,26.3399929999999
38.225822,26.3305550000001
38.2327730000001,26.316109
38.264435,26.275829
38.285553,26.274998
38.3458330000001,26.284161
38.3663790000001,26.287495
38.3686070000001,26.29055
38.374435,26.3144420000001
38.3733220000001,26.31805
38.354156,26.3283309999999
38.3494420000001,26.3280530000001
38.346375,26.326382
38.3422090000001,26.3197170000001
38.339432,26.3174930000001
38.3355410000001,26.3166660000001
38.3322220000001,26.318604
38.3299870000001,26.321384
38.3149950000001,26.351383
38.3061070000001,26.3694419999999
38.30555,26.374722
38.344437,26.4483300000001
38.346375,26.4519389999999
38.355263,26.463608
38.3683320000001,26.4763830000001
38.400269,26.499165
38.4197160000001,26.509438
38.423325,26.5105510000001
38.4280550000001,26.5108300000001
38.430832,26.50861
38.44722,26.4819370000001
38.4508290000001,26.474995
38.467499,26.4372220000001
38.4702760000001,26.429165
38.470833,26.423882
38.4702760000001,26.4186100000001
38.46804,26.4155500000001
38.464432,26.414444
38.4561,26.4141619999999
38.4530490000001,26.412495
38.4441530000001,26.3947219999999
38.444443,26.389439
38.4497150000001,26.3841630000001
38.5663760000001,26.35833
38.6177750000001,26.3486100000001
38.62999,26.347218
38.646111,26.350277
38.6533280000001,26.352776
38.6577760000001,26.358887
38.661942,26.369999
38.6669390000001,26.398331
38.6708300000001,26.4283290000001
38.668053,26.47916
38.6666560000001,26.48333
38.633041,26.523605
38.5997090000001,26.562222
38.5969310000001,26.564442
38.5297090000001,26.612221
38.4580540000001,26.62944
38.4530490000001,26.5955510000001
38.337494,26.644444
38.329163,26.6513820000001
38.309998,26.6736110000001
38.3074870000001,26.682217
38.3069310000001,26.687492
38.308044,26.692219
38.3119350000001,26.698887
38.3152690000001,26.7005540000001
38.3536,26.793053
38.365555,26.834995
38.3738780000001,26.9047160000001
38.398041,27.0888820000001
38.4019320000001,27.1011090000001
38.4086000000001,27.116108
38.412491,27.1224980000001
38.4438860000001,27.1619420000001
38.44722,27.1627770000001
38.450272,27.1611100000001
38.4555440000001,27.1558270000001
38.456383,27.1524930000001
38.4610980000001,27.046104
38.4610980000001,27.0402760000001
38.456383,27.0002750000001
38.454987,26.996105
38.450554,26.9902730000001
38.4416660000001,26.94722
38.5024950000001,26.88055
38.619987,26.7533260000001
38.635277,26.738888
38.6408310000001,26.734444
38.645821,26.730827
38.7161030000001,26.720833
38.7197190000001,26.722218
38.730263,26.73222
38.731934,26.7358280000001
38.7541660000001,26.822777
38.754433,26.8280530000001
38.814156,26.8988880000001
38.816376,26.901939
38.864159,27.0113870000001
38.865555,27.01527
38.8633190000001,27.01833
38.855263,27.0197220000001
38.8530430000001,27.022778
38.8530430000001,27.0274930000001
38.8541560000001,27.031666
38.868889,27.059715
38.8711010000001,27.0624920000001
38.8744350000001,27.0644420000001
38.8783190000001,27.0652730000001
38.920273,27.059166
38.923882,27.058048
38.929153,27.0530549999999
38.9333270000001,27.0408330000001
38.937485,26.9591640000001
38.936935,26.953888
38.9333270000001,26.9224970000001
38.9322130000001,26.918327
38.9205470000001,26.887497
38.9116520000001,26.869442
38.9091570000001,26.8611110000001
38.909714,26.85722
38.95443,26.8027730000001
38.9572220000001,26.8005490000001
38.9719309999999,26.7961040000001
38.9838869999999,26.794167
38.988319,26.794167
39.019997,26.796661
39.027771,26.798611
39.058884,26.8644410000001
39.0619350000001,26.8780520000001
39.064156,26.8811040000001
39.0694430000001,26.8858300000001
39.0733180000001,26.8847200000001
39.094994,26.871666
39.1008220000001,26.8677750000001
39.127213,26.848885
39.1325000000001,26.8438840000001
39.151108,26.8205530000001
39.1622090000001,26.80555
39.173264,26.759331
39.2213750000001,26.728886
39.263054,26.6447220000001
39.3011020000001,26.6649930000001
39.3988880000001,26.8113820000001
39.4741520000001,26.894997
39.481377,26.9324990000001
39.482491,26.9366650000001
39.484711,26.939716
39.548882,26.951939
39.5527730000001,26.951664
39.565819,26.944717
39.574997,26.9391590000001
39.5791630000001,26.9327740000001
39.5822220000001,26.9238820000001
39.5794299999999,26.8927730000001
39.5780490000001,26.8827710000001
39.574158,26.8761060000001
39.561661,26.817493
39.5561070000001,26.7616620000001
39.5552750000001,26.694443
39.5549930000001,26.66972
39.5516590000001,26.6594430000001
39.5347140000001,26.581387
39.5297090000001,26.5386090000001
39.465271,26.2122150000001
39.463326,26.2086110000001
39.4610980000001,26.199715
39.453049,26.133884
39.453049,26.1280520000001
39.454987,26.118607
39.4602740000001,26.1013830000001
39.4672090000001,26.08083
39.47084,26.0729900000001
39.4752660000001,26.0688860000001
39.483047,26.067219
39.4874880000001,26.067493
39.494987,26.0697170000001
39.581657,26.1013830000001
39.591103,26.107494
39.6077730000001,26.1333270000001
39.6291660000001,26.1533320000001
39.6361010000001,26.156384
39.656097,26.1602750000001
39.6863779999999,26.163052
39.8213810000001,26.1580510000001
39.8936,26.1544420000001
39.907776,26.149162
39.916656,26.148605
39.939713,26.1544420000001
39.953606,26.160553
39.9794390000001,26.174721
39.9972080000001,26.1874920000001
40.0022130000001,26.1930499999999
40.0058289999999,26.2002720000001
40.006104,26.2086110000001
40.003319,26.216942
40.0013890000001,26.2205510000001
39.9966659999999,26.2263830000001
39.991653,26.237778
39.9910960000001,26.2488820000001
40.005272,26.2897189999999
40.0186,26.3258290000001
40.0227740000001,26.332497
40.0286029999999,26.336941
40.1024860000001,26.38472
40.1399920000001,26.3986050000001
40.1916660000001,26.4333310000001
40.1930470000001,26.4433330000001
40.2091599999999,26.4994390000001
40.2158280000001,26.5144390000001
40.219994,26.521111
40.2833330000001,26.6083300000001
40.2855530000001,26.611382
40.3463750000001,26.6827740000001
40.3491520000001,26.6852720000001
40.3727650000001,26.701382
40.3849950000001,26.7072220000001
40.395821,26.809998
40.3955540000001,26.8869440000001
40.3836060000001,26.957497
40.38221,26.967499
40.391106,27.0266650000001
40.416382,27.053883
40.427216,27.0566640000001
40.4299930000001,27.058884
40.4469380000001,27.0847210000001
40.4483180000001,27.0888820000001
40.4527660000001,27.118607
40.4586110000001,27.2641640000001
40.4066620000001,27.3047220000001
40.407219,27.299164
40.4058229999999,27.2949939999999
40.402489,27.296661
40.386375,27.3052750000001
40.3836060000001,27.3074990000001
40.343323,27.387215
40.336098,27.401939
40.3241580000001,27.4291650000001
40.313889,27.4702760000001
40.312775,27.474995
40.3058320000001,27.5088840000001
40.305275,27.514439
40.303055,27.5519410000001
40.3063890000001,27.565273
40.313271,27.575024
40.309441,27.678329
40.3099980000001,27.7411080000001
40.3130420000001,27.772495
40.313889,27.7774930000001
40.3149950000001,27.781666
40.3186040000001,27.7888830000001
40.3655550000001,27.871666
40.3677750000001,27.874992
40.373322,27.8799930000001
40.3769380000001,27.881104
40.37999,27.8808329999999
40.3816530000001,27.8766590000001
40.3966599999999,27.8369410000001
40.3977740000001,27.826111
40.395821,27.817219
40.3902660000001,27.8005490000001
40.3894350000001,27.7958300000001
40.3902660000001,27.7911110000001
40.3927690000001,27.7880520000001
40.4822160000001,27.6888890000001
40.494164,27.686665
40.4972080000001,27.686382
40.5133290000001,27.707497
40.523598,27.724442
40.525269,27.7283330000001
40.526108,27.733051
40.529442,27.7524990000001
40.5299990000001,27.757217
40.5224910000001,27.8569370000001
40.4938890000001,28.0055500000001
40.4902730000001,28.0191610000001
40.486107,28.0255550000001
40.480553,28.030273
40.4674989999999,28.030827
40.4586110000001,28.0244410000001
40.447495,28.0091630000001
40.4369350000001,27.99305
40.4136050000001,27.9344410000001
40.4102710000001,27.9211040000001
40.408333,27.911942
40.395821,27.898331
40.3922200000001,27.896938
40.3874969999999,27.8966640000001
40.3813860000001,27.900555
40.3669360000001,27.9175000000001
40.362488,27.9299930000001
40.3574910000001,27.9477770000001
40.3563770000001,27.9586110000001
40.3691640000001,28.0358280000001
40.379715,28.075272
40.388611,28.1050000000001
40.3905490000001,28.1141620000001
40.3963780000001,28.1536060000001
40.398041,28.18055
40.397491,28.1908260000001
40.3940660000001,28.2038800000001
40.4033280000001,28.2438890000001
40.403603,28.2494390000001
40.3963780000001,28.48333
40.3952640000001,28.5091630000001
40.3636020000001,28.6744380000001
40.3902660000001,28.750832
40.3927690000001,28.7594380000001
40.394997,28.785275
40.394722,28.7974970000001
40.3919300000001,28.82972
40.385544,28.8733330000001
40.38221,28.881386
40.374985,28.890553
40.363884,28.9122160000001
40.3611070000001,28.9211040000001
40.359444,28.937222
40.3572160000001,28.97916
40.356934,28.9852710000001
40.364159,29.0444370000001
40.365822,29.0541650000001
40.368607,29.0622220000001
40.427216,29.143604
40.4294360000001,29.146664
40.433044,29.148048
40.4391560000001,29.1441610000001
40.4436040000001,29.1377720000001
40.476379,29.084438
40.4788820000001,29.075554
40.481377,29.04361
40.4811100000001,29.026939
40.4788820000001,29.0177730000001
40.469994,28.9883310000001
40.4610980000001,28.975826
40.4602740000001,28.9711040000001
40.460541,28.9661060000001
40.4683230000001,28.917217
40.4694370000001,28.9124950000001
40.476944,28.891937
40.5222170000001,28.7774930000001
40.524994,28.775272
40.5288850000001,28.776108
40.5322190000001,28.7780490000001
40.551384,28.7952769999999
40.558327,28.8041650000001
40.561378,28.8119389999999
40.5755540000001,28.852493
40.5886080000001,28.8941610000001
40.593117,28.90984
40.624718,28.955273
40.637215,28.9744420000001
40.6419300000001,28.986382
40.643883,29.001389
40.657494,29.1547160000001
40.662491,29.2516590000001
40.7024920000001,29.3866620000001
40.7030490000001,29.3913880000001
40.7016530000001,29.395554
40.685799,29.423996
40.720276,29.4794430000001
40.7322160000001,29.5055499999999
40.732773,29.510551
40.730553,29.513329
40.7063830000001,29.535828
40.6883319999999,29.5480540000001
40.686104,29.5511050000001
40.684998,29.5558320000001
40.685265,29.561108
40.7050090000001,29.701492
40.712769,29.8930550000001
40.7130510000001,29.91
40.7149890000001,29.924721
40.718597,29.932774
40.723885,29.938049
40.7313770000001,29.940273
40.7438890000001,29.9405520000001
40.760544,29.9344410000001
40.761658,29.916943
40.7722170000001,29.726109
40.7755510000001,29.5916600000001
40.771111,29.5622220000001
40.769157,29.5180550000001
40.7697220000001,29.412495
40.802773,29.3399930000001
40.811378,29.333328
40.8480529999999,29.2902759999999
40.8683320000001,29.2549930000001
40.9030460000001,29.1494410000001
40.9144439999999,29.1294400000001
40.973053,29.043327
41.034431,29.0255550000001
41.0512850000001,29.041832
41.118622,29.088221
41.1395680000001,29.088221
41.1560970000001,29.0727769999999
41.162766,29.0763820000001
41.16861,29.0808300000001
41.1819310000001,29.093884
41.2116550000001,29.1319430000001
41.2138750000001,29.134995
41.2224880000001,29.1538890000001
41.226662,29.1661110000001
41.236931,29.2130550000001
41.237221,29.218327
41.2366640000001,29.2238849999999
41.228043,29.2902759999999
41.195541,29.471104
41.1729970000001,29.5796010000001
41.1710970000001,29.60833
41.171944,29.613049
41.1736070000001,29.6169400000001
41.1783219999999,29.6224980000001
41.177773,29.6280520000001
41.1630480000001,29.7547190000001
41.1472240000001,29.8622060000001
41.145821,29.868889
41.144997,29.88055
41.139709,29.981384
41.1394350000001,29.9874950000001
41.1405490000001,30.155827
41.140831,30.161385
41.151375,30.1950000000001
41.192215,30.2616620000001
41.2080540000001,30.284718
41.2036059999999,30.324444
41.2024920000001,30.3291629999999
41.193886,30.3475
41.187775,30.3513830000001
41.1830440000001,30.3569370000001
41.1794360000001,30.364716
41.174988,30.3769420000001
41.1649630000001,30.4250490000001
41.1488880000001,30.486382
41.1455539999999,30.500549
41.143326,30.5169370000001
41.1338809999999,30.60611
41.0891650000001,30.7483330000001
41.086098,30.7566600000001
41.085274,30.7619440000001
41.076935,30.8797190000001
41.074715,30.933605
41.0745700000001,30.954735
41.0749970000001,30.98027
41.078331,31.07333
41.0888750000001,31.23111
41.089722,31.2358280000001
41.113884,31.298882
41.135818,31.3358310000001
41.138611,31.338608
41.1426319999999,31.3405420000001
41.1705470000001,31.3755489999999
41.1966630000001,31.402775
41.2091600000001,31.4111100000001
41.2172090000001,31.413052
41.277222,31.421944
41.2808230000001,31.4211040000001
41.3619310000001,31.5477710000001
41.3636020000001,31.557217
41.377495,31.60833
41.381386,31.6211050000001
41.432213,31.745831
41.433884,31.7497220000001
41.542496,31.9922220000001
41.605553,32.1544420000001
41.607216,32.158333
41.611382,32.164986
41.6333240000001,32.1794360000001
41.716103,32.272774
41.722771,32.2822190000001
41.8091660000001,32.5302659999999
41.828331,32.5883260000001
41.8322220000001,32.6008219999999
41.8333210000001,32.610825
41.8337549999999,32.6844330000001
41.839432,32.6924900000001
41.8491520000001,32.7213750000001
41.8580470000001,32.7727740000001
41.858887,32.79805
41.859154,32.828049
41.874985,32.9122090000001
41.8849950000001,32.9508290000001
41.8958210000001,32.9783330000001
41.897774,32.9816670000001
41.9005510000001,32.984444
41.908051,32.987221
41.9111100000001,32.9894410000001
41.913322,32.9927750000001
41.936378,33.0616610000001
41.9397130000001,33.0749970000001
41.976379,33.219719
42.0191570000001,33.3294299999999
42.0202640000001,33.3338780000001
42.019997,33.3455510000001
42.0169300000001,33.3985980000001
42.0058290000001,33.5361100000001
42.0024950000001,33.5511020000001
41.9977650000001,33.5638890000001
41.9924930000001,33.582497
41.9899980000001,33.5988850000001
41.9863820000001,33.6322099999999
41.979713,33.7380450000001
41.977776,33.774155
41.9749910000001,33.834717
41.973053,33.9238819999999
41.9811099999999,33.993889
41.9761050000001,34.1019440000001
41.959435,34.2094350000001
41.948318,34.2497180000001
41.946938,34.2613750000001
41.940819,34.3152690000001
41.943329,34.3644410000001
41.948044,34.55471
41.9402690000001,34.614716
41.9397130000001,34.6413880000001
41.94249,34.7155460000001
41.946663,34.7444310000001
41.954987,34.785828
41.9580540000001,34.7991640000001
41.9683229999999,34.8324970000001
41.9794390000001,34.8508220000001
42.0102770000001,34.889709
42.0366520000001,34.9172130000001
42.066933,34.945541
42.074715,34.9486010000001
42.0849910000001,34.945
42.0891650000001,34.945
42.0930400000001,34.946106
42.0927659999999,34.9577640000001
42.091942,34.978882
42.086098,35.006386
42.0780490000001,35.0274890000001
42.065269,35.0472110000001
42.004166,35.1169360000001
41.9977650000001,35.1130450000001
41.9727710000001,35.101662
41.961655,35.0969310000001
---
41.9958270000001,27.41
41.9936069999999,27.4130520000001
41.9769440000001,27.441109
41.9105530000001,27.5561070000001
41.9077760000001,27.566666
41.9072190000001,27.57222
41.9077760000001,27.576664
41.9094309999999,27.5805550000001
41.9130480000001,27.5816610000001
41.935555,27.5955510000001
41.9533309999999,27.628609
41.958321,27.6380540000001
41.9774859999999,27.7058300000001
42.0013890000001,27.8302730000001
42.0019380000001,27.8347210000001
42.005547,27.8644410000001
42.005547,27.869717
41.994713,27.903606
41.9841540000001,27.9711040000001
41.982216,28.0130540000001
41.937485,28.028332
41.909157,28.0324940000001
41.8916630000001,28.008053
41.8941570000001,27.996941
41.8941570000001,27.99194
41.8930440000001,27.987778
41.8891530000001,27.9808269999999
41.8863750000001,27.9777760000001
41.876389,27.9705510000001
41.864716,27.9647220000001
41.856667,27.963329
41.8319400000001,27.966942
41.8249970000001,27.968327
41.647774,28.0766640000001
41.631386,28.0905490000001
41.5941620000001,28.132217
41.541656,28.192776
41.534157,28.2016640000001
41.5235979999999,28.216942
41.508881,28.2427750000001
41.5020750000001,28.260786
41.489716,28.284718
41.481934,28.301105
41.469437,28.3319440000001
41.4194340000001,28.4580540000001
41.2972110000001,28.7925000000001
41.2822190000001,28.834995
41.2561040000001,28.938049
41.241096,29.01722
41.240555,29.0277750000001
41.24221,29.0313840000001
41.2516560000001,29.039162
41.255272,29.0461040000001
41.2558290000001,29.0508310000001
41.2480550000001,29.084438
41.2444310000001,29.0933270000001
41.2377780000001,29.1036110000001
41.232216,29.1077770000001
41.228882,29.109161
41.2252660000001,29.109161
41.214165,29.1077770000001
41.2099910000001,29.106937
41.174362,29.0710120000001
41.154533,29.039215
41.1231080000001,29.068394
41.0824970000001,29.0555500000001
41.0572129999999,29.039162
41.051941,29.033333
40.977776,28.9024930000001
40.9577640000001,28.8386080000001
40.9555440000001,28.8302730000001
40.95533,28.824299
40.9552690000001,28.8155520000001
40.960541,28.6277730000001
40.9647220000001,28.6047170000001
40.96666,28.6002770000001
40.977211,28.5971089999999
40.979382,28.5971089999999
40.9820520000001,28.59811
40.9870450000001,28.5989399999999
41.0036089999999,28.5994420000001
41.0102770000001,28.5972180000001
41.043053,28.5836110000001
41.046387,28.581944
41.064438,28.5713840000001
41.0699999999999,28.5669400000001
41.074432,28.559715
41.0780490000001,28.550831
41.080269,28.52916
41.0791629999999,28.5249980000001
41.061935,28.536659
41.0605550000001,28.5425000000001
41.061104,28.551941
41.059708,28.5572170000001
41.0569310000001,28.5594410000001
41.023041,28.567776
41.0194400000001,28.567776
40.9961010000001,28.5509950000001
40.994438,28.549328
40.9861070000001,28.538883
40.986931,28.528332
40.988319,28.523331
40.9922100000001,28.51527
41.0149920000001,28.4736100000001
41.0252690000001,28.4624979999999
41.0316620000001,28.4516640000001
41.035828,28.444443
41.041382,28.4311070000001
41.0458300000001,28.4158330000001
41.0544360000001,28.3761060000001
41.0791629999999,28.2427750000001
41.080269,28.2130550000001
41.078331,28.1672170000001
41.0766530000001,28.1486050000001
41.0716630000001,28.1319430000001
41.065269,28.1172280000001
41.061935,28.084721
41.057487,28.068333
41.0355529999999,28.0108300000001
41.03054,27.9997220000001
41.0238880000001,27.9899980000001
41.021111,27.987221
41.0094379999999,27.981384
41.0013890000001,27.9800000000001
40.996941,27.978333
40.9719310000001,27.9580540000001
40.96804,27.9430499999999
40.967499,27.9336050000001
40.96804,27.8880540000001
40.969994,27.8669400000001
40.973053,27.85722
40.9786000000001,27.8527760000001
40.9861070000001,27.844166
40.993889,27.8280530000001
41.0094379999999,27.779442
41.010544,27.7736050000001
41.013329,27.741383
41.0116580000001,27.7225000000001
41.00721,27.6861080000001
40.984444,27.5141640000001
40.9835970000001,27.50972
40.98082,27.501942
40.9763790000001,27.495548
40.967499,27.487495
40.960831,27.4827770000001
40.913605,27.4605480000001
40.8924870000001,27.452496
40.8602680000001,27.4483300000001
40.851944,27.4461100000001
40.84861,27.4438860000001
40.70443,27.298054
40.696106,27.2850000000001
40.6316530000001,27.176662
40.6179430000001,27.1373830000001
40.5922160000001,27.020281
40.5547100000001,26.9705510000001
40.532776,26.878326
40.480553,26.730827
40.4755479999999,26.719994
40.4538879999999,26.682217
40.4511110000001,26.679722
40.44722,26.6777730000001
40.4408190000001,26.679993
40.4319310000001,26.6852720000001
40.4283220000001,26.6861080000001
40.424431,26.684166
40.35611,26.6149980000001
40.3274920000001,26.583328
40.325272,26.579994
40.3063890000001,26.5508310000001
40.2374880000001,26.440273
40.1383290000001,26.3475000000001
40.1085970000001,26.321938
40.0541530000001,26.2219430000001
40.051659,26.213882
40.0452730000001,26.1811069999999
40.0452730000001,26.1763879999999
40.047211,26.164719
40.048882,26.1602750000001
40.051659,26.1580510000001
40.0552750000001,26.157219
40.0591660000001,26.1577760000001
40.063042,26.159718
40.1669390000001,26.2374950000001
40.176659,26.2491650000001
40.1950000000001,26.258884
40.198875,26.2608300000001
40.216385,26.26722
40.2205510000001,26.268055
40.2502750000001,26.272778
40.256386,26.2697220000001
40.264709,26.262772
40.3016590000001,26.231667
40.3172150000001,26.2097209999999
40.320267,26.208328
40.3255540000001,26.2141649999999
40.3402710000001,26.24194
40.426384,26.418053
40.482986,26.5431560000001
40.5061040000001,26.598328
40.5091630000001,26.611111
40.510277,26.6249920000001
40.5083240000001,26.646664
40.508606,26.676388
40.511101,26.6894420000001
40.555832,26.7772220000001
40.5677720000001,26.797497
40.58416,26.8244439999999
40.586937,26.827221
40.594437,26.826939
40.6008219999999,26.8247150000001
40.6374970000001,26.805275
40.6511080000001,26.793884
40.656097,26.7880519999999
40.6580510000001,26.7844430000001
40.659431,26.77916
40.6605530000001,26.7683300000001
40.6599880000001,26.763891
40.640549,26.6983300000001
40.6377720000001,26.685555
40.6369320000001,26.671104
40.6361010000001,26.6369439999999
40.6316530000001,26.580273
40.6166530000001,26.438049
40.60833,26.3594439999999
40.6066670000001,26.346104
40.5952760000001,26.321384
40.59304,26.308331
40.592209,26.2888830000001
40.592209,26.148605
40.5935970000001,26.1274989999999
40.5966569999999,26.1097179999999
40.6044390000001,26.0866620000001
40.6113820000001,26.077221
40.6194310000001,26.0702709999999
40.651932,26.057774
40.655266,26.056942
40.7358250000001,26.0447200000001
40.734375,26.051804
40.734154,26.067219
40.7361070000001,26.090549
40.739716,26.1077770000001
40.7455440000001,26.118332
40.75,26.1247220000001
40.7555469999999,26.1299930000001
40.8186039999999,26.1733280000001
40.877213,26.213608
40.888611,26.2511060000001
40.901932,26.287495
40.9519350000001,26.3594439999999
40.955826,26.3613820000001
41.0219349999999,26.375549
41.025551,26.3752750000001
41.0286030000001,26.373882
41.033333,26.3672220000001
41.0930400000001,26.3238870000001
41.234711,26.3249969999999
41.256943,26.35833
41.254166,26.3686069999999
41.253319,26.3797190000001
41.253319,26.38472
41.2594380000001,26.4152760000001
41.3294299999999,26.6036110000001
41.332497,26.611382
41.3369370000001,26.617775
41.350822,26.6316600000001
41.3544390000001,26.6338840000001
41.3588870000001,26.635277
41.3669360000001,26.6366620000001
41.378609,26.6372150000001
41.408875,26.6366620000001
41.416382,26.636387
41.419716,26.6358299999999
41.5460970000001,26.604443
41.611382,26.570271
41.633606,26.5194440000001
41.690819,26.398331
41.7110520000001,26.361095
41.7144319999999,26.355827
41.719997,26.350262
41.727486,26.3427730000001
41.738319,26.333611
41.7413790000001,26.332222
41.748878,26.3319440000001
41.7530520000001,26.332771
41.7747120000001,26.3399929999999
41.7866519999999,26.3455510000001
41.7933200000001,26.350277
41.8191530000001,26.374722
41.8219380000001,26.3774990000001
41.823044,26.3816600000001
41.823875,26.3913879999999
41.8249970000001,26.4466630000001
41.8241580000001,26.467773
41.8241580000001,26.4777760000001
41.8261110000001,26.5283320000001
41.826935,26.538052
41.828049,26.542217
41.8308260000001,26.5449940000001
41.8341600000001,26.5472180000001
41.8516619999999,26.5583310000001
41.871384,26.5658260000001
41.8986429999999,26.575294
41.9289249999999,26.560593
41.9347080000001,26.566383
41.9359660000001,26.568083
41.9394380000001,26.5727770000001
41.973053,26.621384
42.0069430000001,26.9305500000001
42.0069430000001,26.9355550000001
42.0033230000001,26.9622210000001
42.0813830000001,27.0313840000001
42.0858310000001,27.043053
42.0899890000001,27.0702710000001
42.1099930000001,27.2330510000001
42.102219,27.282494
42.1005480000001,27.287777
42.098885,27.2922170000001
42.0933230000001,27.304993
42.089432,27.3133320000001
42.0649950000001,27.3616640000001
42.0622180000001,27.364162
42.0591660000001,27.365555
42.0399860000001,27.3730550000001
42.010544,27.3919370000001
42.008041,27.3949969999999
---
