-8.56129199999998,179.213226
-8.46998599999995,179.198151
-8.46482499999996,179.200928
-8.46244299999995,179.203705
-8.464428,179.206879
-8.48189499999995,179.218384
-8.49221699999993,179.225143
-8.50492000000003,179.231094
-8.51841699999994,179.232285
-8.53350299999994,179.231491
-8.54342700000001,179.228317
-8.554146,179.222366
---
-8.066666,178.364136
-8.06611099999992,178.358002
-8.06139000000002,178.355804
-8.04499999999996,178.359955
-8.03083400000003,178.366058
-8.02749999999992,178.36969
-8.02888899999999,178.374969
-8.03638799999999,178.37439
-8.06277799999992,178.366913
---
-8.01666599999993,178.392761
-8.01250099999993,178.390259
-8,178.39151
-7.99555500000002,178.394135
-7.99277799999999,178.397766
-7.99138799999992,178.403046
-7.99333300000001,178.40802
-8,178.406921
-8.00361299999997,178.406647
-8.01194600000002,178.401642
-8.01527800000002,178.397766
---
-7.48416599999996,178.695801
-7.48277799999994,178.690247
-7.47888899999998,178.687469
-7.47333299999997,178.686096
-7.46805599999999,178.687469
-7.46444500000001,178.690796
-7.46861100000001,178.700531
-7.47194499999995,178.702759
-7.47805599999998,178.703308
-7.48222299999998,178.700531
---
-7.19194399999992,177.156647
-7.19138800000002,177.150543
-7.18861099999992,177.146362
-7.18444399999993,177.143585
-7.17972200000003,177.141663
-7.17361099999994,177.142212
-7.17499999999995,177.150543
-7.18777799999992,177.158875
---
-6.28833299999997,176.306366
-6.28694400000001,176.300812
-6.28333299999997,176.296631
-6.27805599999999,176.295258
-6.27111100000002,176.295258
-6.26250099999993,176.299988
-6.25888899999995,176.303589
-6.25750099999993,176.308868
-6.26166699999993,176.311646
-6.27611200000001,176.314423
-6.28138899999999,176.313019
-6.28555599999999,176.310242
---
-6.11444499999993,177.290253
-6.11333399999995,177.284698
-6.10638899999998,177.278046
-6.09944400000001,177.278046
-6.08944400000001,177.281372
-6.09888899999999,177.308868
-6.10499999999996,177.308014
-6.10833399999996,177.304688
-6.11166699999995,177.300537
-6.11388899999997,177.295807
---
-5.69388899999996,176.136383
-5.69333299999994,176.130249
-5.68444399999999,176.125244
-5.67916700000001,176.126617
-5.67500000000001,176.129395
-5.67555499999997,176.135529
-5.68444399999999,176.13916
-5.69055599999996,176.139709
---
-5.66805599999992,176.077454
-5.66750000000002,176.070526
-5.665277,176.066376
-5.66055599999993,176.068573
-5.65777799999995,176.079407
-5.66055599999993,176.083588
-5.665277,176.08136
---
