4.211944,34.019997
4.204166,34.032494
4.195555,34.044167
4.185555,34.054718
4.173611,34.063049
4.097221,34.088051
3.96,34.128052
3.943611,34.128609
3.84,34.184715
3.779166,34.222221
3.738055,34.361107
3.731667,34.38166
3.674722,34.459999
3.671389,34.463333
3.666111,34.464996
3.646389,34.46611
3.614444,34.464996
3.535555,34.457497
3.524167,34.455551
3.514444,34.45166
3.510278,34.449165
3.506944,34.445831
3.501111,34.437775
3.496111,34.429161
3.490278,34.407494
3.486666,34.40416
3.4825,34.401665
3.477222,34.400276
3.388333,34.403328
3.382222,34.40416
3.245555,34.453888
3.145833,34.506104
3.144722,34.511383
3.1325,34.539719
3.1225,34.550278
3.111111,34.559166
3.1025,34.564163
3.088333,34.570831
3.0775,34.573883
3.007222,34.582497
2.944722,34.589439
2.939444,34.590828
2.931389,34.596664
2.863611,34.658051
2.861111,34.662216
2.859722,34.66777
2.859444,34.673882
2.860833,34.679993
2.863055,34.684715
2.865833,34.688889
2.878055,34.712219
2.855833,34.749718
2.853333,34.753609
2.845277,34.759438
2.798055,34.779716
2.781111,34.783607
2.710556,34.789444
2.690833,34.789162
2.684722,34.789993
2.676111,34.794998
2.603889,34.839165
2.591666,34.847771
2.521111,34.909439
2.413055,34.882217
2.408055,34.880554
2.402778,34.879166
2.389722,34.878883
2.378333,34.881104
2.357222,34.887772
2.277778,34.919167
2.223889,34.94194
2.085,34.994438
1.895278,35.00972
1.671944,35
1.668611,34.999443
1.595556,34.964439
1.578889,34.953888
1.571666,34.947495
1.566111,34.939438
1.563056,34.921661
1.562778,34.914719
1.558333,34.905273
1.547778,34.895554
1.535278,34.887497
1.526389,34.883049
1.508611,34.875275
1.503611,34.873329
1.465278,34.864716
1.453611,34.863052
1.437222,34.859444
1.432222,34.857498
1.423889,34.852219
1.418889,34.843605
1.398551,34.795685
1.393611,34.792221
1.3375,34.802773
1.3325,34.804718
1.319444,34.818886
1.311944,34.825272
1.301111,34.828049
1.288889,34.82972
1.275278,34.830276
1.263055,34.829163
1.251389,34.827499
1.235555,34.822495
1.231389,34.819717
1.225555,34.811661
1.221944,34.801666
1.216944,34.764717
1.214167,34.739716
1.212778,34.706108
1.208055,34.689995
1.205833,34.685272
1.158889,34.605827
1.153055,34.597771
1.145,34.592499
1.092677,34.575546
1.113895,34.525551
1.097778,34.514442
1.085278,34.50666
1.076389,34.501938
1.048055,34.489716
1.038333,34.485832
1.027222,34.48333
1.015,34.482498
1.008333,34.482498
0.996111,34.484161
0.990556,34.485832
0.9775,34.485275
0.966389,34.483055
0.951944,34.477219
0.871944,34.442215
0.821944,34.410828
0.658056,34.278885
0.650833,34.272217
0.643889,34.264717
0.641111,34.260826
0.639444,34.248604
0.634722,34.218605
0.631111,34.208328
0.616389,34.174438
0.608611,34.161659
0.604444,34.159164
0.387778,34.106384
0.301667,34.053604
0.205077,33.981812
0.103056,33.907219
0.0825,33.912498
0.048611,33.92305
0,33.936836
-0.04814,33.950485
-0.100833,33.966385
-0.134167,33.976105
-0.265,33.953331
-0.278611,33.949997
-0.452778,33.91861
-0.953056,33.923332
-1.001111,33.920273
-1.000278,33.460831
-1.000722,33.438873
-1.000278,33.40583
-1,33.296104
-0.999722,33.186386
-1.000278,33.110832
-1,33.001106
-0.999708,32.89035
-0.999716,32.742416
-1,32.684166
-1.000278,32.615555
-1.000278,32.485275
-0.999722,31.677219
-0.999444,31.546944
-0.998889,31.293053
-0.998333,31.272499
-0.9975,31.059998
-0.997222,30.888611
-0.997737,30.761385
-0.997778,30.751389
-1.010834,30.703609
-1.015278,30.693886
-1.021389,30.686665
-1.065556,30.59333
-1.063334,30.48222
-1.061436,30.481422
-1.058889,30.477219
-1.055556,30.466942
-1.055,30.460831
-1.053889,30.443054
-1.058056,30.364719
-1.06,30.359997
-1.067778,30.353886
-1.143762,30.315357
-1.184722,30.297775
-1.206667,30.285553
-1.210834,30.283054
-1.214445,30.27972
-1.266667,30.229164
-1.315,30.171665
-1.3675,30.109165
-1.46,29.984444
-1.464445,29.974998
-1.475833,29.936665
-1.47611,29.92972
-1.472778,29.919441
-1.4675,29.91111
-1.464167,29.907497
-1.455833,29.901943
-1.432778,29.890553
-1.411667,29.884163
-1.397778,29.883888
-1.386111,29.88583
-1.373056,29.884998
-1.367778,29.883331
-1.326945,29.855274
-1.320278,29.841389
-1.319167,29.829166
-1.344167,29.7225
-1.346389,29.717777
-1.355278,29.706108
-1.358889,29.702774
-1.376111,29.692776
-1.380556,29.683331
-1.382778,29.671665
-1.386667,29.640831
-1.386945,29.626942
-1.387222,29.607777
-1.385834,29.596943
-1.330278,29.605553
-1.311111,29.606667
-1.219167,29.601109
-1.213611,29.59972
-1.205556,29.594166
-1.198334,29.58083
-1.191389,29.573887
-1.186667,29.571663
-1.173611,29.570831
-0.921944,29.574444
-0.910833,29.575832
-0.9,29.578331
-0.896389,29.581665
-0.893611,29.585831
-0.892778,29.591942
-0.893333,29.605
-0.8925,29.618053
-0.891667,29.624165
-0.888889,29.62833
-0.795556,29.63361
-0.785833,29.63361
-0.774167,29.631386
-0.750556,29.620552
-0.739444,29.617775
-0.733333,29.618332
-0.641389,29.63472
-0.580556,29.666664
-0.476667,29.652775
-0.439722,29.648609
-0.304722,29.67083
-0.202778,29.687763
-0.074444,29.708996
-0.011667,29.732498
0,29.734964
0.006111,29.734722
0.016944,29.731941
0.026667,29.727776
0.042778,29.716389
0.0475,29.714443
0.054444,29.714165
0.072222,29.716663
0.081944,29.720554
0.104722,29.731941
0.172222,29.773331
0.175278,29.777222
0.174444,29.783607
0.171944,29.787777
0.164444,29.793888
0.160556,29.803608
0.158611,29.813889
0.1675,29.816387
0.2775,29.839443
0.366667,29.85833
0.429049,29.912449
0.480278,29.957222
0.487222,29.962498
0.541944,29.961666
0.5475,29.960278
0.550833,29.956665
0.566389,29.944721
0.614722,29.939163
0.634444,29.938332
0.779444,29.945553
0.796111,29.949444
0.811111,29.954441
0.825555,29.960552
0.833754,29.965046
0.838055,29.969166
0.846707,29.986725
0.850556,29.990833
0.866667,30.015831
0.874722,30.03611
0.893333,30.086388
0.898611,30.115833
0.893333,30.130833
0.893333,30.136387
0.895555,30.141666
0.898333,30.145832
0.905278,30.152496
0.916389,30.161942
0.9925,30.21611
0.996389,30.218609
1.036111,30.222221
1.051111,30.216389
1.061944,30.213333
1.068055,30.214165
1.125,30.231667
1.13,30.233608
1.134166,30.236111
1.163889,30.269165
1.166667,30.273052
1.168889,30.278053
1.198333,30.370831
1.2,30.427498
1.200278,30.434444
1.201667,30.439999
1.206666,30.448608
1.212778,30.456108
1.237778,30.480831
1.244722,30.486942
1.321666,30.548885
1.473333,30.671387
1.493889,30.688053
1.498889,30.693333
1.503611,30.700275
1.618889,30.848331
1.765555,31.036663
1.9875,31.209721
2.121388,31.302776
2.16285,31.299202
2.229167,31.202499
2.325277,31.069164
2.396944,31.003052
2.408333,30.987221
2.410277,30.982498
2.411944,30.970833
2.411944,30.957222
2.408889,30.946388
2.406111,30.942497
2.397778,30.936943
2.388333,30.933052
2.360833,30.926941
2.351388,30.923054
2.343055,30.9175
2.339444,30.914165
2.336111,30.904163
2.335278,30.898052
2.335,30.891109
2.3375,30.880276
2.339444,30.875553
2.448055,30.729721
2.4675,30.73
2.479167,30.731941
2.598611,30.754997
2.603611,30.756943
2.674722,30.786942
2.739166,30.817219
2.781111,30.845833
2.783333,30.850555
2.786666,30.853886
2.790833,30.856388
2.833333,30.874722
2.843611,30.878052
2.849722,30.878609
2.880278,30.879997
2.885833,30.879997
2.897222,30.877777
2.9575,30.855553
2.966111,30.850555
2.970277,30.847775
3.009722,30.812496
3.0175,30.799999
3.026667,30.775276
3.029166,30.771111
3.0325,30.767776
3.036666,30.764999
3.048055,30.762775
3.055,30.762497
3.067222,30.763611
3.13,30.782219
3.240278,30.828053
3.288888,30.857777
3.291667,30.861664
3.324722,30.882774
3.401389,30.931664
3.411666,30.934998
3.417778,30.935555
3.424722,30.935555
3.505278,30.927776
3.510555,30.926388
3.521944,30.917221
3.524722,30.91333
3.525833,30.909164
3.525278,30.903053
3.523056,30.898331
3.493394,30.858818
3.5075,30.861942
3.521667,30.867775
3.530555,30.872219
3.565555,30.891388
3.671111,30.95472
3.691944,30.97472
3.696944,30.983608
3.795278,31.176666
3.795833,31.203888
3.795278,31.285275
3.794722,31.288055
3.745555,31.37722
3.698889,31.459721
3.653611,31.540833
3.713055,31.701942
3.715833,31.706108
3.761389,31.748608
3.800278,31.784443
3.817222,31.794441
3.806944,31.821663
3.788055,31.849998
3.781389,31.856941
3.703888,31.922222
3.687778,31.933331
3.6825,31.936386
3.621666,31.946388
3.594722,31.950275
3.593889,31.951111
3.591389,32.025833
3.582222,32.068489
3.566111,32.073883
3.551944,32.080276
3.539722,32.087219
3.5325,32.093605
3.528611,32.10305
3.524722,32.119438
3.521111,32.135826
3.511389,32.193329
3.514112,32.195732
3.575038,32.200829
3.595114,32.198883
3.611045,32.194435
3.616382,32.202888
3.743611,32.404442
3.745833,32.479164
3.751944,32.635277
3.753333,32.669167
3.755833,32.719444
3.780555,32.800278
3.803889,32.874718
3.811944,32.898048
3.837222,32.938332
3.863333,32.978607
3.888611,33.016663
3.808333,33.12722
3.766111,33.183884
3.764166,33.244995
3.758055,33.387772
3.752697,33.511238
3.752222,33.516937
3.764722,33.530273
4.222777,33.996666
---
