17.7716640000001,-64.758621
17.773052,-64.7533419999999
17.774166,-64.741394
17.772221,-64.73584
17.7644419999999,-64.7297359999999
17.7580530000001,-64.721954
17.7549970000001,-64.709167
17.745552,-64.696671
17.7447200000001,-64.689728
17.7500000000001,-64.687225
17.753887,-64.683899
17.7580530000001,-64.6744539999999
17.7677760000001,-64.663071
17.7691650000001,-64.6577909999999
17.765274,-64.6380619999999
17.7622180000001,-64.610001
17.761944,-64.5902859999999
17.7608300000001,-64.576675
17.759441,-64.570282
17.757221,-64.5650019999999
17.753887,-64.5608369999999
17.7483330000001,-64.560287
17.745277,-64.564178
17.7463870000001,-64.578064
17.749443,-64.590561
17.749443,-64.59584
17.7472190000001,-64.6005709999999
17.7361110000001,-64.61084
17.7302740000001,-64.618896
17.7258299999999,-64.6280669999999
17.721664,-64.6441799999999
17.710831,-64.668335
17.708332,-64.6919559999999
17.704166,-64.714172
17.7052760000001,-64.726395
17.7080539999999,-64.738892
17.706665,-64.744446
17.6994440000001,-64.757782
17.6980550000001,-64.763062
17.6991650000001,-64.776947
17.697777,-64.7886199999999
17.6936070000001,-64.804459
17.6916660000001,-64.8155669999999
17.6847189999999,-64.8230589999999
17.683331,-64.828339
17.683331,-64.833618
17.688889,-64.843063
17.6844440000001,-64.852234
17.6858330000001,-64.858612
17.6891630000001,-64.8625029999999
17.68972,-64.868057
17.6869430000001,-64.872223
17.685555,-64.8775019999999
17.6766660000001,-64.8961179999999
17.679443,-64.895844
17.6824990000001,-64.8919529999999
17.6869430000001,-64.888901
17.7102780000001,-64.8819579999999
17.723888,-64.880005
17.7338870000001,-64.883057
17.7466659999999,-64.890839
17.7524990000001,-64.891678
17.7583310000001,-64.890015
17.7622180000001,-64.886398
17.764999,-64.882507
17.769722,-64.87973
17.7747190000001,-64.8708339999999
17.774441,-64.864456
17.770832,-64.8619539999999
17.761665,-64.844452
17.7602769999999,-64.8380579999999
17.7608300000001,-64.831955
17.7622180000001,-64.82695
17.7680550000001,-64.818619
17.771942,-64.8155669999999
17.7747190000001,-64.8114009999999
17.7888869999999,-64.796951
17.7925000000001,-64.786957
17.789997,-64.773346
17.786942,-64.7694549999999
17.783054,-64.766403
17.774166,-64.761948
---
18.3074990000001,-64.7044529999999
18.31583,-64.7691799999999
18.317776,-64.7747339999999
18.3263850000001,-64.7880709999999
18.3308299999999,-64.7902829999999
18.336941,-64.790009
18.3430520000001,-64.7819519999999
18.36861,-64.7441709999999
18.3708310000001,-64.739182
18.371944,-64.731949
18.3705519999999,-64.7086179999999
18.3508300000001,-64.668335
18.3475000000001,-64.6644589999999
18.3397220000001,-64.65834
18.3352780000001,-64.661118
18.332222,-64.665283
---
18.310555,-64.878067
18.3166660000001,-64.886398
18.3363880000001,-64.923065
18.3386080000001,-64.928619
18.346943,-64.9794459999999
18.349163,-65.011948
18.350555,-65.018341
18.3569409999999,-65.026123
18.3627780000001,-65.026947
18.3672220000001,-65.02417
18.377777,-64.976669
18.3752750000001,-64.950012
18.364719,-64.9039
18.3386080000001,-64.846954
18.328888,-64.834457
18.324444,-64.831955
18.3174970000001,-64.833069
18.3130530000001,-64.8358459999999
18.312496,-64.841675
---
