-0.39805599999994,-160.028107
-0.395278000000019,-160.039734
-0.389166999999986,-160.047241
-0.383610999999974,-160.048615
-0.376666999999998,-160.041718
-0.37472200000002,-160.036987
-0.37388900000002,-160.030853
-0.37472200000002,-160.017792
-0.380277999999976,-160.00946
-0.389166999999986,-160.00946
-0.394445000000019,-160.010834
-0.397221999999942,-160.015015
-0.39805599999994,-160.021149
---
0.215278000000069,-176.461426
0.216667000000029,-176.46698
0.222221999999931,-176.468323
0.22750000000002,-176.459991
0.226111000000003,-176.453918
0.220833000000141,-176.453369
0.215832999999975,-176.456146
---
0.790278000000114,-176.636169
0.791667000000132,-176.641693
0.795554999999922,-176.64447
0.801111000000105,-176.645844
0.807222000000024,-176.64505
0.81277799999998,-176.643097
0.812221999999963,-176.637512
0.808610999999985,-176.632751
0.797777999999994,-176.629974
0.793055000000038,-176.632202
---
16.7241590000001,-169.53894
16.7263790000001,-169.543884
16.7288820000001,-169.542511
16.7311060000001,-169.537537
16.732491,-169.531708
16.7316630000001,-169.52533
16.7288820000001,-169.522522
---
19.2794420000001,166.63916
19.2972180000001,166.613861
19.3049960000001,166.607452
19.309162,166.610504
19.324577,166.627594
19.318607,166.648041
19.316387,166.653046
19.3136099999999,166.657471
19.309441,166.660248
19.297775,166.662201
19.284443,166.662476
19.28194,166.65802
19.2805519999999,166.652191
19.2794420000001,166.646362
---
28.1938860000001,-177.342224
28.1966630000001,-177.341675
28.2105480000001,-177.326111
28.213608,-177.321686
28.2063830000001,-177.318054
28.2008290000001,-177.317505
28.197773,-177.322266
28.194157,-177.334442
---
28.1841580000001,-177.393341
28.1874920000001,-177.395844
28.212769,-177.389771
28.2163850000001,-177.386169
28.2211040000001,-177.376923
28.2219349999999,-177.370026
28.221661,-177.363068
28.219162,-177.358032
28.20583,-177.362762
28.2022130000001,-177.366394
28.1863780000001,-177.388062
---
