-30.718334,-57.812225
-30.709167,-57.815559
-30.646946,-57.843056
-30.638336,-57.848618
-30.63139,-57.856674
-30.621948,-57.870003
-30.619446,-57.875282
-30.613335,-57.884171
-30.604446,-57.889725
-30.592224,-57.890007
-30.535004,-57.88945
-30.521946,-57.887222
-30.508335,-57.878334
-30.504448,-57.874725
-30.494446,-57.862503
-30.451115,-57.801674
-30.445557,-57.792229
-30.417503,-57.746117
-30.354725,-57.668892
-30.301113,-57.632782
-30.296391,-57.630005
-30.285835,-57.625839
-30.271946,-57.624168
-30.237782,-57.629448
-30.184925,-57.608002
-30.195557,-57.57917
-30.198612,-57.574448
-30.205559,-57.566673
-30.210281,-57.564171
-30.215836,-57.562782
-30.228889,-57.563614
-30.234169,-57.566116
-30.245834,-57.568062
-30.252781,-57.568062
-30.256947,-57.564171
-30.262501,-57.555557
-30.270279,-57.539169
-30.273891,-57.528061
-30.27528,-57.521667
-30.279446,-57.499451
-30.280281,-57.491394
-30.272224,-57.356392
-30.266392,-57.326118
-30.266945,-57.318336
-30.271946,-57.30806
-30.278893,-57.299446
-30.293335,-57.285278
-30.293335,-57.233894
-30.293335,-57.220284
-30.290836,-57.207504
-30.286114,-57.198059
-30.279167,-57.189171
-30.243336,-57.150002
-30.233059,-57.145836
-30.21389,-57.146393
-30.202225,-57.147781
-30.189724,-57.14695
-30.180279,-57.141396
-30.139446,-57.107506
-30.13139,-57.100281
-30.111668,-57.076118
-30.106113,-57.065834
-30.097504,-56.933617
-30.096668,-56.860558
-30.105278,-56.811394
-30.115559,-56.790283
-30.224724,-56.643616
-30.232224,-56.634727
-30.299168,-56.56778
-30.323059,-56.548058
-30.345837,-56.526947
-30.358891,-56.511116
-30.460003,-56.387505
-30.508335,-56.315285
-30.535835,-56.266945
-30.558334,-56.23584
-30.675835,-56.116394
-30.795834,-56.001671
-30.812778,-55.989723
-30.841667,-55.976952
-30.853889,-55.976395
-30.866947,-55.976952
-30.885559,-55.98278
-30.895836,-55.987228
-30.913059,-56.000282
-30.923889,-56.003334
-30.9375,-56.005005
-30.963612,-56.006668
-31.066391,-56.012222
-31.079794,-56.008923
-31.081669,-55.986671
-31.082226,-55.910561
-31.080002,-55.890556
-31.074722,-55.843338
-31.073891,-55.836945
-31.06778,-55.828056
-31.016945,-55.759445
-30.949448,-55.671951
-30.874168,-55.640839
-30.867226,-55.640007
-30.856392,-55.636116
-30.852222,-55.633057
-30.848614,-55.628891
-30.844448,-55.618057
-30.84528,-55.589172
-30.845837,-55.581947
-30.848614,-55.576393
-30.888889,-55.521118
-30.963058,-55.421669
-31.041668,-55.353889
-31.049725,-55.347504
-31.070278,-55.33223
-31.075001,-55.329727
-31.080559,-55.328056
-31.092224,-55.327225
-31.098335,-55.327782
-31.224724,-55.251671
-31.237782,-55.243057
-31.245281,-55.235558
-31.254169,-55.221947
-31.320557,-55.101952
-31.325836,-55.092224
-31.327778,-55.085556
-31.328613,-55.078613
-31.328335,-55.071396
-31.326946,-55.065002
-31.325001,-55.060005
-31.320835,-55.056114
-31.31889,-54.976952
-31.350834,-54.942505
-31.374447,-54.913612
-31.409725,-54.865837
-31.423336,-54.842506
-31.43,-54.825562
-31.433891,-54.813614
-31.4375,-54.80056
-31.441113,-54.770836
-31.441113,-54.75528
-31.438614,-54.72834
-31.439167,-54.712227
-31.441113,-54.697784
-31.456669,-54.605835
-31.458057,-54.598618
-31.46278,-54.588058
-31.466114,-54.583893
-31.572502,-54.475563
-31.576668,-54.472504
-31.58139,-54.470001
-31.586945,-54.468338
-31.603336,-54.464729
-31.672611,-54.463402
-31.681667,-54.441673
-31.693611,-54.415001
-31.711945,-54.387222
-31.719448,-54.379173
-31.746391,-54.354446
-31.753891,-54.347778
-31.804447,-54.285835
-31.887222,-54.164452
-31.884167,-54.09584
-31.876392,-54.08139
-31.874447,-54.075005
-31.875,-54.066948
-31.876945,-54.061951
-31.938057,-53.925835
-31.943058,-53.916115
-31.949448,-53.906395
-31.967781,-53.879723
-31.975559,-53.872223
-31.986668,-53.870003
-32.096672,-53.743057
-32.206947,-53.664726
-32.265556,-53.638062
-32.277229,-53.636391
-32.299446,-53.644173
-32.306114,-53.644173
-32.317505,-53.641945
-32.350838,-53.634445
-32.361115,-53.63028
-32.369171,-53.623894
-32.431114,-53.567505
-32.446114,-53.553337
-32.460838,-53.537224
-32.474449,-53.521118
-32.565559,-53.409172
-32.570557,-53.39917
-32.573334,-53.385834
-32.575279,-53.37056
-32.57917,-53.349724
-32.600838,-53.260002
-32.631111,-53.196945
-32.636948,-53.186394
-32.661118,-53.159172
-32.711945,-53.105003
-32.719452,-53.097504
-32.724167,-53.094727
-32.729729,-53.093056
-32.733612,-53.095284
-32.737228,-53.098335
-32.802181,-53.170795
-32.862228,-53.24556
-32.946671,-53.298615
-33.040283,-53.435562
-33.059174,-53.462227
-33.068893,-53.474724
-33.080833,-53.486115
-33.092781,-53.496391
-33.107224,-53.504173
-33.121674,-53.511948
-33.136948,-53.51973
-33.141613,-53.521046
-33.147781,-53.522781
-33.166389,-53.52639
-33.199448,-53.530281
-33.212227,-53.530006
-33.230003,-53.527229
-33.259445,-53.522224
-33.281952,-53.517502
-33.298889,-53.513893
-33.321396,-53.509171
-33.408058,-53.501114
-33.428062,-53.501396
-33.460281,-53.505005
-33.486389,-53.508339
-33.524727,-53.513893
-33.574173,-53.523056
-33.611115,-53.528893
-33.656952,-53.534447
-33.67334,-53.529724
-33.681396,-53.523056
-33.684723,-53.51889
-33.6875,-53.513618
-33.738892,-53.405556
-33.742783,-53.393059
-33.743896,-53.386391
-33.740669,-53.374298
-33.75695,-53.39917
-33.76973,-53.416672
-33.792229,-53.439728
-33.812225,-53.457504
-33.820839,-53.46389
-33.854446,-53.482506
-33.876114,-53.490562
-33.897781,-53.498337
-33.910835,-53.5
-33.979729,-53.512779
-34.056671,-53.53167
-34.066116,-53.537224
-34.070007,-53.541672
-34.082504,-53.568336
-34.105278,-53.598892
-34.185837,-53.693893
-34.193062,-53.70195
-34.214172,-53.718338
-34.252785,-53.747223
-34.257507,-53.750282
-34.262222,-53.753059
-34.273056,-53.75695
-34.328613,-53.775841
-34.340836,-53.778336
-34.347229,-53.777779
-34.352226,-53.775558
-34.420563,-53.841949
-34.450836,-53.904167
-34.494171,-53.975563
-34.503891,-53.988892
-34.591949,-54.093613
-34.609451,-54.113892
-34.623894,-54.130005
-34.635834,-54.140839
-34.640556,-54.14389
-34.646667,-54.143333
-34.656395,-54.138893
-34.662781,-54.138618
-34.66806,-54.140556
-34.671394,-54.145004
-34.676392,-54.171394
-34.681114,-54.229446
-34.669449,-54.241951
-34.636673,-54.250557
-34.620003,-54.254448
-34.613617,-54.254723
-34.608337,-54.252785
-34.603615,-54.249725
-34.597229,-54.240837
-34.591949,-54.238892
-34.586113,-54.24028
-34.58139,-54.2425
-34.576668,-54.253616
-34.5625,-54.305557
-34.561394,-54.311111
-34.561111,-54.31945
-34.562782,-54.325562
-34.567505,-54.325005
-34.653618,-54.296951
-34.661667,-54.290001
-34.673889,-54.280006
-34.682785,-54.276672
-34.688339,-54.276947
-34.693893,-54.279167
-34.697784,-54.282784
-34.723335,-54.333893
-34.725838,-54.339172
-34.806084,-54.531113
-34.811111,-54.54834
-34.824722,-54.588615
-34.858894,-54.686111
-34.875557,-54.724449
-34.923615,-54.830559
-34.943611,-54.896118
-34.948891,-54.950279
-34.940285,-54.956116
-34.937225,-54.960838
-34.896118,-55.044174
-34.891396,-55.055557
-34.888062,-55.068611
-34.885834,-55.083618
-34.884727,-55.100281
-34.885559,-55.123062
-34.886948,-55.137222
-34.892502,-55.170563
-34.904724,-55.213615
-34.90834,-55.233063
-34.908615,-55.240837
-34.907227,-55.256668
-34.893333,-55.282227
-34.887779,-55.28334
-34.874725,-55.28334
-34.870285,-55.286118
-34.851395,-55.304726
-34.82695,-55.333618
-34.81778,-55.347778
-34.810562,-55.365005
-34.808449,-55.373398
-34.803894,-55.433334
-34.782784,-55.592506
-34.780556,-55.607506
-34.774445,-55.685562
-34.774727,-55.693336
-34.776672,-55.706673
-34.788895,-55.787506
-34.795837,-55.811668
-34.828339,-55.910278
-34.835556,-55.926117
-34.841118,-55.935837
-34.856949,-55.958336
-34.865837,-55.972778
-34.879448,-55.997223
-34.886673,-56.013062
-34.890839,-56.024445
-34.89167,-56.031395
-34.890823,-56.034332
-34.927223,-56.15834
-34.911667,-56.313057
-34.910561,-56.320282
-34.907501,-56.325279
-34.843056,-56.42556
-34.838058,-56.426117
-34.814728,-56.403618
-34.795433,-56.366905
-34.787506,-56.411667
-34.763893,-56.578896
-34.689445,-56.829727
-34.666115,-56.887779
-34.663612,-56.893333
-34.660004,-56.897224
-34.655006,-56.89917
-34.64389,-56.90139
-34.635284,-56.907227
-34.466118,-57.104729
-34.462227,-57.117783
-34.452972,-57.174271
-34.449448,-57.18
-34.447784,-57.186394
-34.446945,-57.194725
-34.449722,-57.433334
-34.443336,-57.553337
-34.458618,-57.655281
-34.46167,-57.668335
-34.494446,-57.826668
-34.495285,-57.833618
-34.494728,-57.840279
-34.486671,-57.846947
-34.449173,-57.875282
-34.439171,-57.879173
-34.433617,-57.880005
-34.388062,-57.896667
-34.383057,-57.898613
-34.370003,-57.907227
-34.361946,-57.913895
-34.308334,-57.964447
-34.19445,-58.075562
-34.186951,-58.083336
-34.178894,-58.098892
-34.175003,-58.111946
-34.123062,-58.210838
-34.104729,-58.221115
-34.0625,-58.251114
-34.001671,-58.300835
-33.986671,-58.315559
-33.974724,-58.335007
-33.964729,-58.357224
-33.96167,-58.361946
-33.955284,-58.371117
-33.935005,-58.39695
-33.929726,-58.402779
-33.92556,-58.405838
-33.915558,-58.409447
-33.875565,-58.415108
-33.85556,-58.423058
-33.840561,-58.428894
-33.829445,-58.43084
-33.702507,-58.438057
-33.554451,-58.438614
-33.536392,-58.433891
-33.521118,-58.426392
-33.511948,-58.42028
-33.503334,-58.413612
-33.48056,-58.390839
-33.47139,-58.384727
-33.466118,-58.382507
-33.453896,-58.379448
-33.441391,-58.379723
-33.435837,-58.380562
-33.422501,-58.388893
-33.41584,-58.413895
-33.406952,-58.419449
-33.39473,-58.416389
-33.367226,-58.405556
-33.361946,-58.403336
-33.357506,-58.400284
-33.353615,-58.396393
-33.350563,-58.391945
-33.34584,-58.381393
-33.34417,-58.375557
-33.341118,-58.371117
-33.333618,-58.363617
-33.328896,-58.360283
-33.319168,-58.355278
-33.313057,-58.353615
-33.27417,-58.34639
-33.268616,-58.347504
-33.220001,-58.357506
-33.181396,-58.36528
-33.163895,-58.3675
-33.150841,-58.366669
-33.133339,-58.361946
-33.128616,-58.359169
-33.118614,-58.34639
-33.115562,-58.33445
-33.113892,-58.313614
-33.115005,-58.289726
-33.11834,-58.248894
-33.12056,-58.233612
-33.121674,-58.209724
-33.120003,-58.196671
-33.111946,-58.166672
-33.107506,-58.156395
-33.101952,-58.146393
-33.09584,-58.137505
-33.0625,-58.095001
-33.055,-58.087784
-33.041115,-58.078613
-32.934723,-58.045563
-32.915558,-58.04528
-32.903618,-58.046394
-32.898056,-58.047501
-32.888062,-58.051117
-32.873611,-58.057503
-32.869171,-58.060562
-32.850563,-58.079727
-32.847504,-58.084167
-32.845001,-58.089729
-32.835556,-58.103615
-32.825562,-58.116112
-32.813057,-58.125557
-32.798615,-58.13195
-32.788063,-58.135002
-32.771118,-58.138062
-32.759445,-58.139168
-32.746948,-58.139168
-32.733337,-58.137779
-32.708336,-58.138062
-32.672226,-58.140556
-32.603615,-58.150558
-32.598061,-58.151672
-32.588058,-58.155556
-32.492104,-58.193237
-32.483894,-58.196671
-32.472778,-58.198616
-32.45031,-58.199242
-32.408615,-58.18
-32.399445,-58.173889
-32.369728,-58.150284
-32.354172,-58.135284
-32.335838,-58.108337
-32.328056,-58.101112
-32.322784,-58.098892
-32.315834,-58.098061
-32.294586,-58.097557
-32.259171,-58.099167
-32.25415,-58.100777
-32.246101,-58.107208
-32.227226,-58.134445
-32.216118,-58.145561
-32.196671,-58.162781
-32.170654,-58.179436
-32.160599,-58.18306
-32.155006,-58.184174
-32.141113,-58.182503
-32.128891,-58.179451
-32.123611,-58.177223
-32.110001,-58.168335
-32.106079,-58.164749
-32.101234,-58.158241
-32.086945,-58.153618
-32.066391,-58.151115
-31.995834,-58.145561
-31.99028,-58.146393
-31.959724,-58.156952
-31.944725,-58.162506
-31.940281,-58.165283
-31.910278,-58.19445
-31.897224,-58.202507
-31.89167,-58.203613
-31.880001,-58.200005
-31.86639,-58.190285
-31.854168,-58.178894
-31.841114,-58.162224
-31.835556,-58.145279
-31.833057,-58.132782
-31.829723,-58.106392
-31.824448,-58.089447
-31.8125,-58.063614
-31.803337,-58.05056
-31.791115,-58.040283
-31.786392,-58.037224
-31.775837,-58.032784
-31.628613,-57.983894
-31.610279,-57.979172
-31.596668,-57.977783
-31.583614,-57.976952
-31.577225,-57.977226
-31.566113,-57.979172
-31.552502,-57.986671
-31.54417,-57.993057
-31.528614,-58.006668
-31.518612,-58.019173
-31.507267,-58.03569
-31.494167,-58.065285
-31.488056,-58.074173
-31.480003,-58.080559
-31.474167,-58.081673
-31.461391,-58.07917
-31.452778,-58.072502
-31.446667,-58.063614
-31.435837,-58.043892
-31.431114,-58.033615
-31.423336,-58.011948
-31.417778,-58.002502
-31.406391,-57.991394
-31.278614,-57.924446
-31.268612,-57.919449
-31.258057,-57.915001
-31.065556,-57.853615
-30.890003,-57.798058
-30.876945,-57.795837
-30.814724,-57.797226
-30.796669,-57.79834
-30.791763,-57.799324
-30.773891,-57.801392
-30.756947,-57.804451
-30.748219,-57.806396
---
