-14.323891,-178.060822
-14.31778,-178.134216
-14.316389,-178.140564
-14.308058,-178.1539
-14.287781,-178.171112
-14.278057,-178.177826
-14.272779,-178.180878
-14.256111,-178.188324
-14.243334,-178.191101
-14.2361129999999,-178.189453
-14.231668,-178.185577
-14.2330549999999,-178.177826
-14.246944,-178.129974
-14.250278,-178.124695
-14.3144449999999,-178.044769
-14.316668,-178.042267
-14.319447,-178.042511
---
-13.353054,-176.165039
-13.3527769999999,-176.167816
-13.3511099999999,-176.170319
-13.341391,-176.177246
-13.3136139999999,-176.18808
-13.286945,-176.191101
-13.257778,-176.185822
-13.2436099999999,-176.183075
-13.232224,-176.178345
-13.21611,-176.160553
-13.213614,-176.156158
-13.214169,-176.15033
-13.218058,-176.145844
-13.25139,-176.123627
-13.256392,-176.121948
-13.263334,-176.121094
-13.338333,-176.138611
-13.3436129999999,-176.140564
-13.346666,-176.14447
-13.3527769999999,-176.161438
---
