12.1061099999999,53.336937
12.113333,53.273331
12.1152760000001,53.268051
12.1180550000001,53.263611
12.121111,53.2597200000001
12.1249980000001,53.25666
12.1316660000001,53.274994
12.1330550000001,53.2802730000001
12.134443,53.2916640000001
12.1319430000001,53.304718
12.120832,53.3338850000001
12.1138879999999,53.3408280000001
12.108889,53.3408280000001
---
12.1330550000001,53.0799940000001
12.1338880000001,53.0733260000001
12.1547220000001,53.0141600000001
12.158609,53.011383
12.1624980000001,53.0130540000001
12.1741660000001,53.0286100000001
12.177776,53.03833
12.1813890000001,53.0541610000001
12.180555,53.067215
12.175554,53.0961070000001
12.1730540000001,53.1005550000001
12.162222,53.1097180000001
12.1527770000001,53.1133270000001
12.147499,53.1127779999999
12.1372200000001,53.0952760000001
12.13361,53.085831
---
12.2005540000001,52.2788850000001
12.201944,52.291107
12.19972,52.362221
12.1980550000001,52.3933260000001
12.1950000000001,52.3972170000001
12.155277,52.395828
12.150833,52.3933260000001
12.1488880000001,52.3825
12.1447219999999,52.341385
12.147778,52.2688830000001
12.1719440000001,52.178886
12.186388,52.13166
12.1883320000001,52.1263890000001
12.1961099999999,52.112778
12.201944,52.103607
12.2152770000001,52.089165
12.2227760000001,52.0830539999999
12.2280539999999,52.084999
12.2402760000001,52.0922160000001
12.2469440000001,52.135551
12.2461110000001,52.1424940000001
12.238609,52.164162
12.2336100000001,52.173332
12.2197210000001,52.186943
12.2108330000001,52.1991649999999
12.205555,52.2083279999999
12.2027760000001,52.220551
12.201111,52.2341610000001
---
12.6302780000001,43.432777
12.645832,43.3988880000001
12.6488880000001,43.394997
12.6530550000001,43.392494
12.6586090000001,43.3913879999999
12.666388,43.3961110000001
12.669722,43.3997190000001
12.673887,43.4091639999999
12.672222,43.422218
12.6677760000001,43.431664
12.662498,43.43972
12.659443,43.4438860000001
12.6522220000001,43.450272
12.6474989999999,43.4505540000001
12.634998,43.4422150000001
12.6311090000001,43.4386060000001
---
12.605,53.8144379999999
12.605,53.823883
12.6069430000001,53.8344420000001
12.6586090000001,54.003609
12.6855550000001,54.0655520000001
12.7041660000001,54.09111
12.7021500000001,54.105911
12.6988890000001,54.126663
12.6933330000001,54.144165
12.6911110000001,54.1486050000001
12.674166,54.1813890000001
12.650555,54.220833
12.6466659999999,54.2541660000001
12.6452770000001,54.2591629999999
12.5800000000001,54.440826
12.5724980000001,54.4547200000001
12.557777,54.4769440000001
12.539721,54.469994
12.4783330000001,54.4130549999999
12.4024980000001,54.222496
12.374443,54.179443
12.3550000000001,54.149162
12.350832,54.1394420000001
12.34861,54.128883
12.3477760000001,54.119164
12.344166,54.014717
12.3127770000001,53.79277
12.308611,53.7647170000001
12.3080540000001,53.7536090000001
12.3091660000001,53.738052
12.3288879999999,53.636108
12.3391669999999,53.5958330000001
12.346388,53.571106
12.491388,53.373604
12.5458320000001,53.325829
12.54611,53.335831
12.5533330000001,53.375275
12.55722,53.385277
12.56111,53.3899990000001
12.5666659999999,53.3949970000001
12.581388,53.402222
12.601387,53.406387
12.6166650000001,53.408051
12.62611,53.407776
12.6466659999999,53.401108
12.6530550000001,53.4016650000001
12.658054,53.4049990000001
12.6622220000001,53.409721
12.716665,53.4974980000001
12.7177770000001,53.5019380000001
12.707222,53.6427760000001
12.7033330000001,53.65361
12.696943,53.6633299999999
12.6622220000001,53.7136080000001
12.6266650000001,53.7613830000001
12.619165,53.7699969999999
12.6163880000001,53.774719
---
13.6600000000001,42.691109
13.6608310000001,42.6861039999999
13.6661109999999,42.677216
13.6708320000001,42.675552
13.6769430000001,42.675278
13.7311100000001,42.7113880000001
13.741665,42.719162
13.76111,42.7474980000001
13.782776,42.78833
13.7811110000001,42.793884
13.7774980000001,42.797218
13.745277,42.7894440000001
13.6986100000001,42.7558290000001
---
13.9094430000001,42.781105
13.9161110000001,42.763054
13.9913880000001,42.7005540000001
13.9997220000001,42.695549
14.0136110000001,42.6891630000001
14.058611,42.743332
14.0669440000001,42.766388
14.0661110000001,42.769997
14.052221,42.7830510000001
14.0486110000001,42.7863850000001
14.044443,42.7888869999999
14.024166,42.7955550000001
14,42.799721
13.9938890000001,42.7999950000001
13.916943,42.793327
13.913055,42.7911070000001
13.91,42.7874980000001
---
15.270832,42.588882
15.272499,42.583328
15.2755550000001,42.579163
15.2899990000001,42.565277
15.3013880000001,42.5558320000001
15.306944,42.556107
15.3872200000001,42.5680540000001
15.3925,42.568886
15.4111100000001,42.5786060000001
15.450554,42.6086040000001
15.458332,42.6424939999999
15.4561100000001,42.647499
15.447222,42.659721
15.39361,42.652222
15.3880540000001,42.6505510000001
15.339722,42.6341630000001
15.301666,42.614166
15.279165,42.6013869999999
15.275,42.598328
15.2719440000001,42.594719
---
15.6052760000001,52.189163
15.5597210000001,52.0408330000001
15.5263880000001,51.958328
15.423054,51.7188870000001
15.3977780000001,51.6758270000001
15.394722,51.6719440000001
15.3855550000001,51.667221
15.3744430000001,51.663605
15.361387,51.6627730000001
15.3563879999999,51.6644440000001
15.3252770000001,51.5827710000001
15.2933330000001,51.4938890000001
15.202776,51.272499
15.1983320000001,51.263611
15.1891650000001,51.245277
15.18611,51.234993
15.170555,51.164162
15.150833,51.071938
15.137499,51.0066600000001
15.135277,50.9958270000001
15.1058330000001,50.865555
15.073332,50.749443
15.0658320000001,50.7227710000001
15.0705550000001,50.7061080000001
15.0705550000001,50.6997149999999
15.0452770000001,50.559441
15.041666,50.543327
15.019722,50.483887
15.014166,50.468887
15.005278,50.4508289999999
14.9777770000001,50.409439
14.839998,50.1855550000001
14.837776,50.174164
14.8174990000001,50.0558320000001
14.8161109999999,50.0444410000001
14.8169439999999,50.0372160000001
14.82111,50.034996
14.834721,50.035828
14.8397220000001,50.034164
14.8466660000001,50.0272220000001
14.8466660000001,50.020828
14.8461090000001,49.9658279999999
14.8438870000001,49.954437
14.769999,49.712219
14.709999,49.534164
14.6552770000001,49.418884
14.583611,49.2533260000001
14.526943,49.11805
14.519165,49.098885
14.514444,49.089722
14.505278,49.078331
14.5013890000001,49.0749970000001
14.441387,49.02916
14.43222,49.0238880000001
14.4275,49.0213850000001
14.3633330000001,48.9986040000001
14.3577769999999,48.999443
14.348888,49.0041660000001
14.340832,49.00972
14.3347210000001,49.00972
14.3286090000001,49.008606
14.3233319999999,49.00666
14.3149990000001,49.0008320000001
14.157776,48.84333
14.059721,48.7266620000001
14.051388,48.714722
14.039999,48.6980510000001
14.0374990000001,48.6863900000001
14.0441670000001,48.616386
14.043888,48.603607
14.0402770000001,48.5608290000001
14.03861,48.549438
14.0372220000001,48.5444410000001
14.0083330000001,48.425552
13.991943,48.311104
13.9891660000001,48.2761080000001
13.988888,48.2344439999999
13.9947200000001,48.19194
13.998888,48.18972
14.023054,48.1424940000001
14.0427760000001,48.0772170000001
14.043888,48.071106
14.0483320000001,48.0452730000001
14.051388,48.0188830000001
14.0486110000001,47.995277
14.045555,47.9849930000001
14.037498,47.9594420000001
14.0302770000001,47.9391630000001
14.0224989999999,47.925552
14.004444,47.9083330000001
13.9849990000001,47.892494
13.9783330000001,47.885551
13.9719430000001,47.8786090000001
13.951111,47.8511050000001
13.9341660000001,47.8200000000001
13.9163880000001,47.770271
13.91111,47.729439
13.9069440000001,47.713608
13.880278,47.6588820000001
13.873333,47.6455540000001
13.8569429999999,47.6272200000001
13.845554,47.6177750000001
13.835554,47.6133270000001
13.8230550000001,47.601662
13.8155540000001,47.594444
13.6888890000001,47.4519420000001
13.6577760000001,47.413887
13.649166,47.401665
13.64361,47.3872149999999
13.6325000000001,47.3186040000001
13.6241660000001,47.2869420000001
13.615277,47.2544440000001
13.5875,47.168884
13.5566650000001,47.005829
13.5388870000001,46.933884
13.5330540000001,46.919167
13.5180550000001,46.88694
13.5155540000001,46.8825
13.5102770000001,46.874443
13.49472,46.8552700000001
13.4866660000001,46.8427730000001
13.474165,46.8141630000001
13.451666,46.7624970000001
13.429722,46.6966630000001
13.426388,46.6863859999999
13.4052770000001,46.4724960000001
13.404999,46.46611
13.406111,46.3516620000001
13.4130550000001,46.2961040000001
13.410831,46.165833
13.4086090000001,46.045555
13.3988879999999,45.95694
13.396387,45.939163
13.379444,45.81916
13.341665,45.6666640000001
13.3366659999999,45.6513820000001
13.326944,45.633888
13.3238890000001,45.6299970000001
13.263054,45.566383
13.242777,45.545273
13.189722,45.4941640000001
13.1858330000001,45.490829
13.169998,45.48555
13.165277,45.483055
13.1516670000001,45.4755550000001
13.1347220000001,45.464439
13.1308330000001,45.4613880000001
13.070833,45.41333
13.064444,45.4058300000001
13.0549980000001,45.3874970000001
13.042221,45.3397220000001
13.0391650000001,45.3227770000001
13.0391650000001,45.303055
13.0372220000001,45.2916640000001
13.035276,45.2802730000001
13.0258329999999,45.243332
13.0172210000001,45.2116620000001
13.0127770000001,45.196106
13.007776,45.1808320000001
13.0030540000001,45.172218
12.9761100000001,45.136665
12.966665,45.1252750000001
12.948889,45.1086040000001
12.9449950000001,45.1055490000001
12.8608320000001,45.0697170000001
12.827814,45.0605090000001
12.7918350000001,45.053921
12.766498,45.0635490000001
12.7573770000001,45.0625380000001
12.751296,45.055443
12.751296,45.041252
12.759403,45.0113559999999
12.7791660000001,44.9758830000001
12.7903150000001,44.981457
12.7948750000001,45.004261
12.799943,45.015915
12.7994370000001,45.040241
12.810585,45.0432820000001
12.819166,45.0402760000001
12.828321,45.0235180000001
12.8349989999999,45.022499
12.8516300000001,45.02301
12.8551780000001,45.01693
12.8526440000001,45.0062870000001
12.8427770000001,45.0075000000001
12.834908,45.0052759999999
12.829841,44.9997020000001
12.834444,44.9622190000001
12.83,44.9466630000001
12.815145,44.9257160000001
12.801463,44.916595
12.7867680000001,44.902912
12.7994370000001,44.8866960000001
12.8095710000001,44.8856850000001
12.809999,44.8799970000001
12.806944,44.8755490000001
12.799166,44.869438
12.794722,44.866943
12.7883320000001,44.867218
12.7675000000001,44.872772
12.766666,44.877495
12.7705550000001,44.8805540000001
12.7763880000001,44.88166
12.7811110000001,44.8841629999999
12.782776,44.8891600000001
12.7711110000001,44.920555
12.7675000000001,44.923882
12.7627770000001,44.9227749999999
12.7466660000001,44.9186099999999
12.7433320000001,44.9158330000001
12.732777,44.9044420000001
12.730276,44.8999940000001
12.7286110000001,44.855827
12.7297210000001,44.849716
12.741414,44.828423
12.754083,44.830448
12.7626970000001,44.829941
12.765738,44.810688
12.765738,44.7873760000001
12.769285,44.7686269999999
12.764725,44.758999
12.741921,44.7296070000001
12.749016,44.7225110000001
12.768888,44.7261050000001
12.8049980000001,44.678329
12.814999,44.6299970000001
12.818333,44.612221
12.8186090000001,44.598885
12.8155540000001,44.58194
12.810276,44.5669400000001
12.8038880000001,44.553055
12.7902769999999,44.531944
12.787222,44.5280530000001
12.7400000000001,44.4780500000001
12.698332,44.438049
12.693888,44.435555
12.6819439999999,44.409721
12.63722,44.300278
12.6347220000001,44.288887
12.616943,44.1866610000001
12.592777,43.957222
12.5933320000001,43.9502720000001
12.599722,43.9347150000001
12.6094440000001,43.9236070000001
12.6130539999999,43.9202730000001
12.6422210000001,43.9097210000001
12.6463870000001,43.907219
12.649443,43.9030530000001
12.651667,43.898331
12.685833,43.8224949999999
12.7263869999999,43.6972200000001
12.7505550000001,43.60527
12.7500000000001,43.5988850000001
12.74361,43.5852740000001
12.736111,43.57222
12.7330550000001,43.5686040000001
12.6897200000001,43.5277480000001
12.6886099999999,43.5230480000001
12.6805550000001,43.5108260000001
12.678888,43.505829
12.6799980000001,43.4994430000001
12.6799980000001,43.4983100000001
12.674999,43.4788820000001
12.6777760000001,43.4672160000001
12.684444,43.459999
12.690554,43.4597170000001
12.6966650000001,43.4608310000001
12.754444,43.4736100000001
12.7597220000001,43.4752730000001
12.768888,43.479996
12.779722,43.4836040000001
12.785831,43.4847179999999
12.804722,43.484444
12.817221,43.4838870000001
12.828054,43.4816670000001
12.966944,43.405273
12.975555,43.4002760000001
13.0505540000001,43.3530500000001
13.1711099999999,43.276108
13.201111,43.251938
13.2102780000001,43.2474980000001
13.2616650000001,43.232498
13.277777,43.22805
13.30722,43.236938
13.319721,43.2461089999999
13.3391670000001,43.2508320000001
13.345276,43.2516630000001
13.5525000000001,43.276108
13.605,43.279999
13.650276,43.284996
13.6727769999999,43.2863849999999
13.7174989999999,43.279999
13.7230550000001,43.2788850000001
13.866388,43.238052
13.874722,43.232773
13.885555,43.2230530000001
13.8997210000001,43.201385
13.916943,43.1769410000001
13.9230540000001,43.168884
13.956944,43.126106
13.9694440000001,43.11055
13.993332,43.0866620000001
14.076387,43.0911100000001
14.153332,43.099442
14.170832,43.1033330000001
14.176388,43.1022190000001
14.294998,43.0599980000001
14.4408320000001,43.0197220000001
14.4455550000001,43.0219420000001
14.451666,43.023048
14.536943,43.028328
14.549999,43.028328
14.555555,43.027222
14.560276,43.0255510000001
14.6363890000001,42.989166
14.692499,42.9655530000001
14.77861,42.9447170000001
14.8108330000001,42.943886
14.8138890000001,42.9474950000001
14.8200000000001,42.9486079999999
14.8613869999999,42.9552760000001
14.8683320000001,42.9558260000001
14.9175000000001,42.945274
14.957777,42.9358290000001
15.117222,42.8758320000001
15.126389,42.871384
15.13722,42.861382
15.148333,42.8444440000001
15.1773870000001,42.7889440000001
15.1938880000001,42.757942
15.1965550000001,42.7516100000001
15.197222,42.7482759999999
15.2102780000001,42.719444
15.2111110000001,42.7052760000001
15.208332,42.6811070000001
15.236387,42.6799930000001
15.273611,42.6991650000001
15.3011090000001,42.724159
15.2319429999999,42.7758290000001
15.2297760000001,42.7778320000001
15.227942,42.7803310000001
15.2302760000001,42.7821620000001
15.2302760000001,42.8024980000001
15.257221,42.809715
15.263332,42.810829
15.270277,42.811104
15.3436110000001,42.809998
15.3552760000001,42.808609
15.4622210000001,42.7872160000001
15.466944,42.7852710000001
15.517776,42.760551
15.5299990000001,42.752777
15.536943,42.745277
15.5708330000001,42.7188870000001
15.6361100000001,42.703606
15.7002770000001,42.6938860000001
15.717222,42.6983260000001
15.7258320000001,42.7038880000001
15.733055,42.724159
15.735554,42.728607
15.7483330000001,42.743607
15.7530540000001,42.746109
15.8299990000001,42.7577739999999
15.849165,42.794716
15.8547210000001,42.8036040000001
15.8813880000001,42.833054
15.885277,42.836105
15.9713880000001,42.841942
16.0713880000001,42.8458330000001
16.0933300000001,42.8458330000001
16.3119430000001,42.813049
16.3405529999999,42.8077770000001
16.3775020000001,42.78968
16.377777,42.8044430000001
16.3797190000001,42.823326
16.381386,42.828331
16.3858300000001,42.8380510000001
16.4230539999999,42.91861
16.5391650000001,43.0561070000001
16.545555,43.0636060000001
16.5549960000001,43.068329
16.5658299999999,43.071938
16.6011090000001,43.079437
16.6730540000001,43.094994
16.676941,43.0980530000001
16.679443,43.102493
16.681664,43.1141660000001
16.679996,43.13472
16.672222,43.206108
16.715832,43.1977770000001
16.8322219999999,43.164719
16.8388859999999,43.157219
16.92083,43.123886
16.926388,43.122772
16.9324990000001,43.1236040000001
17.1222190000001,43.151665
17.34222,43.1919400000001
17.4086070000001,43.2524950000001
17.415833,43.259438
17.425552,43.2708280000001
17.4572220000001,43.309441
17.462219,43.318329
17.4766650000001,43.345833
17.4913859999999,43.3669430000001
17.498886,43.380272
17.5138850000001,43.4072190000001
17.5255550000001,43.4374920000001
17.527496,43.4491650000001
17.5272220000001,43.4563830000001
17.5227780000001,43.5108260000001
17.521111,43.516388
17.4836079999999,43.6158290000001
17.478886,43.6258320000001
17.469589,43.6387020000001
17.443607,43.6538850000001
17.4230540000001,43.66777
17.4163859999999,43.675278
17.365555,43.7386089999999
17.353611,43.755272
17.350277,43.766663
17.3086090000001,43.919716
17.305553,43.9388890000001
17.3052750000001,43.946106
17.3063890000001,43.9519420000001
17.346664,44.0897220000001
17.409164,44.1852720000001
17.4194410000001,44.379166
17.4197200000001,44.385551
17.414165,44.454437
17.4119420000001,44.467499
17.400276,44.491943
17.397221,44.496109
17.3927760000001,44.4986040000001
17.1943440000001,45.0000000000001
17.005877,45.4762120000001
16.666664,46.333328
15.81886,46.333107
15.6169429999999,46.3330540000001
16.7515950000001,47.3751530000001
17.4594970000001,48.025314
18.2663880000001,48.7663880000001
18.546017,49.999977
18.821564,51.2152250000001
18.9993440000001,51.9992899999999
17.34973,52.7821690000001
17.2855300000001,52.812279
16.642778,53.1144410000001
16.626663,53.024719
16.6080549999999,52.943886
16.6061099999999,52.9394380000001
16.599163,52.93222
16.586666,52.9166640000001
16.5805550000001,52.9088820000001
16.573608,52.8972170000001
16.566109,52.8838880000001
16.5572200000001,52.8655550000001
16.508053,52.7386090000001
16.5052760000001,52.7280500000001
16.487221,52.6522219999999
16.483055,52.6172180000001
16.477219,52.5963820000001
16.4638860000001,52.5686040000001
16.430275,52.5058289999999
16.4194409999999,52.488884
16.4030530000001,52.4636080000001
16.384441,52.43972
16.2722210000001,52.2988820000001
16.26083,52.2897190000001
16.174164,52.231384
16.1608310000001,52.223885
16.1555519999999,52.2216640000001
15.989721,52.1586070000001
15.9836100000001,52.157219
15.97611,52.1563870000001
15.8705540000001,52.1797180000001
15.85861,52.1897200000001
15.759998,52.2138820000001
15.6741660000001,52.2319410000001
---
