-17.540836,24.912498
-17.515556,24.817776
-17.498337,24.708611
-17.493614,24.663887
-17.495281,24.643887
-17.498058,24.6325
-17.502781,24.623055
-17.508892,24.615276
-17.53389,24.590275
-17.53389,24.568607
-17.533058,24.562222
-17.525002,24.542221
-17.508057,24.502499
-17.483059,24.443054
-17.48167,24.437222
-17.474167,24.387775
-17.472778,24.374722
-17.478432,24.239086
-17.51778,24.03611
-17.521389,24.021942
-17.56028,23.820831
-17.625835,23.476109
-17.615837,23.454441
-17.479725,23.201664
-17.331947,23.064999
-17.070004,22.762497
-17.041389,22.730553
-16.787622,22.5
-16.77417,22.487778
-16.612225,22.293331
-16.562778,22.220276
-16.560558,22.215275
-16.541115,22.188332
-16.4925,22.138885
-16.485558,22.131943
-16.473057,22.130554
-16.391392,22.1325
-16.37278,22.130554
-16.356392,22.126663
-16.341114,22.121109
-16.322502,22.111942
-16.23917,22.070831
-16.230835,22.065277
-16.227222,22.061943
-16.183334,22.014442
-16.171661,22.000149
-16.12278,21.999722
-16,21.999165
-15.605556,22
-15.451113,22
-14.950001,21.999165
-14.898613,21.999165
-14.847223,21.999165
-14.744167,21.999165
-14.452501,21.999722
-14.006668,21.999443
-13.967501,21.999443
-13.916113,21.998608
-13.727222,21.997776
-13.697779,21.998253
-13.452778,21.996666
-13.315556,21.996387
-13.004168,21.998333
-13.005001,22.004719
-13.00499,22.5
-13.004723,22.995831
-13.00528,23.282497
-13.005556,23.423054
-13.00639,23.584721
-13.006945,23.879997
-13.00639,24.020554
-12.9925,24.01833
-12.960556,24.009163
-12.945557,24.00333
-12.937223,23.997776
-12.929724,23.991386
-12.896389,23.961666
-12.885279,23.951664
-12.875278,23.941109
-12.8575,23.917221
-12.847223,23.906666
-12.836113,23.896664
-12.832224,23.893887
-12.8225,23.889721
-12.810835,23.887497
-12.771112,23.886108
-12.75889,23.887218
-12.753334,23.888611
-12.512501,23.971386
-12.491945,23.985275
-12.396389,24.049442
-12.391668,24.051666
-12.385279,24.052219
-12.297501,24.042774
-12.285278,24.041386
-12.26889,24.036942
-12.264168,24.035
-12.251112,24.027222
-12.234167,24.009441
-12.224445,23.998333
-12.221668,23.993889
-12.215,23.986942
-12.21139,23.98333
-12.199167,23.974998
-11.882223,23.984165
-11.835556,24.006386
-11.827223,24.011944
-11.819723,24.015553
-11.814167,24.015553
-11.724167,24.000275
-11.707224,23.996666
-11.702501,23.99472
-11.691389,23.984722
-11.666113,23.968609
-11.66139,23.966389
-11.655001,23.965832
-11.457779,24.02861
-11.453056,24.03083
-11.441389,24.039719
-11.430834,24.050278
-11.421946,24.062222
-11.402779,24.084442
-11.25,24.027002
-11.122732,24.007786
-10.92,23.988052
-10.870461,23.986206
-10.869167,23.991108
-10.869167,23.998333
-10.877224,24.052776
-10.880001,24.064163
-10.893612,24.09222
-10.91139,24.128609
-10.914722,24.131943
-10.920279,24.13361
-10.979445,24.14222
-11.030001,24.178886
-11.029167,24.192219
-11.045834,24.301388
-11.050001,24.318054
-11.051945,24.323055
-11.057501,24.331387
-11.085556,24.373055
-11.091667,24.380554
-11.109446,24.397499
-11.114168,24.399719
-11.205278,24.416386
-11.211668,24.416943
-11.224724,24.416386
-11.269445,24.413055
-11.280279,24.410275
-11.285278,24.408333
-11.340279,24.373608
-11.348612,24.368053
-11.355278,24.361111
-11.404724,24.375275
-11.4575,24.440552
-11.463612,24.44833
-11.464724,24.453888
-11.463057,24.521111
-11.459723,24.531666
-11.44639,24.570274
-11.440834,24.585552
-11.4375,24.589165
-11.42639,24.591663
-11.41139,24.597221
-11.407223,24.599998
-11.400278,24.60722
-11.34,24.692776
-11.319168,24.734722
-11.315001,24.74472
-11.265001,24.980274
-11.261946,25.029442
-11.261112,25.066387
-11.262779,25.120277
-11.261946,25.13361
-11.254168,25.184166
-11.250557,25.194443
-11.232224,25.246109
-11.230278,25.25111
-11.224724,25.260277
-11.22139,25.263611
-11.2075,25.284443
-11.198334,25.303333
-11.193335,25.319443
-11.19278,25.325832
-11.193335,25.332222
-11.198057,25.34111
-11.202223,25.344166
-11.206945,25.346107
-11.21389,25.346386
-11.275002,25.345276
-11.281113,25.344719
-11.327223,25.322498
-11.35639,25.296108
-11.359724,25.2925
-11.370001,25.289165
-11.37639,25.288609
-11.516111,25.316109
-11.554445,25.326111
-11.637501,25.356941
-11.641668,25.359722
-11.646389,25.368889
-11.710001,25.498333
-11.767502,25.692219
-11.802223,25.842499
-11.893057,25.979164
-11.898335,25.987778
-11.9025,26.004719
-11.905001,26.043888
-11.904724,26.071941
-11.902224,26.198055
-11.909723,26.430275
-11.911112,26.443054
-11.913889,26.454166
-11.917223,26.461109
-11.923889,26.473888
-11.930557,26.48111
-11.97139,26.59861
-11.989168,26.678055
-11.984446,26.750832
-11.974445,26.862221
-11.973612,26.86861
-11.969446,26.8825
-11.961113,26.902222
-11.918056,26.956387
-11.911112,26.963333
-11.900002,26.973053
-11.891668,26.978611
-11.877224,26.984722
-11.845001,26.99361
-11.826389,26.995277
-11.765835,26.996109
-11.753613,26.997498
-11.605001,27.027496
-11.596111,27.032219
-11.593334,27.036388
-11.567905,27.199249
-11.573057,27.209442
-11.5825,27.213608
-11.605001,27.218887
-11.673056,27.227219
-11.691389,27.229443
-11.704445,27.230274
-11.717501,27.229721
-11.723057,27.228333
-11.743612,27.228611
-11.770279,27.229721
-11.781389,27.232498
-11.793612,27.241108
-11.801111,27.248333
-11.813334,27.263885
-11.871389,27.352776
-11.884167,27.374722
-11.906389,27.414997
-11.9125,27.422775
-11.936945,27.453888
-11.966667,27.478611
-11.976389,27.483055
-12.000278,27.486664
-12.020834,27.486942
-12.05028,27.492222
-12.067501,27.495831
-12.15889,27.529163
-12.163889,27.531387
-12.173334,27.535831
-12.181667,27.541386
-12.208612,27.562775
-12.218334,27.574165
-12.226389,27.586941
-12.233366,27.600063
-12.242224,27.619442
-12.248335,27.62722
-12.258612,27.637775
-12.266668,27.643608
-12.280556,27.650833
-12.290556,27.654442
-12.293335,27.656387
-12.296667,27.66
-12.299446,27.664165
-12.302778,27.674721
-12.303335,27.68111
-12.303335,27.688053
-12.30028,27.784164
-12.300001,27.791386
-12.297224,27.802498
-12.293612,27.811665
-12.2875,27.819164
-12.279167,27.824718
-12.269445,27.828888
-12.261112,27.834442
-12.255001,27.841942
-12.253613,27.8475
-12.253334,27.854721
-12.256111,27.865833
-12.264723,27.885555
-12.2775,27.914444
-12.290834,27.935833
-12.301668,27.952774
-12.308334,27.962776
-12.315834,27.969166
-12.320557,27.971107
-12.367779,28.049164
-12.429445,28.163609
-12.424446,28.229443
-12.433056,28.319443
-12.438057,28.341942
-12.44278,28.351109
-12.519724,28.441944
-12.531946,28.450554
-12.654446,28.529442
-12.659168,28.531666
-12.671391,28.533333
-12.690001,28.531387
-12.695557,28.529999
-12.699722,28.527496
-12.703056,28.523888
-12.705833,28.519722
-12.7075,28.514164
-12.712223,28.504997
-12.719168,28.498055
-12.723333,28.495277
-12.728334,28.493332
-12.741945,28.49361
-12.747501,28.494999
-12.762501,28.500832
-12.878889,28.561386
-12.890835,28.57
-12.897779,28.577221
-12.899723,28.582222
-12.89889,28.586941
-12.894724,28.596664
-12.887222,28.603054
-12.870556,28.614166
-12.856668,28.620831
-12.844168,28.629166
-12.840834,28.6325
-12.838612,28.637497
-12.83639,28.649441
-12.836945,28.662777
-12.838335,28.669167
-12.842224,28.678886
-12.845001,28.683331
-12.896946,28.733887
-12.904446,28.740276
-12.916668,28.748886
-13.026669,28.824997
-13.145834,28.91111
-13.150557,28.920277
-13.160278,28.924721
-13.250834,28.950554
-13.274723,28.954441
-13.319168,28.957222
-13.325279,28.956387
-13.332224,28.956665
-13.347778,28.961666
-13.356668,28.966942
-13.363611,28.973888
-13.397779,29.015831
-13.399168,29.021664
-13.398335,29.035
-13.394724,29.045555
-13.387438,29.065849
-13.389168,29.098053
-13.42889,29.183052
-13.432501,29.186665
-13.435001,29.191109
-13.43639,29.196663
-13.435556,29.203053
-13.433334,29.207775
-13.373056,29.308331
-13.305834,29.459721
-13.300835,29.468887
-13.289722,29.485554
-13.266945,29.511387
-13.253613,29.525833
-13.236113,29.543053
-13.233334,29.547222
-13.224167,29.56472
-13.22139,29.576111
-13.221945,29.589443
-13.225,29.599998
-13.256945,29.677776
-13.265001,29.683609
-13.269724,29.685833
-13.275835,29.686665
-13.289446,29.686665
-13.295557,29.686108
-13.306112,29.682777
-13.309723,29.672222
-13.31389,29.655552
-13.31889,29.646385
-13.371946,29.621387
-13.377501,29.619999
-13.384167,29.619999
-13.395279,29.623055
-13.409445,29.629719
-13.421667,29.638332
-13.431667,29.648888
-13.434446,29.653332
-13.43639,29.658054
-13.458057,29.726665
-13.454168,29.801388
-13.445278,29.801941
-13.417778,29.802219
-13.171391,29.803055
-12.780834,29.804443
-12.541113,29.805553
-12.472502,29.805832
-12.225557,29.806664
-12.165129,29.806395
-12.163889,29.806389
-12.155247,29.80505
-12.154167,29.770275
-12.190001,29.571663
-12.191668,29.566109
-12.239445,29.48111
-12.246389,29.474163
-12.25528,29.469444
-12.335279,29.446941
-12.342224,29.446941
-12.390278,29.482777
-12.393612,29.486385
-12.395557,29.491386
-12.394724,29.497776
-12.387222,29.51083
-12.386391,29.51722
-12.388334,29.522221
-12.391668,29.525833
-12.396389,29.527775
-12.409445,29.528889
-12.422501,29.528332
-12.428057,29.526943
-12.436945,29.522221
-12.448057,29.511944
-12.458057,29.49361
-12.460279,29.481941
-12.459723,29.475555
-12.4575,29.470554
-12.433889,29.399998
-12.368057,29.266941
-12.365278,29.262775
-12.364168,29.257221
-12.368612,29.179996
-12.369446,29.173611
-12.375278,29.151386
-12.377224,29.146385
-12.391111,29.103886
-12.387501,29.060276
-12.386946,29.053886
-12.383057,29.031387
-12.38028,29.027222
-12.375557,29.024998
-12.368891,29.024719
-12.363335,29.026108
-12.35639,29.026108
-12.351667,29.023888
-12.305279,29.000832
-12.206667,28.93972
-12.194445,28.93111
-12.186945,28.924721
-12.176111,28.914719
-12.096945,28.835552
-11.989168,28.703609
-11.987223,28.691666
-11.981112,28.676941
-11.95639,28.632221
-11.873611,28.504166
-11.8675,28.496387
-11.782223,28.449718
-11.770557,28.447498
-11.733057,28.446388
-11.715279,28.443333
-11.6625,28.425831
-11.618891,28.406944
-11.595001,28.395275
-11.576668,28.379166
-11.560278,28.367496
-11.550835,28.363331
-11.539722,28.359722
-11.528057,28.35722
-11.515001,28.356388
-11.475834,28.358055
-11.444065,28.361088
-11.439484,28.362961
-11.426945,28.371387
-11.369446,28.410553
-11.249445,28.463055
-11.239723,28.466942
-11.223057,28.471107
-11.1625,28.485554
-10.955833,28.530277
-10.864723,28.548054
-10.84639,28.549999
-10.835279,28.552498
-10.830278,28.554722
-10.790279,28.576385
-10.717501,28.620831
-10.712502,28.629997
-10.710835,28.649441
-10.712223,28.66222
-10.710001,28.666943
-10.658611,28.698608
-10.653334,28.699718
-10.647779,28.69833
-10.56778,28.669998
-10.558889,28.664997
-10.550556,28.659164
-10.525557,28.63583
-10.520834,28.63361
-10.515278,28.632221
-10.246113,28.594997
-10.147501,28.623055
-9.986389,28.622219
-9.947779,28.625832
-9.925835,28.631107
-9.852501,28.660831
-9.801945,28.693054
-9.798334,28.696388
-9.791389,28.696388
-9.748611,28.66972
-9.470835,28.537777
-9.369167,28.524441
-9.363611,28.523052
-9.354723,28.518055
-9.348612,28.510277
-9.338612,28.492496
-9.335279,28.48222
-9.326946,28.442219
-9.324167,28.43111
-9.320278,28.421108
-9.311668,28.402222
-9.306112,28.393887
-9.300001,28.386108
-9.293335,28.378887
-9.285002,28.373333
-9.273335,28.371109
-9.260834,28.372219
-9.255556,28.373608
-9.246389,28.37833
-9.23889,28.384441
-9.228889,28.395554
-9.226112,28.399719
-9.221111,28.408886
-9.214169,28.422497
-9.205557,28.442776
-9.195002,28.466942
-9.188057,28.480831
-9.168335,28.516941
-9.108612,28.603886
-9.093889,28.622498
-9.020557,28.701664
-9.013613,28.708611
-8.991945,28.728611
-8.902779,28.805275
-8.8575,28.843609
-8.826946,28.868332
-8.741945,28.925831
-8.686668,28.952774
-8.667778,28.961666
-8.661667,28.962219
-8.635557,28.960552
-8.605278,28.95583
-8.588612,28.951385
-8.536667,28.933887
-8.522223,28.927498
-8.480413,28.899746
-8.478613,28.901665
-8.474724,28.922497
-8.464169,28.991943
-8.433056,29.200554
-8.427778,29.235275
-8.403334,29.394997
-8.376667,29.568607
-8.37376,29.575153
-8.373611,29.589443
-8.322224,29.922775
-8.297501,30.082497
-8.270557,30.256107
-8.241945,30.436665
-8.231112,30.506107
-8.195557,30.735275
-8.191668,30.763054
-8.192247,30.77124
-8.198334,30.770832
-8.265556,30.794167
-8.346111,30.831944
-8.359724,30.839722
-8.381668,30.852776
-8.460001,30.901386
-8.475557,30.913609
-8.528612,30.957775
-8.535833,30.964165
-8.542778,30.971386
-8.552223,30.982498
-8.579723,31.024166
-8.590279,31.041111
-8.599724,31.059444
-8.6075,31.078888
-8.61278,31.101387
-8.615002,31.119442
-8.615557,31.132774
-8.614723,31.139164
-8.610556,31.148609
-8.595278,31.170277
-8.580278,31.19722
-8.577501,31.208332
-8.576668,31.220554
-8.57889,31.226109
-8.581667,31.230274
-8.620001,31.295555
-8.633612,31.414719
-8.666389,31.485554
-8.75139,31.563889
-8.808334,31.569443
-8.81389,31.570831
-8.818611,31.573055
-8.830278,31.582497
-8.839724,31.592777
-8.90889,31.683609
-8.916389,31.703609
-8.917778,31.709164
-8.917961,31.728613
-8.918055,31.738605
-8.907501,31.748886
-8.890556,31.773609
-8.885067,31.785538
-8.887547,31.795187
-8.897779,31.834999
-8.914167,31.897778
-8.930834,31.956108
-8.941668,31.948055
-8.948612,31.941109
-8.9575,31.935555
-8.967779,31.93222
-8.980001,31.931389
-9.000557,31.931389
-9.01889,31.934166
-9.029167,31.937496
-9.033335,31.941109
-9.064724,31.971943
-9.071112,31.979721
-9.073057,31.984444
-9.073612,31.990555
-9.0725,31.996109
-9.064167,32.009163
-9.053057,32.01944
-9.046946,32.026939
-9.044445,32.031105
-9.040834,32.042221
-9.040834,32.056107
-9.042223,32.061386
-9.051945,32.086388
-9.058722,32.09494
-9.062223,32.15361
-9.063334,32.159996
-9.066113,32.163887
-9.099724,32.199715
-9.1175,32.216942
-9.123056,32.22583
-9.131945,32.249443
-9.134724,32.267776
-9.134724,32.301666
-9.132502,32.365555
-9.128334,32.413887
-9.128334,32.419998
-9.129723,32.425552
-9.16889,32.48333
-9.175001,32.490273
-9.179167,32.493607
-9.183889,32.495552
-9.200834,32.499161
-9.217224,32.503883
-9.225557,32.509438
-9.250278,32.526665
-9.261112,32.536942
-9.266668,32.545273
-9.266668,32.551384
-9.274168,32.628326
-9.282223,32.702774
-9.329445,32.763885
-9.335556,32.77166
-9.371946,32.838882
-9.375834,32.849442
-9.377224,32.874718
-9.390278,32.915276
-9.405077,32.940399
-9.415834,32.939438
-9.455833,32.943604
-9.471945,32.945831
-9.482779,32.948326
-9.618893,32.996132
-9.624804,33.004128
-9.631273,33.012878
-9.63139,33.024719
-9.631668,33.07222
-9.625,33.109161
-9.598057,33.134995
-9.602501,33.20694
-9.634167,33.229164
-9.655556,33.234161
-9.668056,33.235275
-9.672779,33.234444
-9.68,33.224442
-9.689724,33.221382
-9.699446,33.222496
-9.711113,33.226662
-9.73139,33.238609
-9.798889,33.302498
-9.811111,33.322495
-9.933056,33.359444
-9.993612,33.330826
-10.056112,33.323051
-10.06778,33.324165
-10.076113,33.333611
-10.165279,33.461662
-10.206112,33.533882
-10.220278,33.554718
-10.227222,33.559441
-10.238335,33.561104
-10.25139,33.559441
-10.271112,33.550552
-10.296391,33.54583
-10.323057,33.543884
-10.335556,33.544167
-10.345835,33.547493
-10.392502,33.567497
-10.500742,33.646561
-10.548613,33.687492
-10.561857,33.702278
-10.572224,33.698883
-10.581112,33.693054
-10.589169,33.687218
-10.603334,33.673607
-10.621113,33.637772
-10.647779,33.604721
-10.705833,33.550278
-10.71389,33.545273
-10.726112,33.542221
-10.73778,33.543327
-10.749445,33.540276
-10.775557,33.510826
-10.800835,33.46833
-10.805557,33.45916
-10.807222,33.447777
-10.803057,33.41777
-10.798613,33.396942
-10.81389,33.344162
-10.856112,33.268883
-10.866112,33.258888
-10.87639,33.253609
-10.886667,33.250549
-10.897501,33.250275
-11.072224,33.343605
-11.082224,33.35083
-11.093334,33.361107
-11.113056,33.384438
-11.156389,33.411659
-11.17,33.409164
-11.19389,33.400833
-11.215557,33.391106
-11.30028,33.339439
-11.368057,33.293053
-11.403891,33.263329
-11.403334,33.247215
-11.413057,33.244164
-11.423889,33.243332
-11.520279,33.254166
-11.57139,33.26194
-11.569723,33.273331
-11.570557,33.284439
-11.578611,33.303886
-11.58639,33.313606
-11.607779,33.323608
-11.618334,33.325554
-11.744722,33.330826
-11.897223,33.332222
-11.991112,33.315826
-12.00139,33.312775
-12.016945,33.305275
-12.049168,33.283607
-12.059446,33.278328
-12.071112,33.274437
-12.121946,33.270554
-12.13139,33.271111
-12.144445,33.273331
-12.309723,33.35527
-12.320835,33.363327
-12.331667,33.374443
-12.338612,33.38472
-12.341667,33.39444
-12.342501,33.404999
-12.341391,33.41555
-12.33639,33.436661
-12.316668,33.470833
-12.310835,33.483604
-12.313612,33.493607
-12.327778,33.544441
-12.33889,33.546944
-12.348612,33.547493
-12.359446,33.54583
-12.368891,33.537773
-12.377808,33.528664
-12.386112,33.505272
-12.412779,33.476387
-12.434723,33.480827
-12.444445,33.478333
-12.5375,33.370827
-12.543335,33.357216
-12.585835,33.238052
-12.593889,33.169167
-12.584723,33.159439
-12.581667,33.149719
-12.580833,33.137772
-12.58139,33.07444
-12.589169,33.063606
-12.603889,33.046387
-12.750834,32.964165
-12.761667,32.960274
-12.768612,32.959442
-12.84,32.964722
-12.850557,32.967773
-12.858057,32.973328
-12.86389,32.983604
-12.875,33.016388
-12.880556,33.025551
-12.888889,33.03083
-12.898613,33.034164
-12.910278,33.035271
-12.917223,33.034439
-12.941113,33.028885
-12.962778,33.020554
-12.981112,33.010277
-13.002224,33.002777
-13.036945,32.992775
-13.09639,32.986382
-13.134724,32.985275
-13.146389,32.987221
-13.229168,32.977493
-13.383612,32.921387
-13.395,32.916107
-13.430279,32.896385
-13.528612,32.831665
-13.538057,32.82222
-13.544445,32.805275
-13.56389,32.753326
-13.561945,32.701942
-13.565001,32.690552
-13.575279,32.687492
-13.60639,32.678886
-13.616112,32.679993
-13.622501,32.68972
-13.63139,32.709999
-13.641945,32.754166
-13.636946,32.776108
-13.640556,32.785828
-13.698612,32.828888
-13.709723,32.832771
-13.820002,32.899162
-13.934723,32.989998
-13.985834,33.074165
-13.976389,33.083611
-13.922224,33.161659
-13.927223,33.169441
-13.936111,33.174164
-13.973612,33.189995
-13.991667,33.19944
-13.999168,33.205826
-14.006111,33.213333
-14.012566,33.222229
-14.096668,32.983887
-14.308334,32.372772
-14.317223,32.34333
-14.339724,32.238609
-14.343056,32.221939
-14.377224,32.094719
-14.423613,31.950832
-14.457779,31.874996
-14.465557,31.855553
-14.472778,31.835552
-14.480556,31.809719
-14.486946,31.782497
-14.495001,31.730831
-14.499723,31.708611
-14.504446,31.693054
-14.579445,31.548332
-14.587223,31.535275
-14.594168,31.528053
-14.608891,31.508053
-14.614168,31.499443
-14.619722,31.484722
-14.625278,31.463333
-14.663612,31.312775
-14.667501,31.296665
-14.708334,31.116386
-14.711668,31.094444
-14.716391,31.04583
-14.750557,30.91222
-14.778057,30.808052
-14.849724,30.602497
-14.875834,30.527775
-14.884724,30.504719
-14.967779,30.343609
-14.981716,30.213017
-15.096111,30.219166
-15.139446,30.227776
-15.213612,30.251663
-15.218613,30.25333
-15.255835,30.269997
-15.259724,30.273052
-15.291389,30.303333
-15.3125,30.332775
-15.326668,30.355
-15.334723,30.360554
-15.344168,30.364441
-15.478889,30.388054
-15.593613,30.396664
-15.631872,30.415756
-15.64389,30.391666
-15.650557,30.378052
-15.658335,30.35833
-15.660002,30.353054
-15.659168,30.3475
-15.650362,30.293686
-15.640835,30.264442
-15.639446,30.258053
-15.631945,30.166664
-15.631111,30.153053
-15.616112,29.844444
-15.616112,29.831387
-15.617779,29.819721
-15.624445,29.799442
-15.648056,29.728054
-15.670834,29.656109
-15.671667,29.630833
-15.670834,29.623608
-15.662779,29.601387
-15.66139,29.595276
-15.660002,29.58083
-15.660002,29.574444
-15.662224,29.563332
-15.733612,29.352776
-15.739723,29.337498
-15.775002,29.250275
-15.779724,29.241108
-15.889723,29.07972
-15.951946,28.988888
-15.96373,28.943222
-15.969168,28.931942
-15.972223,28.927219
-15.978889,28.91972
-16.034168,28.867496
-16.038891,28.864719
-16.049446,28.860554
-16.0625,28.85833
-16.160004,28.847775
-16.301392,28.837219
-16.306946,28.837776
-16.335281,28.841663
-16.344723,28.845554
-16.348614,28.848888
-16.357502,28.853611
-16.368336,28.855831
-16.374447,28.855831
-16.388336,28.854164
-16.399723,28.850555
-16.465,28.826664
-16.470558,28.824444
-16.479446,28.818886
-16.488056,28.812775
-16.552223,28.759441
-16.555836,28.755833
-16.557503,28.750553
-16.558056,28.74472
-16.590279,28.585552
-16.724167,28.259998
-16.823612,28.138611
-16.873089,28.025833
-16.959167,27.825275
-16.983334,27.807499
-17.128056,27.70583
-17.224724,27.638885
-17.337223,27.619164
-17.34528,27.609165
-17.423939,27.519695
-17.575279,27.347775
-17.800003,27.148609
-17.810001,27.143608
-17.816113,27.143608
-17.84639,27.152775
-17.851948,27.151943
-17.857224,27.149719
-17.861115,27.146385
-17.959446,27.038055
-17.963085,27.020741
-17.966946,26.996109
-17.974445,26.943886
-17.985836,26.888054
-18.000557,26.841389
-18.031113,26.749443
-18.036392,26.740555
-18.049725,26.725555
-18.072723,26.706104
-18.075562,26.702633
-18.076126,26.696411
-18.075279,26.689163
-18.048889,26.610832
-18.046112,26.60611
-18.043056,26.601944
-18.03278,26.598888
-18.024445,26.593609
-18.000278,26.572777
-17.994446,26.563889
-17.950001,26.429443
-17.931114,26.361664
-17.902779,26.23
-17.901947,26.190552
-17.931393,26.123608
-17.967224,26.092777
-18.003613,25.98222
-18.00639,25.971664
-18.005558,25.964443
-18.002502,25.951664
-17.988892,25.904442
-17.976669,25.863609
-17.973335,25.859722
-17.94278,25.842777
-17.938057,25.840553
-17.932224,25.841942
-17.929726,25.845276
-17.92889,25.855
-17.925835,25.858887
-17.921947,25.861111
-17.916389,25.860275
-17.911945,25.858055
-17.908611,25.854164
-17.864723,25.782497
-17.808056,25.689442
-17.807224,25.68222
-17.808334,25.670277
-17.811947,25.660275
-17.814167,25.655552
-17.821667,25.64222
-17.833614,25.625832
-17.83778,25.616386
-17.840557,25.605831
-17.863056,25.513885
-17.856945,25.432777
-17.854168,25.41111
-17.845001,25.345833
-17.842503,25.332222
-17.840279,25.326664
-17.832226,25.312496
-17.80225,25.264431
-17.788891,25.256664
-17.777225,25.247219
-17.624725,25.065277
-17.610001,25.029999
-17.585556,24.986111
-17.582226,24.982498
-17.559723,24.969997
---
