37.220413,74.832214
37.219025,74.81694
37.220413,74.811096
37.223473,74.805252
37.227638,74.801086
37.270149,74.774994
37.275978,74.771927
37.288483,74.768875
37.30098,74.763321
37.3032,74.758041
37.303757,74.751099
37.30265,74.743317
37.300148,74.736099
37.265968,74.669434
37.250954,74.607483
37.242889,74.537201
37.241776,74.529709
37.239265,74.522217
37.178413,74.397217
37.175072,74.392212
37.165901,74.387497
37.160622,74.386658
37.153961,74.389435
37.138962,74.400543
37.04924,74.52887
37.027817,74.56543
37.026741,74.568329
37.020348,74.572495
37.014519,74.573044
36.974228,74.562759
36.965057,74.558029
36.961723,74.55304
36.959221,74.545532
36.960609,74.539703
36.963669,74.534714
36.972,74.526093
36.976723,74.522491
36.988388,74.516388
36.99839,74.508881
37.002563,74.50444
37.005615,74.49971
37.010338,74.488876
37.010895,74.482208
37.010338,74.467758
37.001434,74.419983
36.99865,74.413879
36.903328,74.205826
36.852196,74.128586
36.847473,74.126923
36.838585,74.121094
36.836082,74.113876
36.82135,74.062195
36.814682,74.038315
36.816071,74.032211
36.837448,73.963043
36.842171,73.952209
36.858284,73.934982
36.868561,73.919983
36.892723,73.852203
36.896889,73.834152
36.897438,73.827484
36.909637,73.668304
36.902664,73.643097
36.899635,73.636642
36.88073,73.543579
36.880173,73.536362
36.891556,73.488022
36.892113,73.481644
36.889328,73.389435
36.889046,73.382202
36.868774,73.054688
36.860161,72.94635
36.857941,72.938019
36.854614,72.933029
36.846558,72.924408
36.843498,72.918304
36.836555,72.894424
36.83461,72.872467
36.833786,72.858307
36.832954,72.809128
36.836273,72.776642
36.841278,72.759155
36.842377,72.745819
36.833488,72.646103
36.825432,72.578598
36.821266,72.556641
36.819595,72.553589
36.816277,72.5522
36.813217,72.548874
36.802658,72.535812
36.778503,72.502487
36.771561,72.492477
36.762398,72.474152
36.761009,72.46666
36.762398,72.406631
36.755722,72.330551
36.731842,72.234146
36.727127,72.218597
36.714363,72.181656
36.711311,72.175537
36.707695,72.170517
36.70298,72.168854
36.697144,72.169418
36.691597,72.172745
36.681885,72.181076
36.647736,72.145813
36.541931,71.973312
36.416122,71.74501
36.436943,71.709747
36.463333,71.657516
36.467773,71.646683
36.467216,71.639465
36.465553,71.633072
36.458061,71.624176
36.453896,71.620285
36.449448,71.617508
36.388649,71.590851
36.346443,71.581131
36.272064,71.464188
36.133041,71.248596
36.129715,71.243576
36.0616,71.193481
36.057175,71.190674
36.04747,71.187607
36.042191,71.187057
36.039444,71.18779
36.023674,71.222382
35.955551,71.33194
35.92083,71.382751
35.87471,71.435532
35.870827,71.439972
35.861107,71.447754
35.711105,71.545258
35.699432,71.546371
35.694153,71.545822
35.662766,71.528046
35.586937,71.568329
35.526939,71.604706
35.436935,71.647217
35.430824,71.64888
35.424995,71.649429
35.419991,71.647766
35.403603,71.633881
35.399719,71.629974
35.389717,71.616928
35.368324,71.587494
35.36055,71.578323
35.352776,71.570541
35.328331,71.549149
35.323608,71.547485
35.318329,71.546936
35.301102,71.548599
35.294716,71.550262
35.284164,71.55748
35.23082,71.612762
35.120827,71.573883
35.094711,71.54332
35.086655,71.535538
35.077492,71.531372
34.984161,71.503052
34.966347,71.498901
34.963882,71.498871
34.959435,71.496094
34.955551,71.492477
34.951935,71.487762
34.945824,71.475815
34.915268,71.402206
34.829994,71.291656
34.723877,71.170258
34.676659,71.095825
34.672493,71.091934
34.66777,71.090546
34.657211,71.089432
34.651382,71.089981
34.645271,71.09166
34.639435,71.094986
34.619713,71.103317
34.613884,71.103867
34.568054,71.094986
34.563606,71.092484
34.559433,71.088593
34.556656,71.073608
34.555496,70.991745
34.551102,70.987488
34.536659,70.981659
34.531937,70.97998
34.510826,70.978043
34.504997,70.978592
34.468048,70.996643
34.463051,71.000549
34.394157,71.073044
34.387215,71.08194
34.382767,71.092758
34.382492,71.099152
34.379715,71.111099
34.364441,71.148605
34.361382,71.15332
34.348328,71.158875
34.1661,71.135544
34.161377,71.133881
34.064438,71.088318
34.055824,71.08194
34.052216,71.077209
33.966385,70.891098
33.963608,70.873596
33.953049,70.794144
33.944435,70.558319
33.943047,70.491364
33.944153,70.472214
33.963882,70.338318
33.992493,70.199707
34.016106,70.120819
34.035271,70.059143
34.051659,70.008606
34.052773,70.002777
34.052544,70
34.050827,69.988312
34.044716,69.95166
34.041664,69.93692
34.041107,69.929977
34.035271,69.906372
34.023048,69.895538
33.947212,69.8647
33.935822,69.865814
33.929993,69.869141
33.852219,69.916656
33.762497,69.976929
33.753052,69.985535
33.75,69.990265
33.748047,69.995529
33.726097,70.095825
33.727486,70.103043
33.734993,70.125809
33.73555,70.132751
33.732491,70.137497
33.640831,70.19664
33.612213,70.199707
33.601662,70.198868
33.573883,70.185532
33.546104,70.173309
33.526382,70.16748
33.520828,70.168045
33.516106,70.171646
33.479156,70.200546
33.475266,70.204712
33.470268,70.228317
33.466103,70.238876
33.463051,70.243591
33.422768,70.286102
33.418053,70.289978
33.39138,70.309982
33.385551,70.313309
33.379158,70.316086
33.343323,70.325546
33.33194,70.326935
33.327774,70.323318
33.254715,70.232483
33.24749,70.223312
33.205551,70.150543
33.135826,70.02887
33.097488,69.911652
33.092766,69.895828
33.089989,69.881088
33.088882,69.867477
33.084435,69.626373
33.086937,69.580826
33.087212,69.575546
33.08194,69.561096
33.074715,69.551651
33.038048,69.508881
33.034164,69.505264
33.008606,69.492477
33.003883,69.490814
32.987213,69.491928
32.945267,69.500824
32.915268,69.507492
32.879715,69.514709
32.873878,69.515274
32.869438,69.512772
32.865829,69.508041
32.836937,69.46582
32.794441,69.411652
32.786385,69.404434
32.77388,69.394989
32.7686,69.39444
32.762497,69.396103
32.744438,69.412766
32.737495,69.421921
32.715271,69.439148
32.688599,69.454163
32.676102,69.458603
32.670547,69.458328
32.661659,69.453323
32.621376,69.424698
32.612495,69.418045
32.595825,69.404709
32.587769,69.397766
32.568329,69.377762
32.558601,69.357208
32.548607,69.327209
32.540276,69.306931
32.526382,69.287491
32.513611,69.278046
32.500275,69.270538
32.477486,69.259155
32.463326,69.253876
32.443878,69.248032
32.438324,69.247757
32.421661,69.248596
32.4161,69.24942
32.403603,69.253052
32.383881,69.261383
32.355553,69.277771
32.329437,69.289154
32.323326,69.290817
32.317497,69.291367
32.29583,69.291092
32.285271,69.290268
32.217766,69.283051
32.197769,69.27832
32.178329,69.272766
32.163048,69.26944
32.145271,69.271927
32.133331,69.274155
32.05777,69.289154
32.039436,69.294144
31.940365,69.328247
31.934162,69.306641
31.925552,69.291931
31.918884,69.283325
31.871292,69.224396
31.858051,69.213318
31.85305,69.210266
31.833607,69.204437
31.828609,69.201385
31.769165,69.157486
31.734161,69.12915
31.716759,69.111786
31.706661,69.099716
31.65583,69.02916
31.650551,69.01944
31.648884,69.013885
31.604717,68.839981
31.603886,68.833054
31.606384,68.821655
31.60833,68.816376
31.612774,68.805817
31.616386,68.801651
31.69944,68.731934
31.704163,68.728043
31.715549,68.721375
31.727772,68.718048
31.782776,68.650543
31.821384,68.581375
31.825554,68.570831
31.826664,68.565262
31.829163,68.547485
31.828053,68.533875
31.824997,68.51944
31.822498,68.511658
31.812374,68.485352
31.79472,68.444138
31.791107,68.439697
31.786663,68.437195
31.779999,68.440262
31.775555,68.443039
31.772774,68.447754
31.770275,68.459152
31.768055,68.509155
31.769444,68.522491
31.769444,68.541931
31.768608,68.560532
31.767498,68.566086
31.765274,68.571655
31.761387,68.573318
31.756664,68.571655
31.75222,68.569443
31.743885,68.562485
31.739994,68.558868
31.733051,68.548874
31.726662,68.537766
31.72694,68.531372
31.769444,68.283875
31.771664,68.272217
31.774441,68.266663
31.779163,68.262772
31.816387,68.218872
31.82917,68.188004
31.832775,68.179977
31.834164,68.171921
31.833054,68.166092
31.830276,68.161102
31.826107,68.157486
31.805832,68.145828
31.782776,68.135818
31.76833,68.126648
31.75972,68.119431
31.686939,68.043869
31.63583,67.980545
31.633884,67.975266
31.631939,67.963043
31.633884,67.9561
31.641663,67.928314
31.640831,67.893326
31.639996,67.887497
31.63805,67.881927
31.62833,67.861374
31.614441,67.844711
31.60083,67.834717
31.580276,67.823044
31.536385,67.747757
31.53083,67.738037
31.529163,67.731934
31.524441,67.708328
31.523331,67.681656
31.525829,67.660812
31.529999,67.657761
31.533333,67.653595
31.535831,67.647766
31.535275,67.600266
31.534996,67.593597
31.533607,67.5811
31.53194,67.575546
31.527222,67.574432
31.521942,67.575821
31.432217,67.613037
31.427773,67.615265
31.403049,67.654434
31.399998,67.667755
31.403049,67.685806
31.410553,67.707489
31.413609,67.72554
31.414719,67.738312
31.41444,67.752213
31.413052,67.759995
31.408607,67.773041
31.402496,67.783051
31.395275,67.791367
31.387218,67.797485
31.382496,67.799713
31.377495,67.800812
31.35194,67.796936
31.350149,67.796112
31.341106,67.791931
31.332218,67.778046
31.271111,67.613037
31.215271,67.38472
31.212494,67.281937
31.215549,67.268875
31.222324,67.256485
31.218605,67.242477
31.217773,67.236374
31.218327,67.229156
31.239162,67.069717
31.24305,67.055817
31.250275,67.037766
31.254444,67.034714
31.25972,67.035812
31.263332,67.039978
31.271942,67.047211
31.292221,67.051926
31.297775,67.051651
31.308052,67.049149
31.312775,67.046936
31.316387,67.042755
31.320553,67.029984
31.32222,67.008041
31.321941,66.974152
31.318054,66.95694
31.292496,66.880814
31.280552,66.85582
31.214996,66.727768
31.212215,66.723038
31.201107,66.717758
31.126663,66.693863
31.102219,66.6922
31.096386,66.689972
31.086109,66.684143
31.081665,66.680817
30.99194,66.585266
30.981384,66.572769
30.977772,66.566376
30.973885,66.555542
30.970551,66.537491
30.961662,66.475815
30.960827,66.455826
30.958607,66.443863
30.953884,66.426376
30.949997,66.415543
30.946106,66.404984
30.94083,66.395538
30.575275,66.281937
30.564999,66.284424
30.518608,66.305542
30.51083,66.312759
30.508053,66.317764
30.50333,66.329712
30.496662,66.338882
30.491661,66.340271
30.445274,66.351654
30.439716,66.351929
30.237774,66.325272
30.231106,66.323608
30.225826,66.320831
30.217216,66.313873
30.186108,66.290543
30.149719,66.272491
30.078053,66.239975
30.071384,66.238312
30.060555,66.239975
30.051388,66.244431
30.047775,66.248596
30.041386,66.257492
30.036663,66.26944
30.021664,66.294434
30.01833,66.298599
29.966106,66.361374
29.960827,66.362488
29.956104,66.362198
29.89333,66.302475
29.85194,66.256653
29.820553,66.128036
29.805553,66.068054
29.753887,65.862488
29.721382,65.733871
29.686661,65.596939
29.598331,65.25499
29.541107,65.034149
29.569164,64.873306
29.578758,64.76947
29.582775,64.739975
29.586384,64.695526
29.587776,64.660538
29.583054,64.574997
29.58083,64.549423
29.575554,64.497757
29.573051,64.478592
29.553608,64.3797
29.523888,64.27388
29.519997,64.263321
29.498604,64.21138
29.487495,64.193039
29.476662,64.181366
29.461662,64.166092
29.452774,64.159424
29.41444,64.059143
29.428329,64.023605
29.432495,64.010544
29.48444,63.703049
29.503887,63.587212
29.501663,63.55471
29.473698,63.230438
29.470829,63.203323
29.412773,62.558601
29.406105,62.484436
29.411942,62.46138
29.427219,62.408043
29.44083,62.362495
29.447495,62.339714
29.473606,62.248329
29.514721,62.103607
29.540554,62.012215
29.603329,61.789436
29.807499,61.063049
29.828609,60.986382
29.863884,60.868599
29.869995,60.87471
29.907219,60.91082
30.04361,61.041939
30.185829,61.180275
30.222771,61.21666
30.284443,61.277489
30.381664,61.372215
30.790276,61.758331
31.008331,61.847771
31.021111,61.851105
31.027496,61.851387
31.038609,61.850273
31.177219,61.811104
31.217216,61.78833
31.256184,61.766804
31.318329,61.771103
31.353329,61.740829
31.383331,61.713608
31.418198,61.450516
31.452217,61.188599
31.463051,61.104164
31.494995,60.85305
31.496105,60.845268
31.498329,60.84388
31.659718,60.811378
31.774441,60.824165
31.944439,60.824165
31.949997,60.823608
31.954994,60.821938
31.996662,60.806938
32.01944,60.814438
32.090271,60.836655
32.190544,60.854996
32.217209,60.858887
32.234718,60.857773
32.256104,60.853325
32.266106,60.850273
32.321938,60.832771
32.623878,60.726379
32.818604,60.659714
33.013611,60.595825
33.043137,60.587914
33.066101,60.582497
33.0886,60.580551
33.142769,60.580276
33.149719,60.581383
33.163048,60.591103
33.207497,60.631378
33.308884,60.723877
33.344994,60.756943
33.390831,60.803322
33.47332,60.848877
33.479713,60.849159
33.48999,60.854439
33.493881,60.85833
33.496658,60.863052
33.500832,60.873878
33.50222,60.87999
33.503326,60.893326
33.504951,60.929825
33.509438,60.938599
33.513329,60.942764
33.51944,60.943047
33.528877,60.938881
33.536942,60.931938
33.54361,60.92305
33.552216,60.908043
33.554436,60.901657
33.557213,60.886383
33.558884,60.855827
33.561378,60.795273
33.561935,60.780273
33.560699,60.715309
33.559433,60.709991
33.561104,60.695267
33.567497,60.6661
33.597488,60.597214
33.611107,60.570549
33.625267,60.546104
33.635826,60.533882
33.644157,60.527771
33.653046,60.522766
33.668327,60.517769
33.689713,60.513329
33.733047,60.504997
33.739159,60.505272
33.743607,60.508331
33.75,60.515362
33.754715,60.520546
33.770271,60.535553
33.783607,60.545547
33.794159,60.550827
33.80027,60.55249
33.813324,60.554161
33.830421,60.553024
33.96138,60.52916
34.010551,60.519989
34.053322,60.510826
34.066895,60.50753
34.09166,60.504166
34.122215,60.50444
34.140274,60.508331
34.150826,60.513611
34.169441,60.5261
34.196381,60.546104
34.312492,60.665543
34.315544,60.684715
34.319443,60.732491
34.320549,60.746101
34.32222,60.766663
34.322769,60.832214
34.322495,60.839989
34.319717,60.878876
34.35527,60.883606
34.458046,60.804436
34.465828,60.797493
34.471375,60.786659
34.473602,60.780273
34.474991,60.773048
34.479988,60.761108
34.48333,60.75666
34.522217,60.721657
34.533607,60.726097
34.538048,60.729431
34.541664,60.733604
34.547493,60.74305
34.551659,60.753883
34.556099,60.77916
34.560822,60.826385
34.562767,60.839432
34.566101,60.85083
34.56916,60.855553
34.64444,60.971375
34.648048,60.975266
34.652771,60.9786
34.657768,60.981377
34.789436,61.051102
34.879433,61.077492
35.016937,61.115547
35.085823,61.13166
35.12471,61.136383
35.137215,61.13694
35.141663,61.134438
35.162209,61.118599
35.165543,61.114159
35.168327,61.108604
35.174995,61.099716
35.178879,61.0961
35.184158,61.094711
35.233047,61.0961
35.239433,61.096382
35.27916,61.104439
35.284439,61.107216
35.348602,61.183601
35.514999,61.275269
35.520271,61.277771
35.549995,61.287773
35.55555,61.288605
35.56694,61.287498
35.607246,61.276558
35.626381,61.289162
35.628326,61.294716
35.629715,61.300827
35.639717,61.365829
35.638046,61.373322
35.635269,61.378876
35.631378,61.38221
35.554771,61.429344
35.554161,61.438599
35.55249,61.445824
35.549995,61.451385
35.509438,61.503326
35.494156,61.518326
35.482491,61.528877
35.479156,61.533333
35.450829,61.57666
35.444153,61.595825
35.412209,61.794159
35.411102,61.80249
35.418884,61.817497
35.458328,61.95916
35.459991,61.972214
35.459435,61.987495
35.458328,61.995827
35.448601,62.029716
35.443047,62.04055
35.436653,62.05027
35.419991,62.072495
35.37471,62.127769
35.368057,62.132561
35.335823,62.163605
35.259438,62.270271
35.253052,62.269714
35.206383,62.27166
35.196503,62.275963
35.146194,62.303223
35.141663,62.309158
35.14444,62.313881
35.151657,62.32222
35.163322,62.333878
35.176659,62.344154
35.198601,62.361107
35.227211,62.387215
35.250549,62.410545
35.264999,62.427216
35.278046,62.444992
35.286385,62.459435
35.288605,62.464996
35.289719,62.471375
35.289436,62.478874
35.277214,62.508606
35.270271,62.517494
35.262497,62.524437
35.254715,62.53138
35.239716,62.544716
35.233604,62.554436
35.224991,62.623322
35.226654,62.636658
35.254715,62.722214
35.260551,62.731934
35.324165,62.836937
35.345543,62.869438
35.356102,62.882767
35.36055,62.886108
35.367767,62.89444
35.374161,62.90332
35.384163,62.922493
35.414711,62.98333
35.416939,62.988884
35.426102,63.017212
35.429436,63.028877
35.429993,63.050545
35.428879,63.073326
35.43055,63.08638
35.432495,63.091934
35.436935,63.095543
35.450829,63.10527
35.463051,63.109436
35.533607,63.126656
35.539162,63.126099
35.543053,63.12249
35.553879,63.099998
35.558884,63.098602
35.613327,63.093605
35.626099,63.095268
35.630547,63.098877
35.637772,63.107216
35.640549,63.111938
35.650269,63.131935
35.655266,63.142494
35.673607,63.184715
35.76416,63.158325
35.82222,63.106102
35.827217,63.104439
35.839157,63.104439
35.859802,63.116631
35.861938,63.119438
35.864159,63.124992
35.865273,63.131378
35.862213,63.200272
35.861107,63.208603
35.856659,63.240273
35.852776,63.272766
35.851662,63.29583
35.852219,63.317215
35.857216,63.342491
35.900826,63.517212
35.904991,63.528328
35.912491,63.543884
35.923325,63.556381
35.949715,63.577492
35.956657,63.585823
35.962212,63.595543
35.964439,63.601105
35.967491,63.613052
35.969437,63.633331
35.969154,63.655548
35.970825,63.698044
35.976936,63.759438
35.980545,63.778328
35.98555,63.79583
35.989716,63.806938
36.031624,63.888977
36.037498,63.920547
36.039162,63.933876
36.040276,63.969437
36.038048,63.986107
36.123322,64.094986
36.161934,64.159714
36.167496,64.169434
36.23082,64.353317
36.247772,64.41748
36.246658,64.426086
36.244156,64.43248
36.24305,64.440811
36.243324,64.447754
36.247215,64.458878
36.255554,64.473877
36.280548,64.503601
36.295547,64.519989
36.303322,64.527771
36.369438,64.581375
36.396942,64.601379
36.423607,64.615265
36.447212,64.624146
36.459991,64.627762
36.48027,64.632477
36.492493,64.633606
36.526939,64.631927
36.537216,64.62886
36.559715,64.616653
36.574997,64.612488
36.596939,64.609711
36.60305,64.609985
36.636383,64.616928
36.654991,64.622757
36.672768,64.629425
36.683876,64.63443
36.694153,64.640274
36.703606,64.646652
36.71666,64.657486
36.768326,64.693588
36.802773,64.715546
36.850624,64.744324
36.893883,64.776382
36.912766,64.789429
36.92305,64.795258
36.929161,64.797485
36.94249,64.800537
36.948601,64.801086
36.959991,64.800262
36.970543,64.798325
37.007217,64.790268
37.028046,64.785538
37.054161,64.77832
37.071106,64.776932
37.095825,64.77916
37.109161,64.782211
37.11805,64.789429
37.124992,64.798035
37.138603,64.823044
37.148048,64.844437
37.23555,65.043594
37.241379,65.060806
37.244438,65.072769
37.246101,65.093323
37.248604,65.362198
37.248604,65.383881
37.248604,65.39888
37.24437,65.437256
37.244995,65.467758
37.247215,65.517487
37.248604,65.530823
37.256386,65.554428
37.264442,65.569443
37.268051,65.573883
37.346382,65.646103
37.355553,65.650818
37.360825,65.651093
37.387772,65.650818
37.39888,65.649994
37.410271,65.648041
37.421936,65.644714
37.433052,65.643875
37.448875,65.64444
37.458885,65.646942
37.494995,65.666656
37.516937,65.681091
37.521103,65.684418
37.533607,65.695526
37.536942,65.701385
37.538605,65.708878
37.537498,65.771927
37.455269,66.008041
37.421379,66.105255
37.371933,66.186371
37.32888,66.278595
37.324715,66.289978
37.323608,66.302765
37.32444,66.309982
37.327774,66.325272
37.335823,66.348602
37.337494,66.356094
37.3461,66.408325
37.341377,66.419434
37.318878,66.440842
37.318604,66.447479
37.321106,66.455551
37.327774,66.467484
37.341934,66.488586
37.346382,66.491089
37.354713,66.498322
37.361664,66.509155
37.364441,66.517212
37.365829,66.524994
37.366379,66.537735
37.368324,66.573608
37.36805,66.586929
37.362495,66.617752
37.358604,66.62915
37.355553,66.7211
37.363609,66.83638
37.365829,66.858032
37.378876,66.926926
37.382492,66.970261
37.38221,67.004166
37.377213,67.021652
37.346581,67.087677
37.339966,67.096481
37.246658,67.200272
37.232491,67.212769
37.220268,67.219711
37.203049,67.222214
37.191933,67.229431
37.186104,67.239975
37.183876,67.252213
37.184715,67.25943
37.186935,67.274155
37.19249,67.289093
37.19632,67.295685
37.203285,67.304947
37.212494,67.380814
37.217491,67.397217
37.220543,67.40416
37.250549,67.456375
37.2686,67.526382
37.246101,67.649429
37.228874,67.725815
37.224709,67.743866
37.220543,67.755264
37.215546,67.765823
37.211937,67.770538
37.199715,67.777206
37.193604,67.77916
37.185822,67.779877
37.119713,67.77388
37.114441,67.773605
37.10833,67.775543
37.0961,67.782211
37.088326,67.791656
36.936104,68.001389
36.932526,68.058014
37.014442,68.174149
37.020546,68.187195
37.021103,68.194427
37.030548,68.284149
37.108887,68.334427
37.119987,68.414993
37.200546,68.623871
37.20388,68.6297
37.219437,68.631927
37.243881,68.639435
37.270828,68.660263
37.274994,68.664154
37.322495,68.809418
37.3386,68.887772
37.338326,68.89444
37.324997,68.961929
37.321938,68.973877
37.319717,68.979156
37.30777,68.99971
37.29361,69.011932
37.256386,69.029709
37.250832,69.033325
37.166939,69.120819
37.163048,69.125259
37.159988,69.130539
37.150764,69.151047
37.116386,69.204987
37.094154,69.246643
37.097214,69.262207
37.104164,69.286652
37.115273,69.315262
37.118599,69.321106
37.128601,69.338043
37.1586,69.388596
37.17527,69.409988
37.196411,69.421249
37.207214,69.426086
37.276939,69.405823
37.32444,69.389984
37.344154,69.381363
37.388046,69.37442
37.419716,69.376648
37.451103,69.380264
37.455826,69.382751
37.580826,69.515823
37.583878,69.528595
37.578606,69.5811
37.574402,69.67189
37.582771,69.793045
37.599998,69.8461
37.60833,69.867477
37.613052,69.884155
37.614998,69.899155
37.614441,69.905823
37.611938,69.918045
37.606941,69.928864
37.598328,69.937195
37.578606,69.946091
37.568886,69.954163
37.564995,69.958603
37.545547,70.013885
37.541931,70.032211
37.541656,70.038879
37.541336,70.062454
37.533844,70.082489
37.532448,70.088593
37.531326,70.094711
37.528786,70.120819
37.529045,70.134995
37.536232,70.155823
37.615746,70.253601
37.69706,70.285812
37.702339,70.286377
37.728981,70.282211
37.768677,70.270264
37.773949,70.268051
37.812546,70.246933
37.821991,70.239151
37.825058,70.234146
37.829224,70.222763
37.832832,70.211105
37.835335,70.198593
37.850052,70.179977
37.853943,70.175537
37.871719,70.165543
37.918106,70.159149
37.923195,70.159363
37.933372,70.161377
37.941154,70.170258
37.928932,70.209427
37.937263,70.236649
37.949295,70.252472
37.97644,70.279984
37.998589,70.297211
37.998947,70.30748
38.001732,70.314987
38.01506,70.336929
38.022278,70.346939
38.157028,70.488586
38.166756,70.491928
38.24733,70.538879
38.256218,70.544434
38.260384,70.548325
38.310951,70.599152
38.354294,70.647491
38.409866,70.71138
38.441544,70.779434
38.47184,70.953049
38.472115,70.967209
38.470459,70.97998
38.462959,70.996368
38.385735,71.145538
38.382751,71.150421
38.369896,71.163605
38.347946,71.177765
38.324333,71.204987
38.315163,71.219986
38.305443,71.241928
38.30294,71.25444
38.302109,71.267761
38.302666,71.275269
38.300453,71.297485
38.293785,71.314423
38.253502,71.359146
38.248497,71.363037
38.236275,71.366379
38.197937,71.366089
38.19265,71.36554
38.162094,71.358871
38.152367,71.355545
38.143753,71.349991
38.135704,71.342209
38.126801,71.336655
38.085129,71.315262
37.982323,71.266098
37.937584,71.253601
37.927589,71.251389
37.924538,71.250824
37.922035,71.252777
37.892311,71.323318
37.887871,71.334717
37.907043,71.389709
37.925385,71.435806
37.946571,71.499023
37.948456,71.515366
37.946228,71.534149
37.942062,71.546371
37.917946,71.579453
37.908455,71.588593
37.902618,71.591934
37.874275,71.593597
37.836769,71.591095
37.815651,71.588593
37.799545,71.578049
37.795654,71.573883
37.726746,71.541931
37.614227,71.505829
37.604546,71.50296
37.56839,71.496643
37.558151,71.495712
37.418083,71.487198
37.3703,71.493317
37.309303,71.491882
37.28363,71.490265
37.273346,71.488312
37.263626,71.484985
37.254456,71.480545
37.236671,71.469437
37.224541,71.45755
37.211952,71.448593
37.20723,71.44693
37.171127,71.43808
37.16111,71.43692
37.075829,71.429428
37.058044,71.432205
36.944733,71.45694
36.926689,71.466385
36.766487,71.551147
36.760681,71.554688
36.737862,71.570526
36.724167,71.582626
36.700378,71.610062
36.697388,71.61499
36.693222,71.626083
36.67601,71.6772
36.671844,71.695251
36.674889,71.759155
36.678215,71.781662
36.684601,71.820267
36.692101,71.842758
36.75042,71.931366
36.830383,72.047745
36.941177,72.22081
36.944267,72.226898
36.967003,72.279968
36.978104,72.306351
36.989494,72.346634
37.002556,72.410248
37.002838,72.431366
37.00174,72.518036
37.021202,72.658508
37.029495,72.666412
37.090652,72.708038
37.112328,72.722214
37.135384,72.733871
37.180679,72.758881
37.210403,72.778046
37.226234,72.793594
37.229568,72.798874
37.234856,72.813034
37.23597,72.820831
37.235695,72.827774
37.233749,72.840271
37.234856,72.848038
37.247086,72.886383
37.25293,72.898605
37.304062,73.001389
37.362701,73.107758
37.402985,73.157761
37.453018,73.276932
37.458031,73.291367
37.462753,73.307205
37.475822,73.435532
37.476105,73.456375
37.47361,73.496933
37.472496,73.510269
37.471107,73.516388
37.464455,73.533051
37.457512,73.549423
37.448341,73.571381
37.438065,73.606644
37.436119,73.619431
37.434738,73.660538
37.435303,73.674988
37.436691,73.682755
37.437798,73.711655
37.438644,73.747208
37.434296,73.775986
37.431427,73.776657
37.350296,73.773605
37.345291,73.771927
37.341125,73.768875
37.337242,73.764999
37.308617,73.726654
37.307777,73.720535
37.310272,73.701096
37.306664,73.656647
37.304153,73.649429
37.300545,73.64444
37.289154,73.636108
37.267204,73.621643
37.262482,73.61998
37.257202,73.619141
37.250809,73.620819
37.242752,73.629425
37.239693,73.63443
37.238304,73.640549
37.221649,73.738586
37.226662,73.81192
37.228058,73.819717
37.231392,73.824707
37.239166,73.832764
37.24778,73.838318
37.255844,73.846375
37.259178,73.851379
37.26474,73.8647
37.269737,73.87915
37.31144,74.040268
37.336182,74.146103
37.383987,74.228592
37.39537,74.227768
37.40065,74.228592
37.407043,74.239975
37.409546,74.247208
37.409264,74.261108
37.406776,74.322495
37.403168,74.38916
37.399284,74.400818
37.394012,74.432205
37.381798,74.542206
37.381676,74.551315
37.386261,74.639435
37.388771,74.662201
37.391197,74.669617
37.399742,74.684265
37.331833,74.823044
37.325447,74.832764
37.314049,74.8461
37.237328,74.915741
---
