-14.2986129999999,-170.546112
-14.298334,-170.550293
-14.295,-170.555878
-14.287781,-170.560822
-14.282501,-170.54837
-14.283892,-170.540039
-14.288891,-170.536682
-14.2975029999999,-170.542511
---
-14.375555,-170.743896
-14.373888,-170.74942
-14.363611,-170.766449
-14.329447,-170.822266
-14.325003,-170.826111
-14.3202779999999,-170.822266
-14.308058,-170.809174
-14.300556,-170.800293
-14.298058,-170.795013
-14.2580589999999,-170.681671
-14.255556,-170.66806
-14.255281,-170.660004
-14.252779,-170.570282
-14.255836,-170.565552
-14.2658369999999,-170.560028
-14.2691689999999,-170.560822
-14.272503,-170.563324
-14.2791669999999,-170.578613
-14.289446,-170.637268
---
-14.276669,-169.50946
-14.2758329999999,-169.513062
-14.272779,-169.517792
-14.2683329999999,-169.521698
-14.242779,-169.535553
-14.23778,-169.537231
-14.231668,-169.536133
-14.229721,-169.533936
-14.2269459999999,-169.522278
-14.226665,-169.51532
-14.2263909999999,-169.449768
-14.226665,-169.445587
-14.231668,-169.439453
-14.256668,-169.438324
-14.2605569999999,-169.440002
-14.261667,-169.444489
---
-14.1908339999999,-169.631409
-14.186111,-169.641693
-14.181112,-169.644196
-14.176111,-169.644745
-14.171667,-169.640564
-14.166945,-169.626129
-14.168612,-169.621948
-14.176392,-169.621948
-14.183889,-169.623077
-14.189722,-169.62558
---
-14.191944,-169.686951
-14.188889,-169.693054
-14.18528,-169.694153
-14.173613,-169.694153
-14.167501,-169.690857
-14.1663889999999,-169.687256
-14.166666,-169.683075
-14.172777,-169.665588
-14.175001,-169.662231
-14.1791689999999,-169.65976
-14.180555,-169.65976
-14.183332,-169.661438
-14.1916689999999,-169.681122
-14.191944,-169.685577
---
