42.571106,1.774722
42.571106,1.768055
42.57,1.753889
42.563606,1.743055
42.554443,1.735278
42.529999,1.725278
42.524994,1.724444
42.515274,1.723333
42.509438,1.723611
42.503052,1.718889
42.471382,1.661111
42.467773,1.654444
42.437218,1.541667
42.436104,1.533333
42.436386,1.512222
42.441666,1.454722
42.450829,1.448333
42.493332,1.424166
42.54583,1.421389
42.576385,1.434444
42.601944,1.445833
42.647217,1.481111
42.65361,1.491944
42.656387,1.556389
42.655548,1.563056
42.626106,1.698333
42.616386,1.738611
42.569962,1.78172
---
