-16.804726,11.775
-16.802502,11.7699989999999
-16.795559,11.7588880000001
-16.785835,11.745832
-16.7780569999999,11.7400000000001
-16.76889,11.7355539999999
-16.680557,11.6944429999999
-16.6561129999999,11.685276
-16.606113,11.6675
-16.5955579999999,11.6647210000001
-16.583336,11.6633320000001
-16.569447,11.6641650000001
-16.564167,11.6658330000001
-16.5502819999999,11.6733320000001
-16.5461119999999,11.676388
-16.539722,11.6838870000001
-16.537224,11.6883320000001
-16.535557,11.693609
-16.535278,11.6999990000001
-16.536945,11.7055550000001
-16.542778,11.713888
-16.546391,11.717222
-16.550835,11.719721
-16.593334,11.7308330000001
-16.599445,11.7297209999999
-16.626392,11.7208330000001
-16.6325039999999,11.719721
-16.688057,11.730555
-16.693611,11.731667
-16.7461129999999,11.7463870000001
-16.7552799999999,11.750832
---
-5.86638899999997,14.0802760000001
-5.88555599999995,14.242777
-5.89333299999993,14.341665
-5.90805599999999,14.5963880000001
-5.88042299999995,14.712427
-5.87802199999999,14.758476
-5.8725,14.8511099999999
-5.86277899999999,15.076387
-5.856945,15.679165
-5.85722299999992,15.693054
-5.86972199999997,15.8091660000001
-5.86972199999997,15.8161110000001
-5.86138899999992,15.928333
-5.85937300000001,16.1000710000001
-5.85638899999992,16.1430549999999
-5.85250100000002,16.2158320000001
-5.85222199999993,16.3197210000001
-5.85305599999992,16.368332
-5.87583399999994,16.5141640000001
-5.90083399999997,16.5797200000001
-5.91888899999998,16.595554
-5.92444499999993,16.596664
-5.98166799999996,16.6052740000001
-6.02722299999999,16.6061099999999
-6.13277799999997,16.679165
-6.13750099999999,16.6880530000001
-6.14444399999996,16.6947210000001
-6.166112,16.7147219999999
-6.17083400000001,16.716663
-6.19744100000003,16.7252240000001
-6.351945,16.697498
-6.35805599999998,16.68972
-6.40222299999999,16.687775
-6.40777799999995,16.6891630000001
-6.46722299999999,16.708054
-6.68166699999995,16.7827760000001
-6.79222299999998,16.834164
-6.85416700000002,16.867496
-6.85805599999998,16.870277
-6.86388999999997,16.878609
-6.86527799999999,16.8911090000001
-6.86194499999999,16.9016650000001
-6.86277899999999,16.907776
-6.86555599999997,16.9119420000001
-6.889723,16.9288860000001
-6.894723,16.9311100000001
-7.01083399999999,16.968609
-7.02194499999996,16.9713860000001
-7.02805599999994,16.970554
-7.06527799999992,16.960552
-7.07000099999993,16.958332
-7.07000099999993,16.9522210000001
-7.11250000000001,16.9349980000001
-7.1925,16.941109
-7.19861099999997,16.9416660000001
-7.21250099999997,16.948608
-7.29361199999994,16.991386
-7.30111099999993,16.9977760000001
-7.33916799999992,17.06472
-7.37902300000002,17.095261
-7.42222299999992,17.1055529999999
-7.45277800000002,17.1511080000001
-7.51305599999995,17.1866650000001
-7.67944499999993,17.283607
-7.75611099999992,17.3094440000001
-7.84444500000001,17.3886110000001
-7.84722199999999,17.3927760000001
-7.85499999999996,17.4197200000001
-7.876667,17.4383319999999
-8.003334,17.5052760000001
-8.05361199999993,17.5255550000001
-8.08067699999998,17.5501980000001
-8.08305699999994,17.5552750000001
-8.09805699999993,17.6241650000001
-8.09805699999993,17.6380540000001
-8.09277899999995,17.660275
-8.06666799999999,17.7566640000001
-8.04305599999998,17.8799970000001
-8.04166799999996,17.8994410000001
-8.04666699999996,17.9222220000001
-8.05722200000002,17.9466629999999
-8.065834,17.9588850000001
-8.08305699999994,17.9769440000001
-8.106112,18.0024990000001
-8.10805699999992,18.007221
-8.10777899999999,18.0413860000001
-8.10710699999999,18.115417
-8.08135999999996,18.109425
-8.02861999999993,18.112572
-7.996667,18.19611
-7.9975,18.3297200000001
-8.00916699999999,18.403332
-7.99555600000002,18.5258330000001
-7.98250000000002,18.525276
-7.96111200000001,18.5191649999999
-7.95416699999993,18.5191649999999
-7.94389000000001,18.5227780000001
-7.93027799999999,18.531109
-7.92966799999994,18.764038
-7.93944499999998,18.7683300000001
-7.953056,18.7680550000001
-7.97027799999995,18.771664
-7.97444499999995,18.774441
-7.99897599999997,18.7917590000001
-7.99944499999998,19.001663
-7.99611199999998,19.3730550000001
-7.99055600000003,19.372498
-7.93527799999998,19.358887
-7.919445,19.354164
-7.90916700000002,19.350555
-7.89666699999998,19.349163
-7.889723,19.349442
-7.81805599999996,19.3594440000001
-7.80777799999998,19.363052
-7.79888899999992,19.367775
-7.78249999999997,19.379166
-7.76861200000002,19.386108
-7.75777799999992,19.388885
-7.70000099999999,19.4005550000001
-7.68805600000002,19.4024959999999
-7.68182599999994,19.401943
-7.61972199999997,19.381386
-7.60111099999995,19.372498
-7.58944499999996,19.3705520000001
-7.58333399999998,19.371109
-7.57231999999993,19.374218
-7.57190799999995,19.3841820000001
-7.57166699999999,19.3899989999999
-7.57389000000001,19.408607
-7.57472200000001,19.456665
-7.57194500000003,19.4677770000001
-7.56861099999992,19.4713859999999
-7.56055600000002,19.4769440000001
-7.48638899999992,19.5272220000001
-7.47722199999998,19.532219
-7.45999999999992,19.5358310000001
-7.44777900000003,19.534443
-7.43749999999994,19.531109
-7.42972299999997,19.5247190000001
-7.42500000000001,19.5227780000001
-7.37527799999992,19.503609
-7.36416699999995,19.5008320000001
-7.31944499999997,19.4905550000001
-7.31305600000002,19.489998
-7.29388899999992,19.489998
-7.28000099999997,19.4902760000001
-7.17944499999993,19.498886
-7.16083299999997,19.50111
-7.14388899999994,19.5047190000001
-6.99661399999997,19.5389480000001
-6.99555600000002,19.9627760000001
-6.99472200000002,20.311386
-6.97416699999997,20.3172190000001
-6.96861200000001,20.318607
-6.95694400000002,20.316387
-6.94527799999997,20.318607
-6.91500100000002,20.3305550000001
-6.91444499999994,20.332497
-6.913882,20.629745
-6.96555599999999,20.6191640000001
-6.97999999999996,20.612778
-7.03083400000003,20.5877760000001
-7.10916700000001,20.548611
-7.11889000000002,20.5444410000001
-7.12444499999998,20.543053
-7.17750099999995,20.5338860000001
-7.18361199999993,20.5330539999999
-7.23805599999997,20.5286100000001
-7.24500099999995,20.5286100000001
-7.25055599999996,20.529999
-7.26499999999993,20.5363879999999
-7.28361599999994,20.548716
-7.28305599999999,21.20805
-7.28222299999999,21.6030539999999
-7.28165999999993,21.7727600000001
-7.28084200000001,21.782959
-7.30777799999998,21.8099980000001
-7.31611199999998,21.8155520000001
-7.36777799999993,21.839996
-7.47388899999999,21.8594439999999
-7.47999999999996,21.8599970000001
-7.59166699999997,21.8511090000001
-7.63555599999995,21.8330540000001
-7.64541799999995,21.82597
-7.65444500000001,21.816944
-7.77083399999998,21.7744410000001
-7.77611199999996,21.7730520000001
-7.835556,21.763332
-7.93250099999995,21.749443
-7.93888999999996,21.748608
-7.99944499999998,21.7541660000001
-8.00555599999996,21.7549969999999
-8.01055699999995,21.756943
-8.01444600000002,21.7597200000001
-8.02277900000001,21.7722210000001
-8.02500199999992,21.777222
-8.03166800000002,21.7841640000001
-8.04972299999997,21.8008310000001
-8.05722200000002,21.806942
-8.13166799999993,21.8361090000001
-8.19361099999998,21.8586080000001
-8.20666699999992,21.859165
-8.27916699999997,21.876663
-8.28805699999992,21.881386
-8.33213199999994,21.9092519999999
-8.33638999999999,21.904999
-8.34722299999999,21.9022220000001
-8.35416799999996,21.9022220000001
-8.38305699999995,21.9086070000001
-8.38805599999995,21.9105529999999
-8.39222299999994,21.91333
-8.39750099999992,21.9216650000001
-8.40916800000002,21.9308320000001
-8.41833499999996,21.9358329999999
-8.42361299999999,21.9372220000001
-8.49611299999998,21.9399990000001
-8.54639099999997,21.934998
-8.58416699999998,21.924442
-8.73222399999997,21.890274
-8.80111099999999,21.875832
-8.93388900000002,21.852776
-9.07111199999997,21.8352780000001
-9.15416699999997,21.841389
-9.30222299999997,21.825275
-9.34638999999993,21.8072200000001
-9.40555599999999,21.7905539999999
-9.41722299999998,21.7925
-9.62027899999993,21.850277
-9.64027799999997,21.858055
-9.64444499999996,21.8608320000001
-9.66500100000002,21.874722
-9.84805699999993,22.021385
-9.85138899999993,22.0249979999999
-9.88111099999998,22.0577769999999
-9.88388999999995,22.061943
-9.88527900000003,22.067497
-9.90083499999997,22.1297190000001
-9.90305699999999,22.134441
-9.91805599999998,22.154163
-9.93055700000002,22.1624980000001
-9.96000099999992,22.1744419999999
-9.96499999999992,22.176388
-10.0833339999999,22.200832
-10.1541669999999,22.2072220000001
-10.1974999999999,22.2261090000001
-10.206945,22.2302740000001
-10.277779,22.268887
-10.364445,22.312222
-10.3700009999999,22.31361
-10.379723,22.3149990000001
-10.3858339999999,22.314442
-10.4227789999999,22.3044430000001
-10.513056,22.2724990000001
-10.583057,22.3033330000001
-10.6127799999999,22.3080520000001
-10.67528,22.30611
-10.7247239999999,22.314442
-10.7302779999999,22.3158300000001
-10.790001,22.2522200000001
-10.809168,22.208885
-10.8222239999999,22.1936070000001
-10.829168,22.186665
-10.848333,22.1711079999999
-10.856668,22.165554
-10.861389,22.163609
-10.8733349999999,22.165554
-10.967224,22.194443
-11.0188899999999,22.217499
-11.063612,22.241943
-11.073057,22.246109
-11.1802789999999,22.2588880000001
-11.187223,22.2588880000001
-11.2097229999999,22.253887
-11.237223,22.2988849999999
-11.1416679999999,22.467499
-11.133335,22.4800000000001
-11.130001,22.4836080000001
-11.1175,22.4919430000001
-11.1030559999999,22.498333
-11.0977779999999,22.499722
-11.0951089999999,22.5000000000001
-11.079168,22.501663
-11.0675009999999,22.503887
-11.061945,22.505276
-11.052223,22.509441
-11.044724,22.5155530000001
-11.041945,22.5197220000001
-11.037779,22.5297200000001
-11.033611,22.560555
-11.033611,22.5744440000001
-11.0372239999999,22.5919420000001
-11.045279,22.6044430000001
-11.0583339999999,22.6191640000001
-11.06389,22.627777
-11.072779,22.6466640000001
-11.081112,22.6661110000001
-11.093334,22.716663
-11.093056,22.7697220000001
-11.091946,22.7755550000001
-11.087778,22.7852750000001
-11.074722,22.806942
-11.0608349999999,22.827774
-11.051111,22.844719
-11.049723,22.8502769999999
-11.049168,22.8636090000001
-11.0600009999999,22.9013860000001
-11.0661129999999,22.9091639999999
-11.073612,22.9152760000001
-11.090834,22.933052
-11.095001,22.9427759999999
-11.095556,22.9561080000001
-11.096111,23.016941
-11.096668,23.084999
-11.096111,23.0911100000001
-11.077778,23.213055
-11.076389,23.218609
-11.074446,23.2233310000001
-11.0661129999999,23.2361110000001
-11.057222,23.2477760000001
-11.026945,23.293888
-10.9827789999999,23.368053
-10.970278,23.3974989999999
-10.96389,23.4191670000001
-10.9625019999999,23.424721
-10.9591669999999,23.456108
-10.9583339999999,23.4763870000001
-10.9588889999999,23.4966660000001
-10.962223,23.5199970000001
-10.966946,23.543053
-10.980001,23.585831
-10.9902779999999,23.610275
-11.01,23.660831
-11.011391,23.6663859999999
-11.011946,23.672497
-11.027779,23.850555
-11.0272239999999,23.8638880000001
-11.025835,23.8694420000001
-11.014723,23.886108
-10.940279,23.9502750000001
-10.927223,23.9577750000001
-10.8704609999999,23.9862059999999
-10.92,23.9880520000001
-11.1227319999999,24.0077860000001
-11.2499999999999,24.027002
-11.402779,24.0844420000001
-11.421946,24.062222
-11.430834,24.0502780000001
-11.441389,24.039719
-11.453056,24.03083
-11.457779,24.02861
-11.655001,23.9658319999999
-11.66139,23.966389
-11.6661129999999,23.968609
-11.691389,23.9847220000001
-11.702501,23.9947200000001
-11.7072239999999,23.9966659999999
-11.724167,24.000275
-11.814167,24.015553
-11.819723,24.015553
-11.8272229999999,24.011944
-11.8355559999999,24.006386
-11.882223,23.984165
-12.199167,23.974998
-12.2113899999999,23.98333
-12.2149999999999,23.9869420000001
-12.221668,23.993889
-12.224445,23.9983330000001
-12.234167,24.009441
-12.2511119999999,24.0272220000001
-12.264168,24.035
-12.26889,24.036942
-12.2852779999999,24.0413859999999
-12.297501,24.0427740000001
-12.385279,24.0522189999999
-12.391668,24.051666
-12.3963889999999,24.049442
-12.491945,23.985275
-12.5125009999999,23.9713860000001
-12.753334,23.888611
-12.75889,23.8872180000001
-12.771112,23.886108
-12.8108349999999,23.8874970000001
-12.8224999999999,23.889721
-12.832224,23.8938870000001
-12.836113,23.896664
-12.847223,23.906666
-12.8575,23.917221
-12.875278,23.941109
-12.885279,23.9516640000001
-12.8963889999999,23.961666
-12.929724,23.9913860000001
-12.937223,23.997776
-12.945557,24.0033299999999
-12.960556,24.0091630000001
-12.9925,24.0183300000001
-13.00639,24.0205540000001
-13.006945,23.879997
-13.00639,23.5847210000001
-13.005556,23.423054
-13.00528,23.282497
-13.004723,22.995831
-13.00499,22.5000000000001
-13.0050009999999,22.004719
-13.0041679999999,21.9983330000001
-13.315556,21.996387
-13.452778,21.996666
-13.697779,21.998253
-13.727222,21.997776
-13.9161129999999,21.9986080000001
-13.967501,21.9994430000001
-14.0066679999999,21.9994430000001
-14.452501,21.9997220000001
-14.744167,21.999165
-14.8472229999999,21.999165
-14.898613,21.999165
-14.9500009999999,21.999165
-15.451113,22
-15.6055559999999,22
-16,21.999165
-16.12278,21.9997220000001
-16.171661,22.0001490000001
-16.183334,22.014442
-16.227222,22.061943
-16.230835,22.065277
-16.2391699999999,22.070831
-16.3225019999999,22.111942
-16.341114,22.121109
-16.356392,22.126663
-16.3727799999999,22.1305540000001
-16.3913919999999,22.1324999999999
-16.4730569999999,22.1305540000001
-16.485558,22.131943
-16.4925,22.1388850000001
-16.5411149999999,22.1883320000001
-16.560558,22.215275
-16.5627779999999,22.2202760000001
-16.612225,22.2933310000001
-16.77417,22.4877780000001
-16.787622,22.5000000000001
-17.041389,22.730553
-17.070004,22.762497
-17.331947,23.0649990000001
-17.479725,23.2016640000001
-17.6158369999999,23.4544410000001
-17.625835,23.476109
-17.661114,23.289165
-17.662502,23.284721
-17.716946,22.996387
-17.733334,22.91
-17.7394449999999,22.881107
-17.798889,22.5641630000001
-17.850002,22.2902760000001
-17.9473459999999,21.7554049999999
-18.014889,21.379356
-17.960281,21.2705540000001
-17.952503,21.256107
-17.946114,21.2483330000001
-17.938892,21.241943
-17.9352799999999,21.228611
-17.931541,21.167847
-17.931393,21.1638870000001
-17.934448,21.138611
-17.953335,21.021385
-17.963337,20.9708330000001
-17.967503,20.954166
-17.971111,20.9441640000001
-17.994446,20.8897210000001
-18.016392,20.8541640000001
-18.0102039999999,20.7815860000001
-17.996113,20.751942
-17.978889,20.6452750000001
-17.978058,20.631664
-17.981392,20.5955540000001
-17.985279,20.5666659999999
-17.983612,20.553055
-17.98167,20.547497
-17.941891,20.492554
-17.911392,20.458885
-17.901669,20.4469410000001
-17.897224,20.437496
-17.858059,20.3380549999999
-17.856945,20.324444
-17.856945,20.311386
-17.860558,20.2738880000001
-17.861946,20.2677760000001
-17.878334,20.2497220000001
-17.881947,20.239719
-17.894447,20.128887
-17.896389,20.098888
-17.8908349999999,20.016941
-17.8863909999999,19.9811100000001
-17.8850019999999,19.975555
-17.877781,19.9686090000001
-17.871391,19.959999
-17.86528,19.951385
-17.8613889999999,19.9411090000001
-17.8572239999999,19.920555
-17.85778,19.8252750000001
-17.858334,19.8119429999999
-17.861115,19.8022190000001
-17.86639,19.7936100000001
-17.870556,19.701385
-17.8675,19.5591660000001
-17.862782,19.4458310000001
-17.861115,19.41333
-17.847504,19.34333
-17.8452799999999,19.337776
-17.8413929999999,19.3338850000001
-17.828056,19.3066640000001
-17.821945,19.2908330000001
-17.8066669999999,19.248886
-17.8058359999999,19.242222
-17.801113,19.1752780000001
-17.799725,19.1427760000001
-17.8002819999999,19.136944
-17.8025019999999,19.132221
-17.8150019999999,19.1224980000001
-17.818058,19.1191640000001
-17.820835,19.1144410000001
-17.827778,19.055832
-17.830002,19.025833
-17.826389,18.987221
-17.825558,18.980553
-17.817223,18.923054
-17.815556,18.9158330000001
-17.77,18.806942
-17.76778,18.801666
-17.750557,18.7611080000001
-17.74778,18.756386
-17.74139,18.748608
-17.648056,18.641941
-17.5722239999999,18.578331
-17.472778,18.5133319999999
-17.389835,18.451538
-17.386948,18.389999
-17.387222,18.1888890000001
-17.386948,18.117222
-17.386169,18.000549
-17.3888889999999,17.7338870000001
-17.3908349999999,17.5616650000001
-17.391945,17.5105550000001
-17.3922229999999,17.2788310000001
-17.3908349999999,16.6061099999999
-17.3866689999999,16.0033300000001
-17.3866689999999,15.956665
-17.3891679999999,15.583055
-17.389446,15.496944
-17.3897249999999,14.9938890000001
-17.3883359999999,14.634722
-17.3875009999999,14.448055
-17.387222,14.361666
-17.386948,14.2180540000001
-17.40778,14.1983320000001
-17.415001,14.191111
-17.4202799999999,14.1769430000001
-17.4219469999999,14.1658330000001
-17.4302789999999,14.0861110000001
-17.429726,14.079721
-17.419445,14.0511089999999
-17.410004,14.0236110000001
-17.410278,14.0169430000001
-17.411667,14.0130540000001
-17.423946,13.9932190000001
-17.401112,13.9288880000001
-17.323612,13.841389
-17.24139,13.6977770000001
-17.222225,13.665554
-17.215557,13.655832
-17.1108359999999,13.5277770000001
-17.098892,13.5308319999999
-17.092781,13.5311110000001
-17.086945,13.5299989999999
-17.077778,13.52611
-17.0274999999999,13.496111
-17.023613,13.492498
-17.011948,13.4744430000001
-17.0097239999999,13.469721
-16.973614,13.3847220000001
-16.9713899999999,13.379444
-16.9694479999999,13.3733330000001
-16.96917,13.3666650000001
-16.970669,13.3463100000001
-16.9780579999999,13.317778
-16.984447,13.269999
-16.985279,13.2516650000001
-16.973614,13.2088869999999
-16.96389,13.185276
-16.95528,13.1708320000001
-16.953335,13.166943
-16.952778,13.1605550000001
-16.95417,13.1491660000001
-16.9761119999999,13.0236110000001
-16.980003,13.013332
-16.991112,12.9858320000001
-17.016392,12.923332
-17.033611,12.886665
-17.036392,12.8825
-17.0452799999999,12.8749980000001
-17.072502,12.851387
-17.105278,12.8197210000001
-17.108891,12.816111
-17.225834,12.6044429999999
-17.243336,12.55722
-17.241669,12.478888
-17.21278,12.434166
-17.229725,12.292221
-17.215279,12.2380540000001
-17.1947249999999,12.205832
-17.137779,12.0908320000001
-17.135281,12.084721
-17.14389,12.048054
-17.164169,11.9761100000001
-17.178612,11.9374980000001
-17.182781,11.9286100000001
-17.2058329999999,11.9022220000001
-17.220558,11.8883320000001
-17.228336,11.8808329999999
-17.2663919999999,11.825832
-17.2713889999999,11.8108330000001
-17.271667,11.8049980000001
-17.254833,11.7527830000001
-17.139446,11.758333
-16.965836,11.7719440000001
-16.839169,11.7711110000001
-16.8275029999999,11.769444
-16.819725,11.77611
-16.7913889999999,11.812498
-16.7025029999999,11.8211100000001
-16.6727789999999,11.8222220000001
-16.503056,11.8208330000001
-16.471668,11.8197210000001
-16.447224,11.8177780000001
-16.4233359999999,11.8155540000001
-16.370556,11.810276
-16.347504,11.8074990000001
-16.2419469999999,11.794167
-16.196114,11.7863880000001
-16.104446,11.779444
-16.091667,11.780554
-16.08028,11.7830540000001
-16.0577809999999,11.789444
-16.047779,11.7933330000001
-16.029724,11.8033330000001
-16.019447,11.807777
-16.007504,11.8097210000001
-15.993057,11.8108330000001
-15.972502,11.8052769999999
-15.963335,11.800554
-15.931946,11.7774979999999
-15.916668,11.765276
-15.883335,11.74361
-15.874168,11.7388879999999
-15.854723,11.7311100000001
-15.846668,11.731388
-15.819723,11.741388
-15.7930559999999,11.761665
-15.7844449999999,11.7711110000001
-15.778612,11.780554
-15.771946,11.8033330000001
-15.772779,11.8133320000001
-15.781668,11.815832
-15.7905559999999,11.8141650000001
-15.7997229999999,11.8230550000001
-15.7994459999999,11.8322220000001
-15.7911129999999,11.8516650000001
-15.784723,11.8633330000001
-15.759445,11.8874990000001
-15.7508339999999,11.8941650000001
-15.6011119999999,12.003332
-15.591946,12.0086100000001
-15.5694449999999,12.0149990000001
-15.5011119999999,12.0327760000001
-15.4894449999999,12.0352760000001
-15.4752789999999,12.036388
-15.468334,12.036665
-15.456112,12.035555
-15.434168,12.0313869999999
-15.422501,12.0302770000001
-15.401945,12.0302770000001
-15.218334,12.0574990000001
-15.114168,12.1061099999999
-14.9886109999999,12.1591660000001
-14.8777789999999,12.205276
-14.7894459999999,12.247499
-14.7575019999999,12.2713870000001
-14.747223,12.2758330000001
-14.668056,12.277777
-14.637501,12.282221
-14.529167,12.300554
-14.466112,12.3158320000001
-14.424168,12.3322219999999
-14.403057,12.3391669999999
-14.3908349999999,12.341665
-14.3075009999999,12.3477760000001
-14.2705569999999,12.3488880000001
-14.261667,12.3436110000001
-14.253889,12.3369430000001
-14.235834,12.328333
-14.2252789999999,12.324165
-14.204723,12.318609
-14.1936109999999,12.3161110000001
-14.1808339999999,12.3172210000001
-14.105001,12.3322219999999
-14.0413889999999,12.357777
-13.9505559999999,12.408609
-13.876945,12.469444
-13.882223,12.4783330000001
-13.879723,12.4891660000001
-13.870279,12.4944439999999
-13.8505569999999,12.5033320000001
-13.838335,12.5058330000001
-13.581112,12.535831
-13.574167,12.53611
-13.5679339999999,12.531952
-13.559446,12.5238880000001
-13.5463909999999,12.5222209999999
-13.4377779999999,12.5099980000001
-13.4252799999999,12.509722
-13.417223,12.5155540000001
-13.400278,12.5399990000001
-13.196112,12.763332
-13.18889,12.7699990000001
-13.0858349999999,12.862499
-12.994167,12.938332
-12.961113,12.961388
-12.952501,12.9663890000001
-12.94278,12.963333
-12.935556,12.956388
-12.926668,12.951111
-12.8622229999999,12.9283330000001
-12.8511119999999,12.925833
-12.838057,12.925554
-12.828056,12.9308320000001
-12.820557,12.936666
-12.7844449999999,12.969999
-12.655556,13.1252770000001
-12.6047229999999,13.194443
-12.610279,13.195555
-12.611668,13.201111
-12.613056,13.23
-12.6047229999999,13.3488880000001
-12.6022219999999,13.359999
-12.596668,13.3686099999999
-12.583334,13.383055
-12.5147229999999,13.4544430000001
-12.502493,13.463875
-12.489445,13.4711090000001
-12.4786129999999,13.473888
-12.465557,13.4749980000001
-12.447779,13.4725000000001
-12.4408339999999,13.4725000000001
-12.428612,13.474165
-12.4055559999999,13.485832
-12.372223,13.5080550000001
-12.3561119999999,13.520277
-12.345278,13.530277
-12.3230569999999,13.5566650000001
-12.312223,13.573889
-12.3125,13.578054
-12.1697239999999,13.662498
-11.9416679999999,13.7627770000001
-11.930557,13.765554
-11.7977789999999,13.7916660000001
-11.791668,13.7925
-11.75889,13.794443
-11.748756,13.7928810000001
-11.73139,13.7880549999999
-11.7188889999999,13.786665
-11.7063899999999,13.785555
-11.577223,13.7752760000001
-11.516945,13.778889
-11.339169,13.7897209999999
-11.3288899999999,13.793333
-11.320278,13.7983320000001
-11.311945,13.8111100000001
-11.308613,13.814722
-11.300556,13.8205550000001
-11.295834,13.8213880000001
-11.095556,13.847776
-11.00639,13.8536109999999
-10.9994449999999,13.8536109999999
-10.956112,13.8494430000001
-10.934723,13.843611
-10.925001,13.8394430000001
-10.913334,13.8305550000001
-10.8513889999999,13.7819440000001
-10.776945,13.7249980000001
-10.771946,13.7230550000001
-10.75889,13.7238880000001
-10.7541679999999,13.7261100000001
-10.7322239999999,13.739166
-10.728334,13.741943
-10.71139,13.7597220000001
-10.701946,13.7711110000001
-10.697224,13.7733330000001
-10.6908339999999,13.7741660000001
-10.684723,13.773611
-10.674446,13.770277
-10.666113,13.764721
-10.6430569999999,13.746387
-10.5313889999999,13.6425
-10.4294449999999,13.5436100000001
-10.4180559999999,13.5341660000001
-10.405556,13.525833
-10.390556,13.5205550000001
-10.377224,13.5199989999999
-10.371946,13.521666
-10.352779,13.530277
-10.340279,13.529165
-10.294168,13.516666
-10.283611,13.513332
-10.275278,13.5077760000001
-10.2511039999999,13.4883210000001
-10.241112,13.479721
-10.1966669999999,13.4486099999999
-9.97055599999993,13.3113880000001
-9.96388999999994,13.3113880000001
-9.95972299999994,13.314444
-9.95861199999996,13.326944
-9.95583299999998,13.3311100000001
-9.95194599999996,13.334166
-9.94694499999997,13.336111
-9.91805599999998,13.3311100000001
-9.90138999999999,13.3272210000001
-9.85416800000002,13.3058320000001
-9.84944499999995,13.3036100000001
-9.82861099999997,13.2902770000001
-9.77555699999994,13.2533319999999
-9.65944499999995,13.215832
-9.65111199999996,13.2213880000001
-9.64166799999998,13.2258320000001
-9.61611199999993,13.224165
-9.61055599999997,13.222776
-9.40861100000001,13.169998
-9.33770799999996,13.142376
-9.30111099999999,13.116665
-9.08750199999992,12.9844440000001
-9.07500099999999,12.984722
-9.02201600000001,13.0027860000001
-8.96787699999999,13.0241130000001
-8.95540899999997,13.0332999999999
-8.917348,13.0762830000001
-8.871084,13.1277959999999
-8.87272499999995,13.1373110000001
-8.89142699999996,13.1300930000001
-8.90094299999998,13.1117190000001
-8.91308300000003,13.096297
-8.92719199999999,13.088423
-8.94228499999997,13.0703760000001
-8.95583299999998,13.0549980000001
-8.98611299999999,13.029722
-9.03444499999995,13.0075000000001
-9.05472400000002,13.0005550000001
-9.08750199999992,13.0086100000001
-9.08638999999994,13.0186100000001
-9.02472299999999,13.055277
-8.95777899999996,13.099722
-8.86161199999992,13.1902770000001
-8.781113,13.2783320000001
-8.76833299999998,13.3602770000001
-8.74027799999993,13.387499
-8.66500100000002,13.4063869999999
-8.65333399999997,13.4086090000001
-8.642223,13.4055539999999
-8.63250199999993,13.401667
-8.62416799999994,13.3969440000001
-8.58142299999992,13.3687709999999
-8.50444599999997,13.3511100000001
-8.46972299999993,13.344999
-8.46527899999995,13.354166
-8.47138999999993,13.374998
-8.46194499999996,13.378611
-8.45083399999999,13.381666
-8.40027800000001,13.3922210000001
-8.38722199999995,13.3913880000001
-8.33694500000001,13.373888
-8.32155799999998,13.36585
-8.308334,13.358055
-8.292778,13.3458330000001
-8.26111200000003,13.321943
-8.25333399999994,13.316387
-8.16583399999996,13.2591650000001
-8.06555600000002,13.2155549999999
-8.02861200000001,13.19972
-8.00916699999999,13.1947210000001
-7.914445,13.155277
-7.82166699999993,13.1161100000001
-7.80277799999999,13.107777
-7.79200600000001,13.101259
-7.77472299999999,13.087776
-7.75499999999994,13.0749990000001
-7.74527799999998,13.069721
-7.59333400000003,13.010277
-7.52666799999992,12.9844440000001
-7.43805599999996,12.9516659999999
-7.26861200000002,12.869165
-7.08722299999999,12.8419440000001
-7.01944399999996,12.8330550000001
-6.99055600000003,12.828333
-6.95027800000003,12.8177780000001
-6.77388999999999,12.671944
-6.75888899999995,12.659166
-6.69527799999992,12.59861
-6.67583399999995,12.575832
-6.665278,12.559444
-6.65888999999999,12.551943
-6.65111200000001,12.5458320000001
-6.63277799999997,12.53611
-6.473612,12.461943
-6.25722299999995,12.362778
-6.22277799999995,12.340832
-6.19527799999992,12.313332
-6.13444499999997,12.2633319999999
-6.10916699999996,12.247499
-6.09805599999999,12.2449990000001
-6.08722299999999,12.2483330000001
-6.07833399999993,12.2541660000001
-6.07249999999993,12.261944
-6.063334,12.279999
-6.055834,12.299721
-6.05527799999999,12.310833
-6.064167,12.306389
-6.09750099999997,12.314444
-6.07694500000002,12.408333
-6.04805599999992,12.5277770000001
-6.03611199999995,12.5800000000001
-6.01916699999998,12.727777
-6.018056,12.7894439999999
-6.01499999999999,12.8005539999999
-6.00888900000001,12.821665
-6.00499999999994,12.8313879999999
-5.97833300000002,12.887489
-5.97388999999998,12.895832
-5.94916699999999,12.9272210000001
-5.9425,12.9341660000001
-5.92500000000001,12.944443
-5.91277799999995,12.94611
-5.90249999999998,12.9491649999999
-5.896389,12.956944
-5.88611100000003,12.974722
-5.88277799999997,12.9849990000001
-5.87499999999994,13.046944
-5.87527799999998,13.0538880000001
-5.87888899999996,13.0641650000001
-5.88472299999995,13.072222
-5.89888999999999,13.0863880000001
-5.89777900000001,13.0975
-5.893056,13.1202770000001
-5.889723,13.1308330000001
-5.863856,13.1725840000001
-5.85633000000001,13.1788810000001
-5.86138899999992,13.2449990000001
-5.85500000000002,13.402498
-5.85388899999992,13.4080540000001
-5.84833300000003,13.451666
-5.84861199999995,13.4655550000001
-5.85416700000002,13.513332
-5.86361099999999,13.531666
-5.86583400000001,13.5436100000001
-5.86611199999999,13.55722
-5.86250000000001,13.7597220000001
-5.84083399999997,13.93861
-5.83694499999996,13.966389
-5.83583399999998,13.9802760000001
-5.84861199999995,13.997499
---
-4.67000000000002,13.082499
-4.67388899999992,13.0727769999999
-4.67305599999992,13.066387
-4.66861199999994,13.049999
-4.66805599999992,13.0438880000001
-4.66861199999994,13.037498
-4.71416799999992,12.859165
-4.71611100000001,12.8541660000001
-4.73749999999995,12.820555
-4.873334,12.7144430000001
-4.88277799999997,12.709999
-4.89583399999992,12.709166
-4.90138899999994,12.710554
-4.91388899999998,12.7102780000001
-4.918612,12.708055
-4.99805599999996,12.6069430000001
-5.018056,12.5788880000001
-5.02555599999999,12.5655540000001
-5.11583399999995,12.5322209999999
-5.27361200000001,12.5352760000001
-5.72416699999997,12.526667
-5.72527799999995,12.4849990000001
-5.73055599999992,12.3672220000001
-5.73444499999994,12.2838880000001
-5.73889000000003,12.265276
-5.74805600000002,12.24
-5.753334,12.2316670000001
-5.75944499999997,12.223888
-5.76855599999993,12.2145520000001
-5.71416799999997,12.1761090000001
-5.69166799999994,12.1602760000001
-5.68166699999995,12.1549989999999
-5.67277799999999,12.1524979999999
-5.663611,12.1513880000001
-5.62388900000002,12.1513880000001
-5.605278,12.154165
-5.58611200000001,12.1602760000001
-5.57666699999993,12.1638870000001
-5.54138899999992,12.178055
-5.53555599999999,12.1872220000001
-5.53777799999995,12.2149980000001
-5.53472199999999,12.223888
-5.52583399999997,12.2305549999999
-5.51694500000002,12.232222
-5.50666699999994,12.233055
-5.49638899999997,12.232222
-5.476945,12.228611
-5.32333399999999,12.1761090000001
-5.29388899999998,12.1638870000001
-5.22833299999996,12.1305540000001
-5.146389,12.083611
-5.12249999999995,12.0663870000001
-5.08888899999994,12.0452770000001
-5.04527899999994,12.0197220000001
-5.03444499999995,12.0172210000001
-5.01499699999994,12.0261310000001
-4.89583399999992,12.1663880000001
-4.85472299999992,12.179165
-4.827223,12.186388
-4.75888900000001,12.206388
-4.75833399999999,12.2105540000001
-4.75916699999999,12.216944
-4.76333399999999,12.226387
-4.78750000000002,12.266109
-4.789445,12.2949980000001
-4.79000100000002,12.324165
-4.78750000000002,12.335278
-4.78083400000003,12.3422220000001
-4.71472299999999,12.3802779999999
-4.70999999999992,12.3822210000001
-4.67083400000001,12.3947220000001
-4.66555599999992,12.396387
-4.65305599999999,12.396666
-4.64749999999998,12.395277
-4.63499999999993,12.38722
-4.62999999999994,12.385277
-4.62388899999996,12.38611
-4.61583399999995,12.391666
-4.61249999999995,12.395277
-4.606945,12.4036100000001
-4.60250100000002,12.4127770000001
-4.59222299999993,12.462776
-4.56111099999993,12.63611
-4.55944499999993,12.6499999999999
-4.54694499999994,12.654999
-4.536112,12.658054
-4.52166699999992,12.6644440000001
-4.48361199999999,12.6886099999999
-4.47555599999993,12.6944430000001
-4.41916799999996,12.7422220000001
-4.39694500000002,12.761389
-4.39083399999998,12.769165
-4.38899099999998,12.779047
-4.39805599999994,12.8641660000001
-4.40111200000001,12.8752769999999
-4.415278,12.895832
-4.419445,12.898333
-4.43055599999997,12.9011100000001
-4.44361099999992,12.901388
-4.45527799999996,12.903332
-4.46027899999996,12.9052770000001
-4.47000000000003,12.9091660000001
-4.48166800000001,12.9186100000001
-4.58000099999998,13.0136110000001
-4.59027900000001,13.0238879999999
-4.604445,13.0380550000001
-4.61722299999997,13.0530550000001
-4.62000099999995,13.0572200000001
-4.62916799999994,13.075554
-4.63025899999997,13.0799990000001
-4.63305600000001,13.091389
-4.63999999999999,13.0927770000001
-4.65222299999999,13.092499
-4.66250000000002,13.088888
---
