-54.891396,-68.62056
-54.888611,-68.643112
-54.8850019999999,-68.637222
-54.804771,-68.636124
-54.811111,-68.62529
-54.8150019999999,-68.62056
-54.874451,-68.557236
-54.8800049999999,-68.557236
-54.8847269999999,-68.572784
-54.8900069999999,-68.599167
-54.891396,-68.6086119999999
---
-54.782501,-63.865837
-54.786118,-63.871391
-54.811951,-63.9547269999999
-54.7908399999999,-63.975838
-54.778618,-64.0113979999999
-54.790001,-64.040283
-54.818893,-64.1355589999999
-54.842224,-64.253891
-54.8397289999999,-64.261124
-54.835007,-64.2650149999999
-54.829445,-64.268066
-54.8233339999999,-64.26973
-54.806114,-64.265289
-54.788612,-64.326401
-54.803062,-64.3491669999999
-54.8386149999999,-64.418625
-54.840836,-64.426956
-54.8469469999999,-64.4525149999999
-54.848061,-64.4633479999999
-54.8472289999999,-64.485001
-54.866669,-64.572784
-54.868896,-64.581116
-54.90139,-64.63945
-54.907227,-64.678345
-54.871948,-64.66806
-54.866394,-64.670563
-54.848618,-64.699448
-54.8461149999999,-64.70668
-54.8444519999999,-64.727234
-54.8444519999999,-64.747513
-54.8411179999999,-64.753616
-54.835007,-64.75528
-54.828056,-64.755844
-54.808617,-64.743057
-54.8044509999999,-64.738617
-54.776947,-64.6927799999999
-54.774445,-64.672791
-54.7755579999999,-64.6633449999999
-54.780838,-64.648621
-54.793892,-64.6239009999999
-54.798889,-64.609177
-54.799446,-64.598343
-54.78334,-64.516113
-54.748062,-64.3786159999999
-54.7277829999999,-64.337509
-54.742783,-64.168335
-54.732224,-64.023056
-54.714172,-63.920006
-54.713615,-63.908058
-54.7194519999999,-63.826668
-54.721115,-63.818062
-54.725838,-63.813896
-54.731392,-63.813614
---
-52.999168,-68.257507
-53.1030579999999,-68.224731
-53.109451,-68.2236179999999
-53.115562,-68.2227779999999
-53.121117,-68.224731
-53.1225049999999,-68.234177
-53.118896,-68.2397309999999
-53.114174,-68.243057
-53.0927809999999,-68.2533419999999
-53.081673,-68.258057
-53.0644449999999,-68.2636259999999
-53.035004,-68.271393
-53.018333,-68.278061
-53.0088959999999,-68.285004
-53.004723,-68.2894589999999
-53.001114,-68.295288
-52.99556,-68.308899
-52.994171,-68.3180689999999
-52.994171,-68.327225
-53.003891,-68.368347
-53.011948,-68.388901
-53.015282,-68.39473
-53.1263959999999,-68.543625
-53.150284,-68.561111
-53.155838,-68.563614
-53.174171,-68.56723
-53.188057,-68.5675049999999
-53.199173,-68.563065
-53.210007,-68.5575099999999
-53.229446,-68.543625
-53.246117,-68.5255579999999
-53.253616,-68.515289
-53.263893,-68.498062
-53.2813949999999,-68.458069
-53.292503,-68.430557
-53.297226,-68.404175
-53.300835,-68.363892
-53.301674,-68.309723
-53.301117,-68.287781
-53.299728,-68.2789
-53.287506,-68.2305599999999
-53.286118,-68.2211149999999
-53.2847289999999,-68.200562
-53.286118,-68.179733
-53.291672,-68.1661219999999
-53.295837,-68.160278
-53.304169,-68.151123
-53.3694459999999,-68.099457
-53.379723,-68.092514
-53.390007,-68.08667
-53.401672,-68.083344
-53.460838,-68.066116
-53.522781,-68.0430599999999
-53.56945,-68.008347
-53.583336,-67.9969479999999
-53.5922239999999,-67.9886169999999
-53.608612,-67.9702909999999
-53.7097239999999,-67.803894
-53.747223,-67.738892
-53.790283,-67.661667
-53.7930599999999,-67.654449
-53.805283,-67.628891
-53.829445,-67.587784
-53.833336,-67.583344
-53.84639,-67.5841669999999
-53.857506,-67.588898
-53.871117,-67.588898
-53.883614,-67.586395
-53.9000019999999,-67.579178
-53.910278,-67.573334
-53.918617,-67.563614
-53.958061,-67.4908449999999
-54.028893,-67.359177
-54.071114,-67.2672269999999
-54.186111,-66.9941709999999
-54.2283399999999,-66.8700099999999
-54.233612,-66.843903
-54.265007,-66.7572329999999
-54.2772289999999,-66.729736
-54.2830579999999,-66.716675
-54.289169,-66.703613
-54.299446,-66.6855619999999
-54.323891,-66.656677
-54.328613,-66.6530609999999
-54.399727,-66.569458
-54.410561,-66.552505
-54.413895,-66.546677
-54.508614,-66.321121
-54.524727,-66.277786
-54.530006,-66.263336
-54.5377809999999,-66.2416689999999
-54.5419459999999,-66.2275089999999
-54.588341,-66.063339
-54.592781,-66.047501
-54.657501,-65.8075099999999
-54.671669,-65.705841
-54.67334,-65.685562
-54.6730579999999,-65.6736149999999
-54.649445,-65.42807
-54.635559,-65.330292
-54.633614,-65.297226
-54.633614,-65.235291
-54.633614,-65.223618
-54.634727,-65.214172
-54.643059,-65.15889
-54.6469499999999,-65.142227
-54.651672,-65.138062
-54.6572269999999,-65.1400149999999
-54.813614,-65.2383419999999
-54.901947,-65.3188929999999
-54.9186169999999,-65.336945
-54.926392,-65.347229
-54.9291689999999,-65.353897
-54.930557,-65.376678
-54.927505,-65.3947299999999
-54.9227829999999,-65.398621
-54.917229,-65.4013979999999
-54.910278,-65.401947
-54.902504,-65.48584
-54.930557,-65.5988919999999
-54.932785,-65.6072239999999
-54.92556,-65.7066799999999
-54.9161149999999,-65.714447
-54.908058,-65.724457
-54.904724,-65.73056
-54.902229,-65.737793
-54.896393,-65.763062
-54.895279,-65.772781
-54.891396,-65.8780669999999
-54.892227,-65.888626
-54.898613,-65.936111
-54.9158399999999,-65.950562
-54.9208369999999,-65.954178
-54.939171,-65.983063
-54.953056,-66.0063929999999
-54.956116,-66.0133359999999
-54.980003,-66.104172
-54.983063,-66.1233369999999
-54.986946,-66.165009
-54.988617,-66.1864009999999
-54.984169,-66.260834
-54.9825059999999,-66.339737
-54.9825059999999,-66.351959
-54.985001,-66.371948
-54.987785,-66.379181
-54.991112,-66.3850099999999
-55.051674,-66.4461209999999
-55.051674,-66.458069
-55.0447239999999,-66.551682
-55.04084,-66.5805659999999
-55.029724,-66.632233
-55.025841,-66.649445
-55.023056,-66.656403
-55.013062,-66.674728
-55.005562,-66.685837
-54.9966739999999,-66.694458
-54.984451,-66.7091669999999
-54.974449,-66.727234
-54.965004,-66.7469479999999
-54.945557,-66.796402
-54.939728,-66.8216709999999
-54.911392,-66.993057
-54.908615,-67.011337
-54.907501,-67.0216669999999
-54.898338,-67.156677
-54.877502,-67.488892
-54.8825069999999,-67.6041719999999
-54.8847269999999,-67.624451
-54.886948,-67.656677
-54.8875049999999,-67.679459
-54.886948,-67.714172
-54.877502,-67.826126
-54.861115,-68.00029
-54.8572239999999,-68.0289
-54.8488919999999,-68.062225
-54.847214,-68.0665969999999
-54.8461149999999,-68.069458
-54.836395,-68.1002809999999
-54.83223,-68.116959
-54.825562,-68.1525119999999
-54.816948,-68.24556
-54.824448,-68.308624
-54.830559,-68.309723
-54.840279,-68.3172299999999
-54.8436129999999,-68.323334
-54.845001,-68.332779
-54.8555599999999,-68.492508
-54.856117,-68.515015
-54.85334,-68.5341799999999
-54.849167,-68.5508419999999
-54.84639,-68.557785
-54.835838,-68.575562
-54.788338,-68.635834
-54.546097,-68.632126
-54.3552779999999,-68.630569
-54.334724,-68.631668
-53.9980619999999,-68.629181
-53.840279,-68.626953
-53.510284,-68.624451
-53.338341,-68.623337
-53.324722,-68.623337
-53.27639,-68.6239009999999
-53.138893,-68.6230619999999
-52.795006,-68.62056
-52.71917,-68.6197359999999
-52.650558,-68.618622
-52.6415099999999,-68.617584
-52.686394,-68.571396
-52.74028,-68.524445
-52.812782,-68.451126
-52.843895,-68.4102779999999
-52.88195,-68.348068
-52.893059,-68.3322299999999
-52.9061129999999,-68.319458
-52.92334,-68.3027799999999
-52.932503,-68.294724
-52.941948,-68.287781
-52.972229,-68.26973
-52.98806,-68.261948
---
-39.243614,-61.893333
-39.242783,-61.901115
-39.24028,-61.906952
-39.168617,-62.059174
-39.164726,-62.063057
-39.12056,-62.090836
-39.111671,-62.0963899999999
-39.101112,-62.099167
-39.09417,-62.0977779999999
-39.089172,-62.095284
-39.086113,-62.089447
-39.088058,-62.07917
-39.115837,-61.957504
-39.120003,-61.9441679999999
-39.136673,-61.896118
-39.139168,-61.890556
-39.1430589999999,-61.886673
-39.161949,-61.877502
-39.166946,-61.875839
-39.218338,-61.859726
-39.230003,-61.858894
-39.235283,-61.861671
-39.238335,-61.866669
-39.2425,-61.878891
---
-39.0675049999999,-62.004448
-39.0413889999999,-62.109169
-39.035561,-62.119728
-39.0288929999999,-62.1291729999999
-39.025002,-62.132782
-39.01889,-62.132782
-39.01445,-62.1291729999999
-39.00695,-62.1208339999999
-39.0025019999999,-62.079445
-39.002785,-62.063339
-39.007782,-62.0411149999999
-39.018059,-62.0072249999999
-39.026947,-61.981392
-39.036949,-61.9669489999999
-39.046394,-61.9627839999999
-39.051674,-61.965279
-39.055283,-61.9694519999999
-39.0641709999999,-61.984169
-39.066948,-61.996948
---
-22.113335,-65.7341769999999
-22.108891,-65.657501
-22.100002,-65.5988919999999
-22.09473,-65.1902009999999
-22.090836,-64.988342
-22.105278,-64.974457
-22.110001,-64.964447
-22.181393,-64.7227779999999
-22.182781,-64.7086179999999
-22.1808359999999,-64.696671
-22.177223,-64.6861109999999
-22.173964,-64.67984
-22.169724,-64.671677
-22.21167,-64.594727
-22.214725,-64.590561
-22.254448,-64.551392
-22.2666699999999,-64.5425109999999
-22.2763899999999,-64.538895
-22.282501,-64.5383449999999
-22.288612,-64.5394589999999
-22.298889,-64.543625
-22.40889,-64.526123
-22.514446,-64.461945
-22.5800019999999,-64.4438929999999
-22.612503,-64.4547269999999
-22.6186139999999,-64.455841
-22.632225,-64.4566799999999
-22.643333,-64.454453
-22.648335,-64.4525149999999
-22.651947,-64.448898
-22.683613,-64.416397
-22.7294459999999,-64.369736
-22.736668,-64.3625029999999
-22.740837,-64.360001
-22.7672229999999,-64.3525089999999
-22.814167,-64.347778
-22.8430559999999,-64.348068
-22.864445,-64.34584
-22.869446,-64.343903
-22.8716699999999,-64.338623
-22.873611,-64.324722
-22.860558,-64.316391
-22.8325,-64.301392
-22.754448,-64.28389
-22.727501,-64.2861179999999
-22.6555559999999,-64.282501
-22.649445,-64.281403
-22.638615,-64.2777859999999
-22.56778,-64.2533419999999
-22.549725,-64.244171
-22.517223,-64.225845
-22.508614,-64.220291
-22.4999999999999,-64.2061539999999
-22.4977799999999,-64.202515
-22.491112,-64.1944579999999
-22.474445,-64.1758419999999
-22.466393,-64.169449
-22.410278,-64.1266779999999
-22.249725,-64.058624
-22.094448,-63.993057
-22.0008349999999,-63.941116
-22.002781,-63.733063
-22.003056,-63.6858369999999
-22.0033339999999,-63.593338
-22.000557,-63.1302799999999
-21.99778,-62.886116
-21.9966699999999,-62.8302839999999
-21.996853,-62.8182029999999
-21.9969479999999,-62.811951
-21.999073,-62.8083419999999
-22.006947,-62.8041689999999
-22.01667,-62.800285
-22.022224,-62.7991709999999
-22.058891,-62.792778
-22.0855559999999,-62.7905579999999
-22.101948,-62.795563
-22.108059,-62.79528
-22.1227799999999,-62.789452
-22.1547239999999,-62.765007
-22.234726,-62.6594469999999
-22.237782,-62.655006
-22.2389029999999,-62.643768
-22.275558,-62.617783
-22.370834,-62.521393
-22.452778,-62.39917
-22.4608349999999,-62.3855589999999
-22.467503,-62.370003
-22.469448,-62.3569489999999
-22.47028,-62.341393
-22.480835,-62.3158339999999
-22.4958339999999,-62.2852779999999
-22.521667,-62.253891
-22.5288929999999,-62.2469479999999
-22.5427779999999,-62.2402799999999
-22.566948,-62.2375029999999
-22.5738909999999,-62.237785
-22.756111,-62.154724
-22.816391,-62.101952
-22.876392,-62.042229
-22.891945,-62.029449
-22.9061129999999,-62.02195
-22.942223,-62.0055619999999
-22.9472239999999,-62.003616
-22.952778,-62.003891
-22.9580569999999,-62.0055619999999
-22.975281,-62.00695
-22.994724,-61.999168
-23.006668,-61.990005
-23.010281,-61.986389
-23.066948,-61.921112
-23.069725,-61.9166719999999
-23.071945,-61.896118
-23.073612,-61.8900069999999
-23.0758359999999,-61.885002
-23.09,-61.855278
-23.169724,-61.759445
-23.1733359999999,-61.7558359999999
-23.1852799999999,-61.7469479999999
-23.1908339999999,-61.74556
-23.224167,-61.7477799999999
-23.2297249999999,-61.746674
-23.239445,-61.7425
-23.243614,-61.739723
-23.282223,-61.683891
-23.287224,-61.6744459999999
-23.288059,-61.6677779999999
-23.2877809999999,-61.660835
-23.284725,-61.649727
-23.2819479999999,-61.6308359999999
-23.283611,-61.625
-23.29417,-61.598618
-23.300003,-61.5897289999999
-23.4180559999999,-61.4508359999999
-23.456112,-61.364174
-23.48917,-61.2947239999999
-23.554726,-61.182503
-23.6036149999999,-61.115562
-23.6072239999999,-61.111946
-23.6113889999999,-61.108894
-23.7541689999999,-61.034729
-23.7861139999999,-61.0247269999999
-23.806114,-61.0150069999999
-23.810558,-61.012222
-23.813335,-61.007782
-23.821667,-60.986389
-23.849724,-60.8752819999999
-23.8725009999999,-60.7608339999999
-23.872223,-60.7322239999999
-23.894447,-60.613892
-23.909168,-60.59417
-23.914169,-60.592224
-23.921112,-60.592506
-23.931393,-60.589172
-23.935558,-60.586113
-23.9475019999999,-60.57695
-23.951115,-60.5733339999999
-23.988892,-60.4563899999999
-24.037502,-60.286392
-24.039448,-60.273056
-24.041668,-60.162781
-24.037781,-60.13945
-24.0322229999999,-60.115837
-24.02417,-60.0877839999999
-24.0163919999999,-60.0666729999999
-24.0097239999999,-60.038063
-24.042778,-59.98278
-24.233612,-59.67028
-24.314445,-59.536118
-24.316948,-59.5311129999999
-24.353058,-59.472778
-24.356392,-59.468895
-24.428059,-59.3900069999999
-24.442223,-59.3763959999999
-24.467503,-59.360001
-24.4752809999999,-59.3538889999999
-24.488892,-59.33889
-24.515278,-59.289726
-24.608334,-59.1019519999999
-24.618614,-59.058617
-24.654724,-58.989723
-24.685558,-58.938614
-24.697781,-58.922501
-24.730003,-58.8813929999999
-24.7788929999999,-58.8124999999999
-24.784168,-58.8033369999999
-24.8222239999999,-58.6697239999999
-24.828613,-58.604446
-24.826115,-58.5797269999999
-24.8266679999999,-58.571945
-24.831947,-58.5394519999999
-24.834446,-58.525841
-24.853058,-58.461113
-24.8569449999999,-58.450562
-24.86417,-58.4427799999999
-24.961113,-58.3561169999999
-24.9747239999999,-58.348335
-24.978615,-58.28167
-24.9738919999999,-58.183891
-24.9772219999999,-58.179726
-25.008057,-58.1291729999999
-25.034447,-58.059723
-25.077503,-57.935562
-25.078056,-57.9080579999999
-25.081947,-57.887222
-25.08778,-57.871117
-25.097504,-57.858063
-25.1661149999999,-57.766113
-25.176945,-57.7561109999999
-25.191948,-57.751114
-25.208614,-57.7483369999999
-25.218891,-57.745285
-25.233059,-57.738335
-25.240559,-57.73278
-25.271389,-57.7063899999999
-25.2943,-57.672668
-25.306114,-57.6686169999999
-25.374725,-57.6433329999999
-25.3880579999999,-57.631111
-25.3913919999999,-57.626945
-25.409447,-57.600563
-25.414448,-57.591667
-25.416389,-57.585281
-25.421391,-57.575279
-25.4302789999999,-57.562225
-25.438057,-57.55584
-25.443336,-57.553894
-25.448334,-57.5533369999999
-25.468334,-57.553894
-25.5494459999999,-57.576668
-25.7319449999999,-57.744728
-25.738335,-57.753059
-25.7630579999999,-57.785835
-25.770279,-57.800003
-25.77314,-57.810982
-25.821945,-57.803612
-25.827503,-57.803062
-25.834724,-57.803612
-25.8480569999999,-57.811951
-25.904446,-57.853889
-25.945004,-57.894447
-25.952778,-57.9013899999999
-25.958336,-57.903618
-25.964169,-57.903618
-25.968613,-57.900841
-25.972504,-57.8972239999999
-25.976948,-57.886673
-25.977501,-57.878891
-25.981392,-57.866669
-25.986389,-57.857506
-25.991112,-57.854729
-25.9966699999999,-57.853889
-26.001945,-57.855835
-26.011948,-57.868057
-26.100002,-57.995834
-26.108334,-58.0100019999999
-26.1191669999999,-58.04834
-26.206947,-58.14473
-26.2572249999999,-58.131393
-26.300556,-58.1619489999999
-26.408611,-58.206673
-26.420002,-58.210281
-26.426392,-58.211395
-26.535004,-58.21917
-26.5405579999999,-58.218056
-26.545002,-58.215836
-26.562778,-58.188339
-26.579445,-58.177505
-26.597225,-58.168335
-26.602779,-58.168892
-26.656113,-58.181671
-26.87278,-58.3166729999999
-26.885387,-58.3527679999999
-26.908058,-58.394447
-26.981468,-58.469543
-26.993057,-58.4727779999999
-27.1175,-58.564171
-27.1236109999999,-58.57917
-27.124447,-58.5855559999999
-27.125,-58.605835
-27.131111,-58.628059
-27.145279,-58.643616
-27.158337,-58.652779
-27.163334,-58.655006
-27.168613,-58.656952
-27.1816669999999,-58.659172
-27.191612,-58.6557309999999
-27.195557,-58.652779
-27.203335,-58.646393
-27.2222249999999,-58.6208339999999
-27.2322239999999,-58.608894
-27.239723,-58.601952
-27.245003,-58.598892
-27.256111,-58.597504
-27.316921,-58.604622
-27.303337,-58.56945
-27.298889,-58.552505
-27.293335,-58.529167
-27.288612,-58.505562
-27.2861139999999,-58.479729
-27.273891,-58.2897259999999
-27.26889,-58.1563949999999
-27.270279,-58.011116
-27.275558,-57.9358369999999
-27.292225,-57.7913889999999
-27.3052789999999,-57.735558
-27.308891,-57.723618
-27.319447,-57.7038959999999
-27.335003,-57.682503
-27.35667,-57.652229
-27.364723,-57.6375049999999
-27.3691669999999,-57.626396
-27.3741679999999,-57.607506
-27.4177779999999,-57.413063
-27.426117,-57.3449249999999
-27.425556,-57.323616
-27.431114,-57.296951
-27.442223,-57.269173
-27.4558329999999,-57.2450029999999
-27.463337,-57.229729
-27.471947,-57.2072299999999
-27.484169,-57.1644519999999
-27.489723,-57.129448
-27.490837,-57.113892
-27.4925,-57.083893
-27.4919469999999,-57.071671
-27.4875029999999,-57.0594479999999
-27.4769479999999,-57.04528
-27.47139,-57.036118
-27.4508359999999,-56.9986109999999
-27.43417,-56.964729
-27.423058,-56.932503
-27.4186129999999,-56.915001
-27.4177779999999,-56.9086149999999
-27.4180559999999,-56.887222
-27.4211119999999,-56.8741679999999
-27.423615,-56.8691709999999
-27.432781,-56.855835
-27.449448,-56.835838
-27.47028,-56.813339
-27.485001,-56.799171
-27.4944459999999,-56.7861179999999
-27.499168,-56.775558
-27.504723,-56.7575069999999
-27.506947,-56.736946
-27.5036129999999,-56.725838
-27.483433,-56.7062759999999
-27.477222,-56.700836
-27.471111,-56.692505
-27.461391,-56.673058
-27.453892,-56.644447
-27.4483339999999,-56.6069489999999
-27.4480589999999,-56.585838
-27.4491689999999,-56.570557
-27.4525029999999,-56.550003
-27.459724,-56.525841
-27.4641689999999,-56.514725
-27.475281,-56.504173
-27.495556,-56.497505
-27.509167,-56.4902799999999
-27.543613,-56.460007
-27.550835,-56.452782
-27.574722,-56.418617
-27.584446,-56.398056
-27.588337,-56.378059
-27.588337,-56.371117
-27.584167,-56.3608399999999
-27.578056,-56.352501
-27.5702779999999,-56.3455579999999
-27.475281,-56.279167
-27.461391,-56.270836
-27.448612,-56.26889
-27.425003,-56.271393
-27.402225,-56.275558
-27.396114,-56.274445
-27.391392,-56.271393
-27.387501,-56.268059
-27.384445,-56.263893
-27.316948,-56.15834
-27.312225,-56.148613
-27.308891,-56.137779
-27.3077809999999,-56.1313929999999
-27.304726,-56.0986179999999
-27.3027799999999,-56.064445
-27.3036119999999,-56.042229
-27.306667,-56.029167
-27.331955,-55.965271
-27.326668,-55.926674
-27.326389,-55.9197239999999
-27.327503,-55.9044489999999
-27.32917,-55.898338
-27.3338889999999,-55.888062
-27.34,-55.8791729999999
-27.347504,-55.871948
-27.351669,-55.869446
-27.367226,-55.864449
-27.389446,-55.860283
-27.393612,-55.85778
-27.404724,-55.846947
-27.4077799999999,-55.842506
-27.440281,-55.77417
-27.4433359999999,-55.761116
-27.443058,-55.7541729999999
-27.441113,-55.741669
-27.439445,-55.736115
-27.433891,-55.7272259999999
-27.349724,-55.607506
-27.342503,-55.599724
-27.3380579999999,-55.59639
-27.319447,-55.585556
-27.314167,-55.583618
-27.262222,-55.56945
-27.249447,-55.5675049999999
-27.243057,-55.56778
-27.2277789999999,-55.572784
-27.215,-55.581116
-27.166668,-55.5733339999999
-27.112225,-55.547501
-26.9900019999999,-55.421394
-26.98278,-55.413895
-26.976391,-55.405556
-26.971668,-55.396118
-26.966393,-55.379448
-26.9375,-55.271118
-26.936111,-55.251114
-26.8858339999999,-55.133614
-26.87278,-55.131668
-26.868057,-55.128891
-26.8641699999999,-55.125839
-26.80917,-55.0647279999999
-26.805836,-55.0605619999999
-26.8002819999999,-55.051117
-26.7977789999999,-55.0461119999999
-26.795002,-55.0344469999999
-26.794445,-54.998894
-26.793335,-54.986115
-26.788059,-54.969452
-26.778336,-54.9572299999999
-26.7705569999999,-54.9505619999999
-26.766113,-54.948059
-26.75,-54.942223
-26.73167,-54.938614
-26.704445,-54.936394
-26.6983339999999,-54.9352799999999
-26.6927799999999,-54.9333339999999
-26.6883349999999,-54.930557
-26.680557,-54.923889
-26.667778,-54.907784
-26.65778,-54.8883359999999
-26.655003,-54.876945
-26.654167,-54.87056
-26.6555559999999,-54.8477779999999
-26.659447,-54.83667
-26.438335,-54.6983339999999
-26.428337,-54.69278
-26.4227789999999,-54.690834
-26.298058,-54.660561
-26.285835,-54.65834
-26.279167,-54.6580579999999
-26.23888,-54.667503
-26.218334,-54.644173
-26.210281,-54.637779
-26.200279,-54.633339
-26.189445,-54.635559
-26.182224,-54.642502
-26.179169,-54.6469499999999
-26.168892,-54.65834
-26.158337,-54.661667
-26.1522249999999,-54.661949
-25.982502,-54.665001
-25.9772219999999,-54.663063
-25.9738919999999,-54.659172
-25.9713899999999,-54.654167
-25.9436109999999,-54.604446
-25.781948,-54.6116709999999
-25.648613,-54.6233369999999
-25.5732229999999,-54.5989149999999
-25.570004,-54.551392
-25.5697249999999,-54.5444489999999
-25.5713919999999,-54.538338
-25.620556,-54.4688949999999
-25.633057,-54.452507
-25.5838889999999,-54.3880619999999
-25.577503,-54.380005
-25.5552789999999,-54.3133389999999
-25.548889,-54.291115
-25.5486149999999,-54.284172
-25.548889,-54.2780609999999
-25.551392,-54.273056
-25.55917,-54.26667
-25.567501,-54.261116
-25.561947,-54.177505
-25.535557,-54.1561129999999
-25.501392,-54.1183399999999
-25.495834,-54.109726
-25.493893,-54.104172
-25.494446,-54.098061
-25.631947,-53.890282
-25.635559,-53.886948
-25.681114,-53.863335
-25.689445,-53.860001
-25.801392,-53.825279
-25.806946,-53.8238909999999
-25.8191679999999,-53.8233339999999
-25.824448,-53.8250049999999
-25.840557,-53.830559
-25.88139,-53.834724
-25.947502,-53.827782
-25.952778,-53.82695
-25.957779,-53.8250049999999
-26.08778,-53.7386169999999
-26.186947,-53.668335
-26.199722,-53.660278
-26.209446,-53.656113
-26.225834,-53.652229
-26.243893,-53.6502839999999
-26.256111,-53.649727
-26.2630579999999,-53.6502839999999
-26.2691689999999,-53.651115
-26.285835,-53.65667
-26.3100009999999,-53.668892
-26.333614,-53.688614
-26.336113,-53.693336
-26.350281,-53.7080609999999
-26.360558,-53.7125019999999
-26.366669,-53.713615
-26.378891,-53.712784
-26.511112,-53.70945
-26.65667,-53.725838
-26.6958349999999,-53.7358399999999
-26.780281,-53.7180559999999
-26.785004,-53.716118
-26.876392,-53.698616
-26.889446,-53.698616
-26.911667,-53.705284
-26.978058,-53.734169
-27.002781,-53.74556
-27.129169,-53.807785
-27.1711199999999,-53.8387529999999
-27.14917,-53.8577799999999
-27.155281,-53.8997269999999
-27.1891669999999,-54.0041729999999
-27.193058,-54.0075069999999
-27.221111,-54.023056
-27.2288889999999,-54.029724
-27.248611,-54.046669
-27.251945,-54.05056
-27.268059,-54.070839
-27.283337,-54.091949
-27.2894479999999,-54.10778
-27.292225,-54.119728
-27.290836,-54.142502
-27.289169,-54.148613
-27.38139,-54.234169
-27.42028,-54.275284
-27.427502,-54.2830579999999
-27.43,-54.287506
-27.456947,-54.358063
-27.46917,-54.450836
-27.490837,-54.529724
-27.530834,-54.6269449999999
-27.554447,-54.683334
-27.556114,-54.6888959999999
-27.5650019999999,-54.7630619999999
-27.5661129999999,-54.7763899999999
-27.564445,-54.782501
-27.561947,-54.787506
-27.557224,-54.789452
-27.5516699999999,-54.7908399999999
-27.544724,-54.790283
-27.539448,-54.788338
-27.533337,-54.788612
-27.530281,-54.79306
-27.529167,-54.8000029999999
-27.530281,-54.806114
-27.532501,-54.811111
-27.535835,-54.815285
-27.543613,-54.821945
-27.67028,-54.898613
-27.711113,-54.901672
-27.723335,-54.904167
-27.737225,-54.912224
-27.8338889999999,-55.021667
-27.845837,-55.0605619999999
-27.845558,-55.066948
-27.855556,-55.173058
-27.856945,-55.186394
-27.9197239999999,-55.316391
-27.924446,-55.326118
-27.9736139999999,-55.374168
-27.98167,-55.379723
-27.9877819999999,-55.3808359999999
-27.993893,-55.380562
-28.0105589999999,-55.3772279999999
-28.023613,-55.378891
-28.0280569999999,-55.3816679999999
-28.08667,-55.447784
-28.133057,-55.58223
-28.141022,-55.626297
-28.1500019999999,-55.628059
-28.159168,-55.633614
-28.163059,-55.636948
-28.195557,-55.678612
-28.208614,-55.7094499999999
-28.2141689999999,-55.74028
-28.220001,-55.7563929999999
-28.226112,-55.765282
-28.230003,-55.7688899999999
-28.2400019999999,-55.773613
-28.246391,-55.773338
-28.251114,-55.771393
-28.255558,-55.768616
-28.2591669999999,-55.7650069999999
-28.280834,-55.7177809999999
-28.2927779999999,-55.691391
-28.2988889999999,-55.6825029999999
-28.302502,-55.678894
-28.315556,-55.670563
-28.320278,-55.668617
-28.3316689999999,-55.6663889999999
-28.34528,-55.667778
-28.389446,-55.6825029999999
-28.40028,-55.686394
-28.4088899999999,-55.6925049999999
-28.411945,-55.696671
-28.413612,-55.702507
-28.411945,-55.7086179999999
-28.4047239999999,-55.715561
-28.389725,-55.72139
-28.383614,-55.721672
-28.372501,-55.7238919999999
-28.3644449999999,-55.7302779999999
-28.3619459999999,-55.7355579999999
-28.353058,-55.8330609999999
-28.352779,-55.855003
-28.354725,-55.867783
-28.356392,-55.8733369999999
-28.361389,-55.883057
-28.3677789999999,-55.891396
-28.37167,-55.89473
-28.488335,-55.978889
-28.5611109999999,-56.011116
-28.626114,-56.066116
-28.728336,-56.1700059999999
-28.775002,-56.26973
-28.778336,-56.281395
-28.7847249999999,-56.2894519999999
-28.793892,-56.2952799999999
-28.799446,-56.297226
-28.811668,-56.299728
-28.831947,-56.301674
-29.046391,-56.413063
-29.065556,-56.423615
-29.073586,-56.431175
-29.092781,-56.515007
-29.103336,-56.534172
-29.124725,-56.5716709999999
-29.137222,-56.588341
-29.144169,-56.5961149999999
-29.1744459999999,-56.625
-29.196114,-56.641396
-29.20528,-56.64695
-29.227501,-56.654449
-29.234169,-56.655281
-29.252224,-56.653893
-29.259167,-56.654167
-29.270836,-56.656395
-29.334446,-56.690002
-29.3436129999999,-56.695557
-29.347504,-56.698891
-29.4672239999999,-56.813339
-29.558891,-56.913063
-29.706112,-57.0450059999999
-29.732502,-57.070557
-29.743336,-57.081947
-29.754169,-57.093338
-29.761112,-57.1011119999999
-29.76667,-57.1105579999999
-29.7755579999999,-57.1383359999999
-29.7775,-57.151115
-29.7775,-57.194725
-29.7805559999999,-57.227783
-29.787781,-57.2499999999999
-29.795002,-57.265007
-29.800282,-57.27417
-29.811111,-57.28566
-29.81889,-57.2929839999999
-29.832779,-57.301865
-29.862782,-57.3159709999999
-29.875,-57.319092
-29.881668,-57.319839
-29.910835,-57.318932
-29.968613,-57.322334
-29.975315,-57.322815
-29.9845849999999,-57.328415
-29.9999999999999,-57.344524
-30.127502,-57.4805599999999
-30.136948,-57.49334
-30.163334,-57.533615
-30.172779,-57.553894
-30.180836,-57.582504
-30.184925,-57.608002
-30.2377819999999,-57.629448
-30.271946,-57.624168
-30.285835,-57.6258389999999
-30.296391,-57.6300049999999
-30.301113,-57.632782
-30.3547249999999,-57.668892
-30.417503,-57.746117
-30.445557,-57.792229
-30.451115,-57.801674
-30.494446,-57.862503
-30.504448,-57.874725
-30.5083349999999,-57.878334
-30.521946,-57.887222
-30.535004,-57.88945
-30.592224,-57.8900069999999
-30.604446,-57.8897249999999
-30.613335,-57.884171
-30.6194459999999,-57.875282
-30.6219479999999,-57.870003
-30.63139,-57.856674
-30.638336,-57.8486179999999
-30.646946,-57.843056
-30.709167,-57.815559
-30.718334,-57.812225
-30.748219,-57.806396
-30.756947,-57.804451
-30.773891,-57.801392
-30.791763,-57.799324
-30.796669,-57.79834
-30.814724,-57.797226
-30.876945,-57.795837
-30.8900029999999,-57.7980579999999
-31.065556,-57.8536149999999
-31.258057,-57.915001
-31.268612,-57.919449
-31.278614,-57.924446
-31.406391,-57.991394
-31.4177779999999,-58.002502
-31.423336,-58.011948
-31.431114,-58.033615
-31.435837,-58.043892
-31.446667,-58.063614
-31.452778,-58.072502
-31.461391,-58.07917
-31.474167,-58.081673
-31.480003,-58.0805589999999
-31.488056,-58.074173
-31.4941669999999,-58.065285
-31.507267,-58.03569
-31.518612,-58.019173
-31.528614,-58.006668
-31.54417,-57.993057
-31.552502,-57.986671
-31.566113,-57.979172
-31.577225,-57.9772259999999
-31.583614,-57.976952
-31.596668,-57.977783
-31.6102789999999,-57.979172
-31.628613,-57.983894
-31.775837,-58.032784
-31.786392,-58.037224
-31.7911149999999,-58.0402829999999
-31.803337,-58.05056
-31.8125,-58.063614
-31.824448,-58.089447
-31.8297229999999,-58.106392
-31.8330569999999,-58.132782
-31.8355559999999,-58.145279
-31.841114,-58.162224
-31.854168,-58.178894
-31.86639,-58.190285
-31.8800009999999,-58.2000049999999
-31.89167,-58.203613
-31.897224,-58.2025069999999
-31.9102779999999,-58.19445
-31.940281,-58.1652829999999
-31.9447249999999,-58.162506
-31.959724,-58.1569519999999
-31.9902799999999,-58.146393
-31.995834,-58.145561
-32.066391,-58.1511149999999
-32.086945,-58.1536179999999
-32.1012339999999,-58.1582409999999
-32.106079,-58.164749
-32.110001,-58.168335
-32.123611,-58.177223
-32.128891,-58.179451
-32.141113,-58.182503
-32.155006,-58.184174
-32.160599,-58.18306
-32.170654,-58.179436
-32.196671,-58.1627809999999
-32.216118,-58.145561
-32.227226,-58.134445
-32.246101,-58.107208
-32.25415,-58.100777
-32.259171,-58.099167
-32.294586,-58.0975569999999
-32.315834,-58.098061
-32.322784,-58.0988919999999
-32.3280559999999,-58.101112
-32.335838,-58.108337
-32.3541719999999,-58.135284
-32.369728,-58.1502839999999
-32.399445,-58.173889
-32.408615,-58.18
-32.45031,-58.199242
-32.4483339999999,-58.2000049999999
-32.448891,-58.201668
-32.461945,-58.211395
-32.466667,-58.214447
-32.4772259999999,-58.218895
-32.49556,-58.223335
-32.5216669999999,-58.224724
-32.5658339999999,-58.225006
-32.57695,-58.223061
-32.7055589999999,-58.198616
-32.859169,-58.1680599999999
-32.9441679999999,-58.150558
-33.039169,-58.145836
-33.051674,-58.147224
-33.062225,-58.151947
-33.0713959999999,-58.1577839999999
-33.075279,-58.161667
-33.0872269999999,-58.176949
-33.089447,-58.182228
-33.092506,-58.194168
-33.095001,-58.214172
-33.095284,-58.228889
-33.0947269999999,-58.236946
-33.091949,-58.251671
-33.090004,-58.258057
-33.0880579999999,-58.273338
-33.081116,-58.3675
-33.0805589999999,-58.3980559999999
-33.080833,-58.405281
-33.0822299999999,-58.411392
-33.08445,-58.416389
-33.096947,-58.4269489999999
-33.101395,-58.430283
-33.106949,-58.4291689999999
-33.261948,-58.4266739999999
-33.335556,-58.455559
-33.34639,-58.467506
-33.360001,-58.476669
-33.40667,-58.506111
-33.411949,-58.508614
-33.485283,-58.525558
-33.516945,-58.5319519999999
-33.660561,-58.5494459999999
-33.686111,-58.549728
-33.7333369999999,-58.547501
-33.739174,-58.546394
-33.7638929999999,-58.5369489999999
-33.778618,-58.527779
-33.827507,-58.488892
-33.838058,-58.476952
-33.8444519999999,-58.467506
-33.8530579999999,-58.461945
-33.858063,-58.460007
-33.9697269999999,-58.4394449999999
-33.975838,-58.439171
-33.98278,-58.440285
-33.994728,-58.443062
-34.009727,-58.448334
-34.020004,-58.424446
-34.0294489999999,-58.401672
-34.036392,-58.3922269999999
-34.045006,-58.3866729999999
-34.05584,-58.3838959999999
-34.181396,-58.3763959999999
-34.188057,-58.3772279999999
-34.19278,-58.380005
-34.2344509999999,-58.411949
-34.260284,-58.4319459999999
-34.263336,-58.436394
-34.281113,-58.4719469999999
-34.282784,-58.4788889999999
-34.326668,-58.498894
-34.39695,-58.4933399999999
-34.488617,-58.4761119999999
-34.5397259999999,-58.4697269999999
-34.547783,-58.463058
-34.570557,-58.4316709999999
-34.573616,-58.4269489999999
-34.575562,-58.42028
-34.57695,-58.403893
-34.5766679999999,-58.396118
-34.5813899999999,-58.375
-34.583893,-58.3694459999999
-34.5875019999999,-58.365837
-34.593552,-58.362991
-34.6019519999999,-58.359169
-34.633617,-58.346336
-34.636116,-58.344727
-34.652504,-58.33223
-34.663895,-58.31945
-34.717224,-58.230835
-34.747505,-58.164169
-34.7555619999999,-58.129723
-34.770836,-58.077507
-34.788338,-58.0200039999999
-34.794724,-58.0013959999999
-34.851112,-57.855003
-34.878891,-57.795837
-35.045563,-57.498894
-35.048615,-57.494171
-35.1555559999999,-57.3355559999999
-35.17778,-57.312782
-35.320557,-57.188339
-35.398895,-57.1355589999999
-35.4169459999999,-57.124725
-35.427505,-57.120834
-35.433617,-57.120834
-35.470284,-57.129723
-35.488892,-57.141945
-35.534172,-57.173058
-35.545006,-57.185005
-35.589172,-57.233063
-35.688339,-57.310005
-35.749168,-57.355003
-35.781395,-57.376114
-35.792229,-57.380836
-35.81028,-57.385559
-35.830833,-57.387779
-35.90667,-57.387779
-35.930283,-57.385002
-35.962784,-57.376671
-35.9869459999999,-57.3658369999999
-36.0905609999999,-57.313339
-36.099167,-57.307503
-36.172501,-57.247223
-36.184174,-57.2366709999999
-36.198616,-57.220284
-36.256111,-57.146118
-36.282227,-57.109726
-36.288338,-57.100006
-36.314171,-57.0533369999999
-36.3686139999999,-56.933334
-36.364723,-56.9030609999999
-36.348892,-56.872223
-36.306946,-56.779167
-36.304451,-56.773613
-36.304169,-56.767784
-36.305557,-56.7600019999999
-36.307785,-56.754448
-36.310837,-56.749451
-36.318336,-56.741669
-36.32695,-56.7358399999999
-36.409447,-56.698334
-36.4316709999999,-56.6936109999999
-36.575836,-56.671669
-36.587502,-56.67028
-36.8669509999999,-56.660278
-36.880005,-56.660835
-36.9005579999999,-56.663063
-36.923615,-56.6783369999999
-36.952225,-56.703613
-36.97139,-56.7227779999999
-36.9869459999999,-56.738335
-37.082779,-56.820839
-37.251114,-56.9458389999999
-37.370834,-57.026115
-37.382782,-57.029167
-37.397507,-57.037506
-37.452782,-57.082779
-37.493057,-57.120003
-37.560005,-57.1844479999999
-37.580833,-57.2105559999999
-37.613617,-57.255562
-37.6266709999999,-57.273613
-37.673615,-57.3300019999999
-37.7552799999999,-57.411667
-37.8258359999999,-57.4805599999999
-37.835007,-57.487503
-37.859451,-57.501671
-37.8847269999999,-57.515839
-37.913612,-57.525284
-37.9377819999999,-57.53167
-37.981949,-57.541115
-37.988617,-57.541946
-37.9950029999999,-57.5416719999999
-38.000557,-57.540558
-38.00528,-57.538612
-38.022781,-57.526672
-38.028336,-57.5255579999999
-38.080284,-57.531395
-38.086113,-57.533058
-38.096947,-57.537781
-38.1136169999999,-57.5519489999999
-38.133057,-57.571671
-38.143616,-57.584167
-38.1730579999999,-57.626114
-38.1855619999999,-57.645279
-38.203896,-57.6744459999999
-38.29306,-57.836395
-38.4352799999999,-58.161392
-38.446945,-58.189171
-38.485001,-58.301117
-38.574722,-58.6572269999999
-38.599724,-58.766945
-38.605835,-58.784447
-38.6119459999999,-58.801949
-38.688614,-59.0261149999999
-38.6925049999999,-59.038063
-38.696396,-59.05806
-38.698616,-59.0716709999999
-38.7016679999999,-59.092224
-38.702507,-59.1075059999999
-38.7094499999999,-59.171669
-38.725006,-59.2672269999999
-38.766945,-59.494728
-38.803894,-59.672783
-38.836945,-59.789726
-38.8422239999999,-59.887779
-38.84417,-59.909172
-38.886391,-60.191116
-38.928062,-60.467224
-38.953613,-60.701393
-38.972778,-60.8238909999999
-38.976395,-60.860001
-38.9958339999999,-61.0944519999999
-38.998894,-61.162224
-38.9975049999999,-61.194725
-38.9916689999999,-61.311111
-38.984726,-61.3533399999999
-38.98056,-61.3666689999999
-38.979729,-61.383614
-38.981117,-61.398056
-38.983612,-61.4197239999999
-38.9844509999999,-61.4266739999999
-38.9900049999999,-61.453339
-39.008896,-61.50528
-39.013062,-61.532784
-39.013618,-61.5477829999999
-39.005562,-61.6341709999999
-38.986115,-61.8180619999999
-38.9816739999999,-61.841393
-38.954445,-61.9777829999999
-38.943611,-62.021118
-38.942505,-62.025284
-38.918335,-62.085007
-38.915558,-62.090836
-38.9119489999999,-62.094452
-38.887222,-62.104446
-38.864449,-62.112785
-38.816391,-62.208336
-38.790001,-62.3444519999999
-38.789169,-62.353058
-38.791389,-62.365005
-38.7986149999999,-62.3813929999999
-38.8066709999999,-62.3888929999999
-38.817223,-62.394173
-38.823334,-62.396118
-38.859169,-62.381668
-38.8808359999999,-62.366669
-38.923889,-62.324722
-38.955833,-62.2788929999999
-39.036667,-62.315285
-39.078613,-62.336945
-39.167503,-62.349724
-39.2575069999999,-62.328339
-39.2625049999999,-62.3266679999999
-39.270226,-62.2883949999999
-39.271561,-62.2842249999999
-39.272392,-62.2795599999999
-39.275558,-62.253891
-39.276222,-62.243889
-39.276058,-62.230057
-39.277058,-62.2195589999999
-39.285278,-62.1694489999999
-39.287506,-62.162506
-39.322227,-62.0797269999999
-39.331947,-62.065559
-39.363617,-62.02639
-39.3675,-62.022507
-39.378059,-62.0200039999999
-39.3841709999999,-62.0216669999999
-39.38945,-62.024445
-39.398338,-62.031395
-39.4094469999999,-62.043892
-39.412224,-62.0491709999999
-39.414452,-62.054726
-39.4136119999999,-62.063614
-39.411667,-62.070282
-39.40889,-62.076118
-39.3708339999999,-62.135559
-39.354172,-62.15834
-39.342506,-62.170563
-39.333618,-62.176117
-39.323616,-62.179726
-39.3102799999999,-62.188057
-39.3083339999999,-62.1947249999999
-39.314892,-62.254726
-39.316059,-62.263058
-39.319561,-62.264225
-39.335281,-62.2772289999999
-39.3397289999999,-62.274445
-39.343613,-62.2705609999999
-39.429451,-62.155556
-39.4375,-62.138062
-39.505562,-62.0677799999999
-39.511391,-62.069725
-39.641945,-62.0936129999999
-39.718338,-62.106949
-39.744171,-62.110001
-39.782501,-62.112785
-39.8325039999999,-62.115562
-39.839447,-62.116394
-39.8430559999999,-62.1208339999999
-39.860558,-62.165001
-39.861115,-62.172501
-39.860001,-62.189171
-39.848618,-62.252785
-39.847229,-62.258896
-39.844452,-62.2663959999999
-39.841118,-62.2711179999999
-39.892227,-62.3091739999999
-40.014168,-62.341667
-40.1027829999999,-62.342224
-40.124725,-62.338058
-40.17556,-62.350838
-40.181671,-62.3527829999999
-40.202507,-62.363892
-40.215836,-62.374168
-40.221672,-62.384171
-40.2238919999999,-62.3900069999999
-40.230003,-62.415558
-40.234451,-62.427223
-40.237228,-62.432228
-40.275558,-62.473335
-40.280006,-62.476952
-40.294174,-62.486946
-40.2994459999999,-62.489449
-40.305557,-62.489723
-40.311111,-62.488892
-40.417229,-62.442505
-40.4550019999999,-62.423889
-40.45945,-62.4208369999999
-40.463058,-62.417229
-40.556946,-62.296669
-40.556946,-62.2711179999999
-40.556946,-62.265007
-40.5600049999999,-62.260002
-40.595001,-62.247223
-40.600563,-62.246674
-40.614174,-62.248894
-40.626114,-62.253059
-40.630562,-62.256393
-40.6333389999999,-62.261391
-40.6355589999999,-62.2672269999999
-40.636948,-62.2738949999999
-40.636948,-62.281952
-40.635284,-62.2980579999999
-40.633614,-62.3058399999999
-40.630562,-62.3108369999999
-40.62278,-62.3183359999999
-40.609451,-62.32695
-40.6055599999999,-62.3308329999999
-40.6030579999999,-62.33667
-40.603615,-62.343895
-40.6072239999999,-62.348061
-40.612785,-62.347504
-40.667778,-62.340279
-40.673058,-62.338341
-40.676674,-62.33445
-40.678337,-62.3266679999999
-40.648613,-62.26889
-40.641945,-62.251114
-40.6272279999999,-62.2025069999999
-40.6258389999999,-62.1958389999999
-40.626114,-62.187782
-40.629723,-62.183891
-40.6366729999999,-62.185005
-40.646118,-62.191391
-40.64917,-62.1963959999999
-40.65139,-62.2022249999999
-40.651947,-62.20945
-40.653893,-62.215279
-40.660004,-62.225563
-40.663612,-62.229729
-40.668892,-62.2325059999999
-40.7813949999999,-62.279167
-40.854729,-62.309448
-40.8636169999999,-62.3166729999999
-40.867226,-62.321114
-40.875839,-62.336113
-40.901947,-62.3900069999999
-40.906952,-62.400841
-40.912781,-62.4191739999999
-40.985001,-62.594452
-41.046112,-62.723335
-41.047501,-62.730003
-41.0486149999999,-62.745003
-41.0483399999999,-62.761116
-41.04731,-62.7715989999999
-41.107506,-62.945557
-41.126396,-62.9991679999999
-41.133057,-63.008896
-41.144173,-63.0216669999999
-41.148338,-63.03334
-41.1502839999999,-63.0394519999999
-41.1536179999999,-63.0611109999999
-41.158813,-63.1190409999999
-41.160561,-63.141945
-41.1619489999999,-63.366669
-41.1586149999999,-63.439171
-41.1619489999999,-63.5633389999999
-41.1661149999999,-63.6783369999999
-41.166389,-63.70195
-41.16584,-63.765839
-41.163895,-63.783615
-41.159172,-63.8075029999999
-41.147224,-63.8397289999999
-41.1333389999999,-63.868896
-41.13028,-63.873894
-41.120285,-63.888062
-41.101952,-63.909172
-41.0838929999999,-63.930283
-41.070557,-63.949448
-41.0644449999999,-63.960007
-41.0594479999999,-63.972778
-41.053062,-63.9933399999999
-41.035835,-64.063614
-41.02195,-64.1422269999999
-41.017784,-64.155838
-40.9594499999999,-64.299179
-40.898613,-64.4861149999999
-40.89389,-64.5097349999999
-40.887779,-64.531403
-40.83223,-64.7227779999999
-40.805557,-64.754456
-40.80278,-64.749176
-40.7947239999999,-64.741119
-40.7886119999999,-64.7408449999999
-40.784172,-64.7433469999999
-40.73278,-64.7752839999999
-40.729446,-64.780014
-40.722778,-64.8005679999999
-40.721115,-64.808334
-40.708336,-64.8847349999999
-40.706947,-64.901947
-40.706947,-64.917511
-40.710838,-64.937225
-40.721947,-64.9814
-40.725563,-64.9861149999999
-40.840561,-65.1258389999999
-40.847778,-65.134445
-40.92556,-65.1644589999999
-40.9374999999999,-65.168625
-40.984451,-65.178894
-40.996674,-65.179733
-41.090836,-65.167511
-41.106392,-65.1636199999999
-41.121948,-65.159729
-41.226112,-65.132782
-41.4333339999999,-65.0711209999999
-41.447227,-65.061951
-41.460007,-65.051392
-41.4719469999999,-65.039734
-41.478615,-65.030289
-41.4836119999999,-65.01918
-41.489449,-65.0088959999999
-41.496117,-64.999176
-41.504723,-64.992508
-41.5108339999999,-64.991119
-41.517784,-64.990845
-41.536392,-64.992508
-41.5602799999999,-64.995834
-41.571945,-64.998062
-41.588615,-65.002792
-41.5988919999999,-65.006668
-41.608063,-65.012512
-41.616394,-65.01918
-41.621391,-65.021957
-41.6316679999999,-65.0258479999999
-41.649445,-65.028625
-41.67556,-65.029175
-41.695282,-65.027237
-41.718338,-65.020569
-41.734726,-65.014175
-41.744728,-65.009171
-41.7588959999999,-65
-41.762779,-64.9963989999999
-41.7722239999999,-64.990005
-41.778618,-64.990845
-41.8124999999999,-65.008057
-41.841667,-65.0230559999999
-41.8611149999999,-65.03334
-41.869728,-65.0400089999999
-41.9219509999999,-65.0694579999999
-41.9316709999999,-65.074448
-41.948059,-65.0794529999999
-41.967506,-65.080002
-41.973618,-65.0789029999999
-41.990562,-65.0733339999999
-42.0100019999999,-65.062225
-42.0922239999999,-65.013626
-42.112228,-64.994171
-42.137222,-64.963058
-42.156952,-64.934448
-42.186951,-64.882782
-42.191948,-64.871399
-42.22834,-64.737793
-42.25695,-64.603897
-42.257782,-64.586945
-42.256668,-64.578613
-42.246674,-64.545288
-42.245003,-64.536957
-42.245285,-64.528625
-42.249451,-64.506958
-42.252502,-64.493057
-42.257782,-64.473068
-42.263618,-64.462509
-42.268333,-64.4594569999999
-42.272781,-64.462784
-42.2797239999999,-64.47168
-42.288612,-64.487793
-42.3016739999999,-64.5072329999999
-42.323059,-64.5338899999999
-42.34417,-64.551956
-42.39917,-64.5969539999999
-42.403618,-64.6002809999999
-42.413338,-64.6055599999999
-42.418892,-64.6069489999999
-42.42556,-64.6064
-42.430283,-64.603622
-42.434174,-64.599457
-42.4361109999999,-64.5927889999999
-42.437225,-64.585556
-42.445839,-64.45195
-42.436668,-64.1447299999999
-42.4361109999999,-64.126114
-42.4344479999999,-64.118896
-42.4286119999999,-64.108063
-42.402229,-64.0691679999999
-42.391396,-64.0558469999999
-42.383057,-64.0491789999999
-42.372505,-64.045288
-42.318893,-64.041397
-42.3075029999999,-64.045288
-42.297501,-64.0505679999999
-42.278618,-64.063065
-42.2688899999999,-64.0775149999999
-42.26445,-64.089737
-42.260002,-64.110565
-42.25695,-64.1422269999999
-42.259171,-64.2227779999999
-42.261673,-64.248611
-42.2630619999999,-64.285568
-42.260834,-64.300568
-42.254448,-64.319458
-42.2519449999999,-64.325287
-42.24556,-64.335007
-42.240837,-64.337784
-42.236671,-64.334457
-42.2336119999999,-64.329178
-42.229729,-64.2961119999999
-42.210281,-64.161392
-42.1655579999999,-64.013626
-42.1116709999999,-63.898056
-42.102501,-63.871948
-42.098618,-63.848335
-42.090004,-63.7730559999999
-42.089447,-63.754723
-42.090561,-63.746948
-42.095284,-63.7355579999999
-42.104729,-63.7294459999999
-42.164452,-63.696396
-42.191391,-63.6850049999999
-42.212227,-63.675003
-42.222229,-63.6697239999999
-42.236389,-63.6602779999999
-42.2402799999999,-63.6563949999999
-42.244171,-63.6522289999999
-42.253891,-63.637505
-42.272781,-63.616394
-42.2913889999999,-63.603889
-42.301392,-63.598335
-42.316948,-63.590836
-42.328339,-63.587227
-42.335281,-63.58667
-42.6061169999999,-63.5780559999999
-42.623894,-63.5805589999999
-42.75695,-63.623337
-42.761948,-63.625839
-42.771118,-63.631393
-42.775284,-63.635002
-42.782501,-63.643616
-42.811394,-63.678612
-42.8186109999999,-63.6877819999999
-42.821671,-63.693062
-42.82502,-63.708061
-42.825836,-63.726395
-42.8288959999999,-63.7513959999999
-42.843338,-63.838341
-42.883614,-64.0575099999999
-42.8883359999999,-64.070282
-42.890282,-64.086945
-42.889725,-64.095566
-42.888062,-64.102234
-42.886116,-64.1089019999999
-42.876114,-64.131958
-42.869728,-64.141953
-42.780006,-64.245285
-42.776115,-64.249176
-42.76445,-64.253067
-42.757782,-64.2533419999999
-42.741669,-64.2480619999999
-42.691391,-64.225006
-42.6488949999999,-64.200836
-42.644447,-64.19751
-42.638893,-64.1961209999999
-42.550835,-64.316681
-42.544174,-64.326401
-42.536667,-64.343903
-42.515839,-64.398056
-42.507507,-64.449722
-42.50695,-64.458344
-42.507507,-64.4944459999999
-42.508057,-64.5130619999999
-42.508896,-64.531677
-42.5183329999999,-64.6147309999999
-42.520004,-64.621948
-42.557785,-64.731674
-42.560837,-64.736954
-42.5680619999999,-64.745834
-42.5763929999999,-64.753067
-42.5813899999999,-64.75528
-42.594727,-64.765839
-42.601112,-64.7736209999999
-42.6083369999999,-64.7827909999999
-42.628616,-64.820847
-42.635284,-64.839737
-42.637222,-64.876114
-42.645279,-64.922501
-42.650002,-64.935013
-42.655838,-64.946945
-42.6663889999999,-64.960556
-42.739449,-65.0180659999999
-42.745003,-65.019455
-42.751945,-65.01918
-42.773613,-65.012512
-42.778336,-65.009445
-42.786949,-65.002502
-42.793617,-64.992783
-42.795563,-64.9861149999999
-42.802223,-64.940567
-42.840279,-64.808624
-42.8427809999999,-64.8027799999999
-42.870285,-64.738617
-42.878059,-64.7211149999999
-42.908058,-64.678345
-42.919724,-64.6566769999999
-42.93,-64.6338959999999
-42.934448,-64.6213989999999
-42.941116,-64.593903
-42.976952,-64.4180599999999
-42.978058,-64.4102779999999
-42.976112,-64.393616
-42.974449,-64.3861239999999
-42.9630579999999,-64.353897
-42.952782,-64.330292
-42.949448,-64.3155669999999
-42.953339,-64.3114009999999
-42.9886169999999,-64.2958369999999
-42.9919509999999,-64.295013
-42.99556,-64.2994539999999
-43.030838,-64.364456
-43.045563,-64.3919529999999
-43.093895,-64.526947
-43.116669,-64.5914
-43.133339,-64.704178
-43.14917,-64.7691799999999
-43.161118,-64.800293
-43.1750029999999,-64.828903
-43.178062,-64.834167
-43.230835,-64.922501
-43.240837,-64.937225
-43.3044509999999,-65.0280609999999
-43.3186109999999,-65.0394589999999
-43.323334,-65.041946
-43.335281,-65.044449
-43.453613,-65.126114
-43.465004,-65.1386259999999
-43.5725019999999,-65.2552799999999
-43.6061169999999,-65.28389
-43.653061,-65.3225099999999
-43.667778,-65.330292
-43.6733399999999,-65.331955
-43.716667,-65.336395
-43.7305599999999,-65.3358459999999
-43.749725,-65.333069
-43.81945,-65.320007
-43.830284,-65.3155669999999
-43.839729,-65.309448
-43.847778,-65.301392
-43.856392,-65.2944489999999
-43.876945,-65.28389
-43.904167,-65.273056
-43.9155579999999,-65.2694549999999
-43.969727,-65.258347
-43.961395,-65.230835
-43.955284,-65.210281
-43.960838,-65.210007
-44.107506,-65.224457
-44.112503,-65.2269589999999
-44.1175,-65.239182
-44.119171,-65.246948
-44.120834,-65.263901
-44.125839,-65.286957
-44.128616,-65.292511
-44.1322249999999,-65.296951
-44.1405559999999,-65.304169
-44.145561,-65.306946
-44.186951,-65.3125
-44.198616,-65.311111
-44.2163929999999,-65.306122
-44.285561,-65.26918
-44.313057,-65.249451
-44.405006,-65.322784
-44.427505,-65.339172
-44.521667,-65.387512
-44.61528,-65.593903
-44.618057,-65.599457
-44.6350019999999,-65.624725
-44.646393,-65.637787
-44.650558,-65.641403
-44.7072299999999,-65.6864009999999
-44.716949,-65.691681
-44.7761149999999,-65.7191769999999
-44.80584,-65.72084
-44.818611,-65.719452
-44.829727,-65.7150119999999
-44.833618,-65.7108459999999
-44.836395,-65.705002
-44.849449,-65.675293
-44.853889,-65.662506
-44.853889,-65.6527859999999
-44.8527829999999,-65.6441799999999
-44.8533399999999,-65.6355589999999
-44.856392,-65.62056
-44.885834,-65.5466769999999
-44.888336,-65.540558
-44.895004,-65.530563
-44.900002,-65.531403
-45.016396,-65.6047359999999
-45.023613,-65.614182
-45.025841,-65.620834
-45.04306,-65.685562
-45.0416719999999,-65.691391
-45.024727,-65.725006
-45.011948,-65.746124
-45.010002,-65.753067
-44.986389,-65.842514
-44.961113,-66.111954
-44.964447,-66.182785
-45.031952,-66.353897
-45.0802839999999,-66.511124
-45.08667,-66.5219569999999
-45.090279,-66.526672
-45.098618,-66.53418
-45.110283,-66.536957
-45.115837,-66.534729
-45.1225049999999,-66.524734
-45.157501,-66.566681
-45.198334,-66.685837
-45.2088929999999,-66.829178
-45.210281,-66.84668
-45.214729,-66.860001
-45.252785,-66.943619
-45.255562,-66.949448
-45.277779,-66.986115
-45.2813949999999,-66.9908449999999
-45.2897259999999,-66.998611
-45.3375019999999,-67.0377809999999
-45.421951,-67.1011199999999
-45.524445,-67.1800079999999
-45.528618,-67.183624
-45.536392,-67.1925049999999
-45.543335,-67.202225
-45.571114,-67.250839
-45.5830609999999,-67.2730559999999
-45.5947269999999,-67.2958369999999
-45.598335,-67.3008419999999
-45.6150049999999,-67.3161159999999
-45.624725,-67.321945
-45.6350019999999,-67.326675
-45.65139,-67.332504
-45.795563,-67.381119
-45.8150019999999,-67.412231
-45.821945,-67.422226
-45.924446,-67.533066
-45.932785,-67.540848
-46.0002979999999,-67.584351
-46.065834,-67.615845
-46.07695,-67.62001
-46.130005,-67.62056
-46.171394,-67.6202849999999
-46.18306,-67.617233
-46.211945,-67.609177
-46.3033369999999,-67.5816799999999
-46.325562,-67.573334
-46.417503,-67.536667
-46.427223,-67.530563
-46.4588929999999,-67.506119
-46.465012,-67.4999999999999
-46.466949,-67.498062
-46.5183329999999,-67.451675
-46.531395,-67.4405669999999
-46.56778,-67.405014
-46.6108399999999,-67.3572239999999
-46.6252819999999,-67.338058
-46.6941679999999,-67.217514
-46.702225,-67.199448
-46.708893,-67.179169
-46.758057,-67.099731
-46.870285,-66.9539029999999
-46.9833369999999,-66.8252869999999
-46.9916689999999,-66.8169559999999
-46.9983369999999,-66.8066709999999
-47.0319519999999,-66.735001
-47.040001,-66.716675
-47.044174,-66.7025149999999
-47.048615,-66.6689
-47.050285,-66.641678
-47.050003,-66.621399
-47.046669,-66.57695
-47.045837,-66.506119
-47.0591739999999,-66.374176
-47.061668,-66.368057
-47.065834,-66.363892
-47.070557,-66.36084
-47.076118,-66.3586119999999
-47.08223,-66.347229
-47.083336,-66.339172
-47.093613,-66.2091669999999
-47.092781,-66.108902
-47.092506,-66.0988919999999
-47.088341,-66.084732
-47.0766679999999,-66.060837
-47.0725019999999,-66.046951
-47.066948,-66.013626
-47.0666729999999,-65.9933469999999
-47.06778,-65.985291
-47.0986179999999,-65.900009
-47.101395,-65.8938899999999
-47.108063,-65.8836209999999
-47.189445,-65.7794489999999
-47.1983339999999,-65.772232
-47.203613,-65.770004
-47.330559,-65.732788
-47.34417,-65.732224
-47.357506,-65.732788
-47.383057,-65.734726
-47.395279,-65.736115
-47.460281,-65.744446
-47.530838,-65.7536159999999
-47.541946,-65.7569579999999
-47.611389,-65.785004
-47.753059,-65.868896
-47.758057,-65.8719479999999
-47.762222,-65.875839
-47.7650069999999,-65.881958
-47.767227,-65.888901
-47.770279,-65.9050139999999
-47.7675019999999,-65.930847
-47.760284,-65.960846
-47.7572249999999,-65.977509
-47.75695,-65.996948
-47.757782,-66.0063929999999
-47.7608339999999,-66.022507
-47.7650069999999,-66.0366669999999
-47.768059,-66.043625
-47.774445,-66.054733
-47.778061,-66.059723
-47.790558,-66.071671
-47.8019489999999,-66.085556
-47.808891,-66.09584
-47.817505,-66.113892
-47.823044,-66.17054
-47.840378,-66.2291179999999
-47.860283,-66.243622
-47.843967,-66.211784
-47.839172,-66.1819459999999
-47.8355979999999,-66.1269
-47.819454,-66.0802689999999
-47.785561,-65.9814
-47.78389,-65.973343
-47.784447,-65.964172
-47.788338,-65.949448
-47.804169,-65.911957
-47.810837,-65.901398
-47.819168,-65.892792
-47.930283,-65.789459
-47.9355619999999,-65.787231
-47.9625019999999,-65.787231
-47.968056,-65.788895
-47.970284,-65.795837
-47.972778,-65.823624
-47.972504,-65.833069
-47.965279,-65.8527829999999
-47.95195,-65.884171
-47.946114,-65.906113
-47.9458389999999,-65.915558
-47.9466709999999,-65.9244539999999
-47.9541699999999,-65.961395
-47.961113,-65.97139
-47.966118,-65.974457
-47.972229,-65.975006
-47.978615,-65.9738919999999
-48.046951,-65.947235
-48.0525049999999,-65.945007
-48.0927809999999,-65.964172
-48.0977779999999,-66.0577849999999
-48.101669,-66.073334
-48.1044459999999,-66.0794529999999
-48.2441709999999,-66.281403
-48.2836149999999,-66.335556
-48.341393,-66.410568
-48.395836,-66.4627839999999
-48.39917,-66.468063
-48.40139,-66.4752809999999
-48.4080579999999,-66.549728
-48.431671,-66.639725
-48.4388959999999,-66.6613919999999
-48.4416729999999,-66.667511
-48.4558329999999,-66.6880649999999
-48.511116,-66.751114
-48.5677799999999,-66.8216709999999
-48.571114,-66.826675
-48.573891,-66.832779
-48.577782,-66.8797299999999
-48.5836179999999,-66.912781
-48.589447,-66.93779
-48.598061,-66.966675
-48.631111,-67.063339
-48.6388929999999,-67.082779
-48.645279,-67.0941769999999
-48.664169,-67.118057
-48.671669,-67.127228
-48.68,-67.135284
-48.764725,-67.2050019999999
-48.813057,-67.2336119999999
-48.822784,-67.239731
-48.8263929999999,-67.24501
-48.8305589999999,-67.259445
-48.8347239999999,-67.284729
-48.843895,-67.31279
-48.855278,-67.3377839999999
-48.890556,-67.39917
-48.897507,-67.409729
-48.964172,-67.4866789999999
-48.980003,-67.504181
-48.984169,-67.508347
-48.9911119999999,-67.51889
-49.0188899999999,-67.5605619999999
-49.034172,-67.579453
-49.046669,-67.591949
-49.112228,-67.638901
-49.118614,-67.640015
-49.13028,-67.6363979999999
-49.140007,-67.630005
-49.14389,-67.626114
-49.1586149999999,-67.616394
-49.1694489999999,-67.6119539999999
-49.17556,-67.613068
-49.180557,-67.616119
-49.2400049999999,-67.673889
-49.2483369999999,-67.682236
-49.284172,-67.726395
-49.315285,-67.765289
-49.3180619999999,-67.7716669999999
-49.327782,-67.7886199999999
-49.331947,-67.7927859999999
-49.3769449999999,-67.829727
-49.381668,-67.832779
-49.388618,-67.832779
-49.392784,-67.828613
-49.3955609999999,-67.8222349999999
-49.39695,-67.813614
-49.382225,-67.730011
-49.380005,-67.7227779999999
-49.369728,-67.70668
-49.360001,-67.700562
-49.343613,-67.6944579999999
-49.331673,-67.6911159999999
-49.315285,-67.685013
-49.270279,-67.658615
-49.260559,-67.652512
-49.256393,-67.648346
-49.253059,-67.6430659999999
-49.2516709999999,-67.6347349999999
-49.253616,-67.6166689999999
-49.255562,-67.610291
-49.259171,-67.605011
-49.264725,-67.6027829999999
-49.276947,-67.605011
-49.4275049999999,-67.656677
-49.522781,-67.6900019999999
-49.6316679999999,-67.719177
-49.7075039999999,-67.729172
-49.757225,-67.737503
-49.792503,-67.746948
-49.8158339999999,-67.7533419999999
-49.8561169999999,-67.765839
-49.872505,-67.772232
-49.883614,-67.7775119999999
-49.904167,-67.788071
-49.9208369999999,-67.805557
-49.9283369999999,-67.8150019999999
-49.9719469999999,-67.8758389999999
-49.98584,-67.897232
-50.0022279999999,-67.925003
-50.0250019999999,-67.964737
-50.034729,-67.981949
-50.047226,-68.0055689999999
-50.065002,-68.0422359999999
-50.073334,-68.061401
-50.109169,-68.17778
-50.11528,-68.2002869999999
-50.122223,-68.2433469999999
-50.1233369999999,-68.2733459999999
-50.1233369999999,-68.295013
-50.1219479999999,-68.325012
-50.12056,-68.333618
-50.1183399999999,-68.341125
-50.071945,-68.419174
-50.0686109999999,-68.424454
-50.0602799999999,-68.43306
-49.978615,-68.506393
-49.928612,-68.592514
-49.9394449999999,-68.5972289999999
-49.949173,-68.603622
-49.953056,-68.607788
-49.9552839999999,-68.6155699999999
-49.973335,-68.68306
-49.975563,-68.701401
-49.972504,-68.729172
-49.968338,-68.833344
-49.9688949999999,-68.853897
-49.984726,-68.946121
-49.98806,-68.962509
-49.990005,-68.970001
-50.000282,-68.9969479999999
-50.00695,-69.007782
-50.011948,-69.011124
-50.017227,-69.013336
-50.018059,-69.003616
-50.0155559999999,-68.985291
-50.003059,-68.90889
-49.992226,-68.883057
-49.983337,-68.853897
-49.9822239999999,-68.834457
-49.983063,-68.8141779999999
-49.990005,-68.782227
-49.992226,-68.668335
-49.99028,-68.650284
-49.988335,-68.642502
-49.980835,-68.621948
-49.9794459999999,-68.613617
-49.9788889999999,-68.593338
-49.9794459999999,-68.5836179999999
-49.984451,-68.5694579999999
-49.991394,-68.5591739999999
-50.003891,-68.546402
-50.013618,-68.540009
-50.01889,-68.537781
-50.030006,-68.533615
-50.036392,-68.532791
-50.0527799999999,-68.5263979999999
-50.0625,-68.520004
-50.070839,-68.511673
-50.075005,-68.506393
-50.084167,-68.488068
-50.0930559999999,-68.470001
-50.11528,-68.418335
-50.128616,-68.385284
-50.134171,-68.372223
-50.139725,-68.3702849999999
-50.146667,-68.3702849999999
-50.152779,-68.3716739999999
-50.15834,-68.373901
-50.163063,-68.376953
-50.179451,-68.39418
-50.18306,-68.3997339999999
-50.195282,-68.4236149999999
-50.2022249999999,-68.445007
-50.210281,-68.475281
-50.226395,-68.547791
-50.25,-68.650284
-50.25695,-68.672226
-50.289452,-68.7719569999999
-50.303612,-68.8141779999999
-50.308891,-68.8272249999999
-50.320557,-68.852234
-50.330002,-68.869736
-50.337502,-68.87973
-50.3880619999999,-68.941116
-50.404449,-68.958618
-50.522224,-69.0675049999999
-50.541389,-69.080841
-50.590836,-69.101669
-50.59639,-69.103897
-50.737228,-69.1450039999999
-50.74334,-69.146393
-50.757225,-69.1466669999999
-50.797226,-69.145569
-50.8102799999999,-69.14473
-50.8538889999999,-69.1380619999999
-50.8675,-69.1383359999999
-50.8791729999999,-69.141953
-50.8841709999999,-69.145279
-50.908615,-69.172226
-50.965004,-69.246948
-51.0008389999999,-69.3114009999999
-51.01445,-69.333618
-51.04834,-69.378342
-51.072784,-69.405563
-51.077782,-69.4088899999999
-51.0847239999999,-69.4091799999999
-51.083336,-69.4002839999999
-51.058716,-69.373367
-51.046669,-69.360001
-51.015282,-69.310837
-51.0052799999999,-69.2939
-50.966118,-69.2030639999999
-50.964172,-69.195557
-50.9663929999999,-69.18779
-50.9705579999999,-69.183624
-51.0002819999999,-69.165848
-51.0108339999999,-69.160278
-51.0419459999999,-69.14473
-51.047501,-69.1427919999999
-51.053612,-69.141953
-51.074448,-69.1422269999999
-51.0805589999999,-69.143616
-51.1075059999999,-69.145279
-51.132225,-69.141403
-51.154449,-69.133347
-51.160004,-69.131119
-51.325836,-69.0577849999999
-51.346672,-69.047501
-51.4186169999999,-69.008057
-51.4491729999999,-68.990845
-51.463615,-68.9814
-51.479729,-68.973892
-51.496117,-68.967514
-51.512779,-68.9611209999999
-51.535004,-68.952789
-51.541672,-68.953064
-51.5480579999999,-68.954453
-51.558891,-68.958893
-51.5738909999999,-68.968063
-51.5780559999999,-68.972778
-51.580284,-68.98056
-51.5780559999999,-68.988068
-51.566948,-69.003342
-51.5641709999999,-69.0100099999999
-51.5625,-69.0188899999999
-51.565834,-69.0466769999999
-51.5697249999999,-69.062225
-51.575279,-69.075562
-51.578613,-69.08139
-51.610001,-69.130844
-51.6083369999999,-69.1508479999999
-51.606674,-69.159729
-51.593895,-69.205841
-51.55806,-69.291397
-51.557228,-69.301392
-51.556396,-69.374451
-51.575279,-69.4761199999999
-51.577225,-69.4839019999999
-51.622505,-69.610565
-51.625839,-69.613892
-51.625839,-69.603058
-51.61834,-69.5494539999999
-51.612503,-69.5258479999999
-51.605003,-69.5047299999999
-51.6019519999999,-69.486954
-51.591949,-69.393341
-51.592224,-69.3819579999999
-51.593895,-69.351395
-51.5952839999999,-69.3422239999999
-51.6094509999999,-69.257233
-51.634171,-69.1791689999999
-51.616951,-69.017792
-51.617226,-69.009171
-51.6186139999999,-69
-51.621391,-68.993347
-51.624725,-68.988068
-51.633057,-68.9791719999999
-51.701118,-68.922791
-51.777229,-68.868622
-51.787781,-68.8633419999999
-51.872223,-68.810287
-51.892227,-68.797226
-51.905838,-68.786392
-51.923889,-68.771118
-52.022224,-68.6874999999999
-52.044449,-68.665558
-52.095558,-68.613617
-52.112228,-68.59584
-52.124168,-68.58139
-52.134445,-68.564728
-52.1719509999999,-68.513336
-52.244446,-68.440002
-52.276947,-68.413345
-52.29084,-68.402237
-52.319725,-68.3819579999999
-52.325279,-68.3800049999999
-52.3313899999999,-68.381119
-52.336945,-68.383347
-52.3463899999999,-68.390015
-52.3669509999999,-68.4130709999999
-52.374725,-68.423065
-52.381393,-68.434448
-52.377777,-68.441757
-52.32917,-68.434174
-52.328339,-68.4375
-52.305283,-68.575562
-52.297226,-68.648621
-52.290001,-68.727509
-52.279724,-68.828613
-52.2558359999999,-68.880005
-52.2305599999999,-68.935837
-52.206116,-68.991394
-52.194725,-69.032791
-52.143333,-69.233612
-52.143616,-69.2819519999999
-52.144173,-69.2930599999999
-52.143616,-69.461395
-52.060562,-69.765839
-52.0261149999999,-69.8877869999999
-52.010834,-69.943069
-51.996391,-69.998337
-51.996391,-70.066681
-51.996391,-70.110291
-51.997505,-70.434723
-51.997505,-70.662231
-51.997505,-71.2333369999999
-51.9969479999999,-71.6944579999999
-51.9958339999999,-71.910568
-51.9230579999999,-71.9447329999999
-51.911392,-71.9405669999999
-51.898895,-71.939453
-51.886673,-71.9405669999999
-51.8752819999999,-71.944168
-51.860558,-71.952789
-51.848618,-71.9664
-51.76445,-72.087509
-51.740005,-72.135559
-51.72834,-72.161118
-51.720001,-72.1816709999999
-51.713058,-72.2044529999999
-51.711395,-72.213058
-51.707779,-72.253891
-51.706116,-72.262787
-51.699173,-72.285568
-51.695557,-72.290848
-51.691116,-72.295013
-51.513618,-72.400558
-51.498894,-72.369446
-51.4891739999999,-72.3519589999999
-51.485001,-72.346954
-51.475838,-72.339447
-51.402229,-72.310562
-51.396118,-72.308899
-51.359451,-72.313339
-51.320557,-72.314178
-51.302223,-72.309174
-51.288063,-72.297791
-51.280838,-72.287231
-51.271118,-72.2700039999999
-51.259171,-72.255569
-51.249725,-72.248337
-51.244446,-72.245285
-51.237503,-72.2450099999999
-51.232506,-72.247787
-51.224167,-72.255844
-51.2202839999999,-72.261124
-51.20723,-72.28389
-51.20417,-72.2902829999999
-51.198891,-72.3041689999999
-51.191948,-72.326675
-51.18,-72.3519589999999
-51.1647259999999,-72.3716739999999
-51.1602779999999,-72.375565
-51.146118,-72.385284
-51.120285,-72.397232
-51.114174,-72.397781
-51.101669,-72.39418
-51.09639,-72.391678
-51.036667,-72.341125
-51.03334,-72.335556
-51.030556,-72.318619
-51.03167,-72.288071
-51.030556,-72.279175
-51.028061,-72.272232
-51.017227,-72.266953
-51.004173,-72.2647249999999
-50.858063,-72.243057
-50.8511119999999,-72.2422329999999
-50.8363949999999,-72.250839
-50.82695,-72.257507
-50.805,-72.276398
-50.796394,-72.2844539999999
-50.7805559999999,-72.3027799999999
-50.762505,-72.328339
-50.749725,-72.340286
-50.743896,-72.341675
-50.737228,-72.3414
-50.730835,-72.339737
-50.714729,-72.33168
-50.686394,-72.3083339999999
-50.682503,-72.303619
-50.6730579999999,-72.296112
-50.6677779999999,-72.293625
-50.661667,-72.291946
-50.6547239999999,-72.291397
-50.6497269999999,-72.2941739999999
-50.6455609999999,-72.298065
-50.6144489999999,-72.3702849999999
-50.602783,-72.4814
-50.6033399999999,-72.501114
-50.604446,-72.51001
-50.607224,-72.526672
-50.612228,-72.540009
-50.615562,-72.545837
-50.631393,-72.5647279999999
-50.6597289999999,-72.586945
-50.6636119999999,-72.591675
-50.669174,-72.604172
-50.671112,-72.611954
-50.672783,-72.62001
-50.6730579999999,-72.6297299999999
-50.670837,-72.64917
-50.663895,-72.671402
-50.657784,-72.683899
-50.647507,-72.698059
-50.639725,-72.7069549999999
-50.635284,-72.710846
-50.624451,-72.726395
-50.621391,-72.7325129999999
-50.6191709999999,-72.740005
-50.618057,-72.749451
-50.618896,-72.758347
-50.622505,-72.773895
-50.6544489999999,-72.873062
-50.667503,-72.9061129999999
-50.677223,-72.92334
-50.681114,-72.9283449999999
-50.7008359999999,-72.95195
-50.705559,-72.955841
-50.718056,-72.968903
-50.726112,-72.9786219999999
-50.733337,-72.989182
-50.749451,-73.0180659999999
-50.761673,-73.052231
-50.768616,-73.0836179999999
-50.772507,-73.109177
-50.7722239999999,-73.1297299999999
-50.767502,-73.144455
-50.76445,-73.1508479999999
-50.753334,-73.1661219999999
-50.744728,-73.173889
-50.734726,-73.1791689999999
-50.598061,-73.228897
-50.5066679999999,-73.249176
-50.493896,-73.25
-50.360001,-73.264725
-50.35788,-73.265442
-50.3444519999999,-73.270569
-50.334167,-73.275009
-50.322784,-73.280014
-50.2672269999999,-73.317505
-50.253616,-73.3275149999999
-50.24556,-73.33667
-50.23806,-73.3463899999999
-50.2344509999999,-73.351669
-50.191391,-73.436401
-50.1669459999999,-73.485291
-50.1522289999999,-73.5172269999999
-50.148613,-73.5233459999999
-50.140556,-73.532227
-50.123611,-73.5366669999999
-50.1166689999999,-73.5358429999999
-50.0930559999999,-73.527786
-50.0822299999999,-73.522232
-50.062782,-73.508347
-50.054169,-73.499725
-50.046394,-73.4902799999999
-50.04306,-73.484451
-50.035278,-73.474731
-50.030556,-73.4711149999999
-50.019173,-73.466675
-50.0066679999999,-73.467224
-49.9966739999999,-73.472778
-49.9855579999999,-73.487503
-49.981949,-73.492508
-49.9686129999999,-73.5147249999999
-49.947502,-73.547791
-49.943893,-73.55278
-49.9358369999999,-73.561401
-49.9308399999999,-73.564178
-49.924728,-73.564453
-49.8569489999999,-73.53334
-49.852501,-73.529449
-49.8444519999999,-73.5200039999999
-49.83667,-73.509445
-49.825562,-73.494171
-49.812782,-73.47139
-49.8058399999999,-73.4608459999999
-49.798615,-73.450562
-49.793892,-73.4466709999999
-49.7886119999999,-73.4441679999999
-49.782501,-73.444458
-49.613335,-73.5100099999999
-49.60334,-73.5150149999999
-49.5905609999999,-73.526672
-49.564728,-73.561111
-49.5536119999999,-73.576675
-49.5491709999999,-73.5805659999999
-49.5441739999999,-73.583344
-49.538063,-73.5836179999999
-49.531952,-73.58168
-49.445839,-73.541397
-49.440559,-73.53862
-49.311394,-73.464737
-49.309723,-73.423065
-49.304726,-73.16806
-49.304169,-73.136124
-49.273338,-73.085281
-49.269173,-73.082779
-49.265007,-73.086395
-49.261948,-73.092514
-49.25264,-73.167694
-49.245285,-73.1733399999999
-49.24028,-73.1761169999999
-49.2283399999999,-73.17807
-49.215279,-73.175568
-49.070282,-73.079178
-49.065559,-73.075562
-48.998337,-73.006393
-48.981674,-72.988068
-48.9752809999999,-72.9769589999999
-48.964729,-72.951675
-48.954445,-72.9158479999999
-48.9508359999999,-72.900558
-48.950562,-72.891113
-48.952507,-72.8608399999999
-48.9516679999999,-72.852234
-48.9458389999999,-72.810837
-48.938057,-72.781403
-48.928062,-72.75528
-48.9197239999999,-72.736954
-48.903618,-72.708893
-48.824448,-72.586945
-48.804451,-72.5641779999999
-48.7944489999999,-72.55806
-48.7836149999999,-72.55278
-48.76973,-72.551392
-48.731117,-72.5522309999999
-48.694168,-72.556122
-48.657501,-72.560287
-48.645836,-72.562225
-48.587227,-72.5736239999999
-48.564728,-72.579727
-48.542503,-72.5861209999999
-48.532501,-72.591675
-48.5172269999999,-72.598343
-48.500282,-72.603348
-48.487785,-72.604172
-48.479729,-72.601395
-48.466393,-72.589737
-48.458336,-72.580566
-48.455284,-72.575287
-48.449448,-72.5633389999999
-48.44445,-72.550293
-48.422783,-72.490845
-48.4052809999999,-72.426117
-48.350838,-72.295288
-48.347504,-72.289734
-48.341949,-72.287231
-48.196671,-72.299728
-48.184174,-72.300842
-48.081116,-72.3211209999999
-48.075562,-72.322784
-48.011116,-72.400848
-48.007507,-72.405563
-48.003334,-72.420563
-48.002785,-72.441391
-47.9999999999999,-72.458618
-47.993896,-72.470566
-47.983063,-72.4861149999999
-47.961113,-72.515015
-47.9438929999999,-72.530014
-47.9388959999999,-72.532791
-47.92778,-72.535843
-47.921394,-72.5363919999999
-47.909172,-72.5352779999999
-47.9036179999999,-72.532791
-47.768616,-72.4588929999999
-47.757782,-72.452789
-47.7280579999999,-72.4338989999999
-47.7186129999999,-72.426956
-47.7094499999999,-72.420013
-47.691948,-72.404175
-47.666115,-72.3800049999999
-47.653336,-72.368057
-47.636673,-72.353058
-47.622505,-72.342789
-47.612503,-72.33667
-47.601669,-72.33168
-47.590004,-72.327515
-47.513618,-72.3069459999999
-47.507225,-72.305557
-47.5025019999999,-72.3077849999999
-47.4986109999999,-72.31279
-47.4916689999999,-72.3336179999999
-47.488335,-72.349731
-47.4852829999999,-72.35556
-47.481117,-72.359451
-47.476112,-72.361954
-47.470001,-72.360291
-47.455002,-72.353058
-47.4450069999999,-72.3472289999999
-47.436951,-72.3380579999999
-47.433891,-72.332779
-47.426117,-72.313614
-47.420006,-72.29306
-47.4111179999999,-72.2563929999999
-47.4097289999999,-72.238892
-47.411667,-72.22084
-47.416389,-72.20668
-47.4180599999999,-72.198898
-47.419724,-72.190842
-47.4202799999999,-72.180557
-47.4127809999999,-72.1616669999999
-47.4094469999999,-72.156403
-47.354729,-72.083618
-47.350838,-72.079178
-47.280556,-72.0197299999999
-47.274445,-72.015015
-47.2327799999999,-71.882782
-47.229729,-71.8775019999999
-47.221672,-71.868622
-47.2169489999999,-71.86528
-47.206116,-71.860291
-47.182785,-71.852509
-47.1691739999999,-71.851669
-47.15667,-71.852783
-47.141945,-71.860565
-47.137505,-71.864456
-47.118896,-71.887512
-47.112228,-71.898056
-47.0344469999999,-71.976395
-46.821671,-71.941681
-46.815559,-71.940292
-46.8061139999999,-71.933334
-46.8011169999999,-71.9208369999999
-46.7991709999999,-71.913895
-46.797783,-71.858337
-46.795563,-71.8419489999999
-46.789452,-71.821396
-46.784172,-71.808899
-46.781113,-71.803345
-46.702782,-71.686401
-46.698891,-71.681946
-46.684723,-71.671951
-46.679169,-71.669449
-46.6730579999999,-71.6680599999999
-46.652504,-71.666397
-46.547501,-71.669174
-46.535004,-71.670288
-46.523338,-71.673615
-46.498062,-71.6858369999999
-46.488335,-71.6911159999999
-46.47834,-71.6966709999999
-46.430557,-71.725006
-46.2713929999999,-71.740845
-46.2588959999999,-71.741669
-46.253334,-71.7433469999999
-46.242783,-71.747513
-46.233063,-71.753891
-46.2244489999999,-71.761124
-46.218613,-71.772781
-46.21167,-71.793335
-46.207779,-71.8077849999999
-46.203613,-71.828613
-46.1983339999999,-71.841125
-46.157501,-71.901947
-46.1538929999999,-71.906403
-46.148338,-71.906113
-46.143616,-71.9027859999999
-46.140282,-71.897507
-46.137779,-71.891403
-46.132507,-71.85112
-46.130562,-71.824173
-46.125557,-71.79306
-46.1200029999999,-71.771667
-46.1141739999999,-71.760284
-46.103058,-71.746674
-46.090279,-71.734726
-46.075279,-71.725845
-46.0611109999999,-71.715836
-46.0444489999999,-71.699722
-46.0125049999999,-71.6658479999999
-45.999451,-71.645004
-45.996948,-71.638626
-45.983612,-71.609177
-45.9802779999999,-71.603897
-45.9747239999999,-71.601669
-45.96917,-71.603058
-45.910561,-71.624725
-45.900841,-71.630005
-45.8922269999999,-71.637512
-45.885002,-71.646957
-45.8822249999999,-71.652512
-45.868896,-71.6944579999999
-45.864174,-71.7177889999999
-45.859451,-71.731125
-45.8519519999999,-71.7505649999999
-45.848335,-71.755005
-45.84417,-71.7588959999999
-45.7325059999999,-71.7925109999999
-45.725563,-71.791946
-45.6611179999999,-71.78334
-45.648895,-71.780563
-45.5627819999999,-71.756668
-45.558891,-71.752502
-45.549728,-71.7361149999999
-45.538895,-71.7127839999999
-45.527779,-71.672501
-45.523895,-71.6497339999999
-45.5216669999999,-71.633896
-45.521393,-71.624725
-45.5216669999999,-71.6150049999999
-45.523613,-71.597504
-45.477501,-71.4675139999999
-45.3105619999999,-71.3000029999999
-45.3058399999999,-71.2966769999999
-45.293335,-71.297791
-45.23806,-71.324722
-45.2283399999999,-71.330002
-45.220558,-71.338348
-45.075562,-71.498062
-45.001671,-71.546951
-45,-71.54834
-44.99334,-71.553894
-44.9794459999999,-71.573624
-44.97139,-71.591675
-44.937225,-71.740845
-44.9308399999999,-71.8066709999999
-44.922226,-71.9344479999999
-44.9055559999999,-72.06279
-44.897781,-72.070847
-44.793335,-72.0813899999999
-44.780838,-72.08223
-44.774727,-72.080841
-44.769447,-72.078613
-44.764725,-72.075287
-44.7566679999999,-72.066956
-44.753891,-72.0522309999999
-44.754173,-72.042511
-44.759171,-72.0194549999999
-44.769173,-71.9941709999999
-44.7761149999999,-71.9741669999999
-44.7822269999999,-71.955292
-44.78389,-71.947784
-44.7930599999999,-71.849457
-44.791672,-71.832779
-44.7886119999999,-71.8180689999999
-44.7813949999999,-71.808899
-44.767227,-71.799179
-44.759171,-71.790848
-44.7566679999999,-71.784729
-44.7550049999999,-71.777786
-44.753891,-71.7700039999999
-44.7558359999999,-71.752792
-44.7641679999999,-71.714447
-44.770279,-71.693619
-44.7772289999999,-71.673615
-44.7827839999999,-71.653625
-44.780006,-71.629181
-44.77639,-71.6152799999999
-44.772781,-71.601669
-44.758057,-71.5647279999999
-44.750557,-71.546677
-44.7450029999999,-71.5261229999999
-44.742783,-71.510559
-44.743057,-71.5008389999999
-44.744446,-71.4825129999999
-44.7458339999999,-71.474731
-44.7483369999999,-71.468063
-44.756393,-71.4502869999999
-44.766396,-71.435287
-44.7869489999999,-71.395844
-44.794449,-71.376953
-44.79834,-71.362503
-44.803337,-71.339737
-44.803612,-71.305557
-44.800285,-71.282227
-44.797783,-71.276123
-44.794449,-71.271118
-44.754448,-71.230011
-44.7450029999999,-71.2236179999999
-44.733337,-71.220001
-44.726395,-71.2194519999999
-44.707779,-71.22139
-44.691116,-71.2261199999999
-44.6861109999999,-71.228897
-44.675835,-71.232788
-44.669724,-71.2336119999999
-44.662781,-71.2333369999999
-44.6450039999999,-71.228348
-44.5969469999999,-71.197235
-44.587502,-71.1908419999999
-44.586113,-71.174454
-44.588058,-71.157227
-44.588341,-71.147507
-44.5863949999999,-71.1405639999999
-44.583893,-71.1347349999999
-44.575836,-71.1264039999999
-44.5616679999999,-71.116959
-44.539726,-71.108063
-44.533615,-71.108612
-44.528061,-71.110291
-44.458061,-71.1544489999999
-44.449448,-71.161667
-44.439445,-71.176392
-44.433617,-71.18779
-44.426949,-71.203613
-44.4011149999999,-71.391953
-44.3997269999999,-71.410278
-44.402504,-71.48056
-44.4094469999999,-71.536957
-44.4102779999999,-71.554169
-44.410004,-71.6264039999999
-44.4080579999999,-71.778625
-44.4061129999999,-71.8161159999999
-44.403618,-71.822784
-44.397781,-71.8336179999999
-44.393333,-71.838348
-44.376396,-71.852509
-44.371674,-71.8550109999999
-44.36528,-71.853622
-44.360001,-71.851395
-44.355278,-71.848068
-44.348061,-71.8388979999999
-44.345558,-71.833069
-44.338341,-71.805557
-44.331116,-71.796402
-44.3255619999999,-71.7939
-44.318611,-71.793335
-44.2155609999999,-71.7939
-44.197502,-71.7966769999999
-44.182785,-71.8041689999999
-44.1686169999999,-71.81279
-44.156113,-71.8236239999999
-44.083893,-71.779175
-44.058891,-71.746674
-43.961113,-71.658615
-43.9516679999999,-71.652237
-43.941391,-71.646957
-43.934723,-71.6463929999999
-43.918617,-71.647232
-43.913895,-71.650009
-43.8666689999999,-71.6983339999999
-43.81945,-71.756119
-43.77639,-71.8025049999999
-43.7666699999999,-71.80751
-43.761116,-71.809174
-43.749168,-71.811401
-43.736389,-71.8094479999999
-43.7322239999999,-71.805283
-43.7272259999999,-71.793335
-43.724449,-71.779175
-43.720001,-71.766403
-43.700279,-71.718338
-43.691391,-71.702515
-43.687225,-71.6986239999999
-43.678062,-71.69223
-43.672501,-71.6900019999999
-43.660004,-71.6908419999999
-43.618057,-71.6966709999999
-43.600563,-71.700287
-43.59584,-71.7027889999999
-43.592224,-71.70723
-43.500557,-71.8488919999999
-43.457779,-71.921677
-43.456947,-71.931122
-43.451668,-71.94278
-43.4472269999999,-71.946671
-43.386948,-71.9297329999999
-43.327507,-71.897232
-43.323059,-71.8941799999999
-43.3019489999999,-71.812225
-43.299728,-71.797226
-43.3000029999999,-71.7894589999999
-43.301674,-71.782227
-43.3069459999999,-71.770279
-43.308617,-71.762787
-43.30806,-71.754181
-43.305557,-71.748337
-43.302223,-71.7433469999999
-43.29306,-71.736954
-43.281395,-71.7336119999999
-43.275841,-71.733063
-43.188057,-71.732788
-43.176949,-71.73584
-43.169724,-71.74501
-43.13945,-71.8180689999999
-43.13195,-71.8363949999999
-43.13028,-71.843903
-43.126671,-71.868057
-43.122223,-71.930847
-43.121117,-71.9588929999999
-43.1227799999999,-71.990845
-43.120834,-72.007782
-43.104729,-72.05278
-43.092781,-72.074448
-43.084724,-72.08223
-43.045837,-72.113342
-43.032501,-72.122787
-43.01889,-72.131958
-43.009171,-72.136948
-43.003616,-72.138336
-42.991394,-72.13945
-42.959167,-72.134171
-42.9530559999999,-72.132782
-42.941673,-72.129181
-42.931396,-72.1236109999999
-42.9219509999999,-72.117233
-42.90667,-72.109726
-42.8883359999999,-72.10556
-42.875282,-72.1036219999999
-42.854729,-72.101959
-42.7605589999999,-72.107224
-42.7294459999999,-72.109726
-42.71167,-72.1119539999999
-42.689445,-72.117783
-42.679451,-72.122787
-42.675285,-72.126114
-42.6655579999999,-72.131119
-42.660004,-72.1322329999999
-42.593895,-72.138626
-42.5875019999999,-72.139175
-42.569168,-72.1350099999999
-42.547501,-72.126114
-42.528893,-72.113342
-42.525002,-72.109451
-42.379448,-72.0450129999999
-42.373337,-72.043335
-42.366394,-72.0430599999999
-42.356674,-72.047791
-42.3494489999999,-72.056671
-42.333336,-72.0816799999999
-42.320839,-72.101959
-42.3108369999999,-72.115845
-42.293617,-72.1297299999999
-42.288895,-72.131958
-42.281952,-72.131393
-42.277229,-72.128342
-42.1511149999999,-72.040283
-42.147224,-72.0363919999999
-42.136673,-72.022781
-42.1311109999999,-72.012222
-42.126114,-72.0008389999999
-42.123062,-71.986679
-42.1249999999999,-71.9702909999999
-42.1275019999999,-71.963898
-42.1302799999999,-71.958618
-42.133896,-71.954178
-42.138336,-71.9505619999999
-42.155006,-71.945282
-42.16584,-71.942505
-42.170837,-71.940292
-42.175003,-71.9364009999999
-42.177223,-71.9322359999999
-42.178062,-71.913895
-42.174446,-71.900558
-42.1316679999999,-71.7800139999999
-42.129173,-71.774445
-42.101395,-71.728897
-42.096672,-71.7261199999999
-42.091118,-71.7255709999999
-42.0361179999999,-71.7294459999999
-42.030006,-71.730011
-42.025841,-71.733337
-41.999725,-71.759766
-41.954727,-71.7616729999999
-41.9374999999999,-71.765289
-41.887222,-71.7775119999999
-41.8661119999999,-71.785278
-41.856392,-71.790283
-41.7663959999999,-71.8502809999999
-41.6594469999999,-71.910843
-41.64473,-71.918335
-41.632507,-71.919174
-41.626396,-71.9177859999999
-41.6216739999999,-71.914459
-41.613617,-71.906677
-41.6038889999999,-71.892227
-41.5494459999999,-71.850006
-41.4408339999999,-71.8647309999999
-41.424728,-71.870834
-41.410835,-71.879181
-41.401672,-71.8858339999999
-41.386948,-71.893066
-41.364723,-71.898895
-41.3586119999999,-71.899445
-41.351669,-71.898895
-41.303612,-71.889175
-41.2980579999999,-71.886948
-41.288895,-71.880844
-41.285004,-71.876953
-41.270836,-71.867783
-41.260834,-71.864182
-41.2416689999999,-71.861389
-41.0644449999999,-71.840286
-41.053062,-71.8405609999999
-41.011284,-71.859161
-40.964729,-71.838623
-40.9594499999999,-71.836945
-40.948891,-71.838348
-40.9191739999999,-71.8477779999999
-40.905838,-71.852783
-40.89695,-71.858612
-40.884171,-71.867783
-40.806114,-71.914169
-40.73278,-71.9505619999999
-40.721115,-71.949722
-40.710281,-71.943619
-40.700005,-71.929459
-40.697502,-71.924179
-40.681396,-71.900009
-40.665001,-71.879181
-40.648056,-71.8630679999999
-40.638893,-71.8555599999999
-40.616394,-71.843903
-40.603615,-71.839371
-40.597504,-71.837509
-40.585556,-71.8363949999999
-40.575562,-71.839172
-40.571396,-71.8422239999999
-40.53167,-71.8377839999999
-40.415283,-71.791397
-40.407784,-71.7827909999999
-40.4061129999999,-71.776672
-40.40667,-71.768616
-40.408615,-71.760834
-40.4122239999999,-71.7563929999999
-40.423889,-71.74556
-40.427223,-71.7397309999999
-40.429726,-71.733063
-40.430283,-71.725006
-40.42778,-71.719727
-40.419449,-71.71167
-40.4044489999999,-71.701675
-40.341949,-71.666397
-40.336113,-71.663895
-40.3300019999999,-71.662781
-40.303337,-71.664169
-40.2986149999999,-71.666397
-40.2947239999999,-71.6697239999999
-40.2911149999999,-71.6741789999999
-40.278336,-71.695007
-40.27639,-71.702515
-40.280556,-71.70668
-40.300003,-71.711395
-40.304169,-71.715561
-40.304169,-71.722778
-40.301117,-71.728622
-40.245834,-71.791397
-40.2072299999999,-71.817505
-40.20195,-71.818619
-40.115005,-71.791397
-40.089447,-71.75
-40.047501,-71.666946
-39.950562,-71.633347
-39.864449,-71.660568
-39.857224,-71.669449
-39.848061,-71.6741789999999
-39.73278,-71.7044529999999
-39.7222289999999,-71.705566
-39.637222,-71.710556
-39.631668,-71.710556
-39.618896,-71.707504
-39.58445,-71.695557
-39.578613,-71.69278
-39.56945,-71.6855619999999
-39.567223,-71.682236
-39.5641709999999,-71.675003
-39.5650019999999,-71.666946
-39.568611,-71.662506
-39.6002809999999,-71.633896
-39.610001,-71.6302799999999
-39.617226,-71.621674
-39.619728,-71.6152799999999
-39.621117,-71.5991669999999
-39.620285,-71.516113
-39.6194459999999,-71.509445
-39.6175,-71.5036159999999
-39.613335,-71.499451
-39.602501,-71.493622
-39.59584,-71.4916689999999
-39.5683359999999,-71.484726
-39.562782,-71.484726
-39.5575029999999,-71.4858399999999
-39.438339,-71.451675
-39.432503,-71.4488979999999
-39.3330609999999,-71.404449
-39.327225,-71.401947
-39.246391,-71.388062
-39.234451,-71.387512
-39.129723,-71.402237
-39.066116,-71.412231
-39.042229,-71.421677
-39.036949,-71.422791
-39.013893,-71.422501
-38.9605559999999,-71.418625
-38.940559,-71.412781
-38.930283,-71.408066
-38.9202799999999,-71.401398
-38.9161149999999,-71.397507
-38.908875,-71.387939
-38.888893,-71.36084
-38.8758389999999,-71.3344569999999
-38.831116,-71.238892
-38.766113,-71.097778
-38.750282,-71.059174
-38.746674,-71.047501
-38.74556,-71.03334
-38.745285,-71.0191799999999
-38.746674,-71.003067
-38.749725,-70.986115
-38.750557,-70.955841
-38.74778,-70.936401
-38.7425,-70.925842
-38.739174,-70.921112
-38.692223,-70.863892
-38.688057,-70.860001
-38.588058,-70.829727
-38.5680619999999,-70.824173
-38.5625,-70.824448
-38.551674,-70.8258359999999
-38.541389,-70.828339
-38.5322269999999,-70.833069
-38.52417,-70.839737
-38.520561,-70.843903
-38.5108339999999,-70.859177
-38.498894,-70.880844
-38.4908369999999,-70.89917
-38.4816739999999,-70.915283
-38.456947,-70.945007
-38.444725,-70.955002
-38.427223,-70.9664
-38.41806,-70.97084
-38.40834,-70.974457
-38.285004,-71.002792
-38.23056,-71.013062
-38.224724,-71.0133359999999
-38.213341,-71.0111239999999
-38.1950069999999,-71.0069579999999
-38.154167,-71.000565
-38.0763929999999,-70.996399
-38.071114,-70.997513
-38.066673,-70.999725
-37.886948,-71.0922239999999
-37.878059,-71.097778
-37.8377839999999,-71.123901
-37.8141709999999,-71.1302799999999
-37.791115,-71.137222
-37.749725,-71.157501
-37.741394,-71.164169
-37.713341,-71.176392
-37.6980589999999,-71.180283
-37.687225,-71.181396
-37.664452,-71.182236
-37.653336,-71.1825099999999
-37.634727,-71.1800079999999
-37.618057,-71.1716769999999
-37.611115,-71.162506
-37.606117,-71.152237
-37.598335,-71.136673
-37.589729,-71.1219479999999
-37.585281,-71.118057
-37.579445,-71.11557
-37.470001,-71.107788
-37.4586179999999,-71.108063
-37.453613,-71.109451
-37.4350049999999,-71.118057
-37.411118,-71.138901
-37.400284,-71.151947
-37.3880619999999,-71.161667
-37.379448,-71.1669459999999
-37.374725,-71.169174
-37.313614,-71.196396
-37.308617,-71.1975099999999
-37.296669,-71.1966709999999
-37.290001,-71.194733
-37.278336,-71.1897279999999
-37.268333,-71.183334
-37.263893,-71.1797329999999
-37.2469479999999,-71.157227
-37.2386169999999,-71.149445
-37.234169,-71.145844
-37.224167,-71.139175
-37.191948,-71.130005
-37.114449,-71.112793
-36.9752809999999,-71.1486209999999
-36.848892,-71.186951
-36.842224,-71.185287
-36.7416689999999,-71.136948
-36.5627819999999,-71.05751
-36.55056,-71.055557
-36.537506,-71.0530699999999
-36.4911119999999,-71.041122
-36.4861149999999,-71.0377809999999
-36.479172,-71.029175
-36.4759139999999,-71.016479
-36.4836119999999,-70.981949
-36.487785,-70.9586179999999
-36.4861149999999,-70.946945
-36.422783,-70.718063
-36.417778,-70.708069
-36.414169,-70.703613
-36.403336,-70.6980589999999
-36.396667,-70.696121
-36.385284,-70.6966709999999
-36.3666689999999,-70.705566
-36.354446,-70.7150119999999
-36.350006,-70.7175139999999
-36.340836,-70.7219539999999
-36.335007,-70.722229
-36.270561,-70.7047269999999
-36.164726,-70.588623
-36.15834,-70.516678
-36.160835,-70.510284
-36.165001,-70.49556
-36.1652829999999,-70.4738919999999
-36.163063,-70.4611209999999
-36.159729,-70.450012
-36.154449,-70.439728
-36.145836,-70.432236
-36.13604,-70.424316
-36.075562,-70.396118
-35.973335,-70.406113
-35.968895,-70.40834
-35.89917,-70.412231
-35.886948,-70.410568
-35.8708339999999,-70.402237
-35.840561,-70.383621
-35.836113,-70.3797299999999
-35.82917,-70.371124
-35.826668,-70.365845
-35.824722,-70.360291
-35.822784,-70.347778
-35.81945,-70.343338
-35.815002,-70.339737
-35.808334,-70.337784
-35.803337,-70.338898
-35.7986149999999,-70.341125
-35.735283,-70.374451
-35.672226,-70.408615
-35.643616,-70.420288
-35.6380619999999,-70.420288
-35.631111,-70.418625
-35.626945,-70.414734
-35.620003,-70.406113
-35.608894,-70.402237
-35.515007,-70.396118
-35.364449,-70.421951
-35.309174,-70.5302889999999
-35.306396,-70.535568
-35.296669,-70.550293
-35.280281,-70.5630649999999
-35.271118,-70.567505
-35.265839,-70.568893
-35.254448,-70.569168
-35.24778,-70.567505
-35.236115,-70.5625
-35.22084,-70.553345
-35.208893,-70.541397
-35.20639,-70.536392
-35.204445,-70.530838
-35.205002,-70.516403
-35.203339,-70.4822239999999
-35.1983339999999,-70.450836
-35.171669,-70.386124
-35.166389,-70.376114
-35.1588899999999,-70.368057
-35.147781,-70.362793
-35.142502,-70.361389
-35.130005,-70.359726
-35.1002809999999,-70.357788
-35.0791699999999,-70.361954
-35.051392,-70.3630679999999
-35.0338899999999,-70.362793
-35.004448,-70.361954
-34.99691,-70.359756
-34.853615,-70.297501
-34.661949,-70.232513
-34.539169,-70.156403
-34.535004,-70.152512
-34.52639,-70.145279
-34.409172,-70.047501
-34.403336,-70.045288
-34.397224,-70.0444489999999
-34.391396,-70.044724
-34.355003,-70.052231
-34.3108369999999,-70.056122
-34.2983399999999,-70.054733
-34.287506,-70.0494539999999
-34.286011,-70.0476229999999
-34.278618,-70.035278
-34.2750019999999,-70.023895
-34.26973,-69.9861149999999
-34.269173,-69.965561
-34.27195,-69.949173
-34.275841,-69.934723
-34.278336,-69.8880619999999
-34.250839,-69.828339
-34.248337,-69.823334
-34.241394,-69.8147279999999
-34.2355579999999,-69.8125
-34.229729,-69.81279
-34.2211149999999,-69.818069
-34.097229,-69.8483429999999
-33.891945,-69.884171
-33.827507,-69.904175
-33.787781,-69.9061129999999
-33.769173,-69.9039
-33.558617,-69.87056
-33.5519489999999,-69.868896
-33.452507,-69.818619
-33.437225,-69.809448
-33.43306,-69.806122
-33.428894,-69.802505
-33.415001,-69.7852779999999
-33.410561,-69.781677
-33.399727,-69.776672
-33.3866729999999,-69.77417
-33.381111,-69.774445
-33.286118,-69.79834
-33.28167,-69.8005679999999
-33.2738949999999,-69.807785
-33.248894,-69.866394
-33.241394,-69.884445
-33.2375029999999,-69.898621
-33.236946,-69.906403
-33.23806,-69.9191739999999
-33.2436139999999,-69.935562
-33.254173,-69.9483339999999
-33.262779,-69.955566
-33.268616,-69.958069
-33.275284,-69.959732
-33.286118,-69.965836
-33.295563,-69.9722289999999
-33.298889,-69.976669
-33.3025049999999,-69.988342
-33.301949,-69.995834
-33.29528,-70.005005
-33.186394,-70.0922239999999
-33.172501,-70.0988919999999
-33.162224,-70.101395
-33.144173,-70.100006
-33.132225,-70.095566
-33.127228,-70.0925139999999
-33.11528,-70.0877839999999
-33.095284,-70.082504
-33.089172,-70.08168
-33.083336,-70.081955
-33.073059,-70.084457
-33.0686109999999,-70.08667
-33.051842,-70.09964
-33.005836,-70.071671
-32.948891,-70.021118
-32.890556,-69.989456
-32.8847269999999,-69.987228
-32.878891,-69.987503
-32.874725,-69.9908449999999
-32.871391,-69.9950099999999
-32.868896,-70.000839
-32.8611149999999,-70.029175
-32.8536149999999,-70.047226
-32.850563,-70.052231
-32.7697299999999,-70.138062
-32.761673,-70.14418
-32.7525019999999,-70.1486209999999
-32.636116,-70.170013
-32.619446,-70.171677
-32.60778,-70.1711119999999
-32.589172,-70.1689
-32.582504,-70.1672359999999
-32.577225,-70.164459
-32.573059,-70.160568
-32.54306,-70.152237
-32.512222,-70.1469569999999
-32.500282,-70.1461179999999
-32.475838,-70.154175
-32.341667,-70.230835
-32.309837,-70.244324
-32.2927779999999,-70.302505
-32.286667,-70.31279
-32.28334,-70.316681
-32.273895,-70.321121
-32.265282,-70.320984
-32.236946,-70.316681
-32.220001,-70.31723
-32.086945,-70.348892
-32.047501,-70.313904
-32.048058,-70.300003
-32.0483399999999,-70.279175
-32.048058,-70.272781
-32.046112,-70.267227
-32.043617,-70.262512
-32.038338,-70.259445
-31.975002,-70.2341769999999
-31.968891,-70.231949
-31.964169,-70.2314
-31.952778,-70.231949
-31.9425009999999,-70.234451
-31.934448,-70.24057
-31.897224,-70.278336
-31.886669,-70.290558
-31.884167,-70.2966769999999
-31.880558,-70.311401
-31.881668,-70.328339
-31.884724,-70.339737
-31.885559,-70.34584
-31.886112,-70.373337
-31.884167,-70.395279
-31.880836,-70.410004
-31.8783339999999,-70.4161219999999
-31.872223,-70.4261169999999
-31.8686139999999,-70.430283
-31.848892,-70.446671
-31.8325,-70.458893
-31.571392,-70.584732
-31.5666689999999,-70.586945
-31.5616679999999,-70.5880579999999
-31.555557,-70.587234
-31.530281,-70.579178
-31.46917,-70.567505
-31.335835,-70.5583339999999
-31.3255579999999,-70.560562
-31.314167,-70.5611109999999
-31.188057,-70.533066
-31.174446,-70.529449
-31.159168,-70.520844
-31.098057,-70.47139
-31.091393,-70.463058
-31.089447,-70.457779
-31.0899999999999,-70.450562
-31.093056,-70.445557
-31.100834,-70.438614
-31.1136129999999,-70.430283
-31.093056,-70.361954
-31.0297239999999,-70.2950129999999
-30.9958339999999,-70.291397
-30.966946,-70.322784
-30.9583359999999,-70.3277889999999
-30.953613,-70.3300019999999
-30.948612,-70.331116
-30.931393,-70.3316799999999
-30.894447,-70.3275149999999
-30.888058,-70.326675
-30.83139,-70.318069
-30.818058,-70.3147279999999
-30.6783369999999,-70.26918
-30.637779,-70.2525019999999
-30.559448,-70.21167
-30.439724,-70.133896
-30.3933329999999,-70.058899
-30.3966669999999,-70.0441739999999
-30.397781,-70.029724
-30.396114,-70.004181
-30.3941689999999,-69.992508
-30.376392,-69.9441679999999
-30.373611,-69.939178
-30.370281,-69.935287
-30.327503,-69.900284
-30.322502,-69.897507
-30.190556,-69.8316799999999
-30.152779,-69.826675
-30.147224,-69.8272249999999
-30.142502,-69.829178
-30.133335,-69.833618
-30.120556,-69.841675
-30.106945,-69.858612
-30.101112,-69.868347
-29.9999999999999,-69.924942
-29.9740639999999,-69.918808
-29.9277039999999,-69.908615
-29.908684,-69.906403
-29.808056,-69.9047239999999
-29.791115,-69.905563
-29.723057,-69.913895
-29.717781,-69.9150089999999
-29.713337,-69.917236
-29.6958349999999,-69.94751
-29.69278,-69.952515
-29.680557,-69.96167
-29.675835,-69.9638979999999
-29.6611139999999,-69.968338
-29.649723,-69.968903
-29.637501,-69.967224
-29.619724,-69.960556
-29.606392,-69.95723
-29.594448,-69.95668
-29.5611109999999,-69.9591669999999
-29.5502819999999,-69.960556
-29.535557,-69.965012
-29.423889,-70.0030669999999
-29.379448,-70.026947
-29.370281,-70.031113
-29.355003,-70.034729
-29.349167,-70.034729
-29.306393,-70.031403
-29.29417,-70.0300139999999
-29.281948,-70.027237
-29.201115,-69.960281
-29.141392,-69.908066
-29.138889,-69.903336
-29.137779,-69.897507
-29.137222,-69.851669
-29.1341669999999,-69.840286
-29.129723,-69.8302919999999
-29.1191669999999,-69.811676
-29.108059,-69.800293
-29.098614,-69.7939
-29.092781,-69.791672
-29.073891,-69.787231
-29.06778,-69.786667
-29.016945,-69.788895
-28.886669,-69.757507
-28.810001,-69.724731
-28.803337,-69.723068
-28.797226,-69.722504
-28.7802809999999,-69.723068
-28.770557,-69.726669
-28.757504,-69.732224
-28.7483369999999,-69.736389
-28.734726,-69.742783
-28.71917,-69.746399
-28.679169,-69.7469479999999
-28.660557,-69.74501
-28.597504,-69.707504
-28.593334,-69.704178
-28.5863909999999,-69.696121
-28.579723,-69.674454
-28.577225,-69.670013
-28.572781,-69.666397
-28.541389,-69.662231
-28.400932,-69.6553799999999
-28.368336,-69.605286
-28.315834,-69.5338899999999
-28.312225,-69.5300139999999
-28.1802789999999,-69.3988949999999
-28.133057,-69.3552859999999
-28.119167,-69.34584
-28.109169,-69.3400119999999
-28.0972249999999,-69.3355559999999
-28.0591699999999,-69.326126
-28.003613,-69.304459
-27.999447,-69.300293
-27.9961129999999,-69.2964019999999
-27.988056,-69.282791
-27.98167,-69.2677919999999
-27.9786149999999,-69.25029
-27.9769479999999,-69.231949
-27.9769479999999,-69.212234
-27.975002,-69.2005619999999
-27.965836,-69.185837
-27.951946,-69.1777799999999
-27.925556,-69.1644589999999
-27.902779,-69.1552889999999
-27.774261,-69.120529
-27.733059,-69.1130679999999
-27.6458359999999,-69.084167
-27.6400029999999,-69.08223
-27.635002,-69.0794529999999
-27.627224,-69.071945
-27.624447,-69.0675049999999
-27.610558,-69.051682
-27.6019479999999,-69.045288
-27.5969469999999,-69.042236
-27.3666689999999,-68.904724
-27.361668,-68.902237
-27.288059,-68.865845
-27.282223,-68.866119
-27.27417,-68.8719479999999
-27.269726,-68.874176
-27.2550009999999,-68.8786159999999
-27.243614,-68.8794559999999
-27.230835,-68.877228
-27.209446,-68.866959
-27.176113,-68.847778
-27.129169,-68.817505
-27.120556,-68.810837
-27.1136129999999,-68.8030699999999
-27.110836,-68.79834
-27.107224,-68.788071
-27.105003,-68.776672
-27.103336,-68.738892
-27.105556,-68.710846
-27.107502,-68.696671
-27.1127819999999,-68.6861109999999
-27.133057,-68.651398
-27.1438899999999,-68.640289
-27.0683359999999,-68.416397
-27.064724,-68.4061129999999
-27.058613,-68.392227
-27.040279,-68.353897
-27.023335,-68.323334
-26.9152789999999,-68.287231
-26.9102779999999,-68.288345
-26.89167,-68.2958369999999
-26.712502,-68.424454
-26.696392,-68.4364009999999
-26.681393,-68.450287
-26.633057,-68.49556
-26.584446,-68.541122
-26.551945,-68.564178
-26.539169,-68.572235
-26.5302809999999,-68.576401
-26.520557,-68.579727
-26.5052799999999,-68.5836179999999
-26.465836,-68.585556
-26.448612,-68.585556
-26.436668,-68.585281
-26.381947,-68.581116
-26.3505589999999,-68.577225
-26.317501,-68.570557
-26.3058359999999,-68.566391
-26.300556,-68.563614
-26.291946,-68.557236
-26.285004,-68.549454
-26.278893,-68.541122
-26.263336,-68.5197299999999
-26.2411119999999,-68.483902
-26.235001,-68.475571
-26.187778,-68.4194489999999
-26.1738889999999,-68.404175
-26.162781,-68.39917
-26.1561129999999,-68.397781
-26.1447259999999,-68.398346
-25.905556,-68.454453
-25.7427789999999,-68.493347
-25.718334,-68.501114
-25.6175,-68.5533449999999
-25.505558,-68.595001
-25.490559,-68.598343
-25.4797249999999,-68.599731
-25.4680559999999,-68.599731
-25.443336,-68.597504
-25.4233359999999,-68.593063
-25.355003,-68.575562
-25.337223,-68.5694579999999
-25.315281,-68.560013
-25.2738909999999,-68.539459
-25.2698899999999,-68.534714
-25.2519449999999,-68.5300139999999
-25.2016679999999,-68.515839
-25.195835,-68.513901
-25.177223,-68.502228
-25.165001,-68.4916689999999
-25.1624869999999,-68.485901
-25.152779,-68.420288
-25.136391,-68.368057
-25.1327779999999,-68.358063
-25.1291689999999,-68.354446
-25.1233369999999,-68.352234
-25.117226,-68.3519589999999
-25.106945,-68.354172
-24.896114,-68.497513
-24.8938899999999,-68.5030669999999
-24.8736109999999,-68.545288
-24.865559,-68.551392
-24.8158339999999,-68.570282
-24.8108369999999,-68.5716709999999
-24.792778,-68.570557
-24.786114,-68.5691679999999
-24.774445,-68.5650019999999
-24.729446,-68.5408479999999
-24.6702799999999,-68.508057
-24.6047249999999,-68.4630579999999
-24.505836,-68.392227
-24.501667,-68.389175
-24.491947,-68.376953
-24.488892,-68.366394
-24.4894449999999,-68.360001
-24.498611,-68.329178
-24.49889,-68.3222349999999
-24.49778,-68.316681
-24.4925,-68.3077849999999
-24.447224,-68.2775119999999
-24.400837,-68.2550049999999
-24.3963889999999,-68.2522279999999
-24.371391,-68.1900019999999
-24.253891,-67.89917
-24.1475869999999,-67.639877
-24.1216889999999,-67.577332
-24.021667,-67.335846
-23.733231,-67.250916
-23.528614,-67.1908419999999
-23.391945,-67.150848
-23.358334,-67.138626
-23.241112,-67.093613
-23.124168,-67.047501
-23.002781,-67.0008389999999
-22.900558,-67.104736
-22.821667,-67.183624
-22.721111,-67.125839
-22.718056,-67.123062
-22.64278,-67.012222
-22.625557,-67.013062
-22.5738909999999,-67.018066
-22.523891,-67.022507
-22.478058,-66.926392
-22.4530559999999,-66.8502809999999
-22.4269449999999,-66.774734
-22.375,-66.7713929999999
-22.227501,-66.736679
-22.196114,-66.688904
-22.191948,-66.616394
-22.1783369999999,-66.559723
-22.161114,-66.49556
-22.134167,-66.402237
-22.116631,-66.345383
-22.076946,-66.306946
-22.0386119999999,-66.291397
-22.0319479999999,-66.291122
-21.978058,-66.281952
-21.902225,-66.263062
-21.803612,-66.238068
-21.790314,-66.234436
-21.780521,-66.2230069999999
-21.788334,-66.1947329999999
-21.831947,-66.077515
-21.933334,-65.926117
-22.005558,-65.867508
-22.0713919999999,-65.81279
-22.105278,-65.763901
-22.110001,-65.753891
-22.111668,-65.748062
---
