40.606098,45.528881
40.60722,45.51305
40.6169400000001,45.4991610000001
40.63694,45.4919400000001
40.6580390000001,45.5013890000001
40.665539,45.5174900000001
40.665371,45.5553400000001
40.6630520000001,45.572491
40.653881,45.5874900000001
40.648331,45.588329
40.6324880000001,45.5730510000001
---
41.17305,45.193047
41.1597140000001,45.2113720000001
41.1516490000001,45.2183230000001
41.1419299999999,45.2227550000001
41.135818,45.2227550000001
41.130547,45.220543
41.1269380000001,45.2163850000001
41.1208270000001,45.20665
41.118317,45.201096
41.116936,45.1947100000001
41.114998,45.1799930000001
41.114998,45.171928
41.1172030000001,45.136375
41.1185990000001,45.1283190000001
41.119713,45.11055
41.11776,45.087769
41.1160959999999,45.0813830000001
41.1130450000001,45.076653
41.107773,45.074158
41.101105,45.073318
41.0852580000001,45.0777660000001
41.0755540000001,45.082207
41.062759,45.09137
41.056656,45.101379
41.001656,45.336937
41.000542,45.344994
41.0000000000001,45.3536000000001
41.001656,45.368317
40.8755419999999,45.6141590000001
40.8719330000001,45.61805
40.862206,45.6222080000001
40.856659,45.6233220000001
40.84388,45.620827
40.828049,45.6152730000001
40.8063740000001,45.6063770000001
40.801384,45.6038820000001
40.787766,45.594147
40.778603,45.57972
40.776375,45.5741580000001
40.7630540000001,45.5233150000001
40.7422100000001,45.4555440000001
40.738319,45.443604
40.729149,45.429153
40.7222140000001,45.4219279999999
40.717766,45.4188770000001
40.675819,45.3913730000001
40.671097,45.3883290000001
40.665268,45.3866580000001
40.6591570000001,45.386932
40.648331,45.3891530000001
40.6433260000001,45.391106
40.6080400000001,45.413605
40.460541,45.532494
40.4533160000001,45.5402760000001
40.391106,45.638039
40.3758240000001,45.662766
40.269707,45.8758240000001
40.2652660000001,45.8885960000001
40.2634510000001,45.9061510000001
40.265549,45.9205400000001
40.273872,45.9516530000001
40.272217,45.9583210000001
40.268593,45.962494
40.239159,45.9938740000001
40.2305370000001,45.9997180000001
40.225548,46.0019379999999
40.2202610000001,46.0027689999999
40.2136080000001,46.0019379999999
40.1222080000001,45.979424
40.116936,45.976929
40.112488,45.9738770000001
40.033333,45.9161000000001
40.024437,45.909424
40.0205460000001,45.90554
40.017487,45.900826
40.014435,45.888039
40.0136109999999,45.873047
40.016106,45.8477710000001
40.0199810000001,45.8244319999999
40.024437,45.763611
40.0260930000001,45.7136080000001
40.0258260000001,45.6819310000001
40.0216600000001,45.638039
40.014435,45.613602
40.0077670000001,45.6038820000001
40.0041660000001,45.599991
39.994987,45.593597
39.982491,45.592766
39.9780430000001,45.5958180000001
39.9719240000001,45.605553
39.969437,45.611382
39.9677660000001,45.618317
39.961372,45.705269
39.9583210000001,45.7297060000001
39.953316,45.7510990000001
39.9436040000001,45.774437
39.937485,45.7841570000001
39.925262,45.7938770000001
39.9105380000001,45.799988
39.899712,45.802216
39.8844380000001,45.807213
39.86554,45.816376
39.861382,45.8191530000001
39.8491520000001,45.8291630000001
39.834435,45.844704
39.8236010000001,45.8566589999999
39.811371,45.8760990000001
39.805817,45.886658
39.7952730000001,45.908875
39.7880480000001,45.9263839999999
39.778603,45.960274
39.777489,45.9838710000001
39.774994,45.9991610000001
39.773041,46.0061040000001
39.769981,46.010818
39.762772,46.0185930000001
39.7455370000001,46.03054
39.7230380000001,46.04332
39.7047120000001,46.0530400000001
39.7005389999999,46.056099
39.689423,46.067772
39.6072160000001,46.189713
39.598038,46.2041630000001
39.5961000000001,46.2110979999999
39.5941470000001,46.227211
39.5941470000001,46.2430500000001
39.594994,46.250275
39.596657,46.2563860000001
39.6144410000001,46.3008190000001
39.617493,46.30555
39.619713,46.3111040000001
39.6236040000001,46.3230439999999
39.626656,46.335815
39.628036,46.349991
39.6249849999999,46.364441
39.5819400000001,46.5199810000001
39.576096,46.5305399999999
39.5724950000001,46.534431
39.5644380000001,46.5413820000001
39.549988,46.5469440000001
39.544434,46.5480500000001
39.538605,46.546387
39.480263,46.5199810000001
39.4758150000001,46.516663
39.472755,46.5119320000001
39.4683230000001,46.500832
39.4669270000001,46.4944310000001
39.4577640000001,46.4486010000001
39.451653,46.4077609999999
39.450829,46.4008260000001
39.4486010000001,46.395264
39.442757,46.385818
39.4383240000001,46.382484
39.4249879999999,46.380547
39.4136050000001,46.381653
39.398331,46.3866580000001
39.389709,46.3924870000001
39.3785930000001,46.4038700000001
39.2691500000001,46.557487
39.2536090000001,46.5813830000001
39.2294240000001,46.620537
39.2247090000001,46.62249
39.2199860000001,46.620827
39.217209,46.6160960000001
39.1894229999999,46.5455400000001
39.1894229999999,46.5377660000001
39.203606,46.496094
39.2155460000001,46.46666
39.217484,46.4599840000001
39.2185900000001,46.452209
39.2185900000001,46.4444270000001
39.2163850000001,46.431107
39.2141490000001,46.4255450000001
39.211655,46.4219280000001
39.2066500000001,46.4186020000001
39.201378,46.4161
39.188881,46.4152680000001
39.1777730000001,46.417206
39.168053,46.4210970000001
39.1638720000001,46.4238819999999
39.1527710000001,46.435547
39.142769,46.458321
39.1366580000001,46.4774859999999
39.131653,46.488884
39.1285930000001,46.4936070000001
39.124985,46.4974900000001
39.1205370000001,46.5002750000001
39.0816570000001,46.515831
39.0658190000001,46.519707
39.0441590000001,46.5235980000001
39.032204,46.5202640000001
39.017487,46.5119320000001
39.008041,46.505547
38.991653,46.4988710000001
38.965828,46.4944310000001
38.9597170000001,46.494713
38.95443,46.4955370000001
38.9494250000001,46.4974900000001
38.875587,46.5403750000001
38.8780360000001,46.5163879999999
38.8899920000001,46.4519350000001
38.9069370000001,46.3763810000001
38.9105379999999,46.3547060000001
38.9094239999999,46.347481
38.8958210000001,46.294716
38.8852620000001,46.2735980000001
38.8794330000001,46.2636109999999
38.8694310000001,46.250275
38.864159,46.2397160000001
38.8441470000001,46.1955340000001
38.841148,46.1782460000001
38.909981,46.1236040000001
38.936104,46.107216
39.1663820000001,45.970261
39.1827700000001,45.9672090000001
39.188881,45.966927
39.2066500000001,45.9719240000001
39.219437,45.9822010000001
39.2266460000001,45.9899830000001
39.2363820000001,46.003609
39.2452700000001,46.0099950000001
39.250832,46.008881
39.2636110000001,46
39.2708210000001,45.9922100000001
39.2799840000001,45.9780430000001
39.3480380000001,45.8555530000001
39.4374849999999,45.8266530000001
39.442757,45.8291630000001
39.449425,45.829987
39.455544,45.829987
39.545273,45.823044
39.549721,45.819984
39.5563740000001,45.811371
39.5619280000001,45.8005450000001
39.5691530000001,45.7833330000001
39.5766530000001,45.755272
39.57972,45.740822
39.5805440000001,45.7322010000001
39.57972,45.7252660000001
39.55999,45.6266560000001
39.5547030000001,45.607773
39.5486069999999,45.5905460000001
39.5338750000001,45.5583270000001
39.5172120000001,45.5283280000001
39.506653,45.5077670000001
39.502213,45.4969409999999
39.4944310000001,45.4724810000001
39.4936070000001,45.457497
39.535271,45.3308260000001
39.5383220000001,45.3260960000001
39.5469440000001,45.3199840000001
39.6111070000001,45.2663880000001
39.7680440000001,45.083321
39.774155,45.0736010000001
39.77887,45.0619280000001
39.779984,45.054153
39.778328,45.039986
39.7744370000001,45.0280460000001
39.7652659999999,45.0141530000001
39.753006,45.0000000000001
39.7508320000001,44.99749
39.7324910000001,44.969147
39.7263720000001,44.951935
39.721375,44.933044
39.7183230000001,44.9205400000001
39.7211,44.8963780000001
39.7247090000001,44.8827670000001
39.724991,44.85833
39.712769,44.7991640000001
39.709698,44.7893980000001
39.7063830000001,44.778862
39.730553,44.7461010000001
39.7997210000001,44.6488879999999
39.8077700000001,44.633881
39.8305440000001,44.594162
39.8330540000001,44.590828
39.8794330000001,44.5602650000001
39.888611,44.55471
39.895264,44.5519410000001
39.898888,44.552216
39.912209,44.548325
39.962769,44.487778
40.003609,44.3991550000001
40.0205540000001,44.3561100000001
40.0238880000001,44.347214
40.046097,44.2852710000001
40.046097,44.279999
40.013054,44.052208
40.008606,44.0405430000001
40.0066530000001,44.0322190000001
40.0108179999999,43.971375
40.0136109999999,43.933884
40.0186,43.9124909999999
40.1008220000001,43.6736070000001
40.1024860000001,43.6688770000001
40.1085970000001,43.6574940000001
40.1197130000001,43.648888
40.122765,43.647774
40.1263810000001,43.6483310000001
40.130547,43.650269
40.1397090000001,43.657776
40.144463,43.6638490000001
40.148041,43.6705470000001
40.152489,43.681931
40.1522219999999,43.7077640000001
40.153328,43.711937
40.1563800000001,43.719719
40.1597140000001,43.7216569999999
40.163322,43.7216569999999
40.1669390000001,43.720543
40.274437,43.6616520000001
40.3688890000001,43.6069340000001
40.4511110000001,43.5830540000001
40.501099,43.592766
40.5313800000001,43.6530460000001
40.6191560000001,43.71666
40.6226810000001,43.719208
40.666656,43.741379
40.739998,43.7519380000001
40.75,43.748878
40.7702640000001,43.742493
40.924988,43.6733250000001
40.9280549999999,43.671654
40.988319,43.606377
40.992493,43.599434
40.995827,43.590546
40.9966660000001,43.5844350000001
40.9964180000001,43.5811350000001
40.995544,43.5694430000001
40.9966660000001,43.5591660000001
40.998047,43.5541530000001
41.0169300000001,43.4935990000001
41.0205540000001,43.485268
41.0252690000001,43.479156
41.0283280000001,43.477486
41.0902710000001,43.4538880000001
41.0972140000001,43.4538880000001
41.1019439999999,43.4549870000001
41.1129610000001,43.46077
41.1349950000001,43.546387
41.136375,43.5616610000001
41.1347200000001,43.5786060000001
41.129715,43.599709
41.123047,43.6374970000001
41.113602,43.734428
41.112488,43.752213
41.112762,43.7602770000001
41.115822,43.782204
41.119156,43.794991
41.123871,43.8060990000001
41.141106,43.828331
41.148041,43.8369369999999
41.1519320000001,43.840828
41.158043,43.8505480000001
41.1622090000001,43.862488
41.1652680000001,43.884438
41.1655430000001,43.900536
41.1641460000001,43.99276
41.1819310000001,44.1227650000001
41.1849900000001,44.144707
41.1883240000001,44.157494
41.195534,44.174431
41.199158,44.178322
41.2044300000001,44.18055
41.223595,44.248871
41.2124940000001,44.340546
41.192215,44.4299930000001
41.1877590000001,44.484154
41.1852650000001,44.5622020000001
41.1852650000001,44.5702670000001
41.212212,44.7286000000001
41.2124940000001,44.824715
41.213051,44.848877
41.214706,44.8636020000001
41.21859,44.8758240000001
41.270264,44.9786000000001
41.2970500000001,45.0229420000001
41.2233120000001,45.046944
41.2036059999999,45.131927
41.2027660000001,45.140831
41.2010960000001,45.1477740000001
41.1986010000001,45.15387
---
41.0305480000001,45.025829
41.0352710000001,45.045269
41.0422210000001,45.0541610000001
41.0527690000001,45.0588799999999
41.066669,45.051659
41.0849910000001,45.0302700000001
41.0891610000001,45.0174900000001
41.0888790000001,45.00111
41.08194,44.9841610000001
41.0647090000001,44.9805490000001
41.050541,44.9877700000001
41.0330510000001,45.009991
---
40.9911,45.194988
40.979431,45.206379
40.9691510000001,45.22916
40.9769400000001,45.2452700000001
40.983051,45.2452700000001
40.990269,45.2369380000001
41.0041620000001,45.212608
41.004711,45.2047080000001
40.997768,45.1958200000001
---
