13.067499,-59.543335
13.070555,-59.547501
13.075832,-59.571114
13.08,-59.60334
13.082499,-59.60778
13.085833,-59.611389
13.099722,-59.625557
13.103333,-59.628616
13.14361,-59.642227
13.149166,-59.643333
13.287777,-59.659447
13.299166,-59.65834
13.315554,-59.653061
13.320276,-59.650841
13.328054,-59.64473
13.331388,-59.641113
13.334999,-59.631111
13.337221,-59.619728
13.336943,-59.612503
13.331944,-59.59584
13.329721,-59.591118
13.299166,-59.573616
13.290277,-59.56945
13.279722,-59.566116
13.274166,-59.565285
13.259443,-59.559448
13.25111,-59.554451
13.246944,-59.551674
13.239721,-59.545006
13.214443,-59.521118
13.208611,-59.513062
13.185833,-59.479446
13.18111,-59.470001
13.180277,-59.463615
13.173054,-59.442223
13.170832,-59.4375
13.164999,-59.429169
13.153889,-59.426949
13.146944,-59.427223
13.135277,-59.430283
13.116665,-59.439445
13.108055,-59.444725
13.099443,-59.450279
13.092222,-59.456673
13.085554,-59.464447
13.059444,-59.5
13.054998,-59.510284
13.050554,-59.533058
---
