17.2891650000001,-87.8091739999999
17.2911110000001,-87.821945
17.2916640000001,-87.825012
17.2997209999999,-87.8261259999999
17.390553,-87.834732
17.395832,-87.833069
17.3977780000001,-87.83168
17.399441,-87.829727
17.400276,-87.82695
17.3997190000001,-87.823898
17.394997,-87.818344
17.3852770000001,-87.813614
17.333885,-87.7991789999999
17.3241650000001,-87.7994539999999
17.299164,-87.801392
17.2941670000001,-87.8033449999999
---
17.419998,-87.827515
17.414165,-87.835556
17.413055,-87.838058
17.4124980000001,-87.843903
17.414444,-87.849167
17.4208300000001,-87.856674
17.4230540000001,-87.861389
17.4219440000001,-87.863892
17.4055520000001,-87.8900149999999
17.3897210000001,-87.901947
17.3825,-87.9050139999999
17.2986110000001,-87.924179
17.2894439999999,-87.925293
17.28611,-87.925293
17.274998,-87.924179
17.2755550000001,-87.926682
17.279163,-87.930283
17.2877770000001,-87.935837
17.290554,-87.9364009999999
17.296665,-87.935837
17.3066640000001,-87.934723
17.4119420000001,-87.920288
17.4172210000001,-87.918335
17.4219440000001,-87.916397
17.548054,-87.824173
17.549999,-87.8194579999999
17.549164,-87.813065
17.54472,-87.806946
17.5249979999999,-87.784729
17.521111,-87.781403
17.5163880000001,-87.779175
17.513332,-87.7789
17.503609,-87.779175
17.5008320000001,-87.7800139999999
17.4894409999999,-87.7858429999999
17.43111,-87.8175049999999
17.426941,-87.820557
---
17.552498,-88.047501
17.555553,-88.051392
17.5608330000001,-88.055008
17.5680540000001,-88.058334
17.589996,-88.064453
17.6322210000001,-88.074448
17.635277,-88.0741729999999
17.6374970000001,-88.072784
17.638332,-88.070282
17.637775,-88.067505
17.634441,-88.063614
17.623333,-88.05751
17.613052,-88.053619
17.564442,-88.045563
17.555553,-88.044174
17.5527760000001,-88.045013
---
17.6644439999999,-88.1586149999999
17.6652760000001,-88.164734
17.66972,-88.1675109999999
17.6724970000001,-88.166672
17.6744419999999,-88.165009
17.677219,-88.1602779999999
17.6811100000001,-88.1461179999999
17.6847189999999,-88.138901
17.6991650000001,-88.1219479999999
17.704441,-88.1166689999999
17.7144430000001,-88.109451
17.734444,-88.0797269999999
17.735554,-88.0775149999999
17.7349970000001,-88.075287
17.7338870000001,-88.072784
17.731941,-88.0713959999999
17.7266650000001,-88.069458
17.7202760000001,-88.069458
17.7172200000001,-88.0697329999999
17.7122189999999,-88.071945
17.686386,-88.094727
17.6802749999999,-88.103058
17.6724970000001,-88.116394
17.6694410000001,-88.123901
17.667221,-88.132507
---
18.0213850000001,-87.9077909999999
18.022499,-87.9050139999999
18.0208319999999,-87.9033359999999
18.0180550000001,-87.9025119999999
18.0099980000001,-87.904449
17.970554,-87.920288
17.951385,-87.928619
17.93861,-87.936676
17.9177740000001,-87.950836
17.911663,-87.955002
17.903889,-87.9613949999999
17.898331,-87.973618
17.896664,-87.9866789999999
17.898331,-87.99556
17.9019430000001,-88.006119
18.1474990000001,-87.9039
18.151665,-87.9011229999999
18.1566660000001,-87.895844
18.1644440000001,-87.859726
18.164719,-87.853058
18.1636090000001,-87.8505709999999
18.161942,-87.8486179999999
18.1574970000001,-87.8461149999999
18.151386,-87.845291
18.144997,-87.845566
18.136944,-87.8477779999999
18.0491640000001,-87.8880619999999
18.0425000000001,-87.8922269999999
---
18.4813879999999,-88.365005
18.4813879999999,-88.343903
18.4829290000001,-88.2994999999999
18.458885,-88.2883449999999
18.45525,-88.287399
18.4483300000001,-88.289734
18.4413870000001,-88.293335
18.427776,-88.3077849999999
18.421108,-88.318893
18.364166,-88.315567
18.353054,-88.208618
18.3716660000001,-88.1083369999999
18.374443,-88.0966799999999
18.3741650000001,-88.093613
18.3727760000001,-88.0914
18.271385,-88.081955
18.2155530000001,-88.077789
18.1352769999999,-88.0838929999999
18.1263890000001,-88.0855559999999
18.113888,-88.0900119999999
18.029442,-88.123062
17.9733310000001,-88.1461179999999
17.9688870000001,-88.148346
17.960831,-88.1544489999999
17.9511110000001,-88.1630709999999
17.933331,-88.179169
17.923885,-88.187225
17.919441,-88.1897279999999
17.895275,-88.200287
17.8902740000001,-88.202225
17.8813860000001,-88.203613
17.8044430000001,-88.209732
17.800552,-88.208344
17.7827760000001,-88.210556
17.7683300000001,-88.213348
17.7158319999999,-88.225845
17.6961100000001,-88.2336119999999
17.6719440000001,-88.247513
17.6594430000001,-88.256119
17.655552,-88.259171
17.646664,-88.27417
17.6411090000001,-88.279175
17.636108,-88.281403
17.6238860000001,-88.282501
17.5944440000001,-88.281403
17.5794410000001,-88.2789
17.5747180000001,-88.276672
17.4652750000001,-88.2489009999999
17.422222,-88.2605589999999
17.3233300000001,-88.285004
17.2841640000001,-88.293625
17.269444,-88.2958369999999
17.238331,-88.298615
17.1886100000001,-88.299728
17.182499,-88.299179
17.1224980000001,-88.289139
17.105274,-88.28334
17.090553,-88.276672
17.082775,-88.270279
17.0780530000001,-88.261124
17.0722200000001,-88.2422329999999
17.0683330000001,-88.235565
17.064163,-88.232788
17.054443,-88.228897
16.9722210000001,-88.208618
16.968609,-88.208618
16.9555550000001,-88.2164
16.951942,-88.219727
16.9480550000001,-88.226395
16.9438860000001,-88.2422329999999
16.9336090000001,-88.256668
16.926388,-88.2630619999999
16.921944,-88.265839
16.9036100000001,-88.275284
16.8869440000001,-88.279175
16.8836099999999,-88.279175
16.800552,-88.2797239999999
16.6516649999999,-88.300293
16.6461110000001,-88.301682
16.638332,-88.304459
16.5041660000001,-88.352509
16.5019419999999,-88.353622
16.499165,-88.357788
16.4983330000001,-88.360565
16.4986079999999,-88.363892
16.5019419999999,-88.3675079999999
16.5049970000001,-88.3672329999999
16.6027759999999,-88.3472289999999
16.561943,-88.378891
16.5416640000001,-88.3941799999999
16.5355530000001,-88.386124
16.5186080000001,-88.384445
16.4916650000001,-88.387512
16.4891660000001,-88.3883359999999
16.298054,-88.530014
16.2797200000001,-88.6508479999999
16.2330549999999,-88.724731
16.2302740000001,-88.728897
16.21833,-88.741394
16.211666,-88.7450099999999
16.200275,-88.7463989999999
16.1188890000001,-88.791946
16.054165,-88.8533479999999
15.9977759999999,-88.914459
15.9916650000001,-88.922226
15.9849990000001,-88.926682
15.973888,-88.929459
15.960833,-88.930008
15.9519440000001,-88.928345
15.9383320000001,-88.924454
15.8936100000001,-88.910568
15.8980540000001,-88.980835
15.906387,-89.047226
15.910831,-89.1666719999999
15.9094430000001,-89.172791
15.8898510000001,-89.216171
15.9152769999999,-89.2164
16.104164,-89.204178
16.4144440000001,-89.1841739999999
17.013885,-89.1450039999999
17.341801,-89.143433
17.719444,-89.1422269999999
17.818886,-89.141953
17.9460740000001,-89.1429749999999
17.9560660000001,-89.143051
17.9680520000001,-89.127502
17.9738160000001,-89.1157379999999
17.9949760000001,-89.0720519999999
18.0058330000001,-89.035843
18.006386,-89.0252839999999
18.004997,-89.0194549999999
18.000832,-89.0097349999999
17.994164,-89.0025019999999
17.9806399999999,-88.9915009999999
17.9666480000001,-88.984329
17.964996,-88.982513
17.907257,-88.8720399999999
17.903889,-88.8414
17.9888340000001,-88.774078
18.054722,-88.728058
18.1099970000001,-88.7044529999999
18.1838870000001,-88.6816709999999
18.1855550000001,-88.681122
18.235832,-88.600021
18.2847630000001,-88.590439
18.2967110000001,-88.587708
18.430275,-88.5169529999999
18.447498,-88.506393
18.4701039999999,-88.490433
18.4776120000001,-88.483948
18.481026,-88.479858
18.4868280000001,-88.471313
18.4885370000001,-88.466202
18.4899020000001,-88.405441
18.4827770000001,-88.377792
---
