32.276382,-64.861115
32.276939,-64.873062
32.281387,-64.875565
32.2869420000001,-64.876114
32.293053,-64.874451
32.308884,-64.8536219999999
32.31472,-64.844452
32.3141630000001,-64.8380579999999
32.3086089999999,-64.838898
32.302727,-64.848816
32.296299,-64.8588409999999
32.2879750000001,-64.861488
32.281662,-64.852783
32.2786100000001,-64.855835
---
32.3544390000001,-64.6505579999999
32.355827,-64.656113
32.3566670000001,-64.68251
32.3572160000001,-64.6858369999999
32.367218,-64.666397
32.370827,-64.6552889999999
32.3697200000001,-64.647232
32.3666610000001,-64.642792
32.362778,-64.63945
32.3572160000001,-64.638626
32.3544390000001,-64.643341
---
32.2624970000001,-64.803345
32.260551,-64.8230589999999
32.262447,-64.846733
32.2667959999999,-64.858269
32.2707670000001,-64.857895
32.272282,-64.845787
32.268497,-64.8333049999999
32.271713,-64.8119429999999
32.2786100000001,-64.784729
32.281662,-64.780014
32.2866520000001,-64.7773359999999
32.296677,-64.7883
32.3122180000001,-64.747787
32.3402710000001,-64.718338
32.3713840000001,-64.696396
32.374992,-64.692505
32.380829,-64.683624
32.3822170000001,-64.6777799999999
32.3799970000001,-64.671677
32.374992,-64.674179
32.3675880000001,-64.687134
32.359837,-64.696205
32.3490560000001,-64.699799
32.3436050000001,-64.6986239999999
32.3354420000001,-64.692429
32.330147,-64.694695
32.3274990000001,-64.70623
32.320274,-64.7213899999999
32.295273,-64.748901
32.284996,-64.7611239999999
32.27916,-64.7700039999999
32.2705540000001,-64.78334
---
