28.078331,90.502777
28.079998,90.518326
28.080551,90.532486
28.077496,90.544144
28.074718,90.556091
28.074165,90.562195
28.074997,90.61998
28.075829,90.633331
28.077496,90.647491
28.07972,90.653595
28.06472,90.756653
28.048054,90.840271
28.049999,90.861374
28.051109,90.876373
28.049442,90.909988
28.04361,90.925812
28.032497,90.951385
28.019165,90.967758
27.995827,90.989426
27.988884,90.997482
27.979996,91.010818
27.977772,91.015823
27.974995,91.027481
27.969994,91.086929
27.971107,91.108871
27.972771,91.115814
27.97805,91.126083
27.989162,91.137207
27.997494,91.143051
28.006664,91.148041
28.026108,91.164993
28.069717,91.209991
28.073051,91.214432
28.078053,91.22554
28.081108,91.301376
28.063053,91.326096
28.041943,91.356934
28.010555,91.419434
27.997215,91.449997
27.989994,91.478867
27.988605,91.491653
27.989515,91.501122
27.991383,91.520538
27.96944,91.606934
27.959995,91.633606
27.955551,91.643875
27.948051,91.658325
27.94194,91.667206
27.934441,91.674698
27.923885,91.679428
27.910553,91.680542
27.900551,91.6772
27.891941,91.671097
27.888885,91.666931
27.884995,91.663605
27.871384,91.656097
27.866386,91.654434
27.854996,91.652771
27.836109,91.653046
27.777775,91.656647
27.764721,91.657761
27.763332,91.658875
27.744438,91.659149
27.738049,91.659149
27.721661,91.656097
27.711662,91.652771
27.702496,91.647766
27.691662,91.636658
27.684994,91.628036
27.676941,91.612762
27.670551,91.604156
27.666664,91.600815
27.657497,91.595825
27.64555,91.594986
27.624996,91.598038
27.605831,91.602478
27.560829,91.617477
27.536385,91.631363
27.488605,91.673599
27.48555,91.67804
27.431664,91.770828
27.436661,91.853592
27.450272,91.950821
27.455551,91.961105
27.461662,91.970535
27.475273,91.986649
27.477772,91.991928
27.47805,91.998871
27.475826,92.004166
27.471939,92.007767
27.368607,92.078049
27.349442,92.089157
27.297497,92.113602
27.291386,92.115265
27.285831,92.114426
27.190273,92.045822
27.186382,92.04248
27.168053,92.015274
27.104717,92.009995
27.098331,92.009995
27.091385,92.011108
27.08083,92.015549
27.076385,92.0186
27.068607,92.025818
27.058887,92.038315
27.051388,92.052475
27.042496,92.065536
27.031666,92.077209
27.022774,92.083328
27.006664,92.089981
26.97916,92.100815
26.94416,92.111923
26.931107,92.1147
26.925552,92.113876
26.920273,92.112198
26.89555,92.103043
26.882217,92.095535
26.874439,92.088593
26.869045,92.081512
26.861942,92.069992
26.857498,92.058868
26.85305,92.038589
26.85083,92.02388
26.85194,91.997208
26.853329,91.991364
26.857773,91.981369
26.864162,91.843597
26.863331,91.835815
26.861385,91.829987
26.82444,91.749146
26.815273,91.735535
26.801941,91.718597
26.799999,91.712494
26.803051,91.54776
26.804443,91.542206
26.810555,91.5336
26.839165,91.516937
26.861385,91.508331
26.869717,91.501663
26.872498,91.497208
26.874718,91.492203
26.875553,91.485809
26.875553,91.424698
26.873329,91.418869
26.869995,91.414429
26.866108,91.411102
26.848331,91.401093
26.828609,91.393875
26.815273,91.386383
26.807499,91.3797
26.800831,91.371368
26.78944,91.351929
26.783333,91.334152
26.778053,91.314423
26.778053,91.300262
26.779163,91.287766
26.780552,91.281937
26.789719,91.268875
26.800274,91.257217
26.805275,91.240814
26.80722,91.221649
26.809162,91.119705
26.788887,91.049713
26.783428,90.966629
26.784443,90.957489
26.784721,90.93692
26.784721,90.902481
26.777775,90.751663
26.776665,90.736923
26.772499,90.708603
26.772221,90.694702
26.774166,90.68248
26.782497,90.641373
26.803051,90.569153
26.80722,90.559143
26.824718,90.518875
26.851662,90.466095
26.854717,90.461105
26.857498,90.45665
26.868053,90.444702
26.890553,90.422485
26.897217,90.414429
26.899441,90.409424
26.903606,90.392212
26.903328,90.385269
26.901386,90.369705
26.898331,90.356094
26.85083,90.216934
26.834164,90.196091
26.822498,90.186096
26.818054,90.183594
26.812775,90.182205
26.801388,90.180817
26.782497,90.181366
26.776943,90.180817
26.773052,90.177475
26.763054,90.164993
26.7575,90.154984
26.75333,90.143051
26.748051,90.123596
26.739162,90.08194
26.709484,89.854111
26.707218,89.805817
26.70672,89.793175
26.704163,89.777206
26.703049,89.762497
26.715271,89.643051
26.718052,89.631653
26.723049,89.622208
26.72694,89.618317
26.732494,89.619141
26.752501,89.643875
26.757774,89.645538
26.763885,89.6436
26.771111,89.636108
26.789165,89.596375
26.795551,89.5811
26.799721,89.571106
26.805275,89.555252
26.812218,89.5336
26.811108,89.518875
26.800831,89.488586
26.799164,89.481659
26.799442,89.468323
26.85944,89.367203
26.859997,89.360809
26.852219,89.302475
26.849442,89.297485
26.842773,89.289154
26.831387,89.278595
26.828053,89.274429
26.823887,89.262497
26.81472,89.220825
26.813885,89.199997
26.818886,89.149429
26.823608,89.126083
26.826942,89.115265
26.829163,89.11026
26.834721,89.101379
26.839439,89.098328
26.851387,89.094437
26.865273,89.092209
26.875275,89.089706
26.881386,89.087769
26.891106,89.082214
26.894718,89.078598
26.918884,89.043594
26.924717,89.034988
26.927494,89.030548
26.96944,88.947754
26.975552,88.893875
27.061108,88.869705
27.073608,88.869141
27.086662,88.866089
27.091942,88.863602
27.096386,88.860535
27.099998,88.856644
27.121109,88.826096
27.141384,88.794983
27.14333,88.789978
27.148067,88.753113
27.148605,88.751938
27.184441,88.762207
27.246384,88.798035
27.253052,88.806366
27.25861,88.816376
27.26083,88.82222
27.264721,88.834991
27.266666,88.85054
27.274441,88.885544
27.276665,88.891373
27.282219,88.901382
27.28944,88.908875
27.298607,88.913605
27.314442,88.917206
27.320324,88.917725
27.345551,88.923599
27.368328,88.935532
27.385273,88.94664
27.422771,88.954437
27.438885,88.958038
27.45916,88.963882
27.473606,88.9711
27.488884,88.984985
27.505554,89.005829
27.508331,89.010818
27.512775,89.022766
27.519997,89.049149
27.527222,89.066086
27.53833,89.08638
27.550552,89.10498
27.567497,89.125809
27.575829,89.131363
27.623329,89.128036
27.67083,89.163315
27.679161,89.169144
27.692219,89.1772
27.701385,89.181931
27.738049,89.200272
27.775555,89.217758
27.78083,89.219147
27.794998,89.22554
27.806664,89.23526
27.81361,89.243591
27.827496,89.26915
27.871662,89.359985
27.915272,89.386932
27.933052,89.398041
27.949997,89.409424
28.008385,89.450424
28.01722,89.4561
28.034164,89.467758
28.057774,89.487488
28.139996,89.586105
28.14333,89.590271
28.158329,89.623596
28.160553,89.629425
28.17305,89.688873
28.174164,89.69664
28.174717,89.718048
28.174164,89.724426
28.175552,89.746368
28.188606,89.782486
28.19416,89.792755
28.198051,89.796097
28.251663,89.836655
28.271385,89.863037
28.32333,89.996368
28.324055,90.000015
28.325275,90.017487
28.324718,90.02388
28.300552,90.178589
28.290276,90.22554
28.284721,90.248871
28.277775,90.277771
28.273052,90.295258
28.26722,90.311371
28.261387,90.327484
28.259441,90.339706
28.259163,90.353317
28.257774,90.366089
28.251389,90.381653
28.248329,90.386108
28.240829,90.3936
28.23555,90.396103
28.215549,90.398331
28.198883,90.395538
28.193886,90.393875
28.175827,90.383881
28.16333,90.374695
28.150551,90.366379
28.132496,90.356644
28.112217,90.350266
28.098885,90.351654
28.093609,90.354156
28.089165,90.357208
28.080276,90.370529
28.078884,90.382477
28.071663,90.466385
---
