42.943825,17.578526
42.960548,17.668331
42.963333,17.676666
42.967216,17.683609
42.974609,17.688015
42.992775,17.680832
43.016663,17.670555
43.02916,17.664719
43.039444,17.659164
43.054993,17.649719
43.063889,17.643055
43.076942,17.630276
43.102219,17.589443
43.112221,17.571388
43.117775,17.559166
43.179443,17.434719
43.270554,17.309444
43.28083,17.298054
43.296944,17.289719
43.30722,17.285553
43.325272,17.279163
43.332771,17.277222
43.414444,17.256107
43.422775,17.257221
43.428604,17.261944
43.436386,17.270275
43.444443,17.271942
43.448608,17.271111
43.451942,17.269444
43.459717,17.261665
43.46833,17.247776
43.47805,17.223331
43.497772,17.160275
43.506943,17.114998
43.513611,17.098331
43.526382,17.071388
43.531944,17.059719
43.54055,17.046387
43.586105,16.976387
43.603333,16.95583
43.621666,16.937496
43.725555,16.82972
43.826385,16.711941
43.84111,16.707222
43.850555,16.701385
43.85611,16.696663
43.908051,16.650276
43.916382,16.642498
44.013611,16.53722
44.017776,16.52972
44.021942,16.516109
44.023048,16.504719
44.026665,16.463608
44.031944,16.438889
44.036942,16.426666
44.043327,16.415554
44.081665,16.354721
44.09333,16.338886
44.104164,16.32972
44.11805,16.323055
44.122215,16.322498
44.135826,16.316944
44.148605,16.309444
44.157219,16.302219
44.176941,16.280277
44.189438,16.264999
44.196732,16.249294
44.198326,16.238052
44.197495,16.214443
44.195274,16.199165
44.192215,16.172222
44.192772,16.16
44.194443,16.149998
44.196663,16.145554
44.19944,16.143055
44.204163,16.14333
44.313889,16.191944
44.353607,16.198055
44.486107,16.133331
44.498604,16.126389
44.506943,16.119164
44.511383,16.111664
44.530548,16.074165
44.574165,16.033333
44.616943,16.010555
44.693886,15.961666
44.699997,15.956944
44.708611,15.943888
44.710548,15.939444
44.712219,15.92861
44.710274,15.874998
44.711388,15.864166
44.712494,15.858889
44.714439,15.854721
44.776108,15.7675
44.783882,15.759998
44.803604,15.742222
44.812492,15.736944
44.81694,15.736387
44.824165,15.738888
44.829994,15.74361
44.922775,15.769165
45.056389,15.764999
45.073608,15.764721
45.082222,15.765554
45.161942,15.781111
45.171944,15.786665
45.179993,15.794167
45.188049,15.8025
45.195549,15.81111
45.205276,15.823332
45.211937,15.834166
45.222496,15.8825
45.22805,15.924999
45.228607,15.936666
45.21833,16.015274
45.214996,16.023052
45.205826,16.03611
45.130829,16.109444
45.121666,16.116108
45.044441,16.19722
45.034439,16.209721
45.028328,16.220276
45.014999,16.248055
45.008331,16.263885
44.999115,16.291759
45.0009,16.342712
45.003586,16.351208
45.008499,16.357018
45.016548,16.359699
45.042023,16.366402
45.12426,16.417805
45.185829,16.476387
45.209633,16.502277
45.214546,16.508537
45.224442,16.526386
45.226173,16.530437
45.227066,16.541164
45.230194,16.589882
45.230194,16.601952
45.22081,16.629662
45.210274,16.662777
45.204994,16.682777
45.187492,16.812496
45.187492,16.824444
45.190414,16.83839
45.194435,16.845989
45.198456,16.846882
45.202034,16.846436
45.265945,16.913925
45.227219,17.036388
45.212494,17.040276
45.206108,17.04361
45.201385,17.049999
45.188332,17.07111
45.148605,17.177219
45.148048,17.188332
45.14666,17.230553
45.148605,17.240555
45.153053,17.246666
45.176384,17.282497
45.131104,17.48111
45.11805,17.484444
45.111107,17.483887
45.109993,17.494164
45.109512,17.519554
45.108887,17.596386
45.122772,17.689999
45.086662,17.758053
45.05555,17.832775
45.049438,17.851944
45.048332,17.863888
45.050278,17.873608
45.068054,17.912498
45.080276,17.933052
45.104439,18.070274
45.086105,18.110832
45.083328,18.119999
45.082222,18.130276
45.078606,18.166943
45.077774,18.179165
45.081665,18.197498
45.084999,18.205555
45.088882,18.212776
45.095276,18.218052
45.102219,18.217499
45.107773,18.212776
45.114716,18.210278
45.123329,18.211388
45.129715,18.216663
45.135826,18.233055
45.138885,18.251942
45.136665,18.269722
45.108887,18.419167
45.083328,18.634163
44.997215,18.794167
44.989998,18.79583
44.949715,18.800831
44.942215,18.797775
44.938889,18.789997
44.940277,18.780552
44.944443,18.773609
44.945,18.763885
44.938889,18.761108
44.915833,18.768055
44.899719,18.788055
44.894997,18.794167
44.86805,18.834442
44.863609,18.841389
44.860832,18.849998
44.858604,18.861111
44.85305,18.957222
44.853607,18.96833
44.860275,19.02972
44.861382,19.039719
44.901382,19.121109
44.921387,19.168053
44.923607,19.177219
44.923332,19.188053
44.910271,19.299442
44.908607,19.310276
44.88916,19.371387
44.866577,19.381622
44.863052,19.382774
44.769165,19.345833
44.766304,19.344612
44.747215,19.336109
44.70472,19.31361
44.560158,19.193981
44.524864,19.135883
44.521423,19.128136
44.514542,19.123402
44.376663,19.105553
44.355827,19.104443
44.316574,19.127705
44.313889,19.130276
44.28833,19.158054
44.286011,19.161705
44.284439,19.165833
44.265358,19.234867
44.264999,19.239998
44.209412,19.357952
44.120277,19.485832
44.060272,19.596943
44.054909,19.617031
44.052216,19.61972
44.048454,19.620476
44.021767,19.621765
44.018883,19.619442
44.016602,19.616173
43.962379,19.532249
43.958939,19.524502
43.958076,19.514175
43.958885,19.485275
43.960655,19.428532
43.965553,19.374165
43.969162,19.365833
43.974159,19.359722
43.979721,19.355274
43.981743,19.351498
43.996941,19.311108
43.998528,19.30674
44.01445,19.244335
44.01416,19.239441
44.011009,19.237019
44.002831,19.237019
43.962379,19.251221
43.859444,19.366943
43.800278,19.437496
43.772774,19.475277
43.763329,19.487499
43.753609,19.492775
43.740273,19.498333
43.733887,19.500832
43.718887,19.505554
43.700272,19.50972
43.69194,19.510277
43.679718,19.51083
43.588051,19.493889
43.571388,19.480553
43.584442,19.408607
43.544167,19.287498
43.513214,19.228809
43.516388,19.223888
43.52166,19.211666
43.556107,19.011665
43.555832,19.006664
43.512497,18.951664
43.509438,18.949444
43.505272,18.948608
43.496941,18.949718
43.458328,18.95583
43.454437,18.956665
43.452499,18.960278
43.453049,18.976944
43.452499,18.988609
43.449997,18.998608
43.444717,19.011387
43.435555,19.023052
43.429161,19.027496
43.308884,19.093609
43.301666,19.09222
43.262497,19.078888
43.248055,19.07222
43.241386,19.068607
43.238884,19.06583
43.232498,19.054996
43.231026,19.048866
43.239441,19.016666
43.290833,18.956921
43.29361,18.954441
43.300278,18.951942
43.308884,18.954166
43.318924,18.960545
43.326683,18.960293
43.329163,18.957497
43.357216,18.91972
43.358315,18.914238
43.35833,18.908607
43.356384,18.888332
43.354691,18.873325
43.348022,18.83934
43.260277,18.706665
43.255554,18.699997
43.252495,18.697777
43.147217,18.645832
43.13916,18.643887
43.13166,18.644997
43.122215,18.650555
43.115273,18.65361
43.09166,18.657776
43.080276,18.659164
43.071938,18.657776
43.047493,18.651665
43.044167,18.649998
43.041382,18.647221
43.037216,18.640831
43.034439,18.631664
43.02916,18.57972
43.022774,18.552219
43.01722,18.535553
43.012215,18.524441
43.000549,18.508888
42.990273,18.497219
42.971939,18.483887
42.964439,18.480553
42.956383,18.478611
42.833328,18.454441
42.825554,18.455555
42.82222,18.457222
42.766388,18.490833
42.73111,18.515831
42.728607,18.518608
42.724442,18.526386
42.722221,18.535553
42.720833,18.546665
42.719162,18.551388
42.715271,18.558052
42.712219,18.560276
42.70916,18.561665
42.663055,18.576385
42.654999,18.577499
42.643326,18.574444
42.635826,18.570553
42.630554,18.56583
42.619438,18.549999
42.610832,18.536663
42.569443,18.463886
42.565826,18.455555
42.606384,18.411942
42.614441,18.397499
42.626663,18.362499
42.629166,18.346664
42.628883,18.335278
42.619438,18.311665
42.616943,18.302498
42.614441,18.288055
42.615555,18.276943
42.618332,18.268608
42.620277,18.264999
42.64222,18.231941
42.648888,18.221943
42.695,18.160553
42.761383,17.998886
42.768051,17.98222
42.77916,17.959999
42.81916,17.882774
42.823608,17.876663
42.856667,17.8475
42.859718,17.845276
42.870277,17.84111
42.903885,17.797497
42.920273,17.744442
42.926941,17.714996
42.927216,17.698055
42.921661,17.687775
42.918884,17.684444
42.889076,17.649841
---
