10.442221,103.771652
10.447777,103.765266
10.464165,103.753311
10.476387,103.748581
10.5116650000001,103.755814
10.5136110000001,103.757751
10.514999,103.760803
10.5147,103.781952
10.5133319999999,103.7883
10.510277,103.793297
10.4999999999999,103.798859
10.4927750000001,103.799973
10.4672200000001,103.80246
10.4594420000001,103.803017
10.455832,103.80246
10.45083,103.799698
10.4424970000001,103.775253
---
10.719442,103.315262
10.7066649999999,103.315811
10.6980530000001,103.310257
10.6958310000001,103.30748
10.66972,103.269707
10.696386,103.261108
10.709721,103.256378
10.7158320000001,103.253052
10.7188870000001,103.247208
10.7199970000001,103.243042
10.71722,103.226929
10.7177750000001,103.222763
10.720552,103.216377
10.725275,103.211647
10.756388,103.193314
10.7663879999999,103.197479
10.771666,103.202209
10.7772220000001,103.209427
10.7780550000001,103.213318
10.779444,103.245247
10.776665,103.251663
10.7747210000001,103.25444
10.725275,103.31192
10.723053,103.314148
---
11.245552,103.024689
11.2461090000001,103.021637
11.2505550000001,103.005249
11.254444,102.996918
11.2572210000001,102.995506
11.274443,102.986908
11.3866649999999,102.978027
11.398609,102.978027
11.4116650000001,102.981079
11.42222,102.986359
11.4216650000001,103.012482
11.420553,103.015259
11.4127770000001,103.02359
11.403107,103.030457
11.396387,103.034409
11.375553,103.041924
11.3683300000001,103.04274
11.3061080000001,103.048309
11.2952770000001,103.047203
11.2861100000001,103.044418
11.2527770000001,103.033577
11.25,103.032471
11.248053,103.030533
11.2463859999999,103.02803
---
11.424721,103.023857
11.506109,102.995506
11.5169430000001,102.995796
11.5194440000001,102.997467
11.5213870000001,102.999687
11.5250000000001,103.009407
11.5250000000001,103.013603
11.5238880000001,103.016373
11.522221,103.01886
11.5091650000001,103.034126
11.5069429999999,103.035522
11.4761090000001,103.043854
11.4697190000001,103.045517
11.4586090000001,103.046356
11.4480530000001,103.044968
11.4405540000001,103.040527
11.431942,103.032753
---
14.438053,107.483597
14.430832,107.478317
14.4247210000001,107.472214
14.4222200000001,107.46666
14.420553,107.459991
14.4213870000001,107.452477
14.4247210000001,107.447746
14.427221,107.446091
14.4363860000001,107.443039
14.438053,107.440811
14.440275,107.434418
14.4397200000001,107.430817
14.429443,107.416092
14.4202770000001,107.409149
14.3527760000001,107.378036
14.3399980000001,107.37442
14.328331,107.374687
14.3077750000001,107.386658
14.295277,107.389977
14.2833330000001,107.389977
14.2474980000001,107.385818
14.2336080000001,107.383614
14.1719440000001,107.363876
14.157499,107.357483
14.1449990000001,107.349716
14.1308310000001,107.343323
14.124441,107.34166
14.113331,107.34166
14.023054,107.369141
14.0177760000001,107.371918
14.0063880000001,107.380814
14.0027770000001,107.385269
13.931707,107.473495
13.841387,107.470261
13.7943650000001,107.464188
13.5952760000001,107.588593
13.542776,107.62886
13.5333000000001,107.629646
13.381664,107.636383
13.3113369999999,107.606461
13.0205539999999,107.483322
12.955832,107.491928
12.9491649999999,107.493042
12.888887,107.508041
12.8794419999999,107.510818
12.8641640000001,107.519707
12.8230530000001,107.556091
12.816109,107.561371
12.8083320000001,107.565811
12.795832,107.569443
12.603886,107.593048
12.554443,107.595261
12.373608,107.555817
12.356386,107.548866
12.3536090000001,107.547493
12.33861,107.534149
12.260277,107.450272
12.253611,107.440811
12.251944,107.434143
12.252371,107.430527
12.253494,107.423393
12.287777,107.397774
12.3127770000001,107.378311
12.328609,107.361649
12.3319420000001,107.356644
12.3336090000001,107.350273
12.3330540000001,107.346367
12.3227750000001,107.296371
12.3036099999999,107.238586
12.2872200000001,107.189972
12.277777,107.166931
12.26972,107.1586
12.215832,107.110809
12.177776,107.08194
12.1394420000001,107.052757
12.0861090000001,106.981369
12.078886,106.968048
12.0747200000001,106.955833
12.0658319999999,106.924149
12.063887,106.909714
12.064444,106.897774
12.0672210000001,106.856934
12.073462,106.7892
12,106.747101
11.9799980000001,106.734131
11.97583,106.730263
11.9697190000001,106.719971
11.9627760000001,106.698578
11.9613880000001,106.640808
11.9622190000001,106.637756
11.972219,106.631638
11.9741650000001,106.62941
11.9755540000001,106.622467
11.9822200000001,106.447189
11.9819410000001,106.443573
11.973608,106.420242
11.9716639999999,106.418854
11.965351,106.421173
11.8849979999999,106.461357
11.821665,106.450256
11.812777,106.446907
11.7936100000001,106.437737
11.709721,106.448303
11.6658630000001,106.458214
11.676109,106.417191
11.6799980000001,106.323593
11.6777760000001,106.309692
11.6777760000001,106.305527
11.680553,106.300247
11.684443,106.296356
11.703609,106.278847
11.71833,106.269417
11.7227750000001,106.265533
11.726387,106.260803
11.7722210000001,106.086357
11.773888,106.079971
11.777222,106.054688
11.777222,106.046356
11.7763880000001,106.039139
11.7741659999999,106.03331
11.7708319999999,106.028313
11.7641659999999,106.023033
11.75861,106.020523
11.7458310000001,106.017197
11.7266640000001,106.016373
11.7144430000001,106.012192
11.6511100000001,105.97052
11.6447220000001,105.964417
11.6430549999999,105.961906
11.6402760000001,105.948303
11.641943,105.941643
11.6511100000001,105.926643
11.653332,105.924683
11.661388,105.912483
11.665276,105.904419
11.669443,105.891922
11.670553,105.881073
11.6702770000001,105.869133
11.663887,105.85524
11.6599979999999,105.851067
11.617456,105.816437
11.5940130000001,105.819077
11.558609,105.871078
11.553053,105.877747
11.545277,105.881912
11.5388869999999,105.883873
11.445276,105.900528
11.4383320000001,105.901642
11.428886,105.899139
11.364164,105.883034
11.30722,105.871078
11.296944,105.86969
11.291388,105.871902
11.220276,105.929962
11.2024969999999,105.948578
11.0838870000001,106.104424
11.0816649999999,106.123581
11.0841639999999,106.125237
11.087776,106.129677
11.089165,106.132187
11.0938870000001,106.151917
11.0938870000001,106.159126
11.0677760000001,106.181351
11.0530529999999,106.190804
11.0469440000001,106.192734
10.9755540000001,106.214417
10.972775,106.213028
10.970831,106.21109
10.970087,106.20903
10.9749980000001,106.18663
10.9777760000001,106.165802
10.976942,106.15802
10.9744420000001,106.152763
10.9694420000001,106.149406
10.9627760000001,106.148033
10.9233320000001,106.145523
10.9155540000001,106.145813
10.870552,106.176643
10.7705540000001,106.203308
10.802776,106.082199
10.8824980000001,105.959976
10.9166660000001,105.858307
11.019165,105.783577
11.022776,105.779137
11.0208320000001,105.7547
11.017776,105.737473
11.0141660000001,105.724983
11.0119439999999,105.719131
11.0063880000001,105.708588
10.9958310000001,105.694687
10.9911080000001,105.68718
10.969997,105.635529
10.959713,105.588531
10.953053,105.554688
10.94722,105.527763
10.9457659999999,105.524292
10.966665,105.43663
10.9669420000001,105.432739
10.9647200000001,105.427193
10.903887,105.374969
10.897221,105.369423
10.8897210000001,105.364967
10.871664,105.358856
10.8755530000001,105.300247
10.8897210000001,105.233856
10.899443,105.206093
10.906118,105.191742
10.9555530000001,105.109131
10.9555530000001,105.101913
10.953053,105.096077
10.9202770000001,105.061081
10.9069390000001,105.049957
10.901388,105.043579
10.8938880000001,105.039139
10.883888,105.037193
10.8799970000001,105.037193
10.8736080000001,105.038567
10.843887,105.049133
10.823608,105.061081
10.750832,105.091919
10.74222,105.09552
10.726387,105.099701
10.7222190000001,105.099701
10.7158320000001,105.098022
10.7111090000001,105.094704
10.707499,105.090263
10.6972200000001,105.068314
10.68972,105.051643
10.656387,104.987747
10.6505550000001,104.977463
10.638332,104.961357
10.6241650000001,104.947456
10.611942,104.939133
10.5936090000001,104.929688
10.5769420000001,104.918297
10.548332,104.898323
10.5399990000001,104.890533
10.534443,104.883873
10.526388,104.871902
10.521944,104.856079
10.520832,104.844971
10.519999,104.801071
10.521944,104.770523
10.5250000000001,104.733032
10.5284820000001,104.715469
10.5311850000001,104.701683
10.536386,104.675247
10.537498,104.664413
10.534164,104.598587
10.533333,104.595253
10.5316660000001,104.592743
10.5088880000001,104.571373
10.4947200000001,104.561081
10.4752750000001,104.55275
10.4688869999999,104.551071
10.4583320000001,104.545242
10.4227750000001,104.487747
10.4227389999999,104.445328
10.4927750000001,104.346077
10.5433310000001,104.276367
10.565275,104.253311
10.566666,104.250809
10.567497,104.247742
10.5616650000001,104.163857
10.5577750000001,104.127747
10.547499,104.097473
10.548054,104.089973
10.5594430000001,104.032471
10.5669420000001,104.004967
10.586109,103.935242
10.5902750000001,103.92691
10.5499990000001,103.830544
10.5408330000001,103.823593
10.53133,103.804695
10.531957,103.758553
10.4963860000001,103.738022
10.495552,103.734703
10.4869420000001,103.646942
10.487497,103.63916
10.490831,103.630539
10.495552,103.623306
10.604443,103.521652
10.6380540000001,103.516083
10.7088870000001,103.553848
10.7155530000001,103.559402
10.7199970000001,103.5672
10.7311099999999,103.588303
10.7405660000001,103.684387
10.7533320000001,103.668579
10.757221,103.664413
10.760555,103.663017
10.7966650000001,103.674133
10.804443,103.678574
10.808609,103.682739
10.81111,103.688293
10.8122200000001,103.695236
10.8174969999999,103.70636
10.8288860000001,103.715263
10.8444420000001,103.719421
10.866108,103.721909
10.8874989999999,103.719421
10.912498,103.711906
11.0277770000001,103.666641
11.149443,103.563858
11.1552770000001,103.557739
11.1569420000001,103.555237
11.159721,103.545807
11.1605549999999,103.515259
11.157499,103.504967
11.1319409999999,103.4758
11.095831,103.451637
11.019165,103.434128
10.943888,103.411636
10.8847220000001,103.348862
10.864719,103.176651
10.8663859999999,103.170258
10.874165,103.149719
10.883053,103.1297
10.9249990000001,103.098038
10.930553,103.095543
10.9377770000001,103.094704
10.9444430000001,103.09581
10.953053,103.099411
10.9669420000001,103.109413
11.1119420000001,103.116913
11.146666,103.115517
11.1586090000001,103.111359
11.1991649999999,103.095253
11.209997,103.089973
11.3486080000001,103.101357
11.4424970000001,103.07637
11.5419430000001,103.028847
11.528887,102.978302
11.5291650000001,102.974693
11.529999,102.971359
11.534164,102.967468
11.543055,102.959976
11.5480539999999,102.957199
11.5513880000001,102.95636
11.564582,102.971825
11.574039,102.981071
11.5901589999999,102.98494
11.6174550000001,102.983864
11.636585,102.969681
11.669443,102.964142
11.675276,102.966637
11.700275,102.986076
11.704165,102.98996
11.707499,102.994957
11.7199970000001,103.018044
11.720739,103.021713
11.719208,103.026108
11.702185,103.064003
11.7052760000001,103.070534
11.7102760000001,103.078033
11.7202760000001,103.083862
11.723886,103.084412
11.726387,103.082748
11.728886,103.0233
11.7261090000001,103.005814
11.724165,102.99913
11.7223870000001,102.99585
11.710831,102.980263
11.709442,102.977753
11.710554,102.975517
11.7329040000001,102.969658
11.7565290000001,102.957405
11.7960000000001,102.915802
11.8002760000001,102.915527
11.806387,102.9133
11.828331,102.898323
11.82972,102.895813
11.828054,102.893044
11.824999,102.891922
11.818054,102.893044
11.787411,102.906937
11.7699989999999,102.929962
11.7558330000001,102.948303
11.7399980000001,102.956627
11.7211090000001,102.96608
11.7180540000001,102.966919
11.682151,102.959145
11.6597980000001,102.956352
11.6421740000001,102.960648
11.5991650000001,102.967743
11.5877760000001,102.964691
11.5733319999999,102.959137
11.570831,102.957474
11.569719,102.954422
11.5888860000001,102.93718
11.593887,102.934128
11.6358510000001,102.916092
11.6413880000001,102.921913
11.650831,102.924683
11.6544440000001,102.924973
11.6619430000001,102.924683
11.739164,102.916924
11.7522220000001,102.913857
11.763611,102.908859
11.7719440000001,102.904968
11.778879,102.898422
11.786943,102.886917
11.8288860000001,102.852753
11.835831,102.847473
11.8472189999999,102.842743
12.1536100000001,102.720543
12.165554,102.716377
12.1730540000001,102.716087
12.195553,102.717209
12.363052,102.741364
12.371109,102.745247
12.3802759999999,102.752213
12.4158520000001,102.787781
12.451942,102.779427
12.601109,102.636108
12.604719,102.631363
12.6408329999999,102.578323
12.6438880000001,102.573318
12.6472210000001,102.564423
12.6497210000001,102.538307
12.655832,102.524147
12.660555,102.516937
12.664999,102.512207
12.6722200000001,102.507217
12.6808320000001,102.503883
12.6908320000001,102.501389
12.698053,102.501938
12.73472,102.50499
12.739164,102.508614
12.7507950000001,102.521652
12.7566660000001,102.523613
12.784998,102.531097
12.798054,102.534149
12.8052770000001,102.534988
12.9766640000001,102.492477
13.1169410000001,102.417213
13.1547200000001,102.398331
13.1686100000001,102.391937
13.2716660000001,102.347763
13.277498,102.345543
13.288887,102.346367
13.2989749999999,102.350098
13.3066650000001,102.352768
13.3138870000001,102.353317
13.3791640000001,102.356087
13.4930529999999,102.359711
13.500832,102.359993
13.573887,102.377197
13.5686089999999,102.396652
13.5622200000001,102.439423
13.5619429999999,102.46582
13.5677759999999,102.527206
13.569164,102.538307
13.5708310000001,102.544983
13.5744420000001,102.553589
13.580553,102.563873
13.6055529999999,102.600273
13.6247200000001,102.597763
13.6372200000001,102.578049
13.6441650000001,102.568329
13.6500000000001,102.562187
13.6552770000001,102.559143
13.6702770000001,102.558029
13.678886,102.561653
13.6852760000001,102.56749
13.690275,102.574997
13.716942,102.629433
13.758888,102.714996
13.7619440000001,102.719994
13.765833,102.724426
13.7733330000001,102.728867
13.843609,102.759987
13.858053,102.765549
13.8886110000001,102.775543
13.9174980000001,102.782494
13.929443,102.786926
13.936943,102.791656
13.9458310000001,102.798866
13.955553,102.809418
13.993053,102.858032
14.036665,102.902481
14.141943,102.939423
14.1494430000001,102.939972
14.1686120000001,102.935387
14.1727750000001,102.935532
14.17861,102.937477
14.1913870000001,102.945251
14.204998,102.959991
14.2077750000001,102.965553
14.2091639999999,102.976646
14.2133309999999,102.993042
14.221943,103.013321
14.227776,103.024147
14.23111,103.02887
14.2381530000001,103.036331
14.264999,103.056091
14.2713870000001,103.061653
14.276665,103.068604
14.2911300000001,103.094643
14.3172210000001,103.143883
14.32972,103.180542
14.3313870000001,103.187187
14.3352870000001,103.244263
14.351109,103.268051
14.3558310000001,103.279709
14.358887,103.311653
14.3586079999999,103.326103
14.358053,103.337769
14.3574980000001,103.361366
14.35722,103.376923
14.3574980000001,103.388893
14.371664,103.466927
14.3755530000001,103.47554
14.3966659999999,103.507767
14.4022220000001,103.5186
14.420553,103.556641
14.4255540000001,103.572487
14.4477770000001,103.659149
14.443888,103.688309
14.4430540000001,103.69165
14.4399990000001,103.695824
14.427221,103.699142
14.3902760000001,103.722763
14.3391650000001,103.922211
14.3444420000001,104.029984
14.3458310000001,104.033051
14.350554,104.040543
14.354469,104.044998
14.3594420000001,104.056091
14.3836100000001,104.118591
14.3855550000001,104.12886
14.4088880000001,104.278587
14.4066659999999,104.288589
14.3766630000001,104.423027
14.366161,104.458557
14.3594420000001,104.467209
14.3569410000001,104.473038
14.3561080000001,104.480553
14.3627760000001,104.55304
14.3652739999999,104.575546
14.36722,104.581673
14.3724980000001,104.588882
14.3938879999999,104.600273
14.4038870000001,104.610527
14.4288860000001,104.642761
14.430277,104.645538
14.448332,104.805542
14.446943,104.812477
14.419443,104.889709
14.4012410000001,104.918289
14.393332,104.970833
14.3886110000001,104.990807
14.384998,104.99942
14.3833330000001,105.001938
14.3788850000001,105.005829
14.3724980000001,105.007492
14.3688869999999,105.006943
14.346386,105.001389
14.3255540000001,104.995529
14.3091640000001,105.001389
14.2888869999999,105.00943
14.2477759999999,105.033051
14.2424960000001,105.036102
14.236385,105.042213
14.2272210000001,105.053307
14.21833,105.069443
14.217497,105.076927
14.21833,105.084427
14.221664,105.097763
14.230831,105.121368
14.241108,105.139709
14.246386,105.146652
14.256109,105.15332
14.3024980000001,105.164703
14.342775,105.17804
14.344997,105.179703
14.348331,105.184708
14.352221,105.197197
14.352221,105.200981
14.3496480000001,105.210602
14.294998,105.208328
14.290833,105.208328
14.2844430000001,105.209991
14.182775,105.27916
14.1780549999999,105.282761
14.1761090000001,105.284988
14.1094420000001,105.364151
14.1061080000001,105.373306
14.105276,105.380814
14.115274,105.439697
14.1344429999999,105.494713
14.1358320000001,105.497208
14.1683250000001,105.559128
14.1109290000001,105.733261
14.0830540000001,105.781097
14.081387,105.7836
14.078886,105.785263
14.061943,105.788307
14.0394420000001,105.789978
14.026388,105.796944
14.0169430000001,105.808029
13.9505540000001,105.888603
13.9328420000001,105.910278
13.926664,105.947197
13.929998,106.056641
13.9458310000001,106.111099
14.044722,106.171921
14.0533310000001,106.175262
14.0647200000001,106.175537
14.0716650000001,106.174149
14.0772210000001,106.171654
14.0855539999999,106.163597
14.135277,106.119431
14.2247200000001,106.041656
14.2372190000001,106.033867
14.2427750000001,106.031372
14.327221,105.997757
14.336109,105.994713
14.347219,105.993874
14.361387,105.996094
14.36722,105.998032
14.369719,105.99971
14.373053,106.004707
14.3813860000001,106.097763
14.3813860000001,106.101929
14.378609,106.138321
14.37833,106.141937
14.3722189999999,106.156647
14.3641640000001,106.168869
14.3633310000001,106.172211
14.3636090000001,106.180267
14.3769420000001,106.216377
14.3802760000001,106.221367
14.3847220000001,106.224991
14.4122200000001,106.238876
14.414999,106.239967
14.4463860000001,106.246933
14.4499990000001,106.247482
14.469164,106.246643
14.480276,106.247482
14.490553,106.24971
14.4933300000001,106.251099
14.4944420000001,106.253883
14.4944420000001,106.256378
14.481366,106.290283
14.461943,106.303307
14.457499,106.307213
14.4522210000001,106.314148
14.444721,106.3311
14.4533310000001,106.399147
14.456387,106.408333
14.4580540000001,106.410812
14.4644430000001,106.416656
14.4855540000001,106.432213
14.5080550000001,106.431374
14.559164,106.469147
14.56361,106.473038
14.566942,106.478043
14.595831,106.522491
14.5989060000001,106.531693
14.5987240000001,106.540741
14.5961090000001,106.543053
14.509443,106.600807
14.4669420000001,106.627762
14.464998,106.629967
14.4349980000001,106.703323
14.4094200000001,106.752617
14.3888870000001,106.765266
14.346109,106.798317
14.3358310000001,106.808594
14.3047200000001,106.846939
14.303053,106.853592
14.402498,107.115807
14.4052770000001,107.121094
14.4388870000001,107.169144
14.497219,107.234154
14.5311110000001,107.253601
14.5952760000001,107.347488
14.639999,107.473038
14.708618,107.5466
14.703331,107.552757
14.700275,107.553864
14.6627770000001,107.558594
14.651388,107.558319
14.556942,107.535538
14.55361,107.534714
14.5449980000001,107.531372
14.4822199999999,107.50444
14.4486079999999,107.489151
---
