14.81111,-24.390003
14.8147220000001,-24.414448
14.8180540000001,-24.426113
14.8272210000001,-24.4450039999999
14.83,-24.4491689999999
14.851387,-24.4769479999999
14.870832,-24.499168
14.8816660000001,-24.509167
14.885832,-24.511948
14.915554,-24.523613
14.92111,-24.52528
14.927221,-24.524445
14.931944,-24.5222239999999
14.9736100000001,-24.501392
14.9816670000001,-24.495556
14.991943,-24.485001
15.0136110000001,-24.445557
15.0455549999999,-24.386391
15.047499,-24.381668
15.0461100000001,-24.375835
15.029999,-24.3297229999999
15.0113890000001,-24.313614
14.9838890000001,-24.30389
14.979721,-24.302502
14.9275000000001,-24.295834
14.884443,-24.295559
14.8705540000001,-24.295559
14.8602770000001,-24.299446
14.839998,-24.319447
14.8249990000001,-24.339447
14.81361,-24.3627819999999
14.812222,-24.368336
---
14.9780540000001,-23.448612
14.9783330000001,-23.4547229999999
14.8961110000001,-23.525837
14.9136100000001,-23.633335
14.9249990000001,-23.663059
14.935555,-23.681393
14.9424990000001,-23.688614
14.9772210000001,-23.723335
15.028889,-23.765278
15.033054,-23.7683329999999
15.061943,-23.7877809999999
15.0661110000001,-23.7905579999999
15.0716650000001,-23.7919459999999
15.0847210000001,-23.792503
15.253054,-23.76667
15.294998,-23.695004
15.243889,-23.665836
15.184166,-23.60667
15.177221,-23.5997239999999
15.1577760000001,-23.576668
15.11611,-23.512501
15.033054,-23.459446
15.006109,-23.4447249999999
14.9827770000001,-23.4466669999999
---
15.9780540000001,-22.800556
15.9805550000001,-22.876114
16.0172200000001,-22.948334
16.019997,-22.9525029999999
16.0236090000001,-22.956112
16.027775,-22.958614
16.044998,-22.9622229999999
16.089443,-22.957779
16.094997,-22.9563899999999
16.1608310000001,-22.9119449999999
16.206108,-22.871948
16.2352750000001,-22.7986149999999
16.2277760000001,-22.764446
16.214165,-22.7238919999999
16.207222,-22.716667
16.203053,-22.714169
16.136108,-22.674446
16.0980530000001,-22.665836
16.091942,-22.666389
16.059998,-22.680557
16.0558320000001,-22.683613
16.0363879999999,-22.706112
---
16.5769419999999,-24.023613
16.5700000000001,-24.023613
16.565277,-24.025837
16.561386,-24.028893
16.5566640000001,-24.036667
16.5552750000001,-24.041115
16.554722,-24.047501
16.554443,-24.0952799999999
16.554443,-24.1011119999999
16.5572200000001,-24.119724
16.559444,-24.131947
16.5649989999999,-24.140278
16.568607,-24.14389
16.578888,-24.161667
16.5932750000001,-24.212278
16.5939430000001,-24.233446
16.593109,-24.236946
16.589996,-24.268059
16.583332,-24.273891
16.558052,-24.2905579999999
16.536942,-24.304169
16.5238879999999,-24.309448
16.508888,-24.315281
16.497776,-24.3183359999999
16.482777,-24.3213919999999
16.598053,-24.4088899999999
16.6147189999999,-24.4275019999999
16.6213870000001,-24.4316669999999
16.644165,-24.432224
16.6494410000001,-24.430557
16.6536100000001,-24.428059
16.6619420000001,-24.420002
16.6833310000001,-24.35667
16.684719,-24.352501
16.6694410000001,-24.3324999999999
16.6404989999999,-24.206335
16.6263890000001,-24.116669
16.6208310000001,-24.0938909999999
16.5941660000001,-24.034168
---
16.77972,-24.993336
16.8088870000001,-25.065002
16.811108,-25.069725
16.825554,-25.091946
16.83083,-25.093334
16.8363880000001,-25.091946
16.856388,-25.0838889999999
16.8602750000001,-25.081112
16.8788870000001,-25.0644449999999
16.8822210000001,-25.060837
16.9180529999999,-24.976948
16.9213869999999,-24.933056
16.9199980000001,-24.9275019999999
16.917221,-24.923058
16.913887,-24.919724
16.8580550000001,-24.877781
16.831944,-24.876114
16.8249970000001,-24.876392
16.819721,-24.878056
16.815552,-24.885002
16.8113859999999,-24.895
16.7999990000001,-24.926113
---
16.91333,-25.295834
16.9147189999999,-25.301392
16.92083,-25.309448
16.924999,-25.312225
17.0444410000001,-25.360558
17.05611,-25.360001
17.070553,-25.353336
17.0786090000001,-25.3477779999999
17.0936090000001,-25.334446
17.096386,-25.33028
17.159164,-25.2050019999999
17.186943,-25.1341669999999
17.1930540000001,-25.097504
17.191666,-25.091667
17.1769410000001,-25.036667
17.174164,-25.032223
17.112778,-24.9744449999999
17.108055,-24.972504
17.101109,-24.972504
17.0855520000001,-24.977501
17.080555,-24.9797249999999
17.059444,-24.993336
17.052776,-25.000557
17.0261080000001,-25.051392
17.003052,-25.099167
16.99472,-25.111946
16.958611,-25.153057
16.94083,-25.1630589999999
16.9313890000001,-25.167503
16.925278,-25.175282
16.921665,-25.186111
16.9169430000001,-25.2025029999999
16.9158330000001,-25.2083359999999
16.91333,-25.2813909999999
---
