19.3027760000001,-81.1055599999999
19.2652740000001,-81.260284
19.264721,-81.266953
19.264721,-81.384171
19.264721,-81.390015
19.267498,-81.39418
19.2719420000001,-81.397232
19.2822190000001,-81.400558
19.2883299999999,-81.401123
19.307777,-81.400558
19.313053,-81.39917
19.3261110000001,-81.395004
19.3091659999999,-81.3719479999999
19.306942,-81.367233
19.3038860000001,-81.35556
19.3041650000001,-81.341675
19.306389,-81.316956
19.307777,-81.3111109999999
19.312222,-81.301392
19.325554,-81.272507
19.3294409999999,-81.2694549999999
19.34333,-81.275284
19.3538859999999,-81.254456
19.354164,-81.150009
19.353333,-81.115005
19.352497,-81.108337
19.3475,-81.099167
19.34333,-81.0961149999999
19.3327750000001,-81.093063
19.3191640000001,-81.093338
19.3136099999999,-81.095001
19.3088870000001,-81.0972289999999
---
19.6536100000001,-80.103897
19.6552770000001,-80.109726
19.6622199999999,-80.111679
19.6675,-80.110001
19.671665,-80.1069489999999
19.6950000000001,-80.080566
19.6974979999999,-80.0758359999999
19.7113880000001,-79.9908449999999
19.711666,-79.9769589999999
19.7102780000001,-79.97084
19.707222,-79.966675
19.703053,-79.965286
19.6997180000001,-79.9691769999999
19.6977769999999,-79.974457
19.654163,-80.097504
---
19.685276,-79.878891
19.686108,-79.8855589999999
19.6891630000001,-79.890564
19.6933329999999,-79.893341
19.6966629999999,-79.8897249999999
19.761665,-79.769455
19.7622180000001,-79.7630619999999
19.760555,-79.756958
19.7544440000001,-79.741119
19.7522200000001,-79.7361149999999
19.748608,-79.732788
19.74472,-79.732788
19.741386,-79.736679
19.7294430000001,-79.7530669999999
19.7188870000001,-79.771118
19.7133330000001,-79.7866669999999
19.686943,-79.866394
---
