2.40611100000007,-78.549179
2.40666600000003,-78.553619
2.41222199999999,-78.555283
2.41833300000008,-78.554459
2.433333,-78.550293
2.4325,-78.5441739999999
2.42638899999997,-78.543335
2.41611100000006,-78.545288
---
2.49944399999998,-78.125565
2.49999999999994,-78.1316679999999
2.50222200000013,-78.136398
2.57499999999999,-78.214172
2.57777700000003,-78.2155609999999
2.58999999999992,-78.2155609999999
2.6022220000001,-78.214172
2.60777800000005,-78.212784
2.61249999999995,-78.2105559999999
2.62083300000006,-78.205002
2.63777700000009,-78.193344
2.64055500000006,-78.1891779999999
2.64666700000004,-78.1611179999999
2.64861099999996,-78.149445
2.64777799999996,-78.136398
2.64583299999998,-78.1316679999999
2.643055,-78.127792
2.59833300000003,-78.106674
2.59361100000012,-78.1044459999999
2.58888899999999,-78.102509
2.58416699999992,-78.1005709999999
2.53944400000006,-78.091675
2.53333300000014,-78.092514
2.52777800000007,-78.093903
2.523889,-78.09668
2.50333300000005,-78.1172329999999
2.50083299999994,-78.121399
---
2.53916600000014,-77.996674
2.54111099999994,-78.008347
2.54388899999992,-78.012512
2.56999999999999,-78.046402
2.58305500000012,-78.045563
2.63305500000001,-78.0200039999999
2.64666700000004,-77.999451
2.64999999999998,-77.989182
2.65194400000007,-77.977509
2.64916699999998,-77.966675
2.646389,-77.962509
2.64027699999997,-77.9550019999999
2.63250000000011,-77.948898
2.62777800000003,-77.9483339999999
2.55722200000002,-77.960281
2.55388900000008,-77.9636229999999
2.54250000000013,-77.986389
---
2.57333300000005,-77.862793
2.57750000000004,-77.872513
2.58694400000002,-77.883347
2.64805600000005,-77.912506
2.65361100000013,-77.913895
2.68166600000006,-77.9200129999999
2.68722200000008,-77.921112
2.69388900000013,-77.921112
2.69611099999997,-77.916397
2.69749999999993,-77.910843
2.69722200000001,-77.905563
2.69472200000013,-77.9013979999999
2.68777800000004,-77.890289
2.68500000000006,-77.886124
2.65123800000009,-77.8585889999999
2.61824200000007,-77.841042
2.59972199999999,-77.793625
2.59277800000012,-77.786957
2.58805500000011,-77.7861179999999
2.58111100000002,-77.7930599999999
2.57916600000004,-77.797791
2.57833300000004,-77.803894
2.57333300000005,-77.857513
---
2.58916699999992,-77.774445
2.63388900000007,-77.8325039999999
2.64027699999997,-77.839737
2.65944400000012,-77.855011
2.69027799999998,-77.8786159999999
2.69861100000003,-77.884171
2.7041660000001,-77.885559
2.71722199999999,-77.8847349999999
2.71972200000005,-77.8805689999999
2.72055500000005,-77.875839
2.71750000000009,-77.8483429999999
2.707222,-77.8313899999999
2.70388800000001,-77.827789
2.61500000000007,-77.749725
2.61027799999999,-77.747513
2.606111,-77.750565
2.59944400000006,-77.757233
2.59138900000011,-77.76973
---
3.06055499999997,-77.608063
3.06555499999996,-77.638901
3.06694399999998,-77.6441799999999
3.07305500000007,-77.658615
3.07583300000005,-77.662781
3.08277800000002,-77.656113
3.09166600000003,-77.6441799999999
3.13388900000001,-77.5986179999999
3.1597220000001,-77.576675
3.17194400000011,-77.568344
3.20527700000008,-77.5400089999999
3.20805500000012,-77.5358429999999
3.20944400000008,-77.530563
3.2066660000001,-77.526398
3.2016660000001,-77.52417
3.19638900000012,-77.52417
3.13611099999997,-77.5289
3.13138900000007,-77.530838
3.08361100000002,-77.555847
3.07194399999997,-77.5650019999999
3.06916700000005,-77.568893
---
4.05916599999995,-77.460556
4.06055500000014,-77.464737
4.12194399999999,-77.506958
4.15416599999992,-77.5280609999999
4.16249900000003,-77.53334
4.16722199999998,-77.535568
4.17361099999999,-77.536118
4.17750000000007,-77.535004
4.18110999999993,-77.531403
4.18222100000003,-77.527237
4.20194399999997,-77.4989009999999
4.20416599999999,-77.494171
4.20277699999997,-77.488892
4.19444400000009,-77.476395
4.17166599999996,-77.4508359999999
4.16750000000008,-77.4483339999999
4.15583300000003,-77.446396
4.10027699999995,-77.441956
4.09333300000009,-77.441956
4.0783330000001,-77.445282
4.0741660000001,-77.4483339999999
---
4.193333,-77.547226
4.19694400000003,-77.550568
4.20111099999997,-77.553345
4.23249900000002,-77.53862
4.32999999999998,-77.435013
4.33333300000004,-77.431396
4.33472200000006,-77.426117
4.33388799999994,-77.4197239999999
4.32972099999995,-77.4102779999999
4.32222300000007,-77.399445
4.312499,-77.381393
4.30972200000008,-77.377228
4.3069440000001,-77.3733369999999
4.26297,-77.356209
4.25166599999994,-77.3197329999999
4.23944399999999,-77.333069
4.209677,-77.500183
4.193333,-77.54306
---
12.44611,-71.528625
12.34861,-71.280289
12.3436110000001,-71.271118
12.3216650000001,-71.243057
12.304165,-71.222229
12.2999990000001,-71.2194519999999
12.1011099999999,-71.115845
12.0961090000001,-71.113892
12.0852780000001,-71.111389
12.0658319999999,-71.110291
12.048887,-71.114182
12.0244430000001,-71.124451
12.010277,-71.138062
11.9908330000001,-71.161118
11.98361,-71.174454
11.981667,-71.179459
11.951387,-71.2319489999999
11.9186099999999,-71.282501
11.8652760000001,-71.3194579999999
11.8530540000001,-71.324722
11.812777,-71.4033359999999
11.795555,-71.468063
11.7555540000001,-71.6264039999999
11.721943,-71.72168
11.7008320000001,-71.76973
11.6675,-71.959732
11.664999,-71.977234
11.4955080000001,-72.0727229999999
11.25,-72.209351
11.163055,-72.310287
11.165833,-72.321671
11.1661110000001,-72.328339
11.1649990000001,-72.341125
11.161943,-72.358612
11.136944,-72.4675139999999
11.1325,-72.476669
11.124443,-72.489456
11.121111,-72.493057
11.0319440000001,-72.540009
10.8963870000001,-72.633621
10.7705549999999,-72.704727
10.5905550000001,-72.810013
10.5544430000001,-72.83667
10.451944,-72.900558
10.4424990000001,-72.905014
10.4313890000001,-72.908066
10.4266890000001,-72.908539
10.350555,-72.915009
10.1216659999999,-72.936951
10.1152760000001,-72.9380649999999
10.107222,-72.943619
10.0897219999999,-72.953613
10.0744440000001,-72.9594569999999
10.001944,-72.9775089999999
9.91416500000008,-72.987228
9.90111000000013,-72.9869539999999
9.89027600000009,-72.984451
9.7683320000001,-73.0047299999999
9.60944400000011,-73.08168
9.56138800000014,-73.117508
9.41416500000003,-73.24057
9.40277700000013,-73.249725
9.22583200000003,-73.363892
9.17138900000003,-73.378067
9.16638799999998,-73.345566
9.17083200000013,-73.225006
9.17138900000003,-73.218903
9.19194400000009,-73.170288
9.19444300000009,-73.166397
9.20472099999995,-73.155563
9.21749899999992,-73.147781
9.22250000000003,-73.145569
9.2263870000001,-73.1425019999999
9.22916600000002,-73.1383359999999
9.30055399999992,-73.016113
9.30444299999999,-73.006393
9.30250000000001,-73.0014039999999
9.26083200000011,-72.981125
9.20416600000004,-72.958618
9.19805500000001,-72.958069
9.18555500000008,-72.959732
9.17055499999998,-72.965286
9.11916500000001,-72.885559
9.08027600000003,-72.779724
8.91722100000004,-72.736954
8.64110900000014,-72.6644589999999
8.39222100000001,-72.431396
8.38722000000013,-72.414734
8.3859230000001,-72.405334
8.38277599999992,-72.398895
8.37583200000006,-72.392227
8.36305400000009,-72.3841709999999
8.33694300000002,-72.376114
8.15194300000013,-72.33667
8.09555400000005,-72.3252869999999
8.0824990000001,-72.324722
8.06999999999994,-72.326401
8.05361000000011,-72.330841
8.04944399999999,-72.3336179999999
8.04499800000002,-72.342789
8.04583200000008,-72.349167
8.05055399999998,-72.357788
8.05110900000011,-72.3775019999999
8.05055399999998,-72.383896
8.04666500000008,-72.393616
8.041943,-72.402512
7.92055500000004,-72.459732
7.66305499999999,-72.4733429999999
7.64944400000002,-72.473618
7.50916600000011,-72.474731
7.50305500000002,-72.474457
7.49194399999999,-72.4716799999999
7.48777800000005,-72.468903
7.42722099999992,-72.426392
7.41388800000004,-72.412231
7.40833299999997,-72.404175
7.40611100000001,-72.39917
7.40642500000001,-72.397766
7.39305500000012,-72.3238979999999
7.38916600000005,-72.265564
7.38972200000001,-72.259445
7.32527700000009,-72.1547239999999
7.29250000000008,-72.16362
7.2863880000001,-72.1644589999999
7.26555499999995,-72.164734
7.25944400000009,-72.1644589999999
7.19860999999992,-72.145279
7.17777699999999,-72.135284
7.1688880000001,-72.1305689999999
7.1383330000001,-72.113342
7.10361100000006,-72.092514
7.06241499999999,-72.0661009999999
7.06215000000009,-72.053802
7.01888800000012,-71.9999999999999
7.01472200000001,-71.99057
7.01249999999999,-71.978897
7.00974200000007,-71.926804
6.98944399999999,-71.890839
6.98611100000005,-71.880569
6.985277,-71.868057
6.98722199999997,-71.832779
6.99194400000005,-71.8108369999999
7.00222200000013,-71.807236
7.00916600000005,-71.800293
7.04638900000003,-71.70195
7.06055500000008,-71.651123
7.06055500000008,-71.63945
7.05972200000008,-71.6069489999999
7.05610999999999,-71.59584
7.04499900000013,-71.5530699999999
7.02888899999999,-71.488068
7.02333299999998,-71.4638979999999
7.02277800000007,-71.339447
7.02194400000002,-71.325562
6.99416600000006,-71.272507
6.98777799999999,-71.2655639999999
6.98388900000009,-71.255844
6.96277700000013,-71.186676
6.96416700000003,-71.1758419999999
6.984444,-71.025009
6.99277700000005,-71.00528
7.00833300000005,-70.97084
7.03749900000003,-70.917236
7.04277700000011,-70.90889
7.05055499999992,-70.9025119999999
7.0619440000001,-70.904175
7.06972200000007,-70.8983459999999
7.07499999999993,-70.8900149999999
7.07777700000003,-70.878891
7.08250000000004,-70.857513
7.08750000000003,-70.8194579999999
7.0980550000001,-70.719727
7.05833200000001,-70.552505
7.01110999999992,-70.441681
6.98305499999998,-70.386124
6.96388800000005,-70.36084
6.95249900000005,-70.343903
6.94500000000011,-70.3236239999999
6.939166,-70.3008419999999
6.93777800000009,-70.28862
6.93972200000002,-70.276672
6.94249900000011,-70.2655639999999
6.94638800000001,-70.2566679999999
6.95416599999999,-70.25029
6.96083300000004,-70.243347
6.97305500000004,-70.227234
6.97499900000008,-70.2164
6.982778,-70.164459
6.98222199999998,-70.152512
6.97583300000002,-70.1191709999999
6.48666600000007,-69.724731
6.11860999999999,-69.429459
6.13083300000005,-69.404175
6.143888,-69.376114
6.14777799999996,-69.366394
6.15361000000007,-69.325012
6.14916600000009,-69.3155669999999
6.14583299999998,-69.311951
6.12694399999992,-69.303345
6.11860999999999,-69.298065
6.09388800000011,-69.2747339999999
6.08805499999994,-69.266678
6.08388799999994,-69.2569579999999
6.08138800000006,-69.2452849999999
6.08277700000008,-69.2397309999999
6.08833300000003,-69.225006
6.09611000000012,-69.2047269999999
6.09999900000003,-69.195007
6.102777,-69.1905669999999
6.13361100000003,-69.159729
6.14083299999999,-69.153061
6.14499999999998,-69.150284
6.17916600000001,-69.1155699999999
6.19916599999993,-69.094177
6.20694400000014,-69.08168
6.21611000000001,-69.056396
6.21527800000007,-69.0289
6.21444400000001,-69.022781
6.18638799999997,-68.827789
6.16944400000011,-68.753616
6.16166600000014,-68.7213899999999
6.16000000000014,-68.716125
6.15499999999997,-68.7069549999999
6.15138800000005,-68.703613
6.143055,-68.691681
6.1399990000001,-68.680557
6.13499900000011,-68.650284
6.13416600000011,-68.6441799999999
6.13388800000001,-68.637222
6.13888800000001,-68.621948
6.16444400000012,-68.550003
6.18638799999997,-68.4769589999999
6.19055499999996,-68.453903
6.19277800000003,-68.428894
6.19083300000005,-68.4097289999999
6.18166600000006,-68.382782
6.17777699999999,-68.3658449999999
6.16916700000013,-68.3252869999999
6.16694400000006,-68.313614
6.17583300000013,-68.295288
6.19888900000012,-68.2297359999999
6.21083300000004,-68.1941679999999
6.2222210000001,-68.158066
6.22333199999997,-68.152237
6.22361100000001,-68.1322329999999
6.22194400000006,-68.106674
6.22111000000001,-68.100571
6.21333300000009,-68.066116
6.20555500000012,-68.038895
6.20555500000012,-68.031677
6.20666600000004,-68.000839
6.20777700000014,-67.99501
6.21583300000003,-67.962509
6.2197220000001,-67.9525149999999
6.23249899999996,-67.924454
6.23527699999994,-67.920288
6.24249900000012,-67.913895
6.30305499999997,-67.843903
6.30833199999995,-67.835281
6.30944399999999,-67.822784
6.29305600000009,-67.693344
6.28583200000014,-67.6380619999999
6.28444400000001,-67.632507
6.26472200000001,-67.568344
6.26027799999997,-67.5588989999999
6.24305500000014,-67.534454
6.21111100000013,-67.5044559999999
6.19972100000007,-67.488068
6.19527700000003,-67.478622
6.19362400000006,-67.4665989999999
6.19305500000007,-67.454453
6.16916700000013,-67.481949
6.15638800000005,-67.4900049999999
6.14472200000006,-67.4925079999999
6.12416599999995,-67.493057
6.11865299999999,-67.491989
6.09777700000001,-67.485565
6.07920799999999,-67.477295
6.07083299999999,-67.471954
6.06719700000008,-67.4685519999999
6.06141400000013,-67.460541
6.04228500000011,-67.438309
6.03500000000008,-67.431671
6.00358200000005,-67.415314
5.99888799999997,-67.413345
5.99245999999999,-67.412796
5.98722200000003,-67.414459
5.98305500000004,-67.417236
5.97972199999992,-67.4208369999999
5.97466600000013,-67.4291079999999
5.96947600000004,-67.437851
5.95939299999992,-67.4553529999999
5.95168100000006,-67.468109
5.941598,-67.4789279999999
5.89132799999999,-67.531876
5.8283330000001,-67.593903
5.82103999999993,-67.600235
5.796944,-67.617783
5.78749900000014,-67.622223
5.73722200000003,-67.641678
5.72555499999999,-67.64418
5.69,-67.6513979999999
5.67638900000003,-67.651947
5.65222200000005,-67.6488949999999
5.61222199999997,-67.6422269999999
5.58944400000007,-67.6380619999999
5.58388800000006,-67.636673
5.57416599999999,-67.632782
5.56555500000002,-67.627502
5.55722100000003,-67.622223
5.55027800000005,-67.6155699999999
5.54611100000005,-67.612793
5.53916600000008,-67.613068
5.47833300000002,-67.649445
5.44860999999992,-67.6883389999999
5.41443500000008,-67.743073
5.409986,-67.7522279999999
5.40833300000003,-67.763901
5.40527700000013,-67.774445
5.39527700000014,-67.791946
5.38555999999994,-67.8027949999999
5.38222200000001,-67.806122
5.37000900000004,-67.814728
5.32194400000003,-67.843338
5.3077770000001,-67.849731
5.30163200000004,-67.850616
5.29472199999992,-67.8508449999999
5.13138900000007,-67.829727
5.09333300000003,-67.820282
5.03944400000006,-67.8027799999999
4.97942500000005,-67.8011169999999
4.96705300000013,-67.802048
4.83115900000001,-67.813599
4.80162500000012,-67.8166499999999
4.73666600000007,-67.824722
4.56388900000002,-67.857788
4.55861099999998,-67.859726
4.35166600000008,-67.7802889999999
4.34555499999999,-67.7797239999999
4.33944400000013,-67.780838
4.33472200000006,-67.783066
4.32666599999999,-67.7886199999999
4.30277700000011,-67.800568
4.29750000000013,-67.801956
4.27277800000007,-67.805557
4.23916600000007,-67.807236
4.23305500000004,-67.8066709999999
4.22750000000013,-67.805557
4.17138899999998,-67.7886199999999
4.16166600000003,-67.784729
4.08750000000009,-67.729172
4.04695400000014,-67.708511
3.96972199999999,-67.69278
3.92138900000003,-67.680557
3.80000000000013,-67.636124
3.79527800000005,-67.634171
3.76333299999993,-67.618622
3.75472199999996,-67.613342
3.7436110000001,-67.603897
3.73777800000011,-67.59584
3.73333300000002,-67.586395
3.73138899999992,-67.5675049999999
3.73555500000003,-67.5444489999999
3.73750000000001,-67.539459
3.73916600000001,-67.5211179999999
3.73888900000003,-67.514175
3.73805500000009,-67.508057
3.73583300000013,-67.503342
3.73306100000008,-67.4999999999999
3.72638800000004,-67.491959
3.71888900000005,-67.486115
3.65083299999992,-67.4380649999999
3.64583299999998,-67.4361109999999
3.60805500000004,-67.428345
3.51249999999999,-67.395569
3.49305500000014,-67.387787
3.47888900000009,-67.374451
3.47611100000006,-67.370285
3.47000000000003,-67.3555599999999
3.46694400000013,-67.344727
3.46611100000013,-67.338348
3.46000000000004,-67.316681
3.45555499999995,-67.307236
3.45194400000014,-67.303894
3.44361100000009,-67.298615
3.41055500000004,-67.2908479999999
3.39750000000009,-67.290558
3.38805500000001,-67.2950129999999
3.31861100000003,-67.3361209999999
3.31527800000009,-67.339737
3.311666,-67.349457
3.30916600000012,-67.360291
3.30472200000014,-67.369736
3.25388900000007,-67.435562
3.19065800000004,-67.4999999999999
3.04277800000011,-67.656677
2.87666700000005,-67.833069
2.8250000000001,-67.828339
2.82916599999999,-67.818893
2.83249999999998,-67.765839
2.80944399999993,-67.634445
2.80027800000005,-67.615845
2.79555500000009,-67.6069489999999
2.792778,-67.603058
2.7847220000001,-67.597504
2.76416599999999,-67.589737
2.68000000000006,-67.5352779999999
2.65333300000003,-67.485565
2.48416700000001,-67.3322299999999
2.47527700000001,-67.327515
2.46833299999997,-67.320557
2.43888900000002,-67.281403
2.43000000000012,-67.2630619999999
2.42805499999997,-67.252792
2.417778,-67.228897
2.41305499999999,-67.219177
2.41083299999997,-67.215012
2.39249999999993,-67.1925049999999
2.34166599999998,-67.173065
2.33138800000012,-67.175293
2.32055500000013,-67.179459
2.31166600000006,-67.1897279999999
2.30194399999999,-67.201401
2.28777700000001,-67.2136229999999
2.27527800000001,-67.216949
2.246666,-67.212234
2.24055499999997,-67.2108459999999
2.21500000000009,-67.201401
2.19999999999993,-67.195847
2.15333299999998,-67.175293
2.13555500000001,-67.164459
2.12944399999992,-67.156677
2.02665500000001,-67.113235
1.69583300000005,-66.991669
1.459722,-66.926392
1.295278,-66.897781
1.28500000000014,-66.900009
1.27805499999999,-66.89917
1.25138900000002,-66.891678
1.23016000000001,-66.8782649999999
1.22164200000009,-66.871887
1.22108100000003,-66.883919
1.22111100000001,-66.8866729999999
1.18555500000008,-67.024445
1.17944400000005,-67.041122
1.17250000000013,-67.075287
1.17333300000013,-67.076675
1.19388900000007,-67.084167
1.266389,-67.087784
1.28638899999993,-67.087784
1.37888900000002,-67.0813899999999
1.39166699999998,-67.079453
1.414444,-67.0738979999999
1.43833300000006,-67.063614
1.51250000000005,-67.056671
1.524722,-67.056671
1.53083300000009,-67.05751
1.61553700000007,-67.069855
1.62527799999998,-67.0725099999999
1.73499999999996,-67.1136169999999
1.81861099999998,-67.160843
1.87277799999998,-67.203339
1.87611100000009,-67.206116
1.88166700000005,-67.2136229999999
1.88638899999995,-67.222778
1.89722200000011,-67.2336119999999
1.94250000000011,-67.262222
1.95138900000001,-67.2672269999999
2.03277700000007,-67.308899
2.06305600000002,-67.319733
2.08027700000008,-67.3233339999999
2.09666600000003,-67.327515
2.11111100000005,-67.335007
2.11499999999995,-67.3444519999999
2.14249999999998,-67.418335
2.14388800000006,-67.424179
2.14249999999998,-67.429459
2.11111100000005,-67.498901
2.10555599999998,-67.508347
2.10000000000002,-67.517227
2.06722200000007,-67.5658419999999
2.05611100000004,-67.58223
2.05000000000013,-67.589737
1.97333300000003,-67.666397
1.93694399999993,-67.676956
1.92333299999996,-67.684448
1.91583300000008,-67.6900019999999
1.82388900000001,-67.765839
1.82055500000001,-67.7691799999999
1.80694400000004,-67.78334
1.78833300000014,-67.805557
1.78305599999993,-67.813339
1.77749999999998,-67.8222349999999
1.75749999999999,-67.863892
1.75277800000009,-67.881119
1.74527800000004,-67.914734
1.74250000000006,-67.9319459999999
1.74250000000006,-67.951675
1.74444399999993,-67.962784
1.74722200000014,-67.972778
1.75277800000009,-67.988068
1.75472200000002,-67.993347
1.76305500000007,-68.005005
1.77388899999994,-68.0152889999999
1.80138899999997,-68.0352779999999
1.85333300000013,-68.065567
1.86666700000012,-68.0730589999999
1.87750000000005,-68.0772249999999
1.92055499999998,-68.087509
1.93361100000004,-68.089447
1.94805600000007,-68.1011199999999
1.95555500000006,-68.1086119999999
1.96111100000007,-68.116669
1.96638899999994,-68.131393
1.97750000000002,-68.1744539999999
1.97750000000002,-68.196396
1.93361100000004,-68.226669
1.90972199999999,-68.236954
1.85277800000006,-68.257233
1.77555499999994,-68.232788
1.77138900000006,-68.2236179999999
1.770555,-68.217514
1.77277800000007,-68.206116
1.77277800000007,-68.198898
1.77000000000004,-68.189453
1.76305500000007,-68.1758419999999
1.72416699999997,-68.1530609999999
1.72611100000006,-68.828903
1.72750000000008,-69.103058
1.72805499999998,-69.2400049999999
1.72805499999998,-69.3679959999999
1.72805499999998,-69.376953
1.74444399999993,-69.4002839999999
1.76027799999997,-69.4591669999999
1.78416700000002,-69.549179
1.78416700000002,-69.555847
1.78305599999993,-69.561401
1.74527800000004,-69.7005619999999
1.70972200000011,-69.777237
1.70611100000013,-69.786957
1.70472200000012,-69.79834
1.71045500000002,-69.8461
1.69805599999995,-69.842224
1.07222200000007,-69.842224
1.07249999999999,-69.718338
1.07805500000006,-69.613617
1.03833300000008,-69.435287
1.05277799999993,-69.3819579999999
1.06027800000004,-69.371674
1.07472200000001,-69.343613
1.07111100000003,-69.333344
1.03833300000008,-69.270004
1.02944400000001,-69.259735
1.00277800000009,-69.2316739999999
0.995277999999985,-69.224167
0.866943999999933,-69.1400149999999
0.86000000000007,-69.140564
0.755278000000033,-69.15834
0.750556000000131,-69.160278
0.651111000000071,-69.1255649999999
0.645000000000039,-69.124725
0.640833000000043,-69.126114
0.631943999999976,-69.132233
0.630000000000052,-69.137222
0.616311000000053,-69.209778
0.620833000000061,-69.286957
0.625000000000057,-69.2880709999999
0.65638899999999,-69.328903
0.734167000000014,-69.450012
0.738889000000086,-69.458618
0.740278000000046,-69.464172
0.739722000000086,-69.4702909999999
0.737221999999974,-69.481125
0.678889000000027,-69.678345
0.675555000000031,-69.688614
0.633889000000124,-69.7499999999999
0.602778000000114,-69.793625
0.60027800000006,-69.797791
0.597778000000119,-69.922501
0.597778000000119,-69.978897
0.598333000000025,-69.985001
0.597778000000119,-69.991119
0.590832999999975,-70.0441739999999
0.579166999999984,-70.045288
0.511388999999951,-70.046402
0.368333000000064,-70.0483399999999
0.306943999999987,-70.0494539999999
0.143611000000135,-70.0525049999999
0,-70.0555269999999
-0.0880559999999377,-70.05751
-0.15749999999997,-70.05806
-0.203611000000024,-70.0216669999999
-0.299167000000011,-69.938614
-0.309443999999985,-69.9283449999999
-0.452222000000006,-69.746124
-0.459166999999979,-69.732788
-0.460555999999997,-69.7269589999999
-0.461388999999997,-69.7072299999999
-0.463610999999958,-69.695847
-0.470000000000027,-69.681396
-0.49138899999997,-69.634445
-0.493610999999987,-69.62973
-0.50027799999998,-69.6230619999999
-0.517499999999927,-69.6075129999999
-0.522221999999999,-69.6055599999999
-0.630556000000013,-69.5736239999999
-0.636666999999989,-69.572784
-0.641945000000021,-69.574173
-0.668055999999922,-69.582779
-0.692499999999995,-69.592224
-0.701944000000026,-69.59668
-0.714999999999918,-69.604172
-0.720832999999971,-69.611954
-0.727778000000001,-69.618622
-0.751110999999923,-69.6147309999999
-0.760556000000008,-69.610565
-0.924444999999935,-69.529175
-0.931389000000024,-69.522507
-0.936943999999926,-69.51445
-0.941110999999921,-69.505005
-0.950832999999989,-69.486954
-0.959166999999979,-69.474731
-0.994166999999948,-69.434723
-1.00583299999994,-69.432785
-1.01055600000001,-69.434723
-1.017808,-69.441971
-1.03583299999997,-69.43306
-1.04611099999994,-69.429733
-1.13194499999992,-69.411957
-1.24611099999993,-69.390015
-1.33166699999998,-69.378342
-1.33805599999999,-69.3780669999999
-1.35027799999995,-69.3794559999999
-1.36666700000001,-69.3836209999999
-1.38111099999998,-69.390015
-1.38499999999993,-69.392502
-1.39333299999993,-69.398056
-1.52603199999993,-69.452637
-1.91416699999996,-69.522507
-2.31111099999993,-69.594177
-2.38638900000001,-69.607788
-2.48222299999998,-69.6258389999999
-2.53444500000001,-69.635284
-3.41916700000002,-69.7930599999999
-3.920278,-69.881958
-4.20888899999994,-69.9425049999999
-4.21583399999992,-69.9441679999999
-4.23687399999994,-69.956924
-4.20944500000002,-69.95668
-4.180834,-69.983063
-4.17111199999994,-69.994171
-4.15388999999999,-70.021118
-4.140556,-70.040848
-4.07583399999999,-70.119736
-4.06889000000001,-70.126404
-4.05083399999995,-70.1361239999999
-4.036945,-70.1425019999999
-4.02666799999992,-70.1461179999999
-4.00583399999999,-70.152512
-3.97972199999992,-70.160568
-3.96999999999997,-70.164734
-3.94249999999994,-70.178345
-3.93833399999994,-70.1808469999999
-3.92638899999997,-70.190002
-3.87305600000002,-70.232788
-3.86944499999993,-70.236115
-3.79916700000001,-70.3230589999999
-3.79000000000002,-70.341675
-3.78722199999993,-70.352509
-3.78833300000002,-70.3719479999999
-3.79833400000001,-70.400284
-3.806667,-70.412781
-3.813334,-70.419724
-3.81888899999996,-70.42807
-3.84999999999997,-70.4794459999999
-3.85861199999994,-70.4980619999999
-3.85999999999996,-70.503616
-3.86111099999994,-70.516113
-3.86055599999997,-70.522232
-3.85972299999997,-70.528625
-3.85555599999998,-70.545013
-3.82948299999998,-70.607727
-3.77972299999999,-70.7241669999999
-3.69777799999997,-70.672226
-3.62916699999994,-70.6275019999999
-3.53361100000001,-70.565842
-3.349445,-70.4472349999999
-3.29472299999992,-70.412231
-2.75555599999996,-70.067505
-2.69111199999992,-70.091675
-2.705556,-70.105286
-2.70416699999998,-70.116119
-2.69915099999992,-70.125244
-2.65138899999994,-70.188904
-2.64249999999993,-70.197784
-2.63079299999998,-70.202759
-2.60942999999992,-70.208862
-2.57749999999993,-70.2150119999999
-2.56805599999996,-70.218613
-2.55833299999995,-70.226669
-2.505,-70.288345
-2.49956799999995,-70.2973479999999
-2.49555600000002,-70.3075099999999
-2.49194499999993,-70.3300019999999
-2.49285400000002,-70.341293
-2.49555600000002,-70.351395
-2.50078899999994,-70.360214
-2.50750299999999,-70.3693699999999
-2.51583299999999,-70.386124
-2.49333299999995,-70.564453
-2.48722299999997,-70.577515
-2.48055599999998,-70.587234
-2.40972199999999,-70.6461179999999
-2.398889,-70.651672
-2.38666699999993,-70.655014
-2.36388899999997,-70.655563
-2.35250000000002,-70.6597289999999
-2.22638899999993,-70.851669
-2.22305599999993,-70.8611149999999
-2.22555599999993,-70.8713989999999
-2.27833399999992,-70.976395
-2.31194399999993,-71.10112
-2.36055599999997,-71.188065
-2.35250000000002,-71.357788
-2.34138899999994,-71.3655699999999
-2.28472199999999,-71.406113
-2.27777800000001,-71.418335
-2.23527799999999,-71.515015
-2.23388899999992,-71.5252839999999
-2.23666700000001,-71.576675
-2.22916700000002,-71.669174
-2.22083400000002,-71.679459
-2.19611099999992,-71.6841739999999
-2.17166699999996,-71.682785
-2.16138899999993,-71.683624
-2.14888899999994,-71.6883389999999
-2.14694499999996,-71.698059
-2.15916700000002,-71.7219539999999
-2.22638899999993,-71.803894
-2.23527799999999,-71.813065
-2.32027799999997,-71.871399
-2.37277799999998,-71.8861239999999
-2.38166699999994,-71.8883359999999
-2.38388900000001,-71.8986209999999
-2.37900699999994,-71.931396
-2.37138899999997,-71.9775089999999
-2.36749999999995,-71.9869539999999
-2.40777799999995,-72.070007
-2.49888900000002,-72.227509
-2.49138900000003,-72.2994539999999
-2.48722299999997,-72.318893
-2.47888899999998,-72.33667
-2.44138899999996,-72.450836
-2.40722199999999,-72.584732
-2.40722199999999,-72.595566
-2.44,-72.6833339999999
-2.48722299999997,-72.805847
-2.49277799999993,-72.823624
-2.50638900000001,-72.8819579999999
-2.45361100000002,-72.902512
-2.40444499999995,-72.929169
-2.395556,-72.9355619999999
-2.395556,-72.944458
-2.40166699999997,-72.975006
-2.41055599999999,-73.0030669999999
-2.37138899999997,-73.073898
-2.34694500000001,-73.1047359999999
-2.33805599999994,-73.112228
-2.31944499999997,-73.1183469999999
-2.25388899999996,-73.133621
-2.24333300000001,-73.133621
-2.23388899999992,-73.126114
-2.23583400000001,-73.115005
-2.23583400000001,-73.105835
-2.23250000000002,-73.09584
-2.22361099999995,-73.088348
-2.20027800000003,-73.0777889999999
-2.15111100000001,-73.058899
-2.13999999999999,-73.0575099999999
-1.92916700000001,-73.0877839999999
-1.91805599999998,-73.093063
-1.84916700000002,-73.132782
-1.80666699999995,-73.189728
-1.80305600000003,-73.199173
-1.80944499999993,-73.209457
-1.84555599999993,-73.238892
-1.87305599999996,-73.289169
-1.87583399999994,-73.300003
-1.87222199999997,-73.309448
-1.816667,-73.416397
-1.76694500000002,-73.4905699999999
-1.748333,-73.507507
-1.65444399999996,-73.486954
-1.63666699999999,-73.476959
-1.62444399999993,-73.454727
-1.61472199999997,-73.444458
-1.60583399999996,-73.443344
-1.59638899999999,-73.446121
-1.55250000000001,-73.476959
-1.49361099999999,-73.5200039999999
-1.46805599999993,-73.542786
-1.436667,-73.547501
-1.37972199999996,-73.5550079999999
-1.370833,-73.556396
-1.28722199999999,-73.648895
-1.28166700000003,-73.65834
-1.27916699999992,-73.7130579999999
-1.28527800000001,-73.748901
-1.29416699999996,-73.755569
-1.27027799999996,-73.837784
-1.25999999999999,-73.8441769999999
-1.20861100000002,-73.868057
-1.07277799999997,-74.0777889999999
-1.03861099999995,-74.208069
-1.03444499999995,-74.218338
-1.02777800000001,-74.227234
-1.018056,-74.2369539999999
-1.00777799999992,-74.244446
-0.986667000000011,-74.2552799999999
-0.93027799999993,-74.282791
-0.89888899999994,-74.264175
-0.853610999999944,-74.247787
-0.809721999999965,-74.290283
-0.781667000000027,-74.316116
-0.706388999999945,-74.338898
-0.633056000000011,-74.358063
-0.577551000000028,-74.370285
-0.568056000000013,-74.376114
-0.543332999999961,-74.3938899999999
-0.417777999999998,-74.5569459999999
-0.383610999999974,-74.6075129999999
-0.403332999999918,-74.6275019999999
-0.409721999999988,-74.6383359999999
-0.367222000000027,-74.7066799999999
-0.356110999999942,-74.7108459999999
-0.333611000000019,-74.7158359999999
-0.311666999999943,-74.716949
-0.289721999999927,-74.721115
-0.266389000000004,-74.730835
-0.255556000000013,-74.736389
-0.235555999999974,-74.749176
-0.21166699999992,-74.767792
-0.204166999999927,-74.776947
-0.199999999999989,-74.7863919999999
-0.200555999999949,-74.797501
-0.20333299999993,-74.8075099999999
-0.208055999999942,-74.81778
-0.225278000000003,-74.841125
-0.232777999999996,-74.854172
-0.232221999999979,-74.866394
-0.204721999999947,-74.930847
-0.197777999999971,-74.9411159999999
-0.188333,-74.949448
-0.17055599999992,-74.960556
-0.123055999999963,-75.021393
-0.0497219999999743,-75.128891
-0.0436109999999985,-75.13945
-0.038332999999966,-75.150848
-0.0313889999999901,-75.191956
-0.0313889999999901,-75.201675
-0.0374999999999659,-75.2111209999999
-0.0472219999999766,-75.2152859999999
-0.0683329999999955,-75.216675
-0.0883329999999773,-75.22139
-0.0991670000000227,-75.226959
-0.108055999999976,-75.233902
-0.119166999999948,-75.24501
-0.123055999999963,-75.253616
-0.124443999999983,-75.262787
-0.123246999999935,-75.2751919999999
-0.119721999999967,-75.2858429999999
-0.106667000000016,-75.292786
-0.0977780000000053,-75.307236
-0.0883329999999773,-75.325562
-0.0799999999999841,-75.344177
-0.0766669999999863,-75.355286
-0.0730560000000082,-75.393616
-0.0711109999999167,-75.404449
-0.0594439999999281,-75.4344479999999
-0.00805599999995366,-75.51889
0.0263890000000515,-75.567505
0.0372220000000425,-75.583344
0.0441670000000158,-75.689453
0.0419440000001146,-75.6986239999999
0.0352780000001189,-75.718903
0.0344440000000077,-75.730011
0.0372220000000425,-75.7422329999999
0.0433330000000751,-75.75528
0.0502780000000485,-75.766403
0.163332999999966,-75.9127809999999
0.256389000000013,-75.980286
0.320126000000016,-76.024872
0.33527800000013,-76.036957
0.339992000000052,-76.0432739999999
0.370833000000118,-76.145279
0.395555000000002,-76.243057
0.3923190000001,-76.400848
0.271667000000093,-76.407791
0.246943999999985,-76.448624
0.220278000000008,-76.540009
0.218056000000047,-76.550293
0.219444000000124,-76.561676
0.221667000000025,-76.5716709999999
0.226389000000097,-76.5802919999999
0.235277999999994,-76.589447
0.256389000000013,-76.6064
0.261389000000008,-76.617508
0.285833000000139,-76.711945
0.28055599999999,-76.72139
0.267500000000098,-76.726959
0.25861100000003,-76.726959
0.248889000000133,-76.770279
0.241389000000083,-76.8114009999999
0.238055999999972,-76.858612
0.238611000000105,-76.868896
0.242778000000044,-76.8802799999999
0.302500000000009,-77.0297239999999
0.310000000000116,-77.0408479999999
0.359559999999988,-77.079605
0.33527800000013,-77.1861109999999
0.334554000000082,-77.197388
0.33611100000013,-77.218903
0.361388999999974,-77.306122
0.364722000000029,-77.3172299999999
0.384722000000011,-77.3794559999999
0.406667000000141,-77.418335
0.413333000000137,-77.424454
0.424443999999994,-77.4272309999999
0.532778000000121,-77.450012
0.543611000000055,-77.4522249999999
0.555833000000064,-77.4522249999999
0.579999999999984,-77.4480589999999
0.590278000000069,-77.444458
0.616389000000083,-77.4425049999999
0.627222000000074,-77.444458
0.645833000000039,-77.4525149999999
0.653333000000089,-77.4594569999999
0.659444000000008,-77.466949
0.663611000000003,-77.4761199999999
0.666388999999981,-77.4875029999999
0.664166999999964,-77.499176
0.660832999999968,-77.509171
0.656111000000067,-77.517792
0.655278000000067,-77.5300139999999
0.656111000000067,-77.5416719999999
0.673889000000031,-77.5652919999999
0.686111000000039,-77.580002
0.710833000000036,-77.624725
0.721667000000082,-77.640289
0.736111000000051,-77.653625
0.744999999999948,-77.65834
0.756111000000033,-77.660278
0.781389000000047,-77.6616669999999
0.804167000000007,-77.6569519999999
0.814623999999981,-77.6557159999999
0.837222000000111,-77.678345
0.842778000000067,-77.6864009999999
0.845000000000084,-77.691116
0.847499999999968,-77.702515
0.845833000000084,-77.714447
0.830832999999927,-77.772781
0.824999999999932,-77.787231
0.808333000000061,-77.8141779999999
0.811388999999963,-77.84584
0.816111000000092,-77.8619539999999
0.82194400000003,-77.876953
0.829722000000061,-77.889725
0.875278000000094,-77.929733
0.904166999999973,-77.995834
0.904444000000126,-78.002792
0.900278000000071,-78.025284
0.900832999999977,-78.038895
0.904444000000126,-78.070007
0.910555000000045,-78.091675
0.92138900000009,-78.108337
0.970555999999988,-78.175293
1.01805500000006,-78.2300109999999
1.02722199999999,-78.241394
1.03250000000008,-78.2552799999999
1.0388890000001,-78.2836149999999
1.04305600000009,-78.3075099999999
1.04472200000009,-78.31279
1.05277799999993,-78.33223
1.06416700000011,-78.348068
1.07333299999999,-78.359451
1.15083300000009,-78.4383389999999
1.15805599999999,-78.444733
1.17472199999992,-78.455841
1.18444399999999,-78.4594569999999
1.19277799999998,-78.464737
1.19555500000007,-78.4686129999999
1.19777800000014,-78.473343
1.20999999999992,-78.537231
1.20888900000006,-78.54306
1.19861100000014,-78.560287
1.24305500000003,-78.591675
1.26222200000001,-78.6319579999999
1.27194400000008,-78.656677
1.28555500000004,-78.677505
1.43777799999992,-78.809723
1.52222200000011,-78.855835
1.541111,-78.855011
1.54722200000003,-78.8555599999999
1.55222200000003,-78.857513
1.55500000000001,-78.861389
1.57972200000006,-78.925568
1.58138899999994,-78.930847
1.58444400000013,-78.9486239999999
1.58499999999998,-78.974731
1.58444400000013,-78.980835
1.58611100000007,-78.993057
1.59333300000003,-79.020844
1.59500000000014,-79.0261229999999
1.60000000000008,-79.034729
1.606944,-79.041397
1.61472199999997,-79.047226
1.62305500000008,-79.052231
1.62833299999994,-79.053345
1.63388900000012,-79.051682
1.63861100000003,-79.049454
1.748333,-78.975006
1.75638900000007,-78.969177
1.82166599999994,-78.886948
1.82944400000008,-78.874451
1.83611100000002,-78.8544459999999
1.83722200000011,-78.84584
1.83638900000011,-78.839737
1.8241670000001,-78.7680659999999
1.82277800000014,-78.7627869999999
1.81999999999994,-78.758896
1.81638900000013,-78.7555689999999
1.80888900000008,-78.739456
1.80250000000007,-78.725571
1.76472200000001,-78.621124
1.76527799999997,-78.593903
1.76555500000001,-78.587784
1.768889,-78.584167
1.88222199999996,-78.549728
1.91194400000001,-78.544724
1.92222200000009,-78.547501
2.01444400000003,-78.592789
2.021389,-78.599731
2.02888900000011,-78.612503
2.03027800000007,-78.618057
2.03027800000007,-78.623611
2.06388900000002,-78.654175
2.15472199999999,-78.680557
2.18083300000001,-78.685837
2.19305499999996,-78.687225
2.19999999999993,-78.687225
2.28944400000012,-78.6425019999999
2.40138899999999,-78.582504
2.42916600000007,-78.5652919999999
2.39241100000004,-78.561836
2.38887,-78.551689
2.41435999999999,-78.543427
2.43040900000005,-78.5387039999999
2.43418600000007,-78.522888
2.44315400000011,-78.465302
2.50138900000013,-78.459732
2.50694400000003,-78.451401
2.50944399999992,-78.440567
2.50888900000001,-78.4275049999999
2.50750000000005,-78.421951
2.478611,-78.389175
2.45805500000006,-78.368622
2.43861100000009,-78.353897
2.43666600000012,-78.348892
2.43666600000012,-78.343613
2.43944400000009,-78.339447
2.51916599999998,-78.265015
2.49194400000005,-78.1466669999999
2.48972200000009,-78.142227
2.48694400000011,-78.125565
2.48777799999999,-78.119446
2.52249999999998,-77.986954
2.5561110000001,-77.95195
2.55944399999999,-77.9486239999999
2.61061600000005,-77.941147
2.63944399999997,-77.944733
2.64555500000006,-77.9441679999999
2.65111100000007,-77.9425049999999
2.65499999999997,-77.9400019999999
2.65583299999997,-77.933624
2.65222199999994,-77.930557
2.60916700000007,-77.901123
2.59944400000006,-77.9061129999999
2.58777800000013,-77.908066
2.58027700000014,-77.901947
2.57194400000009,-77.889725
2.56250000000006,-77.8719479999999
2.56027699999999,-77.867233
2.55833300000012,-77.85556
2.55888800000002,-77.849457
2.56750000000005,-77.792511
2.57138899999995,-77.782791
2.5980550000001,-77.747787
2.60472199999998,-77.7408449999999
2.61500000000007,-77.7441709999999
2.62388800000002,-77.748901
2.63583299999999,-77.757782
2.64944399999996,-77.771393
2.75638900000007,-77.7811129999999
2.86666600000001,-77.714172
3.04722199999992,-77.5733339999999
3.05333300000001,-77.558899
3.0575,-77.5491789999999
3.06166600000006,-77.546402
3.25861099999997,-77.4189
3.26277700000003,-77.416397
3.2881000000001,-77.4083249999999
3.29555499999998,-77.423615
3.29083300000008,-77.4214019999999
3.28527700000006,-77.4216769999999
3.27250000000004,-77.436111
3.22972199999992,-77.488892
3.24444399999999,-77.5363919999999
3.24638800000008,-77.5416719999999
3.24916600000006,-77.5425109999999
3.25472200000007,-77.5425109999999
3.27222200000011,-77.532791
3.27638900000011,-77.5300139999999
3.30916600000012,-77.507782
3.31250000000011,-77.504456
3.31666700000011,-77.497513
3.31722200000002,-77.484451
3.30117300000012,-77.431633
3.315833,-77.457779
3.32888800000001,-77.4719539999999
3.33361099999996,-77.474167
3.34194400000007,-77.468613
3.35138800000004,-77.4575039999999
3.36361100000011,-77.4425049999999
3.41250000000008,-77.363892
3.56638900000013,-77.2441709999999
3.57527700000014,-77.21167
3.66583300000008,-77.141113
3.70611100000008,-77.129181
3.71166700000009,-77.127792
3.76638800000012,-77.12529
3.77111100000013,-77.126114
3.91305500000004,-77.030838
3.91777800000006,-77.028625
3.92138900000003,-77.032227
3.92138900000003,-77.039169
3.90666600000009,-77.083069
3.89638900000006,-77.111389
3.89249999999998,-77.113892
3.86250000000007,-77.159729
3.84361100000001,-77.188614
3.83916700000003,-77.227783
3.83861100000001,-77.246399
3.83944400000001,-77.2591709999999
3.84083300000003,-77.2716669999999
3.85194400000012,-77.286957
3.90827800000005,-77.29834
3.92344400000007,-77.297012
3.93327700000009,-77.295341
3.93994400000014,-77.293678
3.94894399999998,-77.290344
3.95377800000011,-77.2868349999999
3.957111,-77.282005
3.957944,-77.278671
3.98527799999994,-77.267227
3.98527799999994,-77.260559
3.98055600000004,-77.258621
3.97500000000008,-77.259735
3.97166600000008,-77.2633359999999
3.96750000000003,-77.266113
3.96277800000013,-77.266953
3.95916699999992,-77.2633359999999
3.95999999999992,-77.2569579999999
3.97000000000008,-77.219177
3.97388899999999,-77.209732
4.06027700000004,-77.187225
4.07694400000008,-77.210556
4.09555500000005,-77.260559
4.06500000000005,-77.2930599999999
4.06166600000006,-77.2964019999999
4.0438880000001,-77.3130649999999
4.03777700000001,-77.312225
3.99088900000004,-77.3275069999999
3.98188900000002,-77.330673
3.95488899999998,-77.340843
3.95188900000011,-77.342171
3.94988899999998,-77.3441769999999
3.94788799999998,-77.350342
3.92500000000001,-77.364456
3.92694400000011,-77.368057
3.99861100000004,-77.422501
4.02833300000003,-77.4341739999999
4.03444400000012,-77.434723
4.13388800000007,-77.4375
4.14055499999995,-77.4375
4.14694400000013,-77.436676
4.17416600000007,-77.4297329999999
4.17833300000007,-77.426956
4.18110999999993,-77.422791
4.22166600000003,-77.353897
4.22250000000014,-77.347778
4.22222099999993,-77.341949
4.21749999999997,-77.333344
4.21333299999998,-77.330566
4.21499899999998,-77.2761229999999
4.24538300000006,-77.248184
4.25444399999998,-77.239456
4.25999900000005,-77.239182
4.26361100000014,-77.243057
4.26555500000001,-77.247513
4.271388,-77.28334
4.2708330000001,-77.2964019999999
4.26472200000001,-77.317505
4.26472200000001,-77.330002
4.26611000000014,-77.3355559999999
4.26888800000012,-77.340286
4.2724990000001,-77.343903
4.33166599999998,-77.3805689999999
4.34194400000001,-77.384171
4.34750000000003,-77.382507
4.44055499999996,-77.347778
4.44527700000003,-77.345566
4.44944400000003,-77.3425139999999
4.47111000000001,-77.334167
4.54111100000011,-77.314453
4.55194400000005,-77.311676
4.64805500000011,-77.316681
4.71944400000012,-77.321671
4.81638799999996,-77.339737
4.84250000000009,-77.347778
4.86444399999993,-77.353058
4.87055500000002,-77.353897
4.94055500000007,-77.361679
5.08277700000008,-77.372223
5.148055,-77.371399
5.16166599999997,-77.371124
5.19055500000002,-77.36557
5.19444400000009,-77.3625029999999
5.19860999999997,-77.353058
5.20333299999999,-77.3508449999999
5.20888800000006,-77.349457
5.24055500000009,-77.347778
5.29833300000013,-77.360001
5.4541660000001,-77.395569
5.4583330000001,-77.398056
5.50138900000007,-77.468338
5.504999,-77.4786219999999
5.50555499999996,-77.485001
5.504999,-77.490845
5.51888800000006,-77.532227
5.57777699999997,-77.508621
5.58277699999996,-77.506393
5.58666600000004,-77.503616
5.58944400000007,-77.499451
5.62333300000006,-77.42334
5.62472200000008,-77.417786
5.62388800000014,-77.392227
5.62249899999995,-77.386673
5.61416600000007,-77.377228
5.61055500000009,-77.373901
5.60500000000002,-77.36557
5.60305500000004,-77.360565
5.604444,-77.3552859999999
5.61305499999997,-77.3322299999999
5.61527699999999,-77.3275149999999
5.61861000000005,-77.3238979999999
5.70666599999993,-77.2516779999999
5.71138900000011,-77.249451
5.75138900000002,-77.2408449999999
5.7649990000001,-77.2408449999999
5.78833300000002,-77.2450099999999
5.98749900000001,-77.338898
6.08055500000006,-77.408066
6.12694399999992,-77.4511259999999
6.13444400000003,-77.4575039999999
6.15388900000005,-77.472504
6.16277700000006,-77.478897
6.17499900000001,-77.485565
6.18472199999997,-77.489456
6.19083300000005,-77.4902799999999
6.28305500000005,-77.475845
6.24472100000014,-77.4214019999999
6.23722199999997,-77.415283
6.23500000000013,-77.4102779999999
6.23638800000003,-77.406403
6.23916600000007,-77.402237
6.24388900000002,-77.4002839999999
6.28166600000003,-77.385284
6.39138800000006,-77.355835
6.56166600000012,-77.339447
6.56777800000009,-77.3400119999999
6.57000000000005,-77.341125
6.68888900000007,-77.406403
6.69222200000013,-77.410004
6.71111100000002,-77.441116
6.71277700000002,-77.446396
6.71472199999999,-77.458344
6.71388800000011,-77.474731
6.87666600000006,-77.666397
6.96749999999992,-77.652786
6.98694400000005,-77.653061
7.00083299999994,-77.656403
7.05416600000012,-77.6791689999999
7.0577770000001,-77.68251
7.15194400000007,-77.793335
7.22888900000004,-77.889725
7.48000000000008,-77.810837
7.47861100000006,-77.809448
7.47611000000012,-77.798889
7.47472199999999,-77.7802889999999
7.47611000000012,-77.7711179999999
7.48277800000005,-77.750565
7.48583300000007,-77.7466739999999
7.49138799999997,-77.7416689999999
7.50361100000003,-77.733337
7.50972200000012,-77.729172
7.518888,-77.724731
7.52416600000009,-77.723068
7.53222199999993,-77.72084
7.54138899999992,-77.719727
7.54805500000009,-77.720291
7.55833200000006,-77.7227779999999
7.56722200000007,-77.7275089999999
7.57083300000005,-77.730835
7.57916599999993,-77.736389
7.60722199999998,-77.7527919999999
7.61722200000014,-77.756393
7.62861100000009,-77.758896
7.63805500000007,-77.759445
7.66722199999998,-77.759445
7.69305500000013,-77.758896
7.70999899999998,-77.7550049999999
7.72222099999999,-77.7466739999999
7.72416600000014,-77.7416689999999
7.72361100000006,-77.732788
7.68110999999999,-77.665558
7.67777700000005,-77.662231
7.60333300000008,-77.624176
7.56249900000006,-77.610291
7.55194399999999,-77.6075129999999
7.54250000000002,-77.603058
7.53305499999993,-77.59668
7.52944399999996,-77.593338
7.52666700000003,-77.589172
7.52499999999998,-77.577225
7.52527699999996,-77.573898
7.52777799999996,-77.5694579999999
7.69888900000001,-77.333344
7.70472100000012,-77.328613
7.70916700000009,-77.326126
7.71749999999997,-77.324722
7.72083300000003,-77.324722
7.72333200000003,-77.325836
7.72777700000012,-77.3280639999999
7.73330600000003,-77.332306
7.734444,-77.335007
7.74305500000003,-77.343903
7.773889,-77.368057
7.78000000000009,-77.3719479999999
7.78611100000001,-77.3719479999999
7.88694399999991,-77.3114009999999
7.89861100000002,-77.303345
7.90361000000007,-77.29834
7.90638800000005,-77.294174
7.91083200000008,-77.285004
7.93722200000008,-77.2155609999999
7.99944399999993,-77.198334
8.0824990000001,-77.214172
8.09333200000009,-77.216675
8.14527700000014,-77.243896
8.19527599999992,-77.2716669999999
8.20194400000008,-77.275558
8.21583200000003,-77.2961119999999
8.26777600000003,-77.348892
8.27805499999999,-77.3591769999999
8.28222100000011,-77.3619539999999
8.28694300000001,-77.363892
8.29277599999995,-77.3650049999999
8.33722099999994,-77.368057
8.36416600000007,-77.368622
8.39638700000006,-77.373901
8.40083300000009,-77.376114
8.44444300000004,-77.4013979999999
8.45305400000007,-77.406677
8.46333300000003,-77.41362
8.468887,-77.418335
8.4730550000001,-77.424454
8.47444300000001,-77.430283
8.47361000000001,-77.443344
8.47083300000008,-77.450562
8.46555499999999,-77.4591669999999
8.46499800000009,-77.465561
8.46499800000009,-77.468903
8.46611000000007,-77.47139
8.46972100000011,-77.474731
8.47972100000004,-77.478348
8.49166500000013,-77.480011
8.51361099999997,-77.4777829999999
8.52499999999998,-77.4752809999999
8.53222100000005,-77.472229
8.55527700000005,-77.453903
8.55861100000004,-77.450562
8.56666600000005,-77.438614
8.64611100000013,-77.3719479999999
8.67499900000007,-77.3666689999999
8.66222199999999,-77.346954
8.5783330000001,-77.300293
8.53611000000012,-77.2844539999999
8.52944400000013,-77.28418
8.51833199999999,-77.286667
8.51222000000001,-77.285843
8.509998,-77.284729
8.50805500000001,-77.28334
8.47110900000001,-77.248611
8.45833199999993,-77.233337
8.45111100000003,-77.220001
8.44360899999998,-77.199448
8.43416600000006,-77.163895
8.41666600000002,-77.1400149999999
8.41361000000012,-77.1363979999999
8.40527700000007,-77.130844
8.38638900000012,-77.118896
8.32611100000014,-77.08168
8.23833300000001,-76.968613
8.18999900000011,-76.955566
8.15916600000003,-76.948624
8.121666,-76.8877869999999
8.13321100000007,-76.838577
8.13277599999998,-76.836121
8.13138800000007,-76.834167
8.12610999999998,-76.833069
8.086388,-76.832504
8.02749799999998,-76.833618
8.02611000000007,-76.835846
8.02611000000007,-76.838623
8.02916500000003,-76.86557
8.03194400000012,-76.8700099999999
8.03666499999997,-76.871948
8.04083300000002,-76.874725
8.045277,-76.880569
8.04805400000009,-76.888062
8.04777700000011,-76.897507
8.04555500000009,-76.905563
8.04166600000002,-76.912231
8.03777700000012,-76.914734
8.02333299999998,-76.920013
7.98555500000003,-76.927505
7.94305500000007,-76.926392
7.934999,-76.9241789999999
7.93305500000008,-76.922501
7.91416600000002,-76.8861239999999
7.90861000000007,-76.871124
7.90749899999997,-76.86528
7.90499999999997,-76.8169559999999
7.91388799999999,-76.767227
7.91527699999995,-76.7616729999999
7.91888799999992,-76.75528
7.9286110000001,-76.747513
7.93305500000008,-76.7450099999999
7.93861100000009,-76.743896
8.03916500000003,-76.731949
8.07555400000012,-76.730835
8.081388,-76.731949
8.08805500000011,-76.735291
8.09222200000005,-76.7380679999999
8.09694300000007,-76.743896
8.19749800000011,-76.7533419999999
8.33749999999992,-76.765289
8.34388700000011,-76.765289
8.39944299999996,-76.769455
8.41222200000004,-76.7736209999999
8.41666600000002,-76.7761229999999
8.479443,-76.8197329999999
8.48499900000013,-76.8238979999999
8.51805499999995,-76.869736
8.52027700000014,-76.874176
8.52361100000013,-76.881393
8.53861000000001,-76.921951
8.53583099999992,-76.934448
8.56833300000011,-76.9283449999999
8.61722200000008,-76.8944549999999
8.62055400000008,-76.890564
8.62388800000008,-76.883896
8.62722200000007,-76.8700099999999
8.63388800000007,-76.8180689999999
8.67166500000008,-76.685562
8.67638800000003,-76.672791
8.67916500000013,-76.668625
8.86944400000004,-76.435837
8.87360999999993,-76.432785
8.881666,-76.430557
8.90638699999994,-76.426758
8.90666599999997,-76.4189
8.91055500000004,-76.398895
8.916111,-76.373611
8.93722200000008,-76.3194579999999
8.93999899999994,-76.3155669999999
8.98972099999992,-76.2691799999999
9.000832,-76.2591709999999
9.19194400000009,-76.180557
9.23305500000009,-76.1733399999999
9.23860900000005,-76.171951
9.31555400000008,-76.110565
9.33583300000004,-76.089737
9.34555399999999,-76.0713959999999
9.42222199999998,-75.918625
9.43916499999995,-75.826675
9.43972200000002,-75.820282
9.43777700000004,-75.808624
9.42124200000006,-75.72522
9.41166499999991,-75.691116
9.41111000000001,-75.684723
9.42583300000001,-75.656677
9.44277799999992,-75.639175
9.45360900000009,-75.6294559999999
9.47222099999999,-75.62001
9.51527600000003,-75.6008449999999
9.53027700000013,-75.5952909999999
9.541111,-75.5922239999999
9.55277600000005,-75.5900119999999
9.583055,-75.5855559999999
9.60638800000004,-75.585281
9.63472200000012,-75.5914
9.66555399999999,-75.601395
9.697498,-75.624725
9.70027700000009,-75.628891
9.76027700000009,-75.660843
9.82472000000007,-75.635284
9.95749899999998,-75.596115
9.97944300000006,-75.590286
10.039165,-75.580566
10.052221,-75.5797269999999
10.0719430000001,-75.5800019999999
10.088634,-75.5825199999999
10.134443,-75.571671
10.179998,-75.5344539999999
10.184721,-75.5336149999999
10.2369439999999,-75.531677
10.446665,-75.485291
10.487778,-75.486389
10.494165,-75.486954
10.5477769999999,-75.503067
10.5525000000001,-75.5050049999999
10.592777,-75.47612
10.658609,-75.40889
10.7244430000001,-75.288071
10.7213880000001,-75.2613979999999
10.7064549999999,-75.251846
10.7191660000001,-75.230011
10.723055,-75.227234
10.7341650000001,-75.224457
10.7402760000001,-75.224731
10.7622200000001,-75.2302859999999
10.7636110000001,-75.234451
10.7611100000001,-75.238892
10.746109,-75.250839
10.751665,-75.266113
10.7544440000001,-75.270279
10.7841660000001,-75.276123
10.7944430000001,-75.272507
10.798332,-75.2697299999999
10.8011090000001,-75.265289
10.803055,-75.260559
10.8038880000001,-75.254181
10.800322,-75.244026
10.8055550000001,-75.222778
10.896944,-75.051392
10.904999,-75.0386199999999
10.908333,-75.035004
10.9130550000001,-75.0327909999999
10.9191670000001,-75.0319519999999
10.9261089999999,-75.0319519999999
10.9316650000001,-75.03334
10.9377770000001,-75.032501
10.9433330000001,-75.031113
10.9644430000001,-75.024445
10.9686110000001,-75.0216669999999
11.0688880000001,-74.921112
11.11972,-74.868057
11.125486,-74.860809
11.1077770000001,-74.839447
11.1033330000001,-74.829727
10.994999,-74.510284
10.991665,-74.499725
10.987221,-74.47612
10.983889,-74.450836
10.9830550000001,-74.423615
10.9830550000001,-74.3797299999999
10.9866660000001,-74.341675
10.99111,-74.3188929999999
10.992498,-74.313065
10.9983329999999,-74.29834
11.00111,-74.294174
11.0024990000001,-74.28862
10.9941650000001,-74.2877809999999
10.986111,-74.3005679999999
10.9808330000001,-74.3091739999999
10.976944,-74.3188929999999
10.9727760000001,-74.335556
10.971109,-74.354736
10.965832,-74.415558
10.965832,-74.422501
10.9697209999999,-74.458344
10.9705539999999,-74.464447
10.9725,-74.469177
10.886944,-74.587234
10.883055,-74.590012
10.8780540000001,-74.5922239999999
10.862499,-74.597504
10.831665,-74.6066739999999
10.8255540000001,-74.607788
10.8186089999999,-74.607788
10.788332,-74.6066739999999
10.782776,-74.60556
10.7799989999999,-74.6025089999999
10.7819440000001,-74.5905609999999
10.7833330000001,-74.585281
10.812777,-74.5191799999999
10.7755549999999,-74.465836
10.756388,-74.464737
10.7466660000001,-74.460556
10.738333,-74.455002
10.738333,-74.4066769999999
10.738888,-74.4005579999999
10.7430550000001,-74.3905639999999
10.748333,-74.3822329999999
10.751665,-74.378616
10.7591650000001,-74.372223
10.7755549999999,-74.36084
10.7797220000001,-74.358063
10.7863880000001,-74.357788
10.791943,-74.3564
10.863609,-74.33223
10.967499,-74.290558
11.012499,-74.266113
11.021387,-74.2611239999999
11.1133330000001,-74.228348
11.1238880000001,-74.2314
11.1938880000001,-74.238892
11.1994439999999,-74.238892
11.2349990000001,-74.2369539999999
11.269165,-74.215561
11.309721,-74.1889039999999
11.3313880000001,-74.155014
11.356388,-74.037231
11.355276,-74.012787
11.3480549999999,-73.985001
11.342499,-73.9694519999999
11.3397220000001,-73.9652859999999
11.3258320000001,-73.9586179999999
11.3216650000001,-73.955841
11.316666,-73.9466709999999
11.2847210000001,-73.866959
11.265833,-73.7944489999999
11.265554,-73.787231
11.2652760000001,-73.672501
11.2688879999999,-73.641953
11.2716659999999,-73.631958
11.2722210000001,-73.6258389999999
11.2730540000001,-73.594727
11.2738880000001,-73.557236
11.27133,-73.537247
11.2697220000001,-73.5088959999999
11.273333,-73.39418
11.274443,-73.374451
11.2794440000001,-73.345001
11.2858309999999,-73.316956
11.295555,-73.2844539999999
11.306389,-73.2675019999999
11.3452760000001,-73.209457
11.352777,-73.2030639999999
11.374443,-73.1972349999999
11.378611,-73.1944579999999
11.4244439999999,-73.143066
11.502777,-73.034729
11.6824990000001,-72.777237
11.6930540000001,-72.760284
11.700277,-72.746948
11.7063880000001,-72.7322239999999
11.7102780000001,-72.7222289999999
11.786943,-72.5238949999999
11.788055,-72.5113979999999
11.787222,-72.505005
11.7830540000001,-72.488342
11.782776,-72.481125
11.7833330000001,-72.475006
11.785,-72.4575039999999
11.795555,-72.420837
11.7999990000001,-72.411667
11.8758320000001,-72.279724
11.889166,-72.258621
11.9052770000001,-72.240005
11.9127769999999,-72.2336119999999
11.921389,-72.228622
12.1036109999999,-72.139404
12.1091650000001,-72.138031
12.126944,-72.138901
12.19972,-72.143341
12.205276,-72.144455
12.209999,-72.1463929999999
12.214167,-72.14917
12.216944,-72.1533359999999
12.218332,-72.1588899999999
12.216665,-72.170837
12.219999,-72.1744539999999
12.2227760000001,-72.1744539999999
12.227499,-72.172226
12.2358320000001,-72.166397
12.246387,-72.149445
12.2494430000001,-72.138626
12.257776,-72.028625
12.260277,-71.982788
12.2599979999999,-71.968903
12.2580550000001,-71.963898
12.255278,-71.959732
12.2483330000001,-71.960007
12.2427770000001,-71.9613949999999
12.2294430000001,-71.9758449999999
12.2219430000001,-71.989182
12.1950000000001,-72.011398
12.1902769999999,-72.012222
12.161943,-71.9952849999999
12.157776,-71.992783
12.1555540000001,-71.987793
12.1530550000001,-71.968338
12.1536100000001,-71.9630579999999
12.1627770000001,-71.93779
12.2024990000001,-71.868057
12.206665,-71.86557
12.216944,-71.8616789999999
12.313332,-71.809723
12.3650000000001,-71.695007
12.367777,-71.6908419999999
12.4161110000001,-71.633057
12.420832,-71.630844
12.4247209999999,-71.630844
12.438889,-71.6550139999999
12.44861,-71.686401
12.4447210000001,-71.696396
12.4394440000001,-71.704727
12.4347210000001,-71.7069549999999
12.428333,-71.708069
12.4258330000001,-71.7122339999999
12.4130549999999,-71.734177
12.4152770000001,-71.738892
12.4288880000001,-71.733063
12.437777,-71.728058
12.44861,-71.718063
12.458332,-71.693344
12.4602780000001,-71.6883389999999
12.463888,-71.664459
12.463888,-71.658615
12.453609,-71.563614
---
12.4902760000001,-81.7130579999999
12.4908330000001,-81.715836
12.4941650000001,-81.719727
12.49861,-81.7222289999999
12.501665,-81.7227779999999
12.540554,-81.720566
12.5499990000001,-81.719727
12.5649990000001,-81.7138979999999
12.580276,-81.7047269999999
12.589443,-81.6963959999999
12.5911100000001,-81.688339
12.5888880000001,-81.6833339999999
12.587221,-81.681671
12.584999,-81.680283
12.581944,-81.680008
12.533609,-81.6905669999999
12.530832,-81.691391
12.507221,-81.702515
12.4908330000001,-81.710281
---
13.3191660000001,-81.382507
13.3205550000001,-81.384171
13.329443,-81.388901
13.334999,-81.38945
13.3569430000001,-81.3836209999999
13.367222,-81.380005
13.3688890000001,-81.378067
13.377499,-81.3633419999999
13.378611,-81.353897
13.377499,-81.351395
13.374998,-81.350006
13.358055,-81.3463899999999
13.355555,-81.3463899999999
13.3344440000001,-81.3491669999999
13.3322220000001,-81.350281
13.326944,-81.355835
13.324999,-81.360565
13.323055,-81.36557
---
