-21.940834,-157.928894
-21.940559,-157.945038
-21.9386099999999,-157.948883
-21.923889,-157.963043
-21.9169459999999,-157.964478
-21.91222,-157.964478
-21.904167,-157.962799
-21.895283,-157.95752
-21.8880579999999,-157.947784
-21.879444,-157.929993
-21.880283,-157.921967
-21.8830599999999,-157.917511
-21.918331,-157.886719
-21.923889,-157.883087
-21.927223,-157.882507
-21.931393,-157.883087
-21.935558,-157.884766
-21.938053,-157.890564
---
-21.256668,-159.746979
-21.252785,-159.79364
-21.249168,-159.830292
-21.2477759999999,-159.834747
-21.2436099999999,-159.838348
-21.234722,-159.841675
-21.202782,-159.835541
-21.195831,-159.833893
-21.191113,-159.830292
-21.18861,-159.824188
-21.1875,-159.78833
-21.191669,-159.759766
-21.193054,-159.752502
-21.222778,-159.732788
-21.229721,-159.733063
-21.250835,-159.737213
-21.254169,-159.741119
---
-20.188892,-157.31723
-20.185837,-157.328064
-20.184538,-157.327789
-20.180283,-157.334442
-20.1769489999999,-157.337494
-20.150002,-157.3414
-20.141949,-157.341095
-20.1358379999999,-157.338348
-20.13306,-157.332214
-20.135281,-157.320038
-20.1375049999999,-157.315002
-20.147781,-157.309174
-20.166389,-157.305878
-20.1711119999999,-157.308929
-20.1736149999999,-157.313904
-20.178616,-157.316986
-20.188053,-157.316437
---
-20.019173,-158.116669
-20.009445,-158.126678
-19.999725,-158.130859
-19.990833,-158.129974
-19.980556,-158.126923
-19.976387,-158.123871
-19.973057,-158.118591
-19.971111,-158.113647
-19.970554,-158.106934
-19.974171,-158.094757
-19.9819409999999,-158.085297
-19.9869419999999,-158.08197
-19.996387,-158.08139
-20.0080599999999,-158.084991
-20.013336,-158.092529
-20.016113,-158.098358
---
-19.8366659999999,-158.262512
-19.8383329999999,-158.278351
-19.836117,-158.281952
-19.836948,-158.285553
-19.8333319999999,-158.291382
-19.831116,-158.292816
-19.823612,-158.293335
-19.819721,-158.291962
-19.8163949999999,-158.286682
-19.817783,-158.27948
---
-19.857227,-157.713043
-19.851665,-157.718872
-19.821117,-157.740265
-19.814167,-157.741364
-19.807507,-157.739197
-19.774174,-157.718323
-19.7702829999999,-157.713928
-19.771667,-157.709442
-19.77639,-157.70752
-19.8333319999999,-157.703369
-19.840282,-157.704163
-19.853054,-157.708649
---
-19.2736169999999,-158.934479
-19.27195,-158.943909
-19.250561,-158.955017
-19.246387,-158.955017
-19.242496,-158.951935
-19.240559,-158.946686
-19.242779,-158.941681
-19.260284,-158.924713
-19.266396,-158.925049
-19.270283,-158.92865
---
-18.893333,-159.794189
-18.890282,-159.799164
-18.8800009999999,-159.803345
-18.861389,-159.803345
-18.849171,-159.800293
-18.842503,-159.791382
-18.8413929999999,-159.78421
-18.843616,-159.779175
-18.845001,-159.777802
-18.888058,-159.785309
-18.890556,-159.78833
---
-18.091949,-163.169464
-18.08889,-163.172241
-18.079449,-163.170319
-18.057224,-163.15863
-18.056667,-163.154724
-18.062225,-163.152222
-18.069721,-163.153351
-18.080559,-163.157257
-18.089443,-163.16333
---
-11.551947,-165.43222
-11.5491699999999,-165.436401
-11.542225,-165.4375
-11.5375,-165.435028
-11.533611,-165.427826
-11.533335,-165.423096
-11.534166,-165.419464
-11.537781,-165.414185
-11.541945,-165.415039
-11.548334,-165.422241
---
-10.890837,-165.841675
-10.890556,-165.848602
-10.884169,-165.850281
-10.8811109999999,-165.84726
-10.8769449999999,-165.831146
-10.8777769999999,-165.826935
-10.882221,-165.825867
-10.888334,-165.82666
---
-10.432503,-161.026123
-10.429724,-161.031708
-10.4197239999999,-161.043335
-10.414722,-161.046661
-10.403612,-161.051147
-10.396948,-161.051697
-10.392778,-161.048615
-10.3949999999999,-161.042511
-10.423058,-161.023071
-10.428059,-161.021149
-10.431391,-161.022827
---
-10.396389,-160.978333
-10.396112,-160.98114
-10.385557,-160.993347
-10.3555559999999,-161.012512
-10.352777,-161.012512
-10.355833,-161.001404
-10.365833,-160.987762
-10.372223,-160.979736
-10.378057,-160.973602
-10.386948,-160.97168
-10.393614,-160.973358
-10.395555,-160.975586
---
-10.045835,-161.088593
-10.0436119999999,-161.093323
-10.036669,-161.09613
-10.018333,-161.090576
-10.010281,-161.082764
-10.006947,-161.078369
-10.008059,-161.072266
-10.011948,-161.072266
-10.018059,-161.074432
-10.0419449999999,-161.084442
---
-8.98527899999999,-157.946686
-8.98499900000002,-157.962494
-8.981943,-157.97226
-8.97138999999993,-157.991943
-8.96083499999997,-158.00589
-8.95666699999998,-158.009766
-8.95138900000001,-158.008362
-8.94805700000001,-158.003387
-8.95000099999999,-157.996399
-8.97583400000002,-157.943054
-8.97972299999992,-157.940308
-8.98250200000001,-157.941681
---
