10.0708330000001,-85.134171
10.071388,-85.154175
10.077499,-85.1761169999999
10.0822220000001,-85.1816709999999
10.1077770000001,-85.1972349999999
10.110554,-85.198059
10.1130540000001,-85.196945
10.1199990000001,-85.179733
10.1213870000001,-85.171112
10.1224989999999,-85.161957
10.1152760000001,-85.134171
10.105833,-85.109177
10.1041660000001,-85.107513
10.0861110000001,-85.097229
10.083332,-85.097778
10.0788880000001,-85.103897
10.07361,-85.115845
---
10.9408320000001,-84.9027859999999
11.078054,-84.6744539999999
10.953888,-84.343063
10.8986110000001,-84.2733459999999
10.82472,-84.22084
10.8197210000001,-84.2261199999999
10.814722,-84.228058
10.81111,-84.228058
10.8088870000001,-84.226959
10.80361,-84.22168
10.784525,-84.195908
10.7827680000001,-84.190643
10.784105,-84.158051
10.764166,-84.117233
10.763332,-84.114731
10.7669430000001,-84.080292
10.7780550000001,-84.040558
10.7694440000001,-83.999725
10.7636110000001,-83.9950099999999
10.7344439999999,-83.958618
10.7125000000001,-83.930008
10.709028,-83.921417
10.708611,-83.915558
10.7225000000001,-83.8700099999999
10.746111,-83.827515
10.7694440000001,-83.776672
10.7710650000001,-83.768097
10.7713600000001,-83.760849
10.7704790000001,-83.751709
10.7852760000001,-83.691116
10.7888870000001,-83.6772309999999
10.7925000000001,-83.6672359999999
10.799721,-83.6602779999999
10.8038880000001,-83.657791
10.8116659999999,-83.655289
10.8244439999999,-83.654724
10.8886110000001,-83.662231
10.924847,-83.645798
10.9236110000001,-83.642502
10.922222,-83.6402889999999
10.919969,-83.6370769999999
10.914999,-83.630005
10.908054,-83.6233369999999
10.90361,-83.6208339999999
10.8666650000001,-83.602234
10.859165,-83.599731
10.8380550000001,-83.593063
10.7855550000001,-83.576675
10.7502770000001,-83.570007
10.6999989999999,-83.558334
10.684999,-83.5527799999999
10.576387,-83.5091709999999
10.562222,-83.5025019999999
10.478888,-83.46167
10.404444,-83.415558
10.389444,-83.406113
10.2997210000001,-83.339737
10.0161090000001,-83.110565
10.0033320000001,-83.0991669999999
9.99166500000001,-83.0797269999999
9.99000000000007,-83.074448
9.95027700000003,-83.0108339999999
9.9088880000001,-82.9797359999999
9.8300000000001,-82.920288
9.74444399999993,-82.853058
9.65944300000007,-82.774445
9.65499900000009,-82.768616
9.64805400000012,-82.75473
9.63194300000004,-82.7005619999999
9.62694399999998,-82.6597289999999
9.602777,-82.608337
9.56287600000013,-82.563568
9.53555499999999,-82.5614009999999
9.49166500000013,-82.607788
9.48916600000013,-82.612228
9.48777799999999,-82.634735
9.48833300000013,-82.637787
9.50750000000005,-82.680283
9.509998,-82.684723
9.54666499999996,-82.718903
9.5808320000001,-82.74556
9.58416600000004,-82.748901
9.58611100000007,-82.754181
9.60666700000002,-82.8141779999999
9.61166600000007,-82.829727
9.61222099999998,-82.833069
9.60833200000008,-82.843063
9.60666700000002,-82.845001
9.585554,-82.864456
9.47166600000008,-82.934723
9.19944399999997,-82.931122
9.06312399999996,-82.930466
9.06722100000002,-82.8822329999999
8.98444399999994,-82.7469479999999
8.97972099999998,-82.7416689999999
8.97555500000004,-82.738892
8.9311100000001,-82.7108459999999
8.92222200000009,-82.711121
8.91583300000013,-82.714737
8.9108240000001,-82.719864
8.884998,-82.749725
8.87944400000004,-82.757782
8.87583200000012,-82.7680659999999
8.86249900000007,-82.8133389999999
8.84416600000003,-82.8564
8.84138900000011,-82.860565
8.82749899999999,-82.877792
8.82416499999999,-82.881119
8.76277700000003,-82.9144589999999
8.74277700000005,-82.9161219999999
8.73916600000007,-82.9161219999999
8.73388900000009,-82.9144589999999
8.70999899999998,-82.896667
8.690832,-82.881668
8.68805500000013,-82.877502
8.64277600000003,-82.8402859999999
8.63444299999998,-82.8344569999999
8.626665,-82.8319549999999
8.57000000000005,-82.825562
8.47465499999993,-82.8299259999999
8.43388700000008,-82.866394
8.42916500000001,-82.8719479999999
8.42499900000013,-82.878342
8.42194400000011,-82.889175
8.41722099999993,-82.915558
8.41666600000002,-82.9250029999999
8.41444400000006,-82.93306
8.39944299999996,-82.952515
8.34027700000001,-83.0177919999999
8.31055500000002,-83.0302889999999
8.29111100000006,-83.0050049999999
8.27583299999998,-82.973343
8.27694300000002,-82.97084
8.271387,-82.952515
8.26916500000004,-82.94751
8.26027700000003,-82.9358369999999
8.25472100000007,-82.930847
8.10333300000013,-82.886124
8.10027700000006,-82.885834
8.07860900000014,-82.886673
8.07194299999998,-82.886948
8.04111100000011,-82.891113
8.03083199999998,-82.894455
8.02566899999999,-82.8988489999999
8.087221,-82.895569
8.093887,-82.895844
8.10111000000006,-82.8988949999999
8.17916500000007,-82.937225
8.18749800000012,-82.942505
8.22472200000004,-82.9669489999999
8.23416500000013,-82.975006
8.25000000000006,-82.994446
8.28583099999997,-83.041397
8.30333300000001,-83.079178
8.30972100000008,-83.089737
8.33361100000002,-83.121399
8.34999800000003,-83.139175
8.35416600000008,-83.142227
8.36111100000005,-83.145569
8.36694299999999,-83.146393
8.37805400000002,-83.14418
8.38694400000003,-83.139175
8.39110900000003,-83.1361239999999
8.39583199999998,-83.130844
8.39861100000007,-83.126678
8.40027599999996,-83.121399
8.40638700000005,-83.113892
8.41277700000012,-83.109726
8.4319440000001,-83.098068
8.439165,-83.095001
8.44499999999994,-83.093903
8.44861000000003,-83.093903
8.45388800000012,-83.095291
8.59972200000004,-83.180283
8.624166,-83.232224
8.66805499999998,-83.32251
8.67083200000008,-83.326675
8.67277700000005,-83.327225
8.694166,-83.3277889999999
8.70055400000007,-83.323898
8.70333299999999,-83.323898
8.71472199999994,-83.326401
8.72694400000012,-83.341675
8.72916600000008,-83.34639
8.73222199999998,-83.3739009999999
8.72916600000008,-83.4047239999999
8.71749900000003,-83.464172
8.71194300000008,-83.479172
8.71055400000006,-83.4814
8.706388,-83.4841769999999
8.70333299999999,-83.484726
8.69166600000011,-83.4825129999999
8.61277800000011,-83.426392
8.58694300000002,-83.400009
8.57722100000012,-83.378891
8.57194300000003,-83.355835
8.56888800000002,-83.345001
8.56027599999999,-83.3258359999999
8.55888700000014,-83.3236239999999
8.53055399999994,-83.293335
8.46583200000003,-83.272507
8.45972100000012,-83.272507
8.41972199999992,-83.272232
8.38055400000013,-83.277237
8.37472200000002,-83.281677
8.37027699999999,-83.291122
8.37138700000014,-83.3075099999999
8.37277599999999,-83.31279
8.397221,-83.368057
8.41222200000004,-83.390839
8.41805500000004,-83.4008479999999
8.43388700000008,-83.4486239999999
8.44194400000004,-83.478622
8.44305400000007,-83.487793
8.44305400000007,-83.5111239999999
8.46833200000009,-83.595566
8.583055,-83.730835
8.59166500000009,-83.7361149999999
8.61249900000013,-83.73584
8.63388800000007,-83.7294459999999
8.63611000000003,-83.7286219999999
8.67472099999998,-83.708618
8.67666600000013,-83.7069549999999
8.67777599999994,-83.704727
8.68861000000004,-83.6741789999999
8.83277700000002,-83.593903
8.84944300000001,-83.587234
8.87499800000006,-83.587509
8.96777700000007,-83.6025089999999
9.02555500000011,-83.62001
9.03527600000012,-83.624176
9.04250000000008,-83.630844
9.11833200000001,-83.7050019999999
9.13888700000007,-83.725845
9.18166500000012,-83.770569
9.30222100000003,-83.934174
9.31277699999998,-83.9505619999999
9.31611099999998,-83.957779
9.33777600000002,-84.008896
9.35972200000003,-84.073624
9.37027699999993,-84.123062
9.37499800000012,-84.1461179999999
9.37861100000009,-84.149445
9.40111000000007,-84.164734
9.46861100000007,-84.2294459999999
9.50416600000005,-84.3813929999999
9.52583299999992,-84.4769589999999
9.52611000000013,-84.489456
9.52305400000006,-84.493347
9.52111100000002,-84.4983369999999
9.51888800000012,-84.523056
9.51861000000002,-84.532791
9.52083200000004,-84.537231
9.5758320000001,-84.6152799999999
9.583055,-84.6219479999999
9.63305500000001,-84.658615
9.66194299999995,-84.671402
9.68527599999999,-84.6750029999999
9.69138700000008,-84.6750029999999
9.69694300000009,-84.671951
9.72250000000008,-84.656403
9.72777700000006,-84.651123
9.734444,-84.640015
9.74222200000014,-84.634171
9.75166500000006,-84.630005
9.76444400000008,-84.629181
9.76999899999998,-84.6305689999999
9.77722200000005,-84.6338959999999
9.91833300000002,-84.707504
9.96333300000009,-84.736389
9.96666500000009,-84.74028
9.96833199999998,-84.747223
9.97027600000007,-84.766403
9.96777700000007,-84.805557
10.0033320000001,-84.8816679999999
10.028332,-84.917511
10.130278,-85.040558
10.1553400000001,-85.070023
10.2105540000001,-85.2294459999999
10.204166,-85.243057
10.180277,-85.2433469999999
10.1174980000001,-85.241119
10.1144430000001,-85.2408449999999
10.1008320000001,-85.237228
10.0963880000001,-85.235001
10.0888880000001,-85.228622
10.0844440000001,-85.2227779999999
10.083332,-85.220291
10.0797210000001,-85.199722
10.076944,-85.195557
10.0452769999999,-85.1577909999999
10.020111,-85.167282
10.0033320000001,-85.150284
9.99166500000001,-85.134445
9.99055500000003,-85.131958
9.93722200000002,-85.006393
9.89222100000006,-84.9322359999999
9.80749900000001,-84.897232
9.73055500000009,-84.951126
9.58944300000007,-85.1422269999999
9.72734800000012,-85.226791
9.77999899999998,-85.270569
9.791943,-85.286392
9.83277700000002,-85.345001
9.84527600000001,-85.380844
9.84722099999999,-85.389175
9.85833200000008,-85.4397279999999
9.8736100000001,-85.520004
9.87472200000008,-85.5258479999999
9.8711110000001,-85.5363919999999
9.86971999999992,-85.545288
9.86999900000012,-85.551956
9.87388800000002,-85.57251
9.88888700000007,-85.619171
9.90138800000005,-85.648895
9.90860900000013,-85.6644589999999
9.99472000000003,-85.714172
10.048887,-85.7527919999999
10.055555,-85.763062
10.058887,-85.766678
10.099998,-85.795288
10.194721,-85.833344
10.2433320000001,-85.850281
10.25111,-85.852783
10.3683320000001,-85.861679
10.3705540000001,-85.853348
10.410831,-85.801392
10.5902770000001,-85.654724
10.616943,-85.633057
10.626389,-85.631958
10.7969440000001,-85.675568
10.801666,-85.6844479999999
10.8088870000001,-85.708069
10.8155540000001,-85.736115
10.8155540000001,-85.739456
10.846388,-85.817505
10.891109,-85.9113919999999
10.913887,-85.884171
10.941666,-85.848892
10.943888,-85.820847
10.9374980000001,-85.743057
10.9352759999999,-85.735001
10.931389,-85.728622
10.9297220000001,-85.726669
10.9249990000001,-85.724731
10.9199980000001,-85.719177
10.9202770000001,-85.716675
10.921665,-85.714737
10.9330540000001,-85.705002
10.961666,-85.6902919999999
10.9644430000001,-85.689453
11.0444430000001,-85.667236
11.0538880000001,-85.666946
11.0583320000001,-85.6694489999999
11.0633320000001,-85.674728
11.0733320000001,-85.685837
11.075277,-85.6902919999999
11.0760610000001,-85.692383
11.2105540000001,-85.616959
11.21361,-85.614456
11.21361,-85.611389
11.2097210000001,-85.564178
11.1661110000001,-85.526947
11.1263890000001,-85.420837
11.123333,-85.3650049999999
11.121111,-85.3541719999999
11.084444,-85.266403
11.0652559999999,-85.221573
11.0469440000001,-85.1791689999999
11.0427759999999,-85.168335
11.042427,-85.1647189999999
11.0394439999999,-85.161392
11.027222,-85.133621
11.0099980000001,-85.0877839999999
---
