5.08502200000004,-3.10304100000002
5.09583300000014,-3.14861200000001
5.11722200000008,-3.16833399999996
5.10954500000008,-3.10227200000003
---
5.19749900000005,-4.73638899999997
5.20277700000014,-4.71444500000001
5.22111000000001,-4.559167
5.22166600000003,-4.55277799999993
5.22305499999999,-4.51055599999995
5.22027700000001,-4.47083400000002
5.21749999999992,-4.45277800000002
5.21805500000005,-4.44000099999994
5.2222210000001,-4.40555599999993
5.24222200000014,-4.29166700000002
5.25499900000005,-4.22833299999996
5.25638900000013,-4.22277800000001
5.27722200000005,-4.146389
5.27722200000005,-4.12611199999998
5.27722200000005,-4.10000000000002
5.27722200000005,-4.08638999999994
5.275555,-4.04777799999994
5.27416599999998,-4.03555599999999
5.27277800000007,-4.03027800000001
5.23166700000007,-4.00444499999998
5.230277,-4.00694499999997
5.20500000000004,-4.18638900000002
5.20305500000006,-4.20500099999992
5.20194400000014,-4.23777899999993
5.20138799999995,-4.264723
5.19749900000005,-4.34972299999998
5.17694400000005,-4.63027899999992
5.17083300000013,-4.65833399999997
5.16805600000004,-4.66222299999993
5.16472099999999,-4.67138999999992
5.15249899999998,-4.71388899999999
5.14444400000002,-4.753334
5.14166600000004,-4.77805599999994
5.14206100000001,-4.78768399999996
5.16831200000007,-4.78727800000001
---
5.14083300000004,-4.79138899999992
5.13472200000012,-4.83972299999999
5.12861100000003,-4.89388899999994
5.12861100000003,-4.94583399999999
5.13083300000005,-4.976945
5.13277699999998,-4.98138899999992
5.15249899999998,-5.00944500000003
5.15805499999999,-5.01111100000003
5.16416600000008,-5.01027900000003
5.17722100000003,-5.00277799999998
5.20500000000004,-4.99777799999998
5.20999899999998,-4.99722299999996
5.21194400000013,-5.00194499999998
5.21472200000011,-5.02666799999997
5.2019370000001,-5.06992200000002
5.183874,-5.10982999999993
5.20739800000007,-5.16402099999993
5.21666600000003,-5.19583399999993
5.21472200000011,-5.22888899999998
5.21094199999999,-5.26101699999992
5.21583300000003,-5.27166699999998
5.23083300000002,-5.31972300000001
5.22888900000009,-5.32444500000003
5.22527700000001,-5.32777800000002
5.20138799999995,-5.34083399999997
5.19775000000004,-5.33971100000002
5.19055100000003,-5.319773
5.19611099999997,-5.30666699999995
5.19749900000005,-5.30138999999997
5.19472200000001,-5.29722299999997
5.19106099999993,-5.29813899999999
5.189166,-5.29861199999999
5.17222199999998,-5.30861199999993
5.14849899999996,-5.35305599999992
5.16861099999994,-5.39499999999993
5.16527699999995,-5.41222299999998
5.16111100000006,-5.41333399999996
5.14888900000011,-5.41222299999998
5.14138800000012,-5.40611200000001
5.11972100000008,-5.36611199999999
5.11749900000007,-5.36138899999992
5.11694399999999,-5.34833300000003
5.11916600000001,-5.28888899999998
5.12166600000006,-5.27777900000001
5.12444400000004,-5.27361200000001
5.12916700000005,-5.27166699999998
5.13277699999998,-5.27527800000001
5.13527799999997,-5.27916699999992
5.15944400000001,-5.24027799999993
5.199207,-5.23039399999999
5.19555500000001,-5.166945
5.17043100000006,-5.13377500000001
5.16455000000002,-5.09974899999992
5.18555400000008,-5.07538399999993
5.18944400000009,-5.05277799999993
5.18749900000012,-5.04777799999994
5.17916600000001,-5.02888999999999
5.12923699999999,-5.00292899999994
5.12527799999998,-5.01027900000003
5.12388800000008,-5.015556
5.12249900000006,-5.02805599999999
5.10055500000004,-5.334723
5.09833200000014,-5.38027899999997
5.09777700000006,-5.40027800000001
5.09828700000014,-5.42837900000001
5.09138899999994,-5.48305599999998
5.0388880000001,-5.82111200000003
5.03063599999996,-5.859488
5.02277800000013,-5.88999999999993
5.01750000000004,-5.90500099999997
4.997499,-5.95888899999994
4.96166600000009,-6.05194499999999
4.95749999999998,-6.06138899999996
4.95472100000012,-6.06555599999996
4.95138800000001,-6.06916699999994
4.94305500000013,-6.07444500000003
4.93972200000007,-6.07777800000002
4.93416600000006,-6.08583399999992
4.87777700000004,-6.21499999999998
4.86835500000007,-6.24975599999993
4.86388900000003,-6.26972299999994
4.8505550000001,-6.31666799999999
4.82360999999997,-6.40638899999999
4.768888,-6.55555599999997
4.76055500000012,-6.57472200000001
4.75583300000005,-6.58361100000002
4.73722200000009,-6.59916699999997
4.72277700000001,-6.61889000000002
4.69138800000007,-6.70944499999996
4.68444400000004,-6.73694499999999
4.68305500000002,-6.75583399999994
4.68416600000012,-6.78861099999995
4.67972200000014,-6.82555599999995
4.66999899999996,-6.87138899999997
4.66000000000008,-6.90249999999998
4.65611100000001,-6.91222299999993
4.65249900000009,-6.91555599999992
4.64833300000004,-6.91833400000002
4.63194400000003,-6.92222299999992
4.62805499999996,-6.92472299999991
4.62444399999998,-6.92833400000001
4.54750000000007,-7.03416700000002
4.54194400000011,-7.04222299999998
4.53138800000011,-7.06611199999992
4.52861000000013,-7.077223
4.51805500000006,-7.12805599999996
4.51722099999995,-7.13999999999993
4.51501900000005,-7.19461399999994
4.50861100000009,-7.20666699999998
4.45249900000005,-7.30111099999993
4.39861099999996,-7.37694499999992
4.39583299999998,-7.38083399999999
4.380833,-7.393056
4.36083300000007,-7.41416700000002
4.35527700000006,-7.42222299999992
4.35055499999999,-7.430834
4.34777700000001,-7.44194499999998
4.34472199999999,-7.46638999999999
4.34472199999999,-7.47305599999999
4.34722099999999,-7.49777799999993
4.3528060000001,-7.52540199999999
4.37166600000006,-7.55138999999997
4.37499900000012,-7.55472299999997
4.38250000000011,-7.56111099999993
4.38722100000012,-7.56305600000002
4.39333199999999,-7.56389000000001
4.45138800000012,-7.56027799999993
4.4575000000001,-7.55972300000002
4.53722199999999,-7.55444499999999
4.60250000000013,-7.55111099999999
4.609444,-7.55111099999999
4.74416599999995,-7.55777799999993
4.77749899999998,-7.56027799999993
4.78361000000007,-7.56111099999993
4.78749900000014,-7.56389000000001
4.81082099999998,-7.587425
4.82194399999997,-7.59083399999997
4.90583300000003,-7.58833399999997
5.05138900000003,-7.56055600000002
5.09472200000005,-7.51111099999997
5.09222199999994,-7.50694499999997
5.09361100000012,-7.50139000000001
5.10111000000012,-7.49527799999993
5.31444399999998,-7.37194499999993
5.32333300000005,-7.36749999999995
5.32944400000014,-7.36666699999995
5.335555,-7.36749999999995
5.36749900000001,-7.37611199999992
5.37222200000002,-7.37805600000002
5.375833,-7.38166699999999
5.37694400000009,-7.38722200000001
5.37416600000012,-7.391389
5.36888900000014,-7.39250099999998
5.36055499999998,-7.398056
5.36111099999994,-7.40277899999995
5.36444400000005,-7.40638899999993
5.39361100000013,-7.42500000000001
5.39833300000004,-7.42694499999999
5.43055500000014,-7.43638899999996
5.43722200000002,-7.43638899999996
5.48583300000013,-7.41638899999992
5.54083299999996,-7.391389
5.56944400000009,-7.37249999999995
5.63142800000014,-7.39976699999994
5.646388,-7.40555599999993
5.71499900000003,-7.431667
5.74360999999993,-7.43611099999998
5.78944400000012,-7.43305599999997
5.81138799999997,-7.42777799999999
5.83944400000001,-7.42333400000001
5.84972200000004,-7.42666700000001
5.85361099999994,-7.42944499999999
5.86055500000003,-7.43638899999996
5.86249900000013,-7.44138899999996
5.85972200000003,-7.45249999999993
5.85749900000013,-7.46111200000001
5.84333300000009,-7.49805600000002
5.88305500000007,-7.56361199999992
5.93805500000013,-7.65500099999997
5.91750000000008,-7.67833400000001
5.9105550000001,-7.67805600000003
5.90583300000003,-7.68000000000001
5.90444400000001,-7.68555600000002
5.90555500000011,-7.690834
5.90972099999999,-7.70055599999995
5.91500000000002,-7.70888899999994
5.94444399999992,-7.75472300000001
5.94722200000012,-7.75888900000001
5.95055500000001,-7.76222200000001
5.97361100000006,-7.78111199999995
5.98249900000002,-7.78583299999997
6.00916600000005,-7.78138899999999
6.01944400000014,-7.77805599999999
6.07055500000007,-7.78916700000002
6.20277700000014,-7.82222299999995
6.20944400000002,-7.82916699999993
6.24527699999993,-7.875834
6.26194399999997,-7.89777899999996
6.30055500000009,-7.99944499999998
6.293611,-8.06750099999999
6.27777800000001,-8.12222299999996
6.27555499999994,-8.14361200000002
6.27500000000003,-8.16972399999992
6.36055499999992,-8.37444499999992
6.435833,-8.47527899999994
6.49027700000011,-8.54083399999996
6.49305500000008,-8.54499999999996
6.49500000000006,-8.54972299999997
6.50781500000005,-8.60638399999993
6.518888,-8.60388899999992
6.52499999999998,-8.60333400000002
6.52916600000009,-8.60055699999992
6.52638800000011,-8.58944499999996
6.52666700000009,-8.58249999999998
6.52999999999997,-8.57222400000001
6.53416600000008,-8.56944499999997
6.53972099999999,-8.56833499999999
6.54333300000002,-8.565001
6.54611100000005,-8.560835
6.54944400000011,-8.56305700000001
6.55333300000001,-8.57277899999997
6.55888800000008,-8.57277899999997
6.56222200000008,-8.56944499999997
6.56388900000002,-8.56389000000001
6.559166,-8.54777899999993
6.559999,-8.54166799999996
6.56222200000008,-8.536945
6.56638800000002,-8.53416799999997
6.57805500000006,-8.53250099999997
6.58472200000011,-8.53250099999997
6.59638899999999,-8.53472299999999
6.60250000000008,-8.53416799999997
6.60611100000006,-8.53083399999997
6.60472200000009,-8.52527800000001
6.6005550000001,-8.52250099999992
6.59388799999999,-8.51527800000002
6.59194400000013,-8.51055699999995
6.59416599999992,-8.50583499999993
6.59888799999999,-8.50500099999994
6.60416600000008,-8.50666799999993
6.61055500000009,-8.50722299999995
6.61444399999999,-8.50472299999996
6.61527699999999,-8.49972299999996
6.61333300000007,-8.495001
6.60916600000007,-8.49222399999996
6.609444,-8.48694599999999
6.61361000000005,-8.48389099999991
6.61833300000006,-8.48611299999999
6.62305500000014,-8.48416700000001
6.62666600000011,-8.48083500000001
6.62861099999992,-8.47583400000002
6.63277700000003,-8.47305699999993
6.63027800000003,-8.46361199999996
6.63166600000011,-8.458057
6.6358330000001,-8.45527800000002
6.64805500000006,-8.45416799999998
6.65360999999996,-8.45277800000002
6.65777700000012,-8.45027900000002
6.65916600000014,-8.44444499999992
6.65395300000012,-8.43974599999996
6.65241600000013,-8.43507
6.66722200000004,-8.41805599999998
6.71555499999999,-8.37861299999997
6.73083300000008,-8.369167
6.74805500000002,-8.35916699999996
6.78444400000012,-8.33972399999999
6.81055500000014,-8.32750099999993
6.85527700000011,-8.30944599999998
6.86083300000013,-8.308334
7.02277800000007,-8.29055599999992
7.17611000000011,-8.28555699999993
7.18083300000006,-8.28777899999994
7.20305500000001,-8.32333399999993
7.22944399999994,-8.35055699999998
7.31527699999992,-8.39194499999996
7.37722200000013,-8.40305699999993
7.42027799999994,-8.41000200000002
7.44444399999998,-8.41083300000003
7.45611100000002,-8.40888999999993
7.46916600000003,-8.40833500000002
7.49638800000014,-8.41583400000002
7.52767499999999,-8.43298700000003
7.53518100000002,-8.43924299999992
7.56132500000012,-8.46974899999998
7.60472200000004,-8.42027899999999
7.61916600000001,-8.40305699999993
7.61722200000014,-8.39333299999998
7.5825000000001,-8.28555699999993
7.546944,-8.22500000000002
7.54499900000002,-8.22138999999999
7.54305600000004,-8.21666699999992
7.54499900000002,-8.21194500000001
7.56944400000003,-8.18805700000001
7.57360999999997,-8.18527799999998
7.57972100000001,-8.18444599999998
7.59138899999999,-8.186668
7.61055500000003,-8.18694499999998
7.61666600000012,-8.18639000000002
7.62638900000007,-8.182501
7.78249900000009,-8.09444599999995
7.80540299999996,-8.08042699999999
7.83444400000013,-8.106112
7.84583300000014,-8.11555699999997
7.84999900000003,-8.11805699999996
7.85527700000011,-8.11972199999997
7.86222200000009,-8.12000099999995
7.86833299999995,-8.119167
7.87333299999995,-8.11722399999996
7.94500000000005,-8.07944499999996
7.95333299999993,-8.073891
7.97083300000003,-8.05694599999993
7.98249899999996,-8.05499999999995
8.01277699999997,-8.05111099999993
8.02500000000003,-8.04972299999997
8.03282000000013,-8.05339099999998
8.03027700000007,-8.01888999999994
8.018505,-7.94683799999996
8.03111100000012,-7.94944500000003
8.0413880000001,-7.953056
8.15388899999999,-7.99944499999998
8.17972200000014,-8.02055699999994
8.16416500000008,-8.05583399999995
8.16277700000001,-8.06805600000001
8.16388699999999,-8.07249999999999
8.17444400000005,-8.11000100000001
8.19777700000009,-8.17472299999991
8.24027599999999,-8.22888899999998
8.27444300000008,-8.231945
8.314999,-8.23472399999997
8.44268199999999,-8.24328599999996
8.44666500000005,-8.24194499999993
8.45416600000004,-8.23555599999997
8.496666,-8.19805699999995
8.50166500000012,-8.18222200000002
8.50166500000012,-8.17527999999993
8.50166500000012,-7.94889000000001
8.48749900000007,-7.81916699999999
8.48472199999998,-7.815001
8.45833199999993,-7.78722299999993
8.45083200000005,-7.78111199999995
8.41805500000004,-7.76194500000003
8.41333200000003,-7.75972300000001
8.395555,-7.75694499999992
8.38472200000001,-7.75388900000002
8.37972100000013,-7.75194499999992
8.37638900000013,-7.74833399999994
8.37305500000014,-7.73777899999999
8.37249899999995,-7.73166800000001
8.37083200000006,-7.69777899999997
8.37388800000014,-7.66305599999998
8.37841599999996,-7.64653600000003
8.38499800000011,-7.648056
8.398054,-7.65583399999997
8.41583300000002,-7.66555599999998
8.43499900000006,-7.67416699999995
8.44027699999998,-7.67555600000003
8.54749900000007,-7.67527899999993
8.60999900000002,-7.67194499999994
8.61611000000011,-7.67250099999995
8.62499800000006,-7.67750100000001
8.71416700000003,-7.74722299999996
8.72110900000013,-7.75444499999992
8.75416600000005,-7.79027799999994
8.75694299999998,-7.79444499999994
8.77722200000005,-7.87527799999992
8.77361100000007,-7.89250099999998
8.76722100000001,-7.90694500000001
8.76722100000001,-7.91416700000002
8.77527600000002,-7.93361199999998
8.78333300000014,-7.94611200000003
8.78666499999997,-7.94972200000001
8.79555499999992,-7.954722
8.813332,-7.95777800000002
8.82027600000009,-7.95777800000002
8.83194400000002,-7.95583299999993
8.93305399999997,-7.93666699999994
8.96694400000007,-7.92972299999997
8.97722100000004,-7.92638999999997
8.99666600000012,-7.91833400000002
9.00916500000005,-7.91000100000002
9.01610900000014,-7.90305599999994
9.02166600000004,-7.89472299999994
9.069166,-7.81055599999996
9.07245100000006,-7.73648900000001
9.08194399999996,-7.731945
9.08805500000005,-7.73277899999999
9.09694300000007,-7.73777899999999
9.09972199999993,-7.74194499999999
9.12583200000006,-7.79722299999992
9.17472100000003,-7.89611099999996
9.1827770000001,-7.90833400000002
9.18611000000004,-7.91222299999993
9.19444300000009,-7.917778
9.19916499999999,-7.92000000000002
9.20472099999995,-7.92138999999997
9.21777700000001,-7.92083400000001
9.229443,-7.91888899999992
9.24055499999997,-7.91555599999992
9.34666599999997,-7.87916799999999
9.35638800000004,-7.87527799999992
9.39194300000008,-7.95361100000002
9.3874990000001,-7.97027799999995
9.38722000000007,-8.01333399999993
9.38888700000001,-8.02527800000001
9.39749900000004,-8.05139000000003
9.40916600000014,-8.06027799999993
9.41881000000012,-8.06451800000002
9.46416700000009,-8.10916700000001
9.4969440000001,-8.13194499999997
9.5338880000001,-8.14361200000002
9.55722000000003,-8.14527900000002
9.62055400000008,-8.14750099999998
9.80305499999997,-8.115835
9.80805400000008,-8.11361099999999
9.80900200000002,-8.11117899999994
9.81138800000008,-8.10583500000001
9.81555399999996,-8.10333400000002
9.82110999999998,-8.101946
9.86111099999994,-8.10388899999992
9.86722200000003,-8.104445
9.88610999999997,-8.13000099999994
9.92027700000006,-8.15694599999995
9.92555400000009,-8.15833499999997
9.94416600000011,-8.16055699999998
9.98138800000004,-8.14861300000001
9.98638699999992,-8.14666699999992
10.0466650000001,-8.10972399999997
10.05361,-8.102779
10.0563890000001,-8.098612
10.057777,-8.09305599999993
10.0594440000001,-8.07361199999997
10.0644440000001,-8.05750099999995
10.069443,-8.04861299999993
10.077221,-8.03527800000001
10.089167,-8.01916699999992
10.0994430000001,-8.00916699999999
10.1119440000001,-8.000834
10.165611,-7.97398399999992
10.160555,-7.96666699999997
10.1591660000001,-7.96083399999998
10.1566660000001,-7.94249999999994
10.1574990000001,-7.93638899999996
10.1738869999999,-7.88916699999999
10.199165,-7.83194400000002
10.204166,-7.82305599999995
10.206944,-7.81888999999995
10.245277,-7.78777799999995
10.281944,-7.76250099999999
10.294424,-7.75417699999997
10.2986110000001,-7.75333399999994
10.309444,-7.75639000000001
10.3308320000001,-7.75472300000001
10.3772220000001,-7.731945
10.4002760000001,-7.70694399999996
10.406387,-7.69944499999997
10.444166,-7.64527800000002
10.4469430000001,-7.64111100000002
10.4483320000001,-7.63555599999995
10.4472220000001,-7.62999999999994
10.3972210000001,-7.45166699999993
10.3508320000001,-7.35972299999997
10.3383330000001,-7.351111
10.3294430000001,-7.34750100000002
10.3233320000001,-7.34666700000002
10.3172210000001,-7.34750100000002
10.254444,-7.269723
10.2366660000001,-7.18388900000002
10.224722,-7.13333399999999
10.221388,-7.12277799999998
10.203333,-7.07861100000002
10.19861,-7.06944499999992
10.192499,-7.06249999999994
10.188332,-7.05944499999998
10.179998,-7.05388899999997
10.1705549999999,-7.04944499999999
10.158054,-7.04138899999992
10.1500000000001,-7.03555599999993
10.1463870000001,-7.03194500000001
10.1438880000001,-7.02777900000001
10.1416660000001,-7.02305599999994
10.141109,-7.01666699999998
10.1419430000001,-7.01027899999997
10.1474990000001,-6.98805600000003
10.1530550000001,-6.97277800000001
10.158888,-6.96444500000001
10.1719440000001,-6.94972199999995
10.1830540000001,-6.94694500000003
10.2016659999999,-6.94500099999993
10.214722,-6.94583399999993
10.2227760000001,-6.95166699999993
10.2288880000001,-6.95916699999992
10.2424980000001,-6.98055599999998
10.2472210000001,-6.98249999999996
10.259165,-6.98055599999998
10.33,-6.96222299999999
10.3349990000001,-6.96027900000001
10.339167,-6.957223
10.353054,-6.94361099999998
10.3544430000001,-6.93805599999996
10.350555,-6.71972299999993
10.354067,-6.656407
10.3572219999999,-6.65333399999992
10.3647209999999,-6.64833399999992
10.4308320000001,-6.63194499999997
10.436388,-6.63194499999997
10.4527760000001,-6.65027800000001
10.4547210000001,-6.65527800000001
10.455276,-6.66722299999998
10.462221,-6.67444499999999
10.4705540000001,-6.67999999999995
10.4916650000001,-6.68499999999995
10.598331,-6.67666699999995
10.62611,-6.66999999999996
10.6302779999999,-6.66833399999996
10.657776,-6.65333399999992
10.6650700000001,-6.64765499999999
10.6669430000001,-6.64361200000002
10.666186,-6.63780100000002
10.661388,-6.62111199999998
10.6594430000001,-6.61611199999993
10.656666,-6.61194499999993
10.653332,-6.60833400000001
10.639444,-6.60138899999998
10.634165,-6.59972299999998
10.6222210000001,-6.59777799999995
10.612778,-6.59361199999995
10.6072220000001,-6.58499999999992
10.5761110000001,-6.53305599999993
10.548332,-6.43000000000001
10.5491660000001,-6.42361199999993
10.550554,-6.41805599999992
10.5566650000001,-6.41027799999995
10.5636100000001,-6.40333399999997
10.5822219999999,-6.38750099999993
10.5905550000001,-6.38194499999992
10.596109,-6.38333399999993
10.599443,-6.38666699999993
10.6050000000001,-6.39527800000002
10.6069430000001,-6.40027800000001
10.615276,-6.41277799999995
10.61861,-6.41638899999992
10.622776,-6.41916800000001
10.6358320000001,-6.42000000000002
10.680555,-6.41833400000002
10.6861100000001,-6.41666700000002
10.690277,-6.41416699999996
10.6950000000001,-6.40500099999997
10.735256,-6.24340199999995
10.724165,-6.22583400000002
10.721649,-6.22299299999997
10.6425000000001,-6.18889000000001
10.636389,-6.18833399999994
10.6247220000001,-6.19027799999992
10.5694430000001,-6.21250099999997
10.46361,-6.18305599999997
10.4347210000001,-6.18166699999995
10.403055,-6.18027799999999
10.3647209999999,-6.17999999999995
10.2363619999999,-6.19716699999998
10.231667,-6.18833399999994
10.2119430000001,-6.14555599999994
10.197777,-6.11138899999997
10.1908320000001,-6.09027900000001
10.190554,-6.00694499999992
10.1919440000001,-6.00139000000001
10.2086110000001,-5.98333399999996
10.224443,-5.97138999999999
10.232777,-5.96611100000001
10.2424980000001,-5.96194500000001
10.284443,-5.9375
10.3638879999999,-5.88666699999993
10.375555,-5.87777799999998
10.419167,-5.80250099999995
10.423332,-5.79249999999996
10.426426,-5.782308
10.423332,-5.74638900000002
10.4227770000001,-5.72611099999995
10.426943,-5.70916699999998
10.433054,-5.69444499999992
10.439999,-5.68055599999997
10.445555,-5.67250100000001
10.447777,-5.66750000000002
10.4505540000001,-5.65638899999993
10.4583320000001,-5.57166699999999
10.4561100000001,-5.55972299999996
10.436272,-5.51985000000002
10.4308320000001,-5.52111100000002
10.424721,-5.520556
10.349722,-5.47194500000001
10.346388,-5.46861200000001
10.301109,-5.411112
10.295555,-5.40249999999992
10.2927760000001,-5.39166699999993
10.2894440000001,-5.37111199999998
10.296944,-5.33833399999997
10.305277,-5.30750099999995
10.3191659999999,-5.26861199999996
10.319721,-5.24389000000002
10.305555,-5.13611100000003
10.304722,-5.12999999999994
10.3027760000001,-5.12499999999994
10.299166,-5.12166699999995
10.063889,-4.99027799999999
9.94860999999992,-4.94972200000001
9.86249900000001,-4.83027800000002
9.83083200000004,-4.78722299999993
9.82527700000014,-4.78555599999993
9.78527600000012,-4.77888999999993
9.77916500000003,-4.78638899999993
9.78194400000012,-4.79750100000001
9.78194400000012,-4.80472299999997
9.78055400000005,-4.81027799999998
9.77722200000005,-4.81361199999998
9.7716660000001,-4.81222199999996
9.73666599999996,-4.77527799999996
9.69805500000007,-4.70444500000002
9.69583300000005,-4.65749999999997
9.70138700000007,-4.65749999999997
9.70611000000002,-4.65555599999999
9.70833200000004,-4.65027799999996
9.71999899999992,-4.60777899999999
9.7213880000001,-4.60222199999993
9.69027700000009,-4.51472299999995
9.65749899999997,-4.42611099999999
9.61888899999997,-4.335556
9.61611000000011,-4.331389
9.60722200000009,-4.31944499999997
9.59997200000009,-4.312456
9.60111000000012,-4.30972299999996
9.65166700000009,-4.28305599999993
9.67305400000004,-4.27944499999995
9.67861000000005,-4.27944499999995
9.73916600000007,-4.26694499999996
9.74527699999993,-4.25916699999999
9.74805500000014,-4.255
9.82860900000014,-4.12694499999998
9.8300000000001,-4.12138899999997
9.8069440000001,-4.03416699999997
9.86305399999998,-3.93638899999996
9.880833,-3.90555599999993
9.88361000000009,-3.90138899999994
9.89423799999997,-3.89083699999998
9.89777800000013,-3.88222300000001
9.93361100000004,-3.75916699999993
9.93638800000014,-3.74805600000002
9.94360900000004,-3.70638899999994
9.95444300000008,-3.640556
9.95444300000008,-3.63361099999997
9.91999800000008,-3.39416699999998
9.90138800000005,-3.20861099999996
9.83611100000002,-3.12388899999996
9.72777700000006,-2.98944499999993
9.72110900000013,-2.98277799999994
9.70444300000014,-2.97166699999997
9.69527599999998,-2.96666699999992
9.62777699999998,-2.9375
9.5816650000001,-2.92305599999992
9.57194300000003,-2.91888899999992
9.48138799999992,-2.85083300000002
9.42388700000009,-2.80138899999992
9.40361000000013,-2.77972299999999
9.39805399999995,-2.771389
9.39388800000006,-2.76166699999993
9.39444400000008,-2.74999999999994
9.39638700000006,-2.745
9.40666600000003,-2.73444499999999
9.41499900000008,-2.72888899999992
9.48181700000009,-2.68556100000001
9.47138799999999,-2.67611099999999
9.46055400000012,-2.67333399999995
9.38277600000009,-2.667778
9.2297210000001,-2.68111099999993
9.22083300000008,-2.69305600000001
9.20388799999995,-2.710556
9.19555500000007,-2.71694499999995
9.121666,-2.76083399999993
9.06361000000004,-2.76749999999993
9.03305400000011,-2.73305599999992
9.03277600000001,-2.72611099999995
9.02416599999992,-2.67888900000003
9.02277800000002,-2.67333399999995
9.01861000000014,-2.663611
9.01305399999995,-2.65555599999999
9.00944299999998,-2.65194500000001
8.91444400000012,-2.61666700000001
8.84333199999992,-2.59722199999999
8.82472000000007,-2.59555599999999
8.81860899999998,-2.59611099999995
8.813332,-2.59777799999995
8.80833200000001,-2.59972199999999
8.78413999999998,-2.617796
8.78055400000005,-2.61444499999993
8.77972199999999,-2.60833400000001
8.78124600000012,-2.58499299999994
8.77135299999998,-2.58161399999995
8.76499900000005,-2.57944500000002
8.71333299999998,-2.57083399999993
8.64472200000012,-2.55944499999998
8.24944299999999,-2.49555600000002
8.19777700000009,-2.48777799999993
8.16416500000008,-2.56027799999998
8.1219440000001,-2.60027799999995
8.023054,-2.66027800000001
7.94666600000005,-2.77444500000001
7.939166,-2.77583399999997
7.85361100000011,-2.78499999999997
7.756666,-2.83972299999994
7.74198100000012,-2.85498799999999
7.5955550000001,-2.92361099999999
7.4319440000001,-2.94861100000003
7.26222099999995,-2.97333299999997
7.07305499999995,-3.02388899999994
7.05062199999998,-3.09635500000002
7.00194400000004,-3.11888900000002
6.81861600000008,-3.22444199999995
6.75333300000011,-3.20888899999994
6.69527699999998,-3.20666699999998
6.65444400000007,-3.23472299999997
6.64222100000001,-3.24305599999997
6.63722100000001,-3.24499999999995
6.61611100000005,-3.24861099999998
6.61138800000009,-3.24916699999994
6.54277700000006,-3.231945
6.44694400000009,-3.20722199999994
6.29277700000011,-3.16916699999996
6.27222200000006,-3.16722199999998
6.26694399999997,-3.16722199999998
6.25631199999992,-3.16803899999996
6.24888800000014,-3.14944500000001
6.24694400000004,-3.14472199999994
6.14527700000002,-3.09472199999999
6.11166600000007,-3.08861099999996
5.9919440000001,-3.07027799999992
5.85777799999994,-3.00638900000001
5.70750000000004,-3.01361099999997
5.62722200000013,-2.96027800000002
5.61388900000009,-2.93777799999998
5.61194400000011,-2.93277799999998
5.61111100000011,-2.92666700000001
5.61694400000005,-2.89999999999998
5.62444399999998,-2.87999999999994
5.62944399999998,-2.83999999999992
5.61555500000009,-2.79749999999996
5.57916599999999,-2.76444500000002
5.44638800000013,-2.74166700000001
5.35111000000006,-2.76111100000003
5.35111000000006,-2.76777800000002
5.34999899999997,-2.77333399999992
5.28027700000007,-2.78361100000001
5.20666600000004,-2.76361100000003
5.20166600000005,-2.76166699999993
5.17305499999998,-2.744167
5.14749900000004,-2.72916700000002
5.13527799999997,-2.729445
5.11277800000011,-2.73444499999999
5.10083300000014,-2.75361199999998
5.10022200000003,-2.92812800000002
5.11249900000007,-2.9325
5.11611099999999,-2.93361099999998
5.1194440000001,-2.93027799999999
5.13277699999998,-2.89583299999998
5.13944400000003,-2.87527799999992
5.14194400000014,-2.85749999999996
5.13916599999993,-2.84638899999993
5.14111000000003,-2.84166699999992
5.14666700000009,-2.84166699999992
5.15749899999997,-2.84416700000003
5.16722199999998,-2.84833300000003
5.17472200000003,-2.85305599999998
5.18222100000003,-2.85916699999996
5.18777800000009,-2.86722199999997
5.18638800000002,-2.87277799999993
5.16833300000008,-2.92972199999997
5.12888800000007,-3.00611099999998
5.14222100000012,-3.13611100000003
5.20527700000008,-3.19666699999999
5.20944400000002,-3.19916699999999
5.235277,-3.19749999999999
5.27611099999996,-3.17138899999998
5.3077770000001,-3.14166699999993
5.312499,-3.13249999999999
5.31611100000003,-3.129167
5.32555500000007,-3.125
5.33833300000003,-3.124167
5.35555600000004,-3.1275
5.35972199999998,-3.13
5.36305500000003,-3.13361099999997
5.36777699999993,-3.14249999999993
5.36666600000001,-3.15472299999999
5.35749900000008,-3.226111
5.33944400000007,-3.25583399999994
5.33527800000002,-3.25861099999992
5.32999999999993,-3.25861099999992
5.32444399999997,-3.25722300000001
5.27805500000005,-3.26027800000003
5.2263880000001,-3.26499999999993
5.1425000000001,-3.27638899999999
5.13305500000007,-3.28055599999999
5.12222200000008,-3.28722199999999
5.1194440000001,-3.29138899999992
5.11805500000008,-3.29722299999992
5.11694399999999,-3.31611199999998
5.11694399999999,-3.34361100000001
5.11777699999999,-3.35666699999996
5.12360999999999,-3.39888899999994
5.13055500000013,-3.42638899999997
5.13805500000001,-3.44611099999997
5.14222100000012,-3.46249999999998
5.14749900000004,-3.51249999999999
5.15134599999999,-3.55006800000001
5.17499900000001,-3.67027799999994
5.19111099999998,-3.75666699999994
5.19111099999998,-3.78694499999995
5.19138800000002,-3.80055599999992
5.19277800000009,-3.81277799999998
5.230277,-3.95222200000001
5.23833300000007,-3.97833300000002
5.25361099999992,-4.00416799999999
5.25833299999999,-4.005
5.26110999999992,-4.000834
5.27166699999998,-3.93777799999998
5.26944400000008,-3.88916699999999
5.26499899999999,-3.84527800000001
5.25805500000013,-3.78111099999995
5.25777700000003,-3.73861099999999
5.25916599999999,-3.732778
5.26194400000003,-3.72888899999998
5.27611099999996,-3.71583399999992
5.28083300000003,-3.71361100000001
5.35333299999996,-3.75444499999992
5.37055500000014,-3.771389
5.37555500000008,-3.80777799999998
5.37416600000012,-3.813334
5.36527700000005,-3.81805599999996
5.35833300000013,-3.81277799999998
5.34472199999999,-3.79833400000001
5.33027700000014,-3.77861099999996
5.32333300000005,-3.77166699999998
5.28222200000005,-3.73749999999995
5.27833299999998,-3.73638899999997
5.27361100000007,-3.73861099999999
5.2700000000001,-3.74249999999995
5.2724990000001,-3.79583400000001
5.29666600000002,-3.84861100000001
5.31999999999994,-3.91138899999993
5.29666600000002,-4.06027799999993
5.30305500000003,-4.32333399999993
5.29666600000002,-4.46555599999999
5.294444,-4.47055599999993
5.28500000000003,-4.48027799999994
5.28111099999995,-4.48277899999999
5.275555,-4.48277899999999
5.27194399999996,-4.47944499999994
5.25722200000013,-4.51250099999993
5.24027699999999,-4.59777800000001
5.23749899999996,-4.61305599999997
5.2247220000001,-4.74166699999995
5.21224600000005,-4.79850399999992
5.20972199999994,-4.80083400000001
5.18722200000008,-4.81249999999994
5.17833300000001,-4.81166699999994
5.17166600000013,-4.80499999999995
5.16888799999998,-4.80083400000001
5.16831200000007,-4.78727800000001
---
