42.7247160000001,16.894444
42.727776,16.835831
42.7288820000001,16.8302760000001
42.7322160000001,16.82222
42.743332,16.8124960000001
42.7680510000001,16.8138890000001
42.775551,16.8183330000001
42.777771,16.860832
42.777771,16.865276
42.777496,16.871387
42.7736050000001,16.927219
42.7724990000001,16.932777
42.7683260000001,16.93972
42.7602770000001,16.940277
42.741104,16.927219
42.73111,16.9155539999999
42.7291640000001,16.9119420000001
42.7261050000001,16.903889
---
42.6916660000001,17.739998
42.6983260000001,17.727497
42.705551,17.699718
42.707771,17.6894420000001
42.71833,17.6347200000001
42.7205510000001,17.6113849999999
42.7283330000001,17.5486110000001
42.757217,17.3724980000001
42.761665,17.3586080000001
42.7724990000001,17.3347210000001
42.7772220000001,17.328609
42.788055,17.321663
42.789993,17.3252750000001
42.802216,17.3630520000001
42.801941,17.378052
42.7977750000001,17.399441
42.736664,17.6624980000001
42.735275,17.667221
42.709999,17.7305530000001
42.7030490000001,17.7402760000001
42.69416,17.746109
42.69194,17.7449990000001
---
42.956108,16.863331
42.9569400000001,16.873608
42.961937,16.896385
42.9688870000001,16.911388
42.973328,16.9405520000001
42.976387,16.9655530000001
42.976662,17.0197219999999
42.975273,17.0447200000001
42.961937,17.1358300000001
42.91861,17.183609
42.911659,17.1344410000001
42.9113850000001,17.123886
42.9287190000001,16.981972
42.9113850000001,16.941109
42.8977740000001,16.8661080000001
42.9038850000001,16.831665
42.919441,16.7236100000001
42.926109,16.672222
42.9212880000001,16.660887
42.9294620000001,16.64082
42.949532,16.669064
42.9569630000001,16.7077120000001
42.969597,16.6943340000001
42.9811100000001,16.6330530000001
42.9836040000001,16.63472
42.9866640000001,16.64333
42.9908290000001,16.6861079999999
42.9849930000001,16.721107
42.9799960000001,16.7336080000001
42.9727710000001,16.756943
42.9691620000001,16.772221
42.9599990000001,16.8205530000001
---
42.9599990000001,17.4261090000001
42.9549940000001,17.439163
42.953049,17.4424969999999
42.9477769999999,17.4480550000001
42.9202730000001,17.5227780000001
42.8747180000001,17.6616630000001
42.8869400000001,17.653053
42.8890760000001,17.649841
42.9188840000001,17.6844440000001
42.921661,17.687775
42.9272160000001,17.6980550000001
42.9269410000001,17.714996
42.9202730000001,17.744442
42.9038850000001,17.797497
42.870277,17.8411100000001
42.859718,17.845276
42.8566670000001,17.8475
42.823608,17.8766630000001
42.8191600000001,17.882774
42.77916,17.9599990000001
42.7680510000001,17.9822199999999
42.7613830000001,17.9988860000001
42.6950000000001,18.160553
42.648888,18.2219430000001
42.64222,18.2319410000001
42.6202770000001,18.2649990000001
42.6183320000001,18.2686080000001
42.615555,18.276943
42.614441,18.2880549999999
42.6169430000001,18.302498
42.6194380000001,18.311665
42.628883,18.3352780000001
42.6291659999999,18.346664
42.626663,18.3624990000001
42.614441,18.397499
42.606384,18.4119420000001
42.565826,18.455555
42.521111,18.453331
42.512497,18.453331
42.500275,18.455276
42.486938,18.460278
42.4777760000001,18.466389
42.4652710000001,18.4794430000001
42.451111,18.498055
42.44944,18.503197
42.4352720000001,18.5191649999999
42.432495,18.521942
42.4263840000001,18.5249980000001
42.398331,18.5261080000001
42.3966600000001,18.524166
42.3988880000001,18.5130540000001
42.406105,18.504444
42.496559,18.3570670000001
42.5794369999999,18.214722
42.663605,18.057777
42.7677760000001,17.87722
42.7991640000001,17.7500000000001
42.794998,17.735275
42.840828,17.552498
42.873886,17.439163
42.915276,17.364998
42.979164,17.2180520000001
42.9830549999999,17.203609
42.9836040000001,17.1986080000001
42.9819410000001,17.194721
42.9769440000001,17.1888890000001
42.9749980000001,17.1852759999999
42.9749980000001,17.173885
42.976662,17.1452750000001
42.986382,17.0716630000001
43.005272,17.013054
43.007217,17.011665
43.0466610000001,17.004166
43.0477750000001,17.0066640000001
43.048882,17.015831
43.01194,17.2688870000001
43.0069430000001,17.298885
---
43.009995,16.0933300000001
43.010551,16.064442
43.063049,16.050552
43.070274,16.066109
43.0774990000001,16.084999
43.0811080000001,16.1036110000001
43.0822220000001,16.113888
43.0824970000001,16.139721
43.081665,16.1849980000001
43.078331,16.230553
43.073883,16.246944
43.0724950000001,16.251942
43.0691600000001,16.2533300000001
43.0624920000001,16.2547190000001
43.059715,16.2524990000001
43.0247190000001,16.2113880000001
43.0222170000001,16.208332
---
43.213013,16.5776420000001
43.2182160000001,16.5954820000001
43.213882,16.613331
43.2167280000001,16.647509
43.211525,16.6601450000001
43.2002720000001,16.66222
43.1825410000001,16.690619
43.166187,16.6995370000001
43.161728,16.7196039999999
43.1613850000001,16.811108
43.149162,16.9613880000001
43.136108,17.1163859999999
43.1379430000001,17.156637
43.1260530000001,17.1900830000001
43.120106,17.16407
43.1163860000001,17.1099970000001
43.112495,17.057777
43.120552,16.879719
43.1312560000001,16.747849
43.1191640000001,16.6661110000001
43.1197200000001,16.654163
43.143608,16.5338859999999
43.1602710000001,16.464722
43.1694409999999,16.4305529999999
43.1888890000001,16.378609
43.1908260000001,16.374443
43.1941600000001,16.3730550000001
43.1966630000001,16.37611
43.198051,16.3799970000001
43.210274,16.4572220000001
43.211937,16.47583
43.207809,16.517439
43.1810530000001,16.5612930000001
43.1840250000001,16.582102
43.213013,16.553116
43.221931,16.524872
43.229362,16.527845
43.224903,16.5441970000001
43.233082,16.5501420000001
43.23085,16.562035
---
43.2666630000001,16.8430520000001
43.2674940000001,16.8261110000001
43.2686080000001,16.7933310000001
43.266106,16.716389
43.2652740000001,16.7061080000001
43.2616650000001,16.6872220000001
43.2619400000001,16.628887
43.2686080000001,16.577499
43.2763820000001,16.5197220000001
43.285271,16.487778
43.312775,16.4186100000001
43.3166660000001,16.4108310000001
43.31916,16.408054
43.325554,16.40472
43.3297200000001,16.40472
43.38916,16.4263879999999
43.3911060000001,16.429996
43.390831,16.436108
43.379166,16.6011090000001
43.3686070000001,16.7002750000001
43.3627780000001,16.7530520000001
43.3594440000001,16.7761080000001
43.352219,16.8052750000001
43.350555,16.809444
43.3216629999999,16.879719
43.3197170000001,16.883888
43.317215,16.8866650000001
43.310272,16.888611
43.297775,16.887218
43.269165,16.851665
---
43.3291630000001,16.3772200000001
43.3299940000001,16.3716659999999
43.345833,16.3144420000001
43.3827740000001,16.208611
43.3852770000001,16.2058300000001
43.4038850000001,16.1977769999999
43.407494,16.19722
43.411659,16.1983300000001
43.4141619999999,16.2069440000001
43.4138870000001,16.239441
43.4127730000001,16.251942
43.4083330000001,16.2797200000001
43.394165,16.3263850000001
43.3922200000001,16.3305549999999
43.3405530000001,16.3897210000001
43.3372190000001,16.391109
43.332771,16.390553
---
43.630554,15.684444
43.6369399999999,15.666943
43.650833,15.640833
43.6722179999999,15.608889
43.674995,15.6066670000001
43.6755519999999,15.610554
43.6733320000001,15.628054
43.67305,15.6319430000001
43.6658330000001,15.662222
43.663887,15.665554
43.6366650000001,15.703054
43.6308290000001,15.6874980000001
---
43.775925,15.376669
43.789993,15.3277760000001
43.8366620000001,15.253887
43.8458330000001,15.242498
43.84861,15.2402760000001
43.8661040000001,15.227221
43.8694380000001,15.2258320000001
43.873055,15.224998
43.876106,15.2274990000001
43.8766630000001,15.2324980000001
43.874992,15.2386089999999
43.8602750000001,15.250832
43.85527,15.256388
43.84861,15.2663879999999
43.836105,15.2933330000001
43.824715,15.32361
43.813889,15.340832
43.808884,15.3463879999999
---
43.886108,15.4422210000001
43.889999,15.414999
43.891106,15.409443
43.926384,15.3511100000001
43.9591600000001,15.302776
44.0024950000001,15.262499
44.0066600000001,15.260832
44.0097200000001,15.2655540000001
44.010826,15.2719440000001
44.010277,15.282776
43.9680480000001,15.376944
43.963333,15.3830550000001
43.8974989999999,15.444721
43.890831,15.448055
43.8872150000001,15.4466650000001
---
44.0149990000001,15.2441650000001
44.050552,15.1791650000001
44.084442,15.1299990000001
44.1327739999999,15.0694430000001
44.1536100000001,15.062222
44.157219,15.0624980000001
44.157494,15.067499
44.1088870000001,15.1561110000001
44.0997160000001,15.172777
44.0530549999999,15.2430550000001
44.0477750000001,15.248333
44.022774,15.256109
44.0166630000001,15.250555
---
44.083611,14.9924980000001
44.071758,15.021396
44.0426750000001,15.0264409999999
44.026939,15.036665
44.0138850000001,15.0502780000001
43.986938,15.0824989999999
43.9844440000001,15.0855540000001
43.9824300000001,15.0947
43.985989,15.098855
43.976791,15.1181460000001
43.9646220000001,15.120223
43.9592820000001,15.1252690000001
43.95166,15.143055
43.9263380000001,15.1843280000001
43.911942,15.216389
43.907494,15.222776
43.9011080000001,15.226387
43.8980480000001,15.223888
43.890831,15.217222
43.8711090000001,15.1941659999999
43.871941,15.18861
43.875275,15.1799980000001
43.889999,15.148333
43.8963850000001,15.137499
43.9199980000001,15.1080550000001
43.9274980000001,15.099722
43.957497,15.0716650000001
43.9738850000001,15.05722
43.9888840000001,15.047222
44.003609,15.0361100000001
44.01194,15.028889
44.05555,14.9894430000001
44.0652770000001,14.9777770000001
44.0700000000001,14.9713879999999
44.0904580000001,14.9359230000001
44.109161,14.916943
44.130272,14.8819430000001
44.1305239999999,14.867959
44.1299290000001,14.8602430000001
44.1355670000001,14.848966
44.1418,14.8305639999999
44.1459540000001,14.8213640000001
44.152782,14.8163190000001
44.159016,14.8169130000001
44.1634639999999,14.8213640000001
44.16317,14.8246300000001
44.155453,14.824332
44.1462520000001,14.835314
44.1459540000001,14.8451069999999
44.1504060000001,14.850153
44.1435810000001,14.8608370000001
44.1427760000001,14.8713870000001
44.1569440000001,14.859999
44.1661070000001,14.8538879999999
44.173607,14.8524990000001
44.1752780000001,14.8552760000001
---
44.6069410000001,14.872221
44.6091610000001,14.875555
44.607773,14.9091660000001
44.5983280000001,14.92861
44.579163,14.9602780000001
44.558628,14.969755
44.542011,14.9881550000001
44.53281,15.008337
44.525551,15.0399990000001
44.523048,15.043055
44.5172200000001,15.047499
44.481941,15.073055
44.4788820000001,15.074999
44.4772190000001,15.072222
44.479721,15.0624980000001
44.4836040000001,15.0544430000001
44.4966010000001,15.037718
44.499275,15.0172410000001
44.5141600000001,15.0108320000001
44.5242040000001,14.992607
44.5283580000001,14.9703489999999
44.5455700000001,14.946903
44.550915,14.9160380000001
44.542305,14.9142570000001
44.536964,14.9362190000001
44.487995,14.9923110000001
44.4265629999999,15.0581960000001
44.4081610000001,15.0976680000001
44.4307170000001,15.0718480000001
44.444962,15.0501830000001
44.475533,15.0427639999999
44.476662,15.046389
44.476387,15.051666
44.4747159999999,15.0558320000001
44.4586110000001,15.085278
44.4394379999999,15.116943
44.350273,15.240555
44.339165,15.2500000000001
44.335831,15.2513890000001
44.327774,15.2488880000001
44.305832,15.2191660000001
44.318237,15.1745340000001
44.2961040000001,15.174166
44.295555,15.1688880000001
44.3038860000001,15.1402760000001
44.307777,15.1325000000001
44.311943,15.125277
44.3236079999999,15.109722
44.331383,15.101665
44.338051,15.09861
44.367504,15.091435
44.3722500000001,15.1122100000001
44.37878,15.1169590000001
44.389465,15.1027140000001
44.3965870000001,15.0789710000001
44.390652,15.063539
44.393024,15.035641
44.421051,15.0234990000001
44.455944,14.976284
44.4808920000001,14.907246
44.493755,14.8986720000001
44.504887,14.917832
44.6755520000001,14.74472
44.687775,14.7366660000001
44.69416,14.7336099999999
44.6980510000001,14.7327769999999
44.700272,14.7349990000001
44.698608,14.7394429999999
44.694443,14.745277
44.660946,14.7890490000001
44.6095010000001,14.8386550000001
---
44.473328,14.516666
44.474159,14.51111
44.5902710000001,14.3674980000001
44.6552730000001,14.3477760000001
44.6991650000001,14.336111
44.707222,14.335278
44.7102740000001,14.3375
44.7102740000001,14.3433320000001
44.6977769999999,14.380554
44.696106,14.384998
44.6913830000001,14.390833
44.6883320000001,14.3930549999999
44.6813890000001,14.3952770000001
44.67305,14.3955550000001
44.6594390000001,14.3938879999999
44.6299970000001,14.394165
44.623055,14.3966659999999
44.6038820000001,14.407221
44.5922160000001,14.416111
44.581665,14.426388
44.535828,14.476665
44.526665,14.4897210000001
44.5224990000001,14.5041659999999
44.5124970000001,14.515833
44.497772,14.530554
44.4916610000001,14.5344430000001
44.487495,14.5344430000001
44.4772190000001,14.5299990000001
44.474159,14.5219440000001
---
44.79248,14.7787260000001
44.762333,14.825219
44.721664,14.861944
44.7066650000001,14.865276
44.7052760000001,14.861111
44.702499,14.8466660000001
44.7033310000001,14.8408320000001
44.7049940000001,14.836666
44.7627720000001,14.74111
44.764023,14.6998280000001
44.7947350000001,14.659252
44.7953000000001,14.687993
44.806572,14.6998280000001
44.797218,14.726944
44.820274,14.710278
44.829437,14.695276
44.8369370000001,14.686666
44.8402710000001,14.6849990000001
44.84333,14.686943
44.8533330000001,14.72361
44.847496,14.7449990000001
44.838608,14.758888
44.8037530000001,14.7573110000001
---
44.878654,14.445271
44.8274990000001,14.459444
44.8092160000001,14.465694
44.7806210000001,14.459159
44.760197,14.4738640000001
44.740555,14.4705539999999
44.700562,14.475497
44.67083,14.5063880000001
44.6402740000001,14.529165
44.6333310000001,14.531387
44.630554,14.5299990000001
44.6152730000001,14.518332
44.612778,14.515276
44.606384,14.4933320000001
44.6058270000001,14.488054
44.607773,14.483889
44.626389,14.4511110000001
44.6950000000001,14.3894440000001
44.732422,14.3889020000001
44.74876,14.374197
44.7977750000001,14.365211
44.849716,14.331388
44.8868220000001,14.3161950000001
44.9072460000001,14.294137
44.9317550000001,14.2965879999999
44.9472770000001,14.3088420000001
44.917221,14.339443
44.914993,14.3433320000001
44.9077760000001,14.359165
44.906944,14.365
44.90583,14.387499
44.9066620000001,14.3927760000001
44.9080510000001,14.396944
44.9111100000001,14.399166
44.9152759999999,14.400276
44.956108,14.3925
45.038605,14.357222
45.0452730000001,14.353888
45.0483320000001,14.3516650000001
45.0555500000001,14.343054
45.057777,14.3391670000001
45.0638890000001,14.32111
45.0680540000001,14.3138890000001
45.0730510000001,14.3080540000001
45.1033330000001,14.275276
45.1149980000001,14.2736110000001
45.119164,14.273333
45.126663,14.2761100000001
45.1674960000001,14.3058320000001
45.1727750000001,14.3116659999999
45.1749950000001,14.315277
45.175827,14.3199999999999
45.1683269999999,14.348331
45.1652760000001,14.3577769999999
45.1605530000001,14.3636090000001
45.151382,14.3697199999999
45.147217,14.3686100000001
45.1452710000001,14.365
45.142494,14.3622209999999
45.1361080000001,14.358055
45.119164,14.353888
45.1011050000001,14.3588889999999
45.052498,14.3769440000001
45.0047150000001,14.4100000000001
44.99305,14.4188880000001
44.984718,14.426388
44.982403,14.4640610000001
44.95953,14.4763150000001
44.950542,14.462426
44.9096980000001,14.4550740000001
---
44.9399950000001,14.7336099999999
44.940277,14.721388
44.9477770000001,14.6983319999999
44.966942,14.6430550000001
44.9686050000001,14.6386110000001
45.019985,14.56291
45.033333,14.486944
45.037498,14.4797209999999
45.04805,14.4636100000001
45.0674970000001,14.439444
45.0724950000001,14.4333320000001
45.0783309999999,14.428888
45.086105,14.428055
45.090271,14.4291650000001
45.124554,14.46406
45.144974,14.523697
45.2394410000001,14.539165
45.2461090000001,14.549166
45.2483290000001,14.5525
45.248055,14.557777
45.241943,14.5830550000001
45.2405550000001,14.5880550000001
45.238609,14.5916649999999
45.2322160000001,14.5955540000001
45.1227719999999,14.6577760000001
45.068329,14.704166
45.0091630000001,14.7925
44.996384,14.806665
44.987778,14.8133320000001
44.980553,14.815554
44.9766619999999,14.814444
44.9694440000001,14.8049980000001
44.942497,14.7605550000001
44.941383,14.755833
---
46.473053,16.584721
46.47496,16.599258
46.4762340000001,16.6078720000001
46.4749980000001,16.6286090000001
46.4655530000001,16.66111
46.3913880000001,16.8013879999999
46.369995,16.8405530000001
46.3558270000001,16.8661080000001
46.3469390000001,16.873886
46.3411100000001,16.8783300000001
46.337494,16.8788870000001
46.3085710000001,16.879025
46.304504,16.880577
46.2849960000001,16.8899990000001
46.282494,16.892776
46.2599950000001,16.91972
46.249451,16.937771
46.2336040000001,16.973053
46.214165,17.0402760000001
46.1816640000001,17.1497190000001
46.1799930000001,17.153889
46.1777730000001,17.1574970000001
46.1572190000001,17.1799960000001
46.151939,17.1855550000001
46.097221,17.2300000000001
46.083611,17.239441
46.053329,17.2547190000001
46.0230480000001,17.2586099999999
46.0205539999999,17.255554
46.01722,17.256943
45.9752730000001,17.311386
45.953331,17.3511090000001
45.9499970000001,17.3586080000001
45.938049,17.3894420000001
45.934715,17.418053
45.9344410000001,17.423332
45.937218,17.431664
45.9397200000001,17.434719
45.9436040000001,17.4341660000001
45.9454270000001,17.432858
45.9524989999999,17.427776
45.9544370000001,17.4586110000001
45.940552,17.576664
45.936943,17.5852780000001
45.93222,17.5916630000001
45.90583,17.62611
45.8930510000001,17.640274
45.877495,17.6494410000001
45.8531340000001,17.6526950000001
45.840828,17.6572190000001
45.8383329999999,17.66
45.834999,17.6694410000001
45.783882,17.880833
45.7869420000001,18.006386
45.787216,18.1533320000001
45.7844390000001,18.189163
45.7833330000001,18.2019420000001
45.7811050000001,18.2208330000001
45.778328,18.2308310000001
45.773888,18.238052
45.7683260000001,18.242775
45.764442,18.2505530000001
45.7624970000001,18.2608300000001
45.7547150000001,18.329441
45.7541659999999,18.335831
45.748329,18.407497
45.7491610000001,18.4241640000001
45.752777,18.443333
45.7983320000001,18.551666
45.8016660000001,18.559444
45.8255540000001,18.595276
45.8302760000001,18.601665
45.845833,18.6147190000001
45.856941,18.622219
45.9136050000001,18.7155530000001
45.909439,18.7233310000001
45.894722,18.779999
45.902771,18.807499
45.912964,18.8170200000001
45.8771290000001,18.831654
45.873886,18.833054
45.8288880000001,18.883053
45.824997,18.889721
45.820274,18.90361
45.819443,18.9088860000001
45.8119430000001,18.9244420000001
45.784721,18.9552760000001
45.7819440000001,18.9574890000001
45.7786100000001,18.958611
45.671616,18.969479
45.667496,18.969166
45.6630170000001,18.9683570000001
45.65416,18.960552
45.630829,18.9391630000001
45.625275,18.933609
45.6233290000001,18.912498
45.620758,18.909458
45.6132810000001,18.9072150000001
45.5774990000001,18.9008329999999
45.570274,18.902496
45.5672839999999,18.9047850000001
45.5478440000001,18.9253460000001
45.541855,18.933018
45.5386810000001,18.942181
45.5371860000001,18.955269
45.5386810000001,18.965366
45.5412979999999,18.9739690000001
45.5580520000001,18.996944
45.561119,18.9997710000001
45.5624920000001,19.0038870000001
45.5638890000001,19.0141639999999
45.5629880000001,19.0205230000001
45.5613860000001,19.024719
45.5218510000001,19.0958749999999
45.515869,19.099987
45.508949,19.1016730000001
45.499786,19.0998
45.493805,19.094753
45.4895020000001,19.0878369999999
45.4861070000001,19.073887
45.48558,19.057545
45.486664,19.0516660000001
45.4897160000001,19.0425
45.4954829999999,19.0306210000001
45.4986650000001,19.0205230000001
45.497169,19.0102390000001
45.490829,19.0000000000001
45.48745,18.997711
45.48333,18.9963870000001
45.389717,18.978054
45.3786240000001,18.9803240000001
45.3708270000001,18.9886090000001
45.29805,19.112499
45.287498,19.1386110000001
45.2703320000001,19.190205
45.2474290000001,19.2605210000001
45.2434080000001,19.2850040000001
45.2383650000001,19.320339
45.2350010000001,19.34446
45.234161,19.356667
45.2357480000001,19.3889619999999
45.2358320000001,19.4000930000001
45.2347179999999,19.4183310000001
45.22583,19.423885
45.209999,19.4261090000001
45.189163,19.4244419999999
45.1799930000001,19.4227750000001
45.175827,19.415833
45.1749950000001,19.41111
45.173332,19.352497
45.180275,19.2616650000001
45.182777,19.2508320000001
45.184715,19.2472189999999
45.198883,19.2349970000001
45.2083320000001,19.2183300000001
45.2116620000001,19.2073310000001
45.216942,19.1874960000001
45.2163850000001,19.171108
45.212219,19.1636090000001
45.096664,19.1041640000001
45.0319440000001,19.115555
44.928055,19.0508310000001
44.931664,19.043053
44.932495,19.0366630000001
44.9308320000001,19.032497
44.9166640000001,19.013611
44.914162,19.0108299999999
44.9077760000001,19.006107
44.9044420000001,19.004444
44.900276,19.0047190000001
44.8944400000001,19.009441
44.8894420000001,19.015831
44.8802720000001,19.0286100000001
44.8613819999999,19.039719
44.860275,19.0297200000001
44.8536070000001,18.96833
44.8530499999999,18.957222
44.8586040000001,18.8611110000001
44.8608320000001,18.8499980000001
44.863609,18.841389
44.8680500000001,18.8344420000001
44.894997,18.794167
44.8997190000001,18.788055
44.9158330000001,18.7680550000001
44.9388890000001,18.7611080000001
44.945,18.763885
44.9444430000001,18.7736090000001
44.940277,18.7805520000001
44.9388890000001,18.7899969999999
44.9422149999999,18.7977750000001
44.949715,18.800831
44.9899980000001,18.7958300000001
44.997215,18.794167
45.0833280000001,18.6341630000001
45.108887,18.419167
45.136665,18.2697220000001
45.138885,18.2519419999999
45.135826,18.2330550000001
45.129715,18.216663
45.123329,18.2113880000001
45.114716,18.210278
45.1077730000001,18.2127760000001
45.1022190000001,18.2174989999999
45.0952760000001,18.2180520000001
45.0888820000001,18.2127760000001
45.0849990000001,18.2055550000001
45.0816650000001,18.1974980000001
45.077774,18.179165
45.078606,18.1669430000001
45.082222,18.130276
45.0833280000001,18.1199990000001
45.086105,18.1108320000001
45.1044390000001,18.070274
45.0802760000001,17.933052
45.0680540000001,17.912498
45.050278,17.8736079999999
45.0483320000001,17.863888
45.0494380000001,17.851944
45.0555500000001,17.832775
45.086662,17.7580530000001
45.1227719999999,17.689999
45.108887,17.5963860000001
45.1095120000001,17.519554
45.1099930000001,17.4941640000001
45.1111070000001,17.483887
45.11805,17.4844440000001
45.1311040000001,17.4811100000001
45.1763840000001,17.282497
45.1530530000001,17.2466660000001
45.1486050000001,17.240555
45.1466600000001,17.230553
45.148048,17.188332
45.1486050000001,17.177219
45.1883320000001,17.0711099999999
45.2013850000001,17.0499990000001
45.2061080000001,17.0436100000001
45.212494,17.0402760000001
45.227219,17.0363880000001
45.265945,16.913925
45.202034,16.8464360000001
45.1984560000001,16.8468820000001
45.1944350000001,16.845989
45.1904140000001,16.8383900000001
45.1874920000001,16.824444
45.1874920000001,16.8124960000001
45.2049940000001,16.682777
45.210274,16.6627770000001
45.2208100000001,16.629662
45.2301940000001,16.601952
45.2301940000001,16.589882
45.2270660000001,16.541164
45.2261730000001,16.5304370000001
45.2244420000001,16.5263860000001
45.214546,16.5085370000001
45.2096330000001,16.5022769999999
45.185829,16.4763870000001
45.12426,16.4178049999999
45.042023,16.366402
45.016548,16.359699
45.0084990000001,16.357018
45.0035860000001,16.3512079999999
45.0009000000001,16.3427120000001
44.999115,16.291759
45.0083310000001,16.263885
45.0149990000001,16.2480550000001
45.028328,16.2202760000001
45.0344390000001,16.209721
45.0444410000001,16.19722
45.1216660000001,16.1161080000001
45.1308290000001,16.1094440000001
45.2058260000001,16.0361100000001
45.2149960000001,16.023052
45.2183300000001,16.015274
45.2286070000001,15.9366660000001
45.22805,15.924999
45.222496,15.8824999999999
45.2119369999999,15.834166
45.205276,15.823332
45.1955490000001,15.81111
45.188049,15.8025000000001
45.1799930000001,15.7941670000001
45.1719440000001,15.786665
45.1619420000001,15.781111
45.082222,15.765554
45.073608,15.764721
45.0563890000001,15.764999
44.9227749999999,15.7691649999999
44.8299940000001,15.7436100000001
44.8241650000001,15.738888
44.81694,15.736387
44.8124920000001,15.7369440000001
44.8036040000001,15.742222
44.7838820000001,15.759998
44.776108,15.7675
44.7144389999999,15.8547210000001
44.7124940000001,15.858889
44.7113880000001,15.864166
44.7102740000001,15.8749980000001
44.7122190000001,15.92861
44.710548,15.9394440000001
44.708611,15.9438880000001
44.6999970000001,15.9569440000001
44.6938860000001,15.961666
44.616943,16.010555
44.574165,16.033333
44.5305480000001,16.0741649999999
44.5113830000001,16.1116640000001
44.5069429999999,16.1191640000001
44.4986040000001,16.126389
44.4861070000001,16.1333310000001
44.3536070000001,16.198055
44.3138890000001,16.1919439999999
44.2041629999999,16.14333
44.19944,16.1430549999999
44.1966630000001,16.1455539999999
44.194443,16.149998
44.192772,16.1600000000001
44.1922150000001,16.1722220000001
44.195274,16.199165
44.197495,16.2144430000001
44.198326,16.238052
44.1967320000001,16.2492940000001
44.189438,16.2649989999999
44.176941,16.280277
44.157219,16.302219
44.1486050000001,16.3094440000001
44.1358260000001,16.316944
44.1222150000001,16.322498
44.1180500000001,16.3230550000001
44.1041640000001,16.32972
44.09333,16.3388860000001
44.081665,16.354721
44.0433270000001,16.415554
44.0369420000001,16.426666
44.0319440000001,16.4388890000001
44.0266650000001,16.463608
44.0230480000001,16.504719
44.0219420000001,16.5161090000001
44.017776,16.5297200000001
44.013611,16.5372199999999
43.916382,16.642498
43.9080510000001,16.6502760000001
43.8561100000001,16.696663
43.850555,16.7013850000001
43.8411100000001,16.7072220000001
43.8263850000001,16.7119410000001
43.7255550000001,16.8297200000001
43.6216660000001,16.937496
43.603333,16.9558299999999
43.5861050000001,16.976387
43.5405500000001,17.046387
43.531944,17.059719
43.5263820000001,17.071388
43.513611,17.0983310000001
43.506943,17.114998
43.497772,17.1602750000001
43.47805,17.223331
43.4683300000001,17.247776
43.4597170000001,17.2616650000001
43.451942,17.269444
43.448608,17.2711110000001
43.444443,17.2719420000001
43.436386,17.270275
43.4286040000001,17.2619439999999
43.4227750000001,17.2572210000001
43.414444,17.256107
43.332771,17.277222
43.325272,17.279163
43.3072200000001,17.2855530000001
43.296944,17.289719
43.28083,17.298054
43.270554,17.3094440000001
43.1794430000001,17.434719
43.1177750000001,17.5591660000001
43.1122210000001,17.5713880000001
43.1022190000001,17.5894430000001
43.076942,17.630276
43.063889,17.643055
43.0549930000001,17.649719
43.039444,17.6591640000001
43.0291599999999,17.664719
43.016663,17.670555
42.992775,17.680832
42.9746090000001,17.688015
42.967216,17.6836090000001
42.9633330000001,17.6766660000001
42.960548,17.6683310000001
42.9438249999999,17.5785260000001
42.9474950000001,17.533054
42.9519420000001,17.519165
42.9558260000001,17.5116650000001
42.9749980000001,17.487778
42.9874950000001,17.47361
42.990555,17.4716640000001
43.017776,17.4705540000001
43.0333330000001,17.4549980000001
43.1144410000001,17.3302760000001
43.118332,17.322777
43.15416,17.251663
43.1613850000001,17.2225
43.171661,17.183052
43.173332,17.178886
43.1752780000001,17.174721
43.1988830000001,17.1313860000001
43.233887,17.0730550000001
43.248055,17.0633319999999
43.2686080000001,17.0491640000001
43.2763820000001,17.040833
43.364716,16.939999
43.4030530000001,16.8844409999999
43.40416,16.8788870000001
43.405273,16.860832
43.405273,16.8380550000001
43.4069440000001,16.8136100000001
43.4113850000001,16.7641640000001
43.4161070000001,16.736385
43.4402769999999,16.639999
43.44194,16.635555
43.448883,16.618889
43.5030520000001,16.499165
43.5283280000001,16.465553
43.531944,16.4730530000001
43.5349960000001,16.4730530000001
43.538887,16.4652750000001
43.5452730000001,16.4333310000001
43.5461040000001,16.427776
43.5508270000001,16.3597220000001
43.5508270000001,16.3483310000001
43.543053,16.310276
43.5116650000001,16.190552
43.495827,16.170555
43.4880520000001,16.1699980000001
43.476662,16.1161080000001
43.4755549999999,16.1058310000001
43.4755549999999,16.0944440000001
43.48111,16.039444
43.4824980000001,16.0344430000001
43.50444,15.9883330000001
43.556664,15.9266660000001
43.5683290000001,15.9175
43.5713880000001,15.915554
43.6227720000001,15.9152769999999
43.626938,15.9152769999999
43.630554,15.917221
43.6311040000001,15.9222219999999
43.6280520000001,15.9313890000001
43.62722,15.9369430000001
43.6291660000001,15.9577770000001
43.6308290000001,15.967499
43.633606,15.9691659999999
43.6836090000001,15.940832
43.754997,15.787498
43.7566600000001,15.783333
43.7566600000001,15.778889
43.7788849999999,15.688889
43.845276,15.5994430000001
43.881943,15.533888
43.889717,15.5330540000001
43.8927760000001,15.5308320000001
43.8988340000001,15.5201280000001
43.9102710000001,15.496944
43.9158330000001,15.484999
43.919716,15.4630549999999
43.9255520000001,15.4519440000001
43.965271,15.4055540000001
44.0730510000001,15.281666
44.1191640000001,15.232222
44.1963880000001,15.151667
44.221188,15.157914
44.260277,15.113333
44.2638850000001,15.113888
44.2780530000001,15.1208320000001
44.28083,15.123888
44.283333,15.138332
44.2822190000001,15.143332
44.279999,15.1469440000001
44.2747189999999,15.151943
44.2461200000001,15.1745340000001
44.2549970000001,15.203888
44.263927,15.2065870000001
44.2852940000001,15.18878
44.284702,15.2083670000001
44.2924159999999,15.2131160000001
44.282921,15.2321100000001
44.246666,15.2841660000001
44.247215,15.289444
44.2497180000001,15.2922210000001
44.253609,15.2936100000001
44.2575000000001,15.292776
44.305832,15.2799989999999
44.3244710000001,15.261788
44.330406,15.2689100000001
44.323875,15.287905
44.2874949999999,15.3418879999999
44.270164,15.3850550000001
44.2599950000001,15.4144440000001
44.2541660000001,15.5061089999999
44.254715,15.522778
44.255829,15.5274980000001
44.258888,15.5299990000001
44.2630540000001,15.529722
44.2694400000001,15.52611
44.2744370000001,15.5205550000001
44.2755510000001,15.515554
44.2761080000001,15.5033320000001
44.274994,15.481388
44.2761080000001,15.475832
44.282494,15.4511110000001
44.2838819999999,15.44611
44.364441,15.2766669999999
44.3738860000001,15.2644440000001
44.4386060000001,15.181665
44.4730530000001,15.140833
44.5180510000001,15.0958330000001
44.5636060000001,15.025276
44.5649950000001,15.0202770000001
44.5647200000001,15.00861
44.5686040000001,15.0008320000001
44.5794370000001,14.9905550000001
44.596107,14.9758320000001
44.6072160000001,14.966389
44.654999,14.926388
44.69194,14.8961110000001
44.698608,14.893332
44.7124940000001,14.888611
44.719994,14.886944
44.805275,14.878887
44.8174970000001,14.8783320000001
44.838333,14.878054
44.851662,14.879166
44.859161,14.8819430000001
44.886108,14.891943
44.8927760000001,14.8961110000001
44.9080510000001,14.907776
44.914993,14.9113880000001
44.949165,14.919167
44.966942,14.9208320000001
44.9738850000001,14.9186100000001
45.1116640000001,14.842499
45.114166,14.8394430000001
45.1174930000001,14.8249990000001
45.1183320000001,14.8191660000001
45.1230550000001,14.800278
45.1341630000001,14.7575000000001
45.137215,14.748055
45.1444400000001,14.732222
45.1527710000001,14.7174990000001
45.1822200000001,14.674444
45.25222,14.584999
45.3111040000001,14.482777
45.3191600000001,14.4558320000001
45.323326,14.441387
45.354439,14.329443
45.353333,14.324999
45.3480530000001,14.3188880000001
45.3249970000001,14.292776
45.318886,14.288055
45.308052,14.2827760000001
45.2319410000001,14.253887
45.2074970000001,14.246944
45.203331,14.2458320000001
45.188889,14.2500000000001
45.1641619999999,14.239721
45.145828,14.2316670000001
45.142494,14.23
45.123329,14.2166649999999
45.0855480000001,14.176388
45.080826,14.169722
45.0797200000001,14.1652769999999
45.0799940000001,14.154165
45.0722200000001,14.153889
45.0394440000001,14.1558320000001
45.0024950000001,14.165554
45.0000000000001,14.1668010000001
44.9958270000001,14.1688879999999
44.9886090000001,14.170555
44.981384,14.1669429999999
44.9641649999999,14.148611
44.961662,14.1458320000001
44.9613880000001,14.1413880000001
44.9613880000001,14.0875
44.8963850000001,13.997499
44.8847200000001,13.992222
44.8488849999999,13.976387
44.8449940000001,13.9752770000001
44.825272,13.974998
44.822777,13.9766650000001
44.818054,13.994165
44.8152770000001,13.996387
44.811386,13.9972210000001
44.808052,13.995554
44.7705540000001,13.912222
44.770828,13.9072210000001
44.774437,13.899166
44.8544390000001,13.8208330000001
44.865829,13.8130550000001
44.866104,13.8294430000001
44.876106,13.842222
44.8799970000001,13.843332
44.8833310000001,13.8416650000001
44.981384,13.756943
45.051384,13.68111
45.157776,13.6030539999999
45.2472149999999,13.5955540000001
45.2541660000001,13.5944440000001
45.3002779999999,13.575832
45.4016650000001,13.533609
45.490829,13.4963870000001
45.504166,13.5044440000001
45.5066600000001,13.507221
45.506386,13.5111100000001
45.494438,13.554998
45.4816970000001,13.5917400000001
45.477776,13.5952760000001
45.468605,13.6074980000001
45.4588850000001,13.626944
45.4538880000001,13.6394440000001
45.451111,13.6477780000001
45.446388,13.668055
45.4450000000001,13.678888
45.44416,13.7036090000001
45.453331,13.9069440000001
45.4566649999999,13.9524990000001
45.4588850000001,13.9813879999999
45.4599989999999,13.986666
45.462776,13.9891660000001
45.471939,13.9958320000001
45.475273,14.13722
45.485275,14.387499
45.4869380000001,14.3974989999999
45.4891660000001,14.407221
45.4941640000001,14.419722
45.529716,14.485832
45.541664,14.495832
45.551666,14.5013890000001
45.6122209999999,14.535
45.661659,14.562498
45.664993,14.564999
45.669441,14.5769440000001
45.675278,14.601387
45.6744380000001,14.6066670000001
45.671944,14.6097220000001
45.6691670000001,14.611666
45.664162,14.6122210000001
45.6391600000001,14.609444
45.6269380000001,14.6097220000001
45.617218,14.6155550000001
45.6069410000001,14.6261099999999
45.5313870000001,14.72361
45.46611,14.8180540000001
45.4647670000001,14.822975
45.4654540000001,14.831673
45.468658,14.8637140000001
45.476662,14.907776
45.4785000000001,14.91132
45.4816670000001,14.9136100000001
45.4931490000001,14.918644
45.500473,14.9790670000001
45.4727710000001,15.090555
45.4702610000001,15.0935039999999
45.4319380000001,15.1505550000001
45.426643,15.162794
45.425819,15.174458
45.462776,15.2772220000001
45.5348050000001,15.306358
45.5377730000001,15.304165
45.54097,15.3026770000001
45.5945360000001,15.2939989999999
45.6298680000001,15.3070890000001
45.6517560000001,15.352591
45.702774,15.368055
45.7069400000001,15.3674980000001
45.709717,15.3655550000001
45.7144390000001,15.3586100000001
45.7155530000001,15.348331
45.706383,15.304165
45.698051,15.304998
45.693886,15.304998
45.690826,15.302776
45.6877749999999,15.294167
45.6891630000001,15.289721
45.694717,15.2833330000001
45.701385,15.2808319999999
45.7058260000001,15.281666
45.7311100000001,15.291943
45.7374950000001,15.29611
45.751938,15.3091660000001
45.7613830000001,15.322498
45.7663880000001,15.333887
45.835831,15.499443
45.8486100000001,15.6027770000001
45.8486100000001,15.6094439999999
45.8474959999999,15.614721
45.8422160000001,15.6202769999999
45.836662,15.624722
45.82972,15.634722
45.823883,15.6463870000001
45.8230510000001,15.650833
45.8233260000001,15.656666
45.8419420000001,15.694443
45.844162,15.697777
45.9386060000001,15.724443
46.038887,15.7194440000001
46.0472180000001,15.7183320000001
46.053604,15.714722
46.055832,15.7116660000001
46.0574950000001,15.706944
46.065826,15.679165
46.067215,15.6613880000001
46.0694429999999,15.6569440000001
46.082222,15.6363890000001
46.086937,15.6294440000001
46.1158290000001,15.606388
46.142494,15.5997220000001
46.1461110000001,15.60111
46.166939,15.6119440000001
46.2138820000001,15.649166
46.219444,15.6547219999999
46.2238849999999,15.6613880000001
46.226387,15.671389
46.226662,15.676666
46.2252730000001,15.695276
46.23333,15.797777
46.29805,16.0172200000001
46.3288880000001,16.077774
46.331108,16.081108
46.3341600000001,16.0833320000001
46.3499980000001,16.079441
46.3527760000001,16.0774989999999
46.3636090000001,16.0741649999999
46.3724980000001,16.0747180000001
46.3843310000001,16.075924
46.405273,16.1358300000001
46.406662,16.139999
46.419441,16.2661090000001
46.4861070000001,16.2500000000001
46.4902729999999,16.249443
46.498924,16.251858
46.5069430000001,16.258331
46.5144420000001,16.2674979999999
46.5308150000001,16.2925070000001
46.5338820000001,16.3355520000001
46.5358279999999,16.3841629999999
46.5216600000001,16.461388
46.5202710000001,16.4663890000001
46.510551,16.4936099999999
46.5075,16.4958310000001
46.5033260000001,16.4944380000001
46.5013890000001,16.498055
46.4916460000001,16.517792
46.4789050000001,16.556412
46.475273,16.5724979999999
---
