20.511665,-78.333344
20.515553,-78.343903
20.535,-78.382782
20.540833,-78.391403
20.602219,-78.460556
20.605553,-78.458344
20.608055,-78.453064
20.6094440000001,-78.446945
20.6097219999999,-78.440567
20.569443,-78.34584
20.5663870000001,-78.341675
20.5591660000001,-78.334732
20.5544430000001,-78.3325039999999
20.533333,-78.3261259999999
20.522221,-78.323624
20.5169410000001,-78.323898
20.5136110000001,-78.327789
---
20.636108,-78.39418
20.637218,-78.4008479999999
20.639442,-78.406113
20.6472210000001,-78.412231
20.6522220000001,-78.4144589999999
20.6644440000001,-78.412781
20.6691670000001,-78.410278
20.6758310000001,-78.402786
20.6769410000001,-78.396667
20.6766660000001,-78.38945
20.673054,-78.387512
20.644997,-78.377792
20.6402740000001,-78.377228
20.6377750000001,-78.381958
---
20.6899990000001,-78.5133359999999
20.6999970000001,-78.5402829999999
20.703609,-78.547501
20.706108,-78.54306
20.731667,-78.4586179999999
20.724163,-78.436676
20.7211070000001,-78.4325099999999
20.7163889999999,-78.4333339999999
20.713055,-78.437225
20.710552,-78.441681
---
20.706108,-78.773346
20.708332,-78.778625
20.736111,-78.815567
20.7433320000001,-78.822784
20.747498,-78.825562
20.756943,-78.821945
20.7580530000001,-78.816116
20.7566640000001,-78.810287
20.7502750000001,-78.794449
20.7363849999999,-78.772232
20.730553,-78.763626
20.719997,-78.7530669999999
20.713886,-78.753891
20.7077750000001,-78.762512
20.706108,-78.767502
---
20.7286110000001,-75.493896
20.7558330000001,-75.571121
20.7624970000001,-75.578903
20.774998,-75.579453
20.7811090000001,-75.578064
20.7830540000001,-75.575836
20.7944410000001,-75.532501
20.7952769999999,-75.5263979999999
20.7944410000001,-75.51973
20.7919429999999,-75.515015
20.78833,-75.5111239999999
20.749722,-75.487228
20.7452770000001,-75.484726
20.740555,-75.484451
20.7288859999999,-75.487228
---
20.7711110000001,-78.852509
20.7763860000001,-78.88028
20.7830540000001,-78.912231
20.7894439999999,-78.9358369999999
20.7986109999999,-78.955292
20.801388,-78.959457
20.8049960000001,-78.963058
20.8099980000001,-78.965836
20.8327750000001,-78.9486239999999
20.8352780000001,-78.9441679999999
20.835831,-78.9374999999999
20.834164,-78.9316709999999
20.8319440000001,-78.926392
20.8063890000001,-78.8694459999999
20.800552,-78.86084
20.783607,-78.849731
20.778053,-78.847778
20.771664,-78.847504
---
20.837498,-78.983063
20.8716659999999,-79.0511169999999
20.885555,-79.073334
20.893887,-79.077515
20.899166,-79.068344
20.8955540000001,-79.045013
20.8741649999999,-78.969727
20.8691640000001,-78.967789
20.8630520000001,-78.967224
20.84333,-78.974731
20.8394430000001,-78.977783
---
20.894997,-79.0883479999999
20.898052,-79.098618
20.900276,-79.1036219999999
20.9077760000001,-79.118057
20.990555,-79.218063
21.0005530000001,-79.225571
21.0094410000001,-79.206116
21.0119440000001,-79.194458
21.012218,-79.1875
21.0086100000001,-79.176682
20.989719,-79.152237
20.9488870000001,-79.1075129999999
20.9249990000001,-79.0813899999999
20.921387,-79.077515
20.9172209999999,-79.075012
20.913055,-79.075012
20.898331,-79.084457
---
21.1036110000001,-79.412231
21.109997,-79.4427799999999
21.1136090000001,-79.446671
21.1227760000001,-79.451126
21.1272200000001,-79.440002
21.1263890000001,-79.41806
21.121109,-79.4025119999999
21.117496,-79.398895
21.1119420000001,-79.39917
21.1080549999999,-79.402237
21.1047209999999,-79.406403
---
21.0630530000001,-79.314728
21.0655520000001,-79.327225
21.07222,-79.342514
21.078053,-79.35112
21.1127780000001,-79.381668
21.1169430000001,-79.3841709999999
21.11972,-79.3841709999999
21.125832,-79.375839
21.128052,-79.363892
21.127777,-79.3564
21.1261100000001,-79.3505709999999
21.121109,-79.3414
21.117496,-79.3377839999999
21.0805550000001,-79.303619
21.0691639999999,-79.2939
21.066387,-79.296951
21.064442,-79.302231
---
21.599163,-81.5439
21.60083,-81.561676
21.605831,-81.561111
21.622776,-81.556946
21.626389,-81.55307
21.710278,-81.391678
21.7122190000001,-81.3861239999999
21.713333,-81.3802799999999
21.713333,-81.373062
21.7119410000001,-81.366959
21.708332,-81.366394
21.700832,-81.3733369999999
21.6974980000001,-81.376953
21.6633300000001,-81.414459
21.6566660000001,-81.421951
21.6486090000001,-81.435287
21.608055,-81.5097349999999
21.6016650000001,-81.524734
21.6002770000001,-81.530838
---
21.538055,-82.598618
21.5180550000001,-82.6361239999999
21.4886089999999,-82.700287
21.4844439999999,-82.7105559999999
21.474163,-82.743347
21.437775,-82.865845
21.432777,-82.897232
21.448055,-82.95668
21.4533309999999,-82.996124
21.4602780000001,-83.066391
21.461666,-83.0722349999999
21.4644430000001,-83.076675
21.5238880000001,-83.145279
21.5272220000001,-83.148895
21.5313870000001,-83.151947
21.554443,-83.164459
21.616108,-83.191681
21.621387,-83.193069
21.627777,-83.1922299999999
21.62833,-83.188614
21.5786090000001,-83.1158449999999
21.5744440000001,-83.112793
21.5688860000001,-83.113068
21.564163,-83.1108399999999
21.560555,-83.107224
21.5480540000001,-83.084167
21.5436100000001,-83.0738979999999
21.5413860000001,-83.0614009999999
21.5425000000001,-83.021393
21.5622220000001,-82.955292
21.5688860000001,-82.947784
21.5799980000001,-82.937225
21.5847210000001,-82.934723
21.590832,-82.9341739999999
21.599998,-82.939178
21.6055529999999,-82.948059
21.677219,-83.0136259999999
21.7641640000001,-83.0755619999999
21.7855530000001,-83.089447
21.805553,-83.0883479999999
21.8111080000001,-83.08667
21.8316649999999,-83.079178
21.8419420000001,-83.0722349999999
21.942776,-82.974457
21.932499,-82.8652799999999
21.927776,-82.826675
21.9263880000001,-82.820847
21.890274,-82.7158359999999
21.833611,-82.699722
21.8008310000001,-82.666397
21.76833,-82.6147309999999
21.761387,-82.606674
21.7488860000001,-82.598068
21.7399980000001,-82.593063
21.589722,-82.54306
21.5766640000001,-82.5439
21.5711099999999,-82.545288
---
22.071795,-77.878708
22.07543,-77.858345
22.0888810000001,-77.852165
22.1016040000001,-77.799454
22.0765210000001,-77.732567
22.0713880000001,-77.65918
22.069721,-77.6533359999999
22.066666,-77.648895
22.052219,-77.634735
22.03083,-77.621124
22.025555,-77.6213989999999
21.9530530000001,-77.6383359999999
21.946388,-77.673065
21.922497,-77.693619
21.9086070000001,-77.7055659999999
21.956665,-77.764725
21.965832,-77.8005679999999
22.00333,-77.885834
22.0425,-77.932785
22.0461080000001,-77.936401
22.0547220000001,-77.941956
22.0658300000001,-77.9444579999999
22.098331,-77.947235
22.1027760000001,-77.937225
22.094696,-77.9150539999999
---
22.0955539999999,-77.864731
22.0975,-77.895279
22.1258319999999,-77.961395
22.1461110000001,-77.9986109999999
22.183052,-78.040558
22.186665,-78.0441739999999
22.1894420000001,-78.046112
22.194164,-78.045288
22.2852750000001,-77.997513
22.2202760000001,-77.863068
22.2180520000001,-77.859451
22.158886,-77.8297269999999
22.153332,-77.828339
22.1469420000001,-77.829453
22.109722,-77.8425139999999
22.106388,-77.84639
---
22.168053,-77.7716669999999
22.1702769999999,-77.776947
22.1936070000001,-77.8075099999999
22.202221,-77.813339
22.253887,-77.8425139999999
22.2947199999999,-77.850006
22.289997,-77.836121
22.1950000000001,-77.777237
---
22.3972210000001,-78.099457
22.389999,-78.0922239999999
22.3813860000001,-78.08667
22.276665,-78.022507
22.261944,-78.019455
22.2672200000001,-78.057236
22.301666,-78.1569519999999
22.303886,-78.162231
22.3172190000001,-78.1861109999999
22.320274,-78.190292
22.324444,-78.1930689999999
22.3347210000001,-78.174454
22.3402750000001,-78.174454
22.35722,-78.185562
22.364998,-78.191956
22.4080540000001,-78.26445
22.4066659999999,-78.277237
22.403889,-78.281677
22.396664,-78.288895
22.398331,-78.2947239999999
22.403889,-78.311401
22.4100000000001,-78.3105619999999
22.4133299999999,-78.306671
22.4244420000001,-78.2747339999999
22.436943,-78.208618
22.437222,-78.20195
22.433609,-78.165558
22.431942,-78.1594539999999
22.413887,-78.118622
---
22.4499970000001,-78.2780609999999
22.445,-78.276123
22.4397200000001,-78.2763979999999
22.436386,-78.280289
22.4347190000001,-78.2930599999999
22.436386,-78.298889
22.4288860000001,-78.405838
22.426388,-78.410278
22.412498,-78.425293
22.4416660000001,-78.396957
22.4463880000001,-78.394455
22.4519419999999,-78.39418
22.457497,-78.395569
22.460552,-78.400009
22.463886,-78.4191739999999
22.458332,-78.464737
22.453053,-78.474167
22.4463880000001,-78.4819489999999
22.4452739999999,-78.486954
22.445,-78.493896
22.448055,-78.536957
22.486942,-78.653061
22.5000000000001,-78.6905669999999
22.5036090000001,-78.694168
22.50861,-78.696121
22.5147210000001,-78.696671
22.5311090000001,-78.694458
22.535275,-78.692505
22.555553,-78.677505
22.558052,-78.673065
22.5536080000001,-78.645569
22.5524980000001,-78.638901
22.545555,-78.6033479999999
22.5441670000001,-78.597504
22.5297200000001,-78.583344
22.5263860000001,-78.571671
22.523609,-78.551392
22.5230520000001,-78.5366669999999
22.5274959999999,-78.4594569999999
22.53833,-78.4486239999999
22.553886,-78.4283449999999
22.555832,-78.423065
22.5586089999999,-78.404175
22.558887,-78.397507
22.558052,-78.390839
22.539719,-78.349731
22.533886,-78.3414
---
22.6372180000001,-78.981674
22.6511080000001,-79.025848
22.6652759999999,-79.054459
22.6694409999999,-78.976669
22.669167,-78.968903
22.6644440000001,-78.9586179999999
22.6608310000001,-78.955292
22.6566660000001,-78.952515
22.6511080000001,-78.954178
22.6452750000001,-78.9627839999999
22.6374970000001,-78.976395
---
22.6141660000001,-79.329727
22.6383320000001,-79.3700099999999
22.6899990000001,-79.468903
22.6922190000001,-79.4738919999999
22.7141649999999,-79.5177919999999
22.7772219999999,-79.6275019999999
22.78083,-79.631119
22.786388,-79.6322329999999
22.799999,-79.632507
22.812775,-79.602234
22.8130530000001,-79.587784
22.8122220000001,-79.5813899999999
22.8099980000001,-79.576126
22.803608,-79.568069
22.799999,-79.564453
22.7786100000001,-79.5430599999999
22.7575000000001,-79.5289
22.750275,-79.5216669999999
22.732777,-79.495285
22.7300000000001,-79.4908449999999
22.701664,-79.430847
22.6786080000001,-79.380005
22.675831,-79.376114
22.672222,-79.372223
22.6394419999999,-79.340836
22.6197200000001,-79.3252869999999
22.614719,-79.323059
---
22.9205550000001,-79.936951
22.9208300000001,-79.9427799999999
22.924442,-79.946671
22.9369429999999,-79.955002
22.947498,-79.958618
22.948887,-79.957504
22.9513850000001,-79.9530639999999
22.9605520000001,-79.934723
22.961666,-79.928619
22.9638860000001,-79.910568
22.9652750000001,-79.883057
22.963608,-79.8783419999999
22.9574970000001,-79.878067
22.951942,-79.8797299999999
22.9283330000001,-79.891953
---
22.964443,-80.2294459999999
22.958885,-80.2297359999999
22.9563870000001,-80.234177
22.961388,-80.243896
22.968052,-80.287231
22.971664,-80.313614
22.9719430000001,-80.3197329999999
22.968052,-80.330292
22.966942,-80.343063
22.9816670000001,-80.349457
22.983055,-80.3477779999999
22.9902760000001,-80.335007
23.0063860000001,-80.2783359999999
23.011108,-80.249451
23.010277,-80.243057
22.9997220000001,-80.235001
22.9949990000001,-80.232788
---
23.023331,-80.053619
23.0419430000001,-80.0772249999999
23.0469439999999,-80.0797269999999
23.064163,-80.083618
23.074444,-80.076675
23.074165,-80.070847
23.071941,-80.065567
23.0649990000001,-80.058334
23.0383300000001,-80.050293
23.0327760000001,-80.0491789999999
23.0261080000001,-80.049454
---
23.056389,-80.168625
23.0636100000001,-80.181946
23.087498,-80.223892
23.0994420000001,-80.224167
23.119442,-80.204178
23.1219439999999,-80.199448
23.085552,-80.150284
23.0702740000001,-80.1463929999999
---
23.1061100000001,-80.970001
23.107498,-80.973618
23.110832,-80.969727
23.149998,-80.9094539999999
23.179443,-80.847229
23.1536100000001,-80.801392
23.1505550000001,-80.797226
23.1438870000001,-80.797501
23.139721,-80.800568
23.130833,-80.835281
23.130554,-80.841675
23.1255530000001,-80.927505
---
23.179443,-81.996674
23.17083,-81.983337
23.164997,-81.9669489999999
23.1636090000001,-81.960846
23.160275,-81.9341739999999
23.153332,-81.848892
23.1513860000001,-81.7836149999999
23.153889,-81.7716669999999
23.1594430000001,-81.7072299999999
23.1594430000001,-81.699722
23.152004,-81.677475
23.1569440000001,-81.647232
23.158607,-81.626953
23.1572190000001,-81.5902859999999
23.155552,-81.5805659999999
23.153332,-81.575562
23.1513860000001,-81.5716709999999
23.1405530000001,-81.5533449999999
23.123055,-81.5363919999999
23.108887,-81.528625
23.1036110000001,-81.527237
23.0966639999999,-81.527237
23.0902750000001,-81.5283359999999
23.0794410000001,-81.531403
23.0555529999999,-81.500839
23.112221,-81.386948
23.1413880000001,-81.300003
23.161663,-81.226959
23.146385,-81.2550049999999
23.1333310000001,-81.2777859999999
23.1291660000001,-81.281113
23.1197200000001,-81.285568
23.0324970000001,-81.176392
23.0302770000001,-81.171402
23.023052,-81.134735
23.0236090000001,-81.1280669999999
23.025555,-81.122787
23.028889,-81.118896
23.0491640000001,-81.103348
23.076664,-80.982788
23.094997,-80.744171
23.098331,-80.633057
23.091663,-80.6213989999999
23.0672190000001,-80.596054
23.051666,-80.5902859999999
23.0466650000001,-80.588348
23.0425000000001,-80.585556
22.991108,-80.544449
22.988888,-80.539459
22.9516640000001,-80.438614
22.941944,-80.411392
22.9383320000001,-80.4002839999999
22.905277,-80.278625
22.9036100000001,-80.249451
22.9072190000001,-80.2314
22.930275,-80.1700129999999
22.9513850000001,-80.0419459999999
22.951111,-80.03334
22.938889,-80.015564
22.931664,-80.008347
22.9080540000001,-79.998901
22.8827740000001,-79.989182
22.875832,-79.981949
22.869999,-79.973068
22.803608,-79.8544459999999
22.769444,-79.724731
22.758888,-79.676682
22.690552,-79.633896
22.644722,-79.6025089999999
22.5719410000001,-79.548065
22.5599980000001,-79.538895
22.545555,-79.524445
22.5319440000001,-79.5091709999999
22.5297200000001,-79.504181
22.5286100000001,-79.491394
22.4761090000001,-79.421112
22.4517060000001,-79.3907169999999
22.417221,-79.353622
22.4144440000001,-79.349167
22.406944,-79.335846
22.3733330000001,-79.261948
22.3719440000001,-79.256119
22.3719440000001,-79.1627809999999
22.3724980000001,-79.156403
22.3802760000001,-79.0855559999999
22.383053,-79.0672299999999
22.386108,-79.055557
22.3930549999999,-79.036957
22.4011080000001,-79.016403
22.402775,-79.0033419999999
22.4019430000001,-78.976959
22.3918,-78.932495
22.3952750000001,-78.925568
22.404163,-78.888626
22.394997,-78.790558
22.321941,-78.573334
22.24361,-78.410004
22.198608,-78.352509
22.1902770000001,-78.3469539999999
22.186665,-78.343613
22.1836090000001,-78.339172
22.1666640000001,-78.312225
22.1644439999999,-78.307236
22.092499,-78.1216739999999
22.0886080000001,-78.110565
22.0830990000001,-78.084015
22.0827750000001,-78.066391
22.078888,-78.055557
22.027496,-78.0155639999999
21.948887,-77.952515
21.888885,-77.9002839999999
21.8988880000001,-77.864182
21.804443,-77.756119
21.7994420000001,-77.746948
21.780552,-77.667511
21.7797200000001,-77.6608429999999
21.779442,-77.655014
21.7799990000001,-77.577515
21.7787110000001,-77.498009
21.777222,-77.4575039999999
21.7744410000001,-77.453064
21.748608,-77.429459
21.7399980000001,-77.423889
21.7344440000001,-77.4255679999999
21.7341650000001,-77.4308469999999
21.736942,-77.435013
21.7500000000001,-77.4441679999999
21.753609,-77.447784
21.7508319999999,-77.4522249999999
21.746944,-77.4552919999999
21.741386,-77.45723
21.728333,-77.45723
21.710278,-77.4550019999999
21.6716650000001,-77.439453
21.6574970000001,-77.432785
21.65472,-77.4283449999999
21.648052,-77.405014
21.6355550000001,-77.360291
21.634163,-77.3463899999999
21.636108,-77.341125
21.639442,-77.337234
21.6497190000001,-77.334457
21.65583,-77.335007
21.6608310000001,-77.336945
21.6691670000001,-77.3422239999999
21.757774,-77.4097289999999
21.798885,-77.444458
21.802498,-77.4480589999999
21.8063890000001,-77.458893
21.816021,-77.497826
21.815121,-77.499428
21.8168870000001,-77.5127259999999
21.8263890000001,-77.5295639999999
21.8472210000001,-77.568069
21.8830530000001,-77.610001
21.8886110000001,-77.611389
21.906666,-77.600845
21.9105529999999,-77.5977779999999
21.923332,-77.574722
21.925831,-77.570007
21.926941,-77.563904
21.925278,-77.55806
21.9186100000001,-77.54306
21.910275,-77.529175
21.9036100000001,-77.5213929999999
21.882221,-77.515839
21.872219,-77.511948
21.863052,-77.5072329999999
21.850277,-77.4989009999999
21.843609,-77.491119
21.8261110000001,-77.4652859999999
21.6866650000001,-77.229172
21.6563870000001,-77.171677
21.6530530000001,-77.160004
21.6541630000001,-77.1539
21.652775,-77.1400149999999
21.6126100000001,-77.137558
21.6097760000001,-77.136726
21.6056080000001,-77.136726
21.6019420000001,-77.137398
21.596275,-77.140396
21.5779439999999,-77.15657
21.5764429999999,-77.159393
21.5796090000001,-77.164902
21.5844420000001,-77.168724
21.576942,-77.1819459999999
21.5836110000001,-77.189728
21.5944440000001,-77.215836
21.612499,-77.26445
21.613888,-77.277237
21.6211090000001,-77.3463899999999
21.6197200000001,-77.360001
21.617222,-77.364456
21.612499,-77.366959
21.6069410000001,-77.365845
21.4808310000001,-77.265839
21.4736100000001,-77.258896
21.4713860000001,-77.253616
21.4558299999999,-77.216125
21.4541660000001,-77.210281
21.4558299999999,-77.204727
21.479721,-77.156403
21.4844439999999,-77.153625
21.4899980000001,-77.151947
21.519999,-77.13195
21.5433330000001,-77.124947
21.546164,-77.123283
21.5726640000001,-77.106781
21.574999,-77.10495
21.5761660000001,-77.101624
21.5774970000001,-77.0944519999999
21.5759980000001,-77.0916139999999
21.5741650000001,-77.088951
21.584999,-77.061951
21.566944,-77.044449
21.5088880000001,-76.9886169999999
21.4852749999999,-76.969727
21.452213,-76.946075
21.41972,-76.883896
21.3561100000001,-76.882233
21.3536110000001,-76.886948
21.3405530000001,-76.902237
21.3149990000001,-76.901672
21.309444,-76.900558
21.306389,-76.8961179999999
21.3013879999999,-76.878891
21.3024980000001,-76.872787
21.3368870000001,-76.83567
21.3811069999999,-76.803894
21.384998,-76.800842
21.384163,-76.795288
21.3547210000001,-76.664169
21.353054,-76.65834
21.286665,-76.5757899999999
21.2836670000001,-76.574615
21.2803310000001,-76.5739589999999
21.2683320000001,-76.57412
21.2609980000001,-76.575447
21.2576660000001,-76.5766219999999
21.2524989999999,-76.5799559999999
21.2509979999999,-76.582779
21.250164,-76.5902859999999
21.250666,-76.5934449999999
21.228611,-76.584732
21.229721,-76.5914
21.2294430000001,-76.598068
21.2272189999999,-76.610001
21.2233310000001,-76.613342
21.2074970000001,-76.6052859999999
21.20472,-76.600845
21.183052,-76.541397
21.1824990000001,-76.535568
21.2016640000001,-76.489456
21.2172200000001,-76.458344
21.2227750000001,-76.4563899999999
21.2266650000001,-76.4672239999999
21.229721,-76.4869539999999
21.242222,-76.49968
21.2448880000001,-76.510674
21.2488880000001,-76.515182
21.2518860000001,-76.516342
21.259722,-76.515511
21.262886,-76.514343
21.26922,-76.507843
21.271221,-76.505508
21.272221,-76.502182
21.283054,-76.49057
21.274441,-76.364456
21.248463,-76.314316
21.243053,-76.3077849999999
21.217499,-76.265839
21.214996,-76.260834
21.2105520000001,-76.242508
21.2102780000001,-76.235001
21.2072220000001,-76.2152859999999
21.1861079999999,-76.1700129999999
21.1777759999999,-76.156403
21.1591640000001,-76.131958
21.1113849999999,-76.091675
21.0841640000001,-76.021667
21.0908320000001,-75.968338
21.1050000000001,-75.8866729999999
21.1327740000001,-75.8169559999999
21.1325,-75.811111
21.1263890000001,-75.7255709999999
21.121944,-75.70723
21.071941,-75.618896
21.068886,-75.614731
21.0566640000001,-75.605835
21.0161090000001,-75.5841669999999
21.006943,-75.5797269999999
20.845833,-75.633896
20.8311080000001,-75.7380679999999
20.8263850000001,-75.7672269999999
20.7733310000001,-75.778061
20.7491650000001,-75.780289
20.7430530000001,-75.7800139999999
20.7169420000001,-75.767502
20.696941,-75.736679
20.690552,-75.72084
20.6897200000001,-75.714172
20.683609,-75.551392
20.6888890000001,-75.449448
20.693607,-75.446671
20.6988870000001,-75.445007
20.7091640000001,-75.443619
20.7122190000001,-75.447784
20.7163889999999,-75.4586179999999
20.7144430000001,-75.4638979999999
20.714165,-75.470566
20.718609,-75.473068
20.72472,-75.473618
20.729443,-75.47084
20.7319410000001,-75.4664
20.733608,-75.461121
20.7341650000001,-75.435287
20.7333300000001,-75.395569
20.7230529999999,-75.2361149999999
20.6933330000001,-74.985001
20.6852759999999,-74.9555659999999
20.593052,-74.746674
20.5538480000001,-74.720184
20.53611,-74.6755679999999
20.5122180000001,-74.638062
20.4836080000001,-74.6019589999999
20.46611,-74.584167
20.4622190000001,-74.580841
20.4566649999999,-74.5797269999999
20.4513850000001,-74.58168
20.445274,-74.582779
20.4236110000001,-74.569458
20.394444,-74.543625
20.351665,-74.501114
20.349163,-74.4963989999999
20.290276,-74.384171
20.293888,-74.3033449999999
20.2949980000001,-74.297226
20.297222,-74.292511
20.301388,-74.289459
20.30611,-74.288345
20.309998,-74.285004
20.3127749999999,-74.267227
20.315552,-74.235291
20.3158300000001,-74.2286219999999
20.314163,-74.222778
20.2594410000001,-74.148056
20.25222,-74.141403
20.2472190000001,-74.139725
20.221107,-74.1319579999999
20.209164,-74.130844
20.199718,-74.1316679999999
20.193607,-74.132507
20.1913070000001,-74.1333079999999
20.172497,-74.147507
20.0805550000001,-74.241119
20.071941,-74.2536159999999
20.06361,-74.266678
20.056942,-74.281403
20.0561100000001,-74.287231
20.0572200000001,-74.293625
20.0597190000001,-74.298615
20.062496,-74.30278
20.0700000000001,-74.309448
20.074444,-74.312225
20.0772210000001,-74.316391
20.0791659999999,-74.321945
20.078609,-74.3655699999999
20.0780530000001,-74.378616
20.064999,-74.486954
20.052498,-74.6033479999999
20.0497210000001,-74.6797329999999
20.0508310000001,-74.684723
20.0519410000001,-74.703903
20.052219,-74.7177889999999
20.048054,-74.762222
20.038887,-74.800293
20.0344430000001,-74.816956
20.026943,-74.83139
19.956387,-74.960846
19.9455530000001,-74.964737
19.93222,-74.9727779999999
19.9244420000001,-74.9794459999999
19.9211080000001,-74.983337
19.9186099999999,-74.987793
19.903889,-75.0152889999999
19.9008330000001,-75.03334
19.8930400000001,-75.085281
19.917221,-75.0855559999999
19.9655530000001,-75.087234
19.9628720000001,-75.13974
19.985832,-75.101395
19.992775,-75.0941769999999
20.0105550000001,-75.0775149999999
20.0161090000001,-75.078903
20.0563890000001,-75.092789
20.014442,-75.164169
20.0086099999999,-75.172501
20.004719,-75.175842
20.0000000000001,-75.1783449999999
19.9930530000001,-75.178619
19.964163,-75.157272
19.9606930000001,-75.15918
19.9630550000001,-75.15918
19.963333,-75.190567
19.9586110000001,-75.195847
19.9244420000001,-75.226959
19.901554,-75.223724
19.8808329999999,-75.305283
19.8755530000001,-75.3555599999999
19.8755530000001,-75.369446
19.8767170000001,-75.380188
19.876942,-75.51889
19.87722,-75.5261229999999
19.8788870000001,-75.540009
19.889442,-75.5927889999999
19.8952750000001,-75.609451
19.918053,-75.660004
19.9263879999999,-75.67334
19.9355550000001,-75.686111
19.943886,-75.6991729999999
19.951664,-75.713348
19.9538879999999,-75.718613
19.954998,-75.725006
19.9680520000001,-75.9052889999999
19.966942,-75.911392
19.958332,-75.9447329999999
19.9786110000001,-76.11084
19.984722,-76.1347349999999
19.990555,-76.215012
19.9908330000001,-76.2489009999999
19.9672200000001,-76.421951
19.959999,-76.455292
19.952499,-76.468903
19.946941,-76.484726
19.944721,-76.496674
19.938053,-76.566681
19.9386100000001,-76.573898
19.944721,-76.625839
19.929165,-76.796677
19.9044420000001,-76.906403
19.8933299999999,-76.930557
19.880276,-76.987793
19.8763890000001,-77.005005
19.87722,-77.0113979999999
19.890774,-77.033859
19.881107,-77.075012
19.886944,-77.1266779999999
19.908333,-77.1986239999999
19.9052770000001,-77.293335
19.9033320000001,-77.305557
19.901386,-77.3105619999999
19.8886110000001,-77.333344
19.8813860000001,-77.340286
19.8791660000001,-77.337509
19.879719,-77.316956
19.8780520000001,-77.3111109999999
19.874443,-77.3105619999999
19.871944,-77.315292
19.8577770000001,-77.350281
19.855831,-77.35556
19.8233300000001,-77.648895
19.8219409999999,-77.681122
19.832775,-77.722504
19.8399960000001,-77.729172
19.8522189999999,-77.7383419999999
19.8674960000001,-77.7425079999999
19.874443,-77.742233
19.915554,-77.710007
20.0449980000001,-77.5986179999999
20.0483320000001,-77.594727
20.2002749999999,-77.396667
20.211388,-77.379181
20.215832,-77.369446
20.2174990000001,-77.363892
20.2219430000001,-77.340286
20.2255549999999,-77.3297269999999
20.2352750000001,-77.304459
20.245277,-77.2789
20.2858310000001,-77.193619
20.2961080000001,-77.175568
20.2994420000001,-77.171677
20.3033330000001,-77.168335
20.3649980000001,-77.115845
20.36972,-77.113342
20.4480550000001,-77.083893
20.4644430000001,-77.078613
20.4699969999999,-77.078339
20.6322210000001,-77.195282
20.6358300000001,-77.1986239999999
20.6630550000001,-77.236389
20.7088850000001,-77.3141779999999
20.713886,-77.323624
20.71669,-77.3366389999999
20.71833,-77.357224
20.7169420000001,-77.37001
20.6852759999999,-77.461395
20.68222,-77.5300139999999
20.6897200000001,-77.68251
20.693886,-77.7425079999999
20.6963880000001,-77.76889
20.6974980000001,-77.7752839999999
20.701385,-77.786392
20.719009,-77.83226
20.7286110000001,-77.855011
20.7302740000001,-77.8608399999999
20.7300000000001,-77.874725
20.7277760000001,-77.9005579999999
20.7205539999999,-77.907791
20.7163889999999,-77.910843
20.7022210000001,-77.918335
20.695,-77.925293
20.6924970000001,-77.929733
20.691387,-77.9358369999999
20.698055,-78.0458369999999
20.6997180000001,-78.050293
20.713886,-78.0722349999999
20.792774,-78.1636199999999
20.8408319999999,-78.212234
20.90361,-78.273346
20.9488870000001,-78.336395
21.0280529999999,-78.490005
21.0302770000001,-78.4950099999999
21.034443,-78.497787
21.1672210000001,-78.508621
21.2883300000001,-78.537231
21.3902740000001,-78.565842
21.4644430000001,-78.595001
21.4841650000001,-78.603058
21.5136110000001,-78.622513
21.5244410000001,-78.633057
21.534451,-78.6472469999999
21.604721,-78.697784
21.60833,-78.701126
21.6347200000001,-78.7402799999999
21.6391640000001,-78.75029
21.6408309999999,-78.756119
21.6405530000001,-78.763062
21.6222190000001,-78.848892
21.6197200000001,-78.853622
21.6111110000001,-78.866394
21.592499,-78.897781
21.5922200000001,-78.911957
21.596371,-78.966019
21.5833320000001,-79.02417
21.5580520000001,-79.1275019999999
21.55611,-79.132782
21.553055,-79.14418
21.5466650000001,-79.173065
21.541943,-79.196945
21.5402760000001,-79.209732
21.5411110000001,-79.2319489999999
21.5422210000001,-79.2458339999999
21.5458300000001,-79.265015
21.5944440000001,-79.462509
21.601387,-79.478622
21.6041640000001,-79.482788
21.686108,-79.646393
21.693607,-79.668335
21.7055550000001,-79.777786
21.746944,-79.8900149999999
21.72361,-79.987793
21.78833,-80.047226
21.822681,-80.1010889999999
21.8394430000001,-80.1716769999999
21.8441660000001,-80.189178
21.8486100000001,-80.199448
21.875553,-80.245285
21.8977780000001,-80.281113
21.9063870000001,-80.2941739999999
21.9705540000001,-80.366959
21.985554,-80.3813929999999
22.0075000000001,-80.402237
22.0391650000001,-80.427231
22.061943,-80.43306
22.0641630000001,-80.413895
22.065277,-80.4077909999999
22.0691640000001,-80.397232
22.071941,-80.3925019999999
22.0772210000001,-80.391113
22.104443,-80.3966669999999
22.1624980000001,-80.4505619999999
22.164719,-80.455841
22.177219,-80.491959
22.179722,-80.526123
22.179722,-80.531952
22.1758310000001,-80.5352779999999
22.1711079999999,-80.537506
22.160831,-80.540009
22.0628280000001,-80.555939
22.0505520000001,-80.591125
22.0541650000001,-80.6280669999999
22.0599980000001,-80.75
22.0602759999999,-80.757233
22.0583310000001,-80.808899
22.0569419999999,-80.814728
22.0516660000001,-80.823624
22.04583,-80.839737
22.039997,-80.876953
22.0397190000001,-80.891113
22.0405540000001,-80.9052889999999
22.056389,-81.009445
22.059444,-81.0211179999999
22.0830540000001,-81.0861209999999
22.0852780000001,-81.0914
22.0936090000001,-81.1044459999999
22.10083,-81.111679
22.1091650000001,-81.117508
22.128609,-81.125839
22.1480520000001,-81.134171
22.109722,-81.196396
22.0947189999999,-81.2055659999999
22.0841640000001,-81.3238979999999
22.0841640000001,-81.345566
22.085552,-81.351669
22.115276,-81.386398
22.120277,-81.388336
22.131107,-81.388062
22.14222,-81.38501
22.1469420000001,-81.382507
22.153053,-81.3819579999999
22.165554,-81.3902889999999
22.1733320000001,-81.396667
22.178333,-81.406403
22.2072220000001,-81.622223
22.2102780000001,-81.647507
22.2069440000001,-81.6511229999999
22.1947210000001,-81.660278
22.1719440000001,-81.758621
22.171387,-81.765015
22.1836090000001,-81.8230589999999
22.1950000000001,-81.840561
22.3033330000001,-82.006958
22.343052,-82.099457
22.366943,-82.137787
22.37611,-82.150284
22.383888,-82.1566769999999
22.39222,-82.162231
22.398331,-82.163071
22.4086070000001,-82.15918
22.423054,-82.14473
22.4316640000001,-82.123611
22.432777,-82.119171
22.430553,-82.099167
22.4277760000001,-82.05806
22.4269410000001,-81.982788
22.4269410000001,-81.976959
22.43111,-81.841125
22.436386,-81.795013
22.453888,-81.703613
22.4558300000001,-81.698334
22.491386,-81.648895
22.570553,-81.643341
22.576111,-81.64473
22.5773960000001,-81.6501309999999
22.6325000000001,-81.741119
22.640274,-81.7550049999999
22.65472,-81.7847289999999
22.656944,-81.789734
22.6636090000001,-81.81279
22.6694409999999,-81.83667
22.6808320000001,-81.88501
22.675831,-81.9611209999999
22.677776,-82.176682
22.686108,-82.4005579999999
22.6827770000001,-82.624725
22.688053,-82.673065
22.6955530000001,-82.702789
22.69833,-82.714737
22.699165,-82.7213899999999
22.701111,-82.7572329999999
22.700554,-82.763901
22.69722,-82.7752839999999
22.6944430000001,-82.7797239999999
22.6877750000001,-82.787231
22.6827770000001,-82.789734
22.6774980000001,-82.791397
22.6705549999999,-82.791397
22.664997,-82.790009
22.6566660000001,-82.785568
22.624443,-82.794449
22.620277,-82.797501
22.616943,-82.801392
22.6073840000001,-82.8233339999999
22.5997200000001,-82.849167
22.5955540000001,-82.859726
22.5122180000001,-83.026672
22.506943,-83.035568
22.4797209999999,-83.073334
22.4763869999999,-83.07695
22.4388890000001,-83.103622
22.4347190000001,-83.1064
22.4169430000001,-83.108337
22.3655549999999,-83.13501
22.3608320000001,-83.137512
22.3566670000001,-83.1402889999999
22.353054,-83.14418
22.332775,-83.166672
22.3299979999999,-83.1711119999999
22.3266639999999,-83.1825099999999
22.326111,-83.1891779999999
22.328331,-83.194458
22.333054,-83.204178
22.348888,-83.2469479999999
22.3494420000001,-83.2536159999999
22.3469430000001,-83.258347
22.235554,-83.3427889999999
22.23,-83.3444519999999
22.203331,-83.366119
22.199997,-83.37001
22.1891630000001,-83.411957
22.174164,-83.476959
22.1747209999999,-83.481949
22.1777760000001,-83.493896
22.1947210000001,-83.543335
22.2130550000001,-83.589447
22.174999,-83.6672359999999
22.1708300000001,-83.748337
22.1686100000001,-83.813614
22.1702769999999,-83.8477779999999
22.1711079999999,-83.8755649999999
22.171387,-83.9052889999999
22.1699980000001,-83.9111179999999
22.163887,-83.926682
22.16111,-83.931396
22.150833,-83.943344
22.1405530000001,-83.9547269999999
22.130276,-83.965836
22.12611,-83.968903
22.0602759999999,-84.0050049999999
22.055553,-84.007233
22.049999,-84.007233
22.027775,-83.9941709999999
21.9499970000001,-83.9908449999999
21.944443,-83.9908449999999
21.9341660000001,-84.002228
21.9149969999999,-84.0261229999999
21.913055,-84.031403
21.913055,-84.03862
21.9152760000001,-84.0439
21.929165,-84.0658419999999
21.935276,-84.0816799999999
21.9397200000001,-84.107513
21.9397200000001,-84.122223
21.9383319999999,-84.128342
21.909164,-84.2294459999999
21.905277,-84.240005
21.893608,-84.271667
21.888885,-84.281403
21.876663,-84.306122
21.8627779999999,-84.328339
21.8230550000001,-84.382782
21.8066640000001,-84.402237
21.7866630000001,-84.428345
21.781387,-84.4364009999999
21.7752760000001,-84.45195
21.766941,-84.4875029999999
21.7655530000001,-84.501114
21.765831,-84.515839
21.7699970000001,-84.526123
21.7733310000001,-84.529724
21.778889,-84.528336
21.84333,-84.4941709999999
21.860554,-84.475281
21.8702769999999,-84.47084
21.8897210000001,-84.4691769999999
21.895832,-84.470001
21.91222,-84.474457
21.9172210000001,-84.476669
21.925552,-84.482788
21.93222,-84.4900049999999
21.934444,-84.49501
21.934998,-84.501953
21.9338870000001,-84.5641779999999
21.927776,-84.601959
21.9249990000001,-84.613892
21.9161110000001,-84.6488949999999
21.894997,-84.7002869999999
21.873608,-84.7366789999999
21.868053,-84.74556
21.864719,-84.749176
21.856388,-84.7550049999999
21.8516650000001,-84.757233
21.844719,-84.7650149999999
21.8200000000001,-84.805008
21.81583,-84.8155669999999
21.821388,-84.861389
21.8222200000001,-84.868057
21.8305550000001,-84.9111179999999
21.8361090000001,-84.927505
21.8408320000001,-84.936951
21.846943,-84.945282
21.8552740000001,-84.951126
21.8599970000001,-84.953339
21.866386,-84.9525149999999
21.9022220000001,-84.9391779999999
21.9069440000001,-84.936951
21.9138870000001,-84.931122
21.9172210000001,-84.925003
21.915833,-84.9214019999999
21.911663,-84.920013
21.890274,-84.905838
21.8841630000001,-84.897781
21.88361,-84.890839
21.907497,-84.8180689999999
22.027496,-84.546951
22.0358310000001,-84.53334
22.0452770000001,-84.514175
22.0461080000001,-84.4969479999999
22.0461080000001,-84.490845
22.04361,-84.378891
22.042221,-84.3730619999999
22.039997,-84.367783
22.034443,-84.3589019999999
22.023331,-84.348343
22.012218,-84.338058
22.0791660000001,-84.320847
22.155277,-84.4111179999999
22.2036090000001,-84.440002
22.332775,-84.400558
22.351387,-84.390839
22.4591640000001,-84.2994539999999
22.553055,-84.200562
22.660553,-84.07695
22.6627769999999,-84.0716709999999
22.661388,-84.0655669999999
22.6774980000001,-84.023056
22.75222,-83.843338
22.8019410000001,-83.6925049999999
22.9002760000001,-83.442505
22.998886,-83.2291719999999
23.0013890000001,-83.216949
23.0183299999999,-83.053894
23.0152320000001,-83
22.98333,-83.008057
22.976387,-83.008057
22.966389,-82.9797359999999
22.966389,-82.973618
22.96833,-82.9686129999999
22.9787250000001,-82.944763
23.0147210000001,-82.928894
23.0194440000001,-82.926392
23.0247190000001,-82.9175109999999
23.0294420000001,-82.900284
23.0302770000001,-82.8583369999999
23.031109,-82.8075099999999
23.0305520000001,-82.768616
23.0280530000001,-82.7483369999999
23.02861,-82.726669
23.032219,-82.695007
23.0486110000001,-82.590012
23.0583310000001,-82.556122
23.0624960000001,-82.545563
23.0702400000001,-82.535339
23.071941,-82.53334
23.092777,-82.496674
23.139721,-82.4133449999999
23.14222,-82.408615
23.144444,-82.403336
23.1666640000001,-82.331116
23.1813890000001,-82.265564
23.186386,-82.2341769999999
23.187496,-82.220566
23.186665,-82.2063899999999
23.181942,-82.172501
23.1844639999999,-82.095856
23.1872220000001,-82.082779
23.1933329999999,-82.045288
23.194443,-82.031403
23.1936070000001,-82.025009
23.189999,-82.006119
23.186386,-82.003891
---
23.1699980000001,-80.487793
23.1647189999999,-80.4969479999999
23.176388,-80.513062
23.1824990000001,-80.536118
23.183887,-80.5419459999999
23.1811100000001,-80.5625
23.176109,-80.579727
23.1816640000001,-80.579727
23.1869430000001,-80.577789
23.1950000000001,-80.5716709999999
23.2016640000001,-80.563904
23.203609,-80.558624
23.2041659999999,-80.551956
23.202774,-80.545837
23.1880530000001,-80.493057
---
