-5.88388899999995,12.933611
-5.88583399999993,12.9216650000001
-5.88305599999995,12.889166
-5.88361200000003,12.8761099999999
-5.88611100000003,12.865
-5.89527800000002,12.8397220000001
-5.897223,12.8349989999999
-5.90805599999999,12.818054
-5.94833399999999,12.768888
-5.94805599999995,12.7397210000001
-5.94361099999998,12.737221
-5.9375,12.7377780000001
-5.91083299999997,12.746111
-5.90611200000001,12.7483329999999
-5.90249999999998,12.7516649999999
-5.90000099999997,12.7558330000001
-5.85250100000002,12.839167
-5.85055599999993,12.8441659999999
-5.85000000000002,12.850277
-5.84888899999993,12.862778
-5.84916700000002,12.8766650000001
-5.853612,12.9652770000001
-5.854445,12.9716660000001
-5.85861199999999,12.9741650000001
-5.86250000000001,12.9727760000001
-5.87055599999997,12.9616660000001
-5.87611199999998,12.953054
---
5.1786110000001,25.911388
5.19027700000009,26.024998
5.19111099999998,26.0311090000001
5.19749900000005,26.0655520000001
5.20555499999995,26.087219
5.20777700000014,26.091942
5.23416600000007,26.1086080000001
5.24916600000006,26.1274989999999
5.232778,26.1974980000001
5.13277699999998,26.393887
5.09388799999994,26.4416660000001
5.0825000000001,26.4505540000001
5.06249900000006,26.4574970000001
5.05916600000012,26.461109
5.05249999999995,26.47472
5.04638900000009,26.488888
5.04472199999998,26.5005530000001
5.041944,26.520832
5.06860999999992,26.6208310000001
5.088055,26.6802750000001
5.09250000000003,26.7155530000001
5.09138899999994,26.7452769999999
5.09027800000007,26.7575
5.08750000000003,26.761665
5.08138800000006,26.7691650000001
5.05805500000002,26.793053
5.02861000000001,26.861664
5.02916600000003,26.8677750000001
5.03138799999999,26.8724980000001
5.0347210000001,26.8758320000001
5.06166600000006,26.8825000000001
5.07055500000013,26.8869440000001
5.10305499999993,26.908333
5.14111000000003,26.9377749999999
5.14611100000008,26.9452739999999
5.17777700000005,27.00861
5.18583300000012,27.0274960000001
5.20111100000014,27.0666660000001
5.20416599999999,27.084164
5.20277700000014,27.0963860000001
5.19666600000005,27.136944
5.19527700000009,27.142498
5.19138800000002,27.1519430000001
5.12360999999999,27.3133320000001
5.08916699999997,27.393608
5.07999999999998,27.41111
5.07472100000001,27.4194410000001
5.06472200000013,27.429722
5.01638800000006,27.455276
4.94361000000004,27.524441
4.90194400000013,27.648888
4.89777800000007,27.6586070000001
4.89249999999998,27.6666640000001
4.78777700000006,27.768887
4.76027799999991,27.7822190000001
4.75472200000013,27.783607
4.71499900000003,27.7888870000001
4.70944400000013,27.7874980000001
4.69999999999999,27.7766649999999
4.69583299999999,27.7741659999999
4.68972200000007,27.773609
4.666111,27.771664
4.60138799999993,27.7874980000001
4.59888800000004,27.7913860000001
4.55777700000004,27.862499
4.55638900000014,27.868053
4.55110999999999,27.9297220000001
4.50222200000007,28.028053
4.43277699999999,28.084442
4.352777,28.1924969999999
4.34750000000003,28.200832
4.34555499999999,28.205555
4.29000000000008,28.363052
4.32805499999995,28.4766650000001
4.33361100000013,28.477776
4.34999900000003,28.4883310000001
4.37305500000002,28.5058330000001
4.40194400000007,28.5847210000001
4.416111,28.630833
4.41750000000002,28.636108
4.42361100000011,28.6508329999999
4.42722100000003,28.654163
4.45583199999993,28.672775
4.48222199999998,28.6866650000001
4.48694400000005,28.6888890000001
4.50527799999998,28.690552
4.51027799999997,28.6924970000001
4.51416599999999,28.6952739999999
4.53749900000003,28.7124980000001
4.56194400000004,28.7766650000001
4.55277700000005,28.78833
4.53194400000012,28.801388
4.52249900000004,28.805553
4.51583300000004,28.805832
4.50611000000009,28.8016660000001
4.4994440000001,28.8019409999999
4.49472100000014,28.803886
4.48472200000003,28.8211100000001
4.48277799999994,28.825832
4.48166700000007,28.8313870000001
4.47777700000006,28.8874970000001
4.47777700000006,28.8930550000001
4.48222199999998,28.970276
4.48305499999998,28.9763870000001
4.48500000000013,28.9811100000001
4.49611100000004,28.997776
4.498333,29.002499
4.49972200000002,29.008053
4.498333,29.013332
4.49583200000001,29.0174980000001
4.41222199999993,29.131386
4.38611000000003,29.1594430000001
4.34611000000012,29.200832
4.34166599999992,29.2097210000001
4.34027800000001,29.2152750000001
4.34611000000012,29.2436100000001
4.38666599999999,29.3216630000001
4.39333199999999,29.328331
4.52555499999994,29.432777
4.58888800000005,29.463886
4.59499899999997,29.4644430000001
4.63138899999996,29.4666630000001
4.63805500000012,29.466389
4.65444400000007,29.4622190000001
4.66027700000006,29.462776
4.6638880000001,29.46611
4.67694399999993,29.4800000000001
4.68305500000002,29.4874990000001
4.68444400000004,29.4927750000001
4.68333200000001,29.498333
4.65611100000001,29.614719
4.64361100000013,29.6433299999999
4.61749900000001,29.6986080000001
4.56583300000011,29.8066640000001
4.56027699999999,29.81472
4.55499900000007,29.8163870000001
4.49611100000004,29.8063890000001
4.46888799999999,29.799999
4.43638799999997,29.7925
4.42972199999997,29.7925
4.38499900000011,29.793331
4.37944400000004,29.79472
4.37138800000014,29.800278
4.36555499999997,29.808331
4.35166600000008,29.828331
4.3463890000001,29.836666
4.34499900000003,29.8419420000001
4.34444400000012,29.848053
4.29138900000004,29.9594420000001
4.23388900000009,29.987778
4.13472199999995,30.0583310000001
4.12805500000007,30.065277
4.12360999999999,30.074165
4.12111099999998,30.0852780000001
4.11916600000001,30.1036110000001
4.11888900000002,30.116386
4.11749900000012,30.121944
4.11166600000013,30.136108
4.10555599999992,30.1438870000001
4.09361099999995,30.152222
4.0397210000001,30.1666640000001
3.97055499999999,30.199718
3.96250000000003,30.2052760000001
3.95916699999992,30.208611
3.95444400000014,30.217499
3.95416600000004,30.2372210000001
3.95638800000006,30.248886
3.96083299999992,30.264999
3.96083299999992,30.271942
3.95777800000013,30.2819440000001
3.94027800000009,30.336109
3.92527800000011,30.361385
3.8858330000001,30.4347190000001
3.86416600000007,30.480553
3.86166600000001,30.491386
3.86583299999995,30.500832
3.86861099999999,30.504997
3.87305500000014,30.5211110000001
3.87305500000014,30.5333330000001
3.87055500000008,30.5444410000001
3.86472200000009,30.551941
3.86000000000001,30.553886
3.70999999999998,30.5811080000001
3.69027799999992,30.5822220000001
3.67805500000009,30.5822220000001
3.65972199999999,30.580555
3.64888900000005,30.5780530000001
3.63444399999997,30.5722200000001
3.62,30.5594440000001
3.61388899999992,30.558887
3.61055499999998,30.5624960000001
3.60861100000005,30.567219
3.60611099999994,30.5780530000001
3.60444400000006,30.5897219999999
3.60444400000006,30.5963859999999
3.60472199999998,30.6033330000001
3.61111099999994,30.631107
3.63305500000001,30.7244420000001
3.63611100000008,30.7352750000001
3.63888900000006,30.7391660000001
3.64305499999995,30.741943
3.66000000000008,30.786388
3.52833299999998,30.847221
3.49339400000014,30.858818
3.523056,30.898331
3.52527799999996,30.9030530000001
3.52583300000003,30.9091639999999
3.524722,30.91333
3.52194399999996,30.9172210000001
3.51055500000001,30.9263880000001
3.50527800000003,30.927776
3.42472200000003,30.935555
3.41777799999994,30.935555
3.41166600000014,30.9349980000001
3.40138899999999,30.931664
3.32472200000007,30.8827740000001
3.29166699999996,30.8616640000001
3.2888880000001,30.8577770000001
3.2402780000001,30.828053
3.13000000000011,30.7822190000001
3.06722200000007,30.763611
3.05500000000006,30.762497
3.04805499999992,30.7627750000001
3.03666600000014,30.7649990000001
3.03250000000003,30.767776
3.02916600000009,30.7711110000001
3.02666700000009,30.7752760000001
3.0175000000001,30.799999
3.00972200000012,30.812496
2.97027700000012,30.8477750000001
2.96611100000001,30.850555
2.95750000000004,30.855553
2.89722200000011,30.877777
2.88583299999993,30.879997
2.88027800000003,30.879997
2.84972199999993,30.8786090000001
2.84361100000007,30.878052
2.83333299999998,30.874722
2.79083300000002,30.856388
2.78666600000003,30.853886
2.78333300000008,30.850555
2.78111100000012,30.845833
2.73916600000001,30.8172190000001
2.67472199999997,30.7869420000001
2.60361100000006,30.756943
2.59861100000006,30.7549970000001
2.47916700000002,30.7319410000001
2.46749999999997,30.7300000000001
2.44805500000007,30.7297210000001
2.33944399999996,30.875553
2.33750000000009,30.880276
2.33499999999998,30.8911090000001
2.33527800000007,30.898052
2.33611100000007,30.904163
2.33944399999996,30.914165
2.34305499999999,30.9175000000001
2.35138800000004,30.9230540000001
2.36083300000013,30.926941
2.38833299999993,30.9330520000001
2.39777800000002,30.9369429999999
2.40611100000007,30.9424970000001
2.4088890000001,30.946388
2.41194400000006,30.9572220000001
2.41194400000006,30.970833
2.41027700000001,30.9824980000001
2.40833300000008,30.9872210000001
2.39694400000013,31.0030520000001
2.32527700000003,31.0691640000001
2.22916700000007,31.202499
2.16284999999993,31.299202
2.12138800000002,31.302776
1.98750000000001,31.209721
1.76555500000001,31.036663
1.61888900000014,30.8483310000001
1.50361099999998,30.700275
1.49888900000008,30.6933330000001
1.49388900000008,30.688053
1.47333300000014,30.671387
1.32166600000005,30.5488850000001
1.24472200000014,30.4869420000001
1.23777800000005,30.4808310000001
1.21277800000013,30.456108
1.20666599999998,30.4486079999999
1.20166700000004,30.4399990000001
1.20027800000008,30.434444
1.19999999999999,30.427498
1.19833300000005,30.370831
1.16888899999998,30.2780530000001
1.16666700000013,30.273052
1.16388899999998,30.2691650000001
1.13416600000005,30.2361110000001
1.12999999999994,30.2336080000001
1.12499999999994,30.2316670000001
1.06805500000013,30.214165
1.06194400000004,30.2133329999999
1.05111100000005,30.216389
1.03611100000006,30.2222210000001
0.996389000000079,30.218609
0.992500000000007,30.21611
0.916389000000095,30.1619420000001
0.90527800000001,30.1524960000001
0.898333000000036,30.1458320000001
0.895555000000059,30.141666
0.893333000000041,30.1363870000001
0.893333000000041,30.1308330000001
0.89861100000013,30.1158330000001
0.893333000000041,30.0863880000001
0.874722000000133,30.0361100000001
0.86666700000012,30.015831
0.850556000000097,29.990833
0.846707000000094,29.9867249999999
0.838055000000111,29.969166
0.833754000000056,29.9650460000001
0.825555000000065,29.9605520000001
0.811111000000096,29.954441
0.79611100000011,29.9494439999999
0.779444000000069,29.9455530000001
0.63444400000003,29.9383319999999
0.614722000000029,29.939163
0.566389000000015,29.9447210000001
0.550833000000068,29.956665
0.547499999999957,29.960278
0.541944000000001,29.9616660000001
0.487222000000031,29.962498
0.480277999999942,29.9572220000001
0.42904900000002,29.912449
0.366667000000064,29.85833
0.277500000000089,29.8394430000001
0.167499999999961,29.8163870000001
0.158611000000064,29.813889
0.160556000000099,29.8036080000001
0.16444400000006,29.7938879999999
0.171943999999996,29.7877770000001
0.174444000000051,29.783607
0.175277999999935,29.777222
0.172222000000033,29.7733310000001
0.104721999999924,29.7319410000001
0.0819440000000213,29.7205540000001
0.0722220000001244,29.716663
0.0544439999999895,29.714165
0.0475000000000705,29.7144430000001
0.0427779999999984,29.7163890000001
0.0266669999999749,29.7277760000001
0.0169439999999668,29.7319410000001
0.00611099999997577,29.734722
0,29.7349640000001
-0.0116669999999317,29.732498
-0.0744439999999713,29.708996
-0.202778000000023,29.687763
-0.30472199999997,29.67083
-0.439722000000017,29.6486090000001
-0.47666700000002,29.652775
-0.580555999999945,29.6666640000001
-0.641389000000004,29.6347200000001
-0.733332999999959,29.618332
-0.739443999999935,29.6177750000001
-0.750556000000017,29.620552
-0.774166999999977,29.6313860000001
-0.785833000000025,29.63361
-0.795555999999976,29.63361
-0.888888999999949,29.62833
-0.891666999999927,29.624165
-0.892499999999927,29.618053
-0.893332999999927,29.605
-0.892778000000021,29.591942
-0.893611000000021,29.5858310000001
-0.896388999999942,29.581665
-0.89999999999992,29.578331
-0.910832999999968,29.575832
-0.921943999999996,29.5744440000001
-1.17361099999999,29.5708310000001
-1.18666699999994,29.5716630000001
-1.19138899999996,29.573887
-1.19833399999993,29.58083
-1.205556,29.594166
-1.21361100000001,29.59972
-1.21916699999997,29.6011090000001
-1.31111099999993,29.6066670000001
-1.33027799999996,29.6055529999999
-1.38583399999993,29.5969430000001
-1.39111100000002,29.5777739999999
-1.39583299999993,29.5688860000001
-1.413611,29.53833
-1.44777799999997,29.496944
-1.45138899999995,29.49361
-1.48250000000002,29.4699970000001
-1.50416699999994,29.4563900000001
-1.50416699999994,29.442776
-1.50749999999994,29.367222
-1.50805600000001,29.3647190000001
-1.51027800000003,29.361111
-1.51777800000002,29.3550000000001
-1.62638900000002,29.270832
-1.65472199999994,29.2513890000001
-1.81055600000002,29.1458319999999
-1.81972200000001,29.1411090000001
-1.83416699999998,29.1352770000001
-1.849445,29.129997
-1.86027799999999,29.1272200000001
-1.90444400000001,29.1238860000001
-1.91138899999999,29.1238860000001
-1.92416700000001,29.124722
-1.94888899999995,29.128052
-1.97638899999998,29.1352770000001
-2.01436199999995,29.1482120000001
-2.06305599999996,29.1661110000001
-2.07416699999993,29.168888
-2.086389,29.1705550000001
-2.10027799999995,29.1705550000001
-2.125,29.1683310000001
-2.14138899999995,29.164444
-2.16083300000003,29.156387
-2.18916699999994,29.1438870000001
-2.21294799999993,29.130489
-2.23416700000001,29.1216660000001
-2.24805599999996,29.1149980000001
-2.26055599999995,29.1069409999999
-2.26749999999993,29.1002769999999
-2.273056,29.0919420000001
-2.33444499999996,28.984997
-2.36222299999997,28.904999
-2.36305599999997,28.8986090000001
-2.36722199999997,28.8891640000001
-2.37305599999996,28.881107
-2.38527800000003,28.872776
-2.39444400000002,28.868332
-2.40472299999999,28.864998
-2.41027799999995,28.863609
-2.52027799999996,28.8533330000001
-2.53194499999995,28.8555530000001
-2.66000000000003,28.9022220000001
-2.67694499999993,28.9197199999999
-2.68305600000002,28.9272189999999
-2.68833399999994,28.9355550000001
-2.69416699999999,28.950275
-2.69416699999999,28.956944
-2.69194499999992,28.975555
-2.69305600000001,28.9811100000001
-2.69777800000003,28.9899980000001
-2.71333399999997,29.008888
-2.72027799999995,29.015831
-2.72416700000002,29.0186080000001
-2.73834299999993,29.0251390000001
-2.74472199999997,29.0244410000001
-2.75111199999998,29.010277
-2.75555599999996,29.0005530000001
-2.75833399999993,28.996387
-2.76166699999993,28.993053
-2.76999999999993,28.987778
-2.78027800000001,28.9844440000001
-2.78666699999997,28.983887
-2.80027799999993,28.983887
-2.81055600000002,28.9874990000001
-2.81805600000001,28.9938890000001
-2.99611099999993,29.148609
-3.01777799999996,29.1749990000001
-3.02027799999996,29.1791650000001
-3.02361199999996,29.18972
-3.02361199999996,29.196663
-3.02055599999994,29.2074970000001
-3.01972199999994,29.213608
-3.02111099999996,29.219166
-3.02527799999996,29.2219430000001
-3.043612,29.2313880000001
-3.05805599999997,29.237778
-3.06361199999992,29.2391660000001
-3.07583399999999,29.2405550000001
-3.11777799999999,29.2405550000001
-3.14777800000002,29.215553
-3.15194500000001,29.2127760000001
-3.15749999999997,29.211666
-3.23666700000001,29.2105520000001
-3.24694499999998,29.214165
-3.25833399999993,29.2233310000001
-3.27186599999993,29.2369650000001
-3.28305599999999,29.2211070000001
-3.28611099999995,29.2169420000001
-3.29361199999994,29.2108310000001
-3.29861099999994,29.208885
-3.311667,29.2083320000001
-3.33361100000002,29.213608
-3.38777799999997,29.225277
-3.42277799999999,29.231941
-3.45916699999992,29.237499
-3.49611099999993,29.241943
-3.59444499999995,29.246944
-3.68388900000002,29.2413860000001
-3.70194499999997,29.238888
-3.71972199999993,29.236385
-3.74333299999995,29.2324980000001
-3.75096399999995,29.229897
-3.77638899999999,29.224163
-3.78944399999995,29.2236100000001
-3.79638899999992,29.2236100000001
-3.88499999999999,29.2324980000001
-3.916111,29.236385
-3.92555599999997,29.240833
-3.93777799999998,29.249165
-3.94138900000002,29.252777
-3.95083399999993,29.2638850000001
-3.95333299999993,29.2680550000001
-3.96027800000002,29.2749980000001
-3.98250000000002,29.294167
-4.005,29.313053
-4.03305599999999,29.3336110000001
-4.041112,29.3391649999999
-4.04999999999995,29.344166
-4.05972300000002,29.348331
-4.13361200000003,29.3783300000001
-4.15944499999995,29.387218
-4.17666700000001,29.390831
-4.19527799999997,29.393055
-4.22888899999998,29.394444
-4.29583400000001,29.397499
-4.369167,29.407497
-4.44805600000001,29.423885
-4.45583299999998,29.4269410000001
-4.50111199999998,29.4302750000001
-4.53472199999999,29.4313890000001
-4.54111199999994,29.430832
-4.55222200000003,29.428333
-4.57833399999998,29.4202770000001
-4.60333300000002,29.4111100000001
-4.63805600000001,29.397778
-4.69472299999995,29.375275
-4.70861100000002,29.3683320000001
-4.72250099999997,29.3616640000001
-4.73694499999993,29.3558310000001
-4.76333399999999,29.347775
-4.79777799999999,29.3413890000001
-4.85027799999995,29.340832
-4.88388899999995,29.341942
-4.92111199999999,29.3466639999999
-4.93972300000002,29.3491629999999
-4.95138900000001,29.3513870000001
-4.99527799999998,29.363052
-4.99999999999994,29.365276
-5.04111199999994,29.379719
-5.10138899999998,29.403332
-5.12527799999992,29.4141650000001
-5.14250099999998,29.4247210000001
-5.15249999999998,29.435276
-5.16277799999995,29.4458310000001
-5.17500000000001,29.4541660000001
-5.18444499999998,29.458611
-5.23666699999995,29.4761090000001
-5.293612,29.487221
-5.38555599999995,29.5136110000001
-5.42750099999995,29.5272220000001
-5.44805600000001,29.5344430000001
-5.46638999999993,29.543888
-5.49638899999997,29.5622220000001
-5.520556,29.5730550000001
-5.57916699999993,29.5975000000001
-5.68555599999996,29.62611
-5.72194499999995,29.631664
-5.74194499999993,29.6325000000001
-5.748334,29.631943
-5.75944499999997,29.629444
-5.76972299999994,29.62611
-5.79888899999997,29.6141660000001
-5.81555600000002,29.6033330000001
-5.82333399999999,29.597221
-5.83361099999996,29.5869410000001
-5.851945,29.5700000000001
-5.88611100000003,29.5413860000001
-5.893889,29.535275
-5.92305599999992,29.5163879999999
-5.94583399999999,29.5047190000001
-5.97972299999998,29.4977760000001
-5.99999999999994,29.4952770000001
-6.01777799999996,29.49472
-6.05638999999996,29.498333
-6.25750099999993,29.539444
-6.26861200000002,29.5422210000001
-6.29527899999994,29.550278
-6.32472200000001,29.5633320000001
-6.33777799999996,29.5711099999999
-6.39972299999999,29.6130519999999
-6.58638999999999,29.703888
-6.60361199999994,29.7147220000001
-6.620001,29.726109
-6.627501,29.732498
-6.64166699999998,29.7458310000001
-6.65388999999993,29.761387
-6.74638899999997,29.8794440000001
-6.75527899999997,29.891388
-6.76444500000002,29.9094430000001
-6.76777800000002,29.919998
-6.77888999999999,29.9499970000001
-6.79277799999994,29.984165
-6.80222200000003,30.002499
-6.811667,30.0205540000001
-6.82222299999995,30.037498
-6.82833399999998,30.0452770000001
-6.84576699999997,30.064854
-6.85138899999998,30.0705530000001
-6.91916800000001,30.141666
-6.940834,30.1686100000001
-6.94749999999993,30.175552
-6.96250099999992,30.1883320000001
-7.01499999999999,30.2266650000001
-7.043612,30.2466660000001
-7.13694500000003,30.3113860000001
-7.15055599999999,30.318607
-7.1875,30.3380550000001
-7.22027799999995,30.354443
-7.27972299999999,30.3791660000001
-7.35638899999998,30.406944
-7.37222300000002,30.411942
-7.40527799999995,30.42083
-7.42777799999999,30.426109
-7.45249999999993,30.429443
-7.45944500000002,30.429443
-7.48500100000001,30.431942
-7.52138899999994,30.437496
-7.538611,30.4419439999999
-7.55972300000002,30.4486079999999
-7.58027799999996,30.4558300000001
-7.60888999999992,30.4688870000001
-7.61805599999997,30.473888
-7.67944499999993,30.50972
-7.69638900000001,30.5205540000001
-7.77805599999999,30.5774990000001
-7.83388899999994,30.6174960000001
-7.87388900000002,30.6466640000001
-7.88694499999997,30.6544420000001
-7.91500100000002,30.668888
-7.97027799999995,30.696941
-7.995001,30.7072220000001
-8.14499999999993,30.7594410000001
-8.19224700000001,30.7712400000001
-8.19166799999999,30.7630540000001
-8.19555699999995,30.7352750000001
-8.231112,30.506107
-8.24194499999993,30.4366649999999
-8.270557,30.256107
-8.29750100000001,30.082497
-8.32222399999995,29.9227750000001
-8.37361099999993,29.589443
-8.37376,29.5751529999999
-8.376667,29.568607
-8.40333399999992,29.3949970000001
-8.42777799999999,29.235275
-8.43305599999997,29.2005540000001
-8.46416899999997,28.991943
-8.47472399999992,28.922497
-8.47861299999994,28.901665
-8.480413,28.899746
-8.522223,28.9274980000001
-8.53666699999997,28.9338870000001
-8.58861199999996,28.951385
-8.605278,28.95583
-8.63555700000001,28.9605520000001
-8.66166699999997,28.9622190000001
-8.66777799999994,28.9616660000001
-8.686668,28.952774
-8.74194499999993,28.925831
-8.82694600000002,28.868332
-8.85750000000002,28.843609
-8.90277900000001,28.8052749999999
-8.99194499999999,28.7286110000001
-9.01361300000002,28.708611
-9.020557,28.701664
-9.09388899999993,28.6224980000001
-9.10861199999999,28.603886
-9.16833500000001,28.5169410000001
-9.18805699999996,28.480831
-9.19500199999993,28.4669420000001
-9.205557,28.4427760000001
-9.21416899999997,28.4224970000001
-9.22111100000001,28.408886
-9.22611199999994,28.399719
-9.22888899999998,28.395554
-9.23889000000003,28.384441
-9.24638900000002,28.3783300000001
-9.25555600000001,28.373608
-9.26083399999999,28.372219
-9.27333499999992,28.371109
-9.28500200000002,28.3733329999999
-9.29333500000001,28.3788870000001
-9.30000099999995,28.386108
-9.30611199999998,28.3938870000001
-9.31166799999994,28.402222
-9.32027799999992,28.4211079999999
-9.32416699999993,28.4311100000001
-9.32694600000002,28.442219
-9.33527899999996,28.48222
-9.33861199999996,28.4924960000001
-9.34861199999995,28.5102770000001
-9.35472299999992,28.5180550000001
-9.36361099999999,28.523052
-9.369167,28.524441
-9.47083500000002,28.5377770000001
-9.74861099999998,28.66972
-9.79138899999998,28.6963880000001
-9.79833399999995,28.6963880000001
-9.80194499999999,28.6930540000001
-9.85250100000002,28.6608310000001
-9.92583500000001,28.6311070000001
-9.94777899999997,28.6258320000001
-9.98638899999997,28.6222189999999
-10.147501,28.623055
-10.246113,28.594997
-10.515278,28.6322210000001
-10.520834,28.6336100000001
-10.5255569999999,28.6358300000001
-10.550556,28.659164
-10.558889,28.664997
-10.56778,28.6699980000001
-10.647779,28.6983300000001
-10.6533339999999,28.6997180000001
-10.658611,28.6986079999999
-10.710001,28.6669430000001
-10.712223,28.6622200000001
-10.710835,28.6494410000001
-10.712502,28.6299970000001
-10.717501,28.620831
-10.7902789999999,28.5763850000001
-10.830278,28.5547220000001
-10.835279,28.5524980000001
-10.8463899999999,28.5499990000001
-10.864723,28.5480540000001
-10.9558329999999,28.5302770000001
-11.1625,28.485554
-11.2230569999999,28.4711070000001
-11.239723,28.4669420000001
-11.249445,28.4630550000001
-11.3694459999999,28.4105530000001
-11.426945,28.3713870000001
-11.439484,28.3629609999999
-11.444065,28.3610880000001
-11.475834,28.3580550000001
-11.515001,28.356388
-11.5280569999999,28.3572200000001
-11.539722,28.359722
-11.550835,28.363331
-11.5602779999999,28.367496
-11.576668,28.3791659999999
-11.595001,28.395275
-11.618891,28.4069440000001
-11.6625,28.4258310000001
-11.715279,28.443333
-11.733057,28.446388
-11.770557,28.447498
-11.782223,28.449718
-11.8675,28.4963870000001
-11.8736109999999,28.504166
-11.95639,28.6322210000001
-11.9811119999999,28.6769410000001
-11.9872229999999,28.6916660000001
-11.989168,28.703609
-12.0969449999999,28.8355520000001
-12.1761109999999,28.914719
-12.186945,28.924721
-12.194445,28.93111
-12.206667,28.9397200000001
-12.305279,29.0008320000001
-12.351667,29.0238879999999
-12.35639,29.0261080000001
-12.363335,29.0261080000001
-12.368891,29.024719
-12.375557,29.024998
-12.38028,29.0272219999999
-12.383057,29.0313869999999
-12.386946,29.0538860000001
-12.387501,29.060276
-12.391111,29.103886
-12.377224,29.1463850000001
-12.3752779999999,29.1513860000001
-12.3694459999999,29.173611
-12.3686119999999,29.179996
-12.364168,29.2572210000001
-12.3652779999999,29.262775
-12.368057,29.266941
-12.433889,29.399998
-12.4575,29.470554
-12.459723,29.475555
-12.460279,29.481941
-12.458057,29.49361
-12.448057,29.511944
-12.4369449999999,29.5222209999999
-12.428057,29.526943
-12.422501,29.528332
-12.409445,29.5288890000001
-12.3963889999999,29.5277750000001
-12.391668,29.525833
-12.388334,29.5222209999999
-12.3863909999999,29.5172200000001
-12.387222,29.51083
-12.3947239999999,29.4977760000001
-12.3955569999999,29.491386
-12.393612,29.486385
-12.390278,29.4827770000001
-12.342224,29.446941
-12.335279,29.446941
-12.25528,29.469444
-12.246389,29.474163
-12.239445,29.4811099999999
-12.191668,29.566109
-12.190001,29.5716630000001
-12.154167,29.770275
-12.1552469999999,29.80505
-12.163889,29.8063890000001
-12.165129,29.8063950000001
-12.225557,29.8066640000001
-12.472502,29.805832
-12.5411129999999,29.805553
-12.780834,29.804443
-13.1713909999999,29.8030550000001
-13.417778,29.802219
-13.4452779999999,29.8019410000001
-13.454168,29.801388
-13.4580569999999,29.726665
-13.43639,29.658054
-13.4344459999999,29.6533320000001
-13.4316669999999,29.6488880000001
-13.421667,29.6383319999999
-13.409445,29.629719
-13.395279,29.623055
-13.384167,29.6199990000001
-13.377501,29.6199990000001
-13.371946,29.621387
-13.31889,29.6463850000001
-13.31389,29.6555520000001
-13.309723,29.672222
-13.306112,29.6827770000001
-13.295557,29.686108
-13.289446,29.6866650000001
-13.275835,29.6866650000001
-13.2697239999999,29.685833
-13.265001,29.683609
-13.256945,29.6777760000001
-13.225,29.599998
-13.221945,29.589443
-13.22139,29.576111
-13.224167,29.56472
-13.233334,29.547222
-13.2361129999999,29.543053
-13.253613,29.525833
-13.266945,29.5113870000001
-13.2897219999999,29.485554
-13.300835,29.4688870000001
-13.3058339999999,29.459721
-13.373056,29.3083310000001
-13.4333339999999,29.207775
-13.435556,29.2030530000001
-13.43639,29.196663
-13.435001,29.191109
-13.4325009999999,29.1866650000001
-13.42889,29.183052
-13.3891679999999,29.098053
-13.387438,29.0658490000001
-13.3947239999999,29.045555
-13.3983349999999,29.0350000000001
-13.3991679999999,29.021664
-13.397779,29.015831
-13.3636109999999,28.9738880000001
-13.356668,28.966942
-13.3477779999999,28.9616660000001
-13.332224,28.956665
-13.325279,28.9563870000001
-13.3191679999999,28.9572220000001
-13.2747229999999,28.954441
-13.250834,28.9505540000001
-13.1602779999999,28.924721
-13.150557,28.9202770000001
-13.145834,28.9111100000001
-13.026669,28.824997
-12.916668,28.7488860000001
-12.904446,28.740276
-12.896946,28.733887
-12.845001,28.683331
-12.842224,28.6788860000001
-12.838335,28.6691670000001
-12.836945,28.662777
-12.83639,28.6494410000001
-12.838612,28.637497
-12.840834,28.6325000000001
-12.844168,28.6291660000001
-12.856668,28.620831
-12.870556,28.6141660000001
-12.887222,28.603054
-12.8947239999999,28.5966640000001
-12.8988899999999,28.5869410000001
-12.8997229999999,28.5822220000001
-12.897779,28.577221
-12.8908349999999,28.5699999999999
-12.878889,28.5613860000001
-12.762501,28.5008320000001
-12.7475009999999,28.4949990000001
-12.7419449999999,28.49361
-12.728334,28.4933320000001
-12.723333,28.4952769999999
-12.719168,28.4980550000001
-12.7122229999999,28.5049970000001
-12.7074999999999,28.514164
-12.7058329999999,28.519722
-12.7030559999999,28.5238880000001
-12.699722,28.527496
-12.695557,28.529999
-12.690001,28.5313870000001
-12.6713909999999,28.533333
-12.659168,28.531666
-12.654446,28.5294420000001
-12.531946,28.4505540000001
-12.519724,28.441944
-12.44278,28.351109
-12.438057,28.3419420000001
-12.433056,28.3194430000001
-12.424446,28.2294430000001
-12.429445,28.163609
-12.3677789999999,28.049164
-12.320557,27.971107
-12.3158339999999,27.969166
-12.308334,27.9627760000001
-12.301668,27.952774
-12.290834,27.935833
-12.2775,27.9144440000001
-12.264723,27.8855550000001
-12.2561109999999,27.865833
-12.2533339999999,27.854721
-12.2536129999999,27.8475000000001
-12.2550009999999,27.841942
-12.261112,27.8344420000001
-12.269445,27.8288880000001
-12.279167,27.824718
-12.2875,27.8191640000001
-12.293612,27.8116650000001
-12.297224,27.8024980000001
-12.300001,27.7913860000001
-12.30028,27.7841639999999
-12.303335,27.6880530000001
-12.303335,27.6811100000001
-12.302778,27.6747210000001
-12.299446,27.6641650000001
-12.296667,27.6600000000001
-12.293335,27.6563869999999
-12.2905559999999,27.6544420000001
-12.2805559999999,27.650833
-12.266668,27.6436080000001
-12.2586119999999,27.6377750000001
-12.2483349999999,27.62722
-12.242224,27.619442
-12.233366,27.600063
-12.226389,27.5869410000001
-12.218334,27.574165
-12.208612,27.5627750000001
-12.181667,27.541386
-12.173334,27.5358310000001
-12.163889,27.5313870000001
-12.15889,27.5291630000001
-12.067501,27.495831
-12.0502799999999,27.4922220000001
-12.0208339999999,27.4869420000001
-12.000278,27.486664
-11.976389,27.483055
-11.966667,27.478611
-11.936945,27.4538880000001
-11.9125,27.4227750000001
-11.9063889999999,27.4149970000001
-11.884167,27.374722
-11.871389,27.3527760000001
-11.813334,27.2638850000001
-11.8011109999999,27.2483330000001
-11.7936119999999,27.2411080000001
-11.781389,27.2324980000001
-11.770279,27.229721
-11.743612,27.2286110000001
-11.7230569999999,27.2283330000001
-11.717501,27.229721
-11.704445,27.230274
-11.691389,27.229443
-11.673056,27.227219
-11.605001,27.218887
-11.5825,27.213608
-11.573057,27.2094420000001
-11.5679049999999,27.199249
-11.593334,27.036388
-11.596111,27.0322190000001
-11.605001,27.0274960000001
-11.7536129999999,26.997498
-11.765835,26.996109
-11.8263889999999,26.9952770000001
-11.845001,26.99361
-11.877224,26.984722
-11.891668,26.9786110000001
-11.900002,26.9730529999999
-11.911112,26.963333
-11.9180559999999,26.956387
-11.961113,26.9022220000001
-11.9694459999999,26.8825000000001
-11.9736119999999,26.8686100000001
-11.9744449999999,26.8622209999999
-11.9844459999999,26.750832
-11.989168,26.6780550000001
-11.97139,26.59861
-11.930557,26.4811100000001
-11.923889,26.473888
-11.9172229999999,26.461109
-11.9138889999999,26.454166
-11.911112,26.443054
-11.9097229999999,26.430275
-11.9022239999999,26.198055
-11.9047239999999,26.0719409999999
-11.905001,26.043888
-11.9025,26.0047190000001
-11.898335,25.9877780000001
-11.8930569999999,25.9791640000001
-11.802223,25.8424990000001
-11.767502,25.692219
-11.710001,25.4983330000001
-11.646389,25.368889
-11.6416679999999,25.3597220000001
-11.6375009999999,25.356941
-11.554445,25.3261110000001
-11.516111,25.316109
-11.37639,25.288609
-11.3700009999999,25.2891650000001
-11.359724,25.2925
-11.35639,25.2961079999999
-11.3272229999999,25.322498
-11.2811129999999,25.3447190000001
-11.275002,25.3452760000001
-11.2138899999999,25.3463860000001
-11.206945,25.3461070000001
-11.202223,25.3441659999999
-11.198057,25.34111
-11.193335,25.3322220000001
-11.19278,25.325832
-11.193335,25.319443
-11.198334,25.303333
-11.2075,25.2844430000001
-11.2213899999999,25.263611
-11.2247239999999,25.260277
-11.230278,25.25111
-11.2322239999999,25.246109
-11.250557,25.1944430000001
-11.2541679999999,25.1841660000001
-11.261946,25.1336100000001
-11.262779,25.120277
-11.261112,25.0663870000001
-11.261946,25.0294420000001
-11.2650009999999,24.9802740000001
-11.315001,24.7447200000001
-11.319168,24.7347220000001
-11.3399999999999,24.6927759999999
-11.400278,24.60722
-11.4072229999999,24.599998
-11.4113899999999,24.597221
-11.42639,24.5916630000001
-11.4375,24.589165
-11.4408339999999,24.585552
-11.44639,24.570274
-11.459723,24.531666
-11.463057,24.5211110000001
-11.464724,24.4538879999999
-11.463612,24.44833
-11.4574999999999,24.440552
-11.4047239999999,24.375275
-11.355278,24.3611110000001
-11.348612,24.368053
-11.340279,24.373608
-11.2852779999999,24.408333
-11.280279,24.4102750000001
-11.269445,24.413055
-11.2247239999999,24.416386
-11.211668,24.4169430000001
-11.205278,24.416386
-11.114168,24.3997190000001
-11.1094459999999,24.3974990000001
-11.091667,24.3805540000001
-11.085556,24.3730550000001
-11.0575009999999,24.3313870000001
-11.051945,24.3230550000001
-11.050001,24.318054
-11.045834,24.301388
-11.029167,24.1922190000001
-11.030001,24.1788860000001
-10.979445,24.14222
-10.9202789999999,24.1336100000001
-10.9147219999999,24.131943
-10.9113899999999,24.128609
-10.893612,24.0922200000001
-10.8800009999999,24.064163
-10.877224,24.052776
-10.8691669999999,23.9983330000001
-10.8691669999999,23.991108
-10.8704609999999,23.9862059999999
-10.927223,23.9577750000001
-10.940279,23.9502750000001
-11.014723,23.886108
-11.025835,23.8694420000001
-11.0272239999999,23.8638880000001
-11.027779,23.850555
-11.011946,23.672497
-11.011391,23.6663859999999
-11.01,23.660831
-10.9902779999999,23.610275
-10.980001,23.585831
-10.966946,23.543053
-10.962223,23.5199970000001
-10.9588889999999,23.4966660000001
-10.9583339999999,23.4763870000001
-10.9591669999999,23.456108
-10.9625019999999,23.424721
-10.96389,23.4191670000001
-10.970278,23.3974989999999
-10.9827789999999,23.368053
-11.026945,23.293888
-11.057222,23.2477760000001
-11.0661129999999,23.2361110000001
-11.074446,23.2233310000001
-11.076389,23.218609
-11.077778,23.213055
-11.096111,23.0911100000001
-11.096668,23.084999
-11.096111,23.016941
-11.095556,22.9561080000001
-11.095001,22.9427759999999
-11.090834,22.933052
-11.073612,22.9152760000001
-11.0661129999999,22.9091639999999
-11.0600009999999,22.9013860000001
-11.049168,22.8636090000001
-11.049723,22.8502769999999
-11.051111,22.844719
-11.0608349999999,22.827774
-11.074722,22.806942
-11.087778,22.7852750000001
-11.091946,22.7755550000001
-11.093056,22.7697220000001
-11.093334,22.716663
-11.081112,22.6661110000001
-11.072779,22.6466640000001
-11.06389,22.627777
-11.0583339999999,22.6191640000001
-11.045279,22.6044430000001
-11.0372239999999,22.5919420000001
-11.033611,22.5744440000001
-11.033611,22.560555
-11.037779,22.5297200000001
-11.041945,22.5197220000001
-11.044724,22.5155530000001
-11.052223,22.509441
-11.061945,22.505276
-11.0675009999999,22.503887
-11.079168,22.501663
-11.0951089999999,22.5000000000001
-11.0977779999999,22.499722
-11.1030559999999,22.498333
-11.1175,22.4919430000001
-11.130001,22.4836080000001
-11.133335,22.4800000000001
-11.1416679999999,22.467499
-11.237223,22.2988849999999
-11.2097229999999,22.253887
-11.187223,22.2588880000001
-11.1802789999999,22.2588880000001
-11.073057,22.246109
-11.063612,22.241943
-11.0188899999999,22.217499
-10.967224,22.194443
-10.8733349999999,22.165554
-10.861389,22.163609
-10.856668,22.165554
-10.848333,22.1711079999999
-10.829168,22.186665
-10.8222239999999,22.1936070000001
-10.809168,22.208885
-10.790001,22.2522200000001
-10.7302779999999,22.3158300000001
-10.7247239999999,22.314442
-10.67528,22.30611
-10.6127799999999,22.3080520000001
-10.583057,22.3033330000001
-10.513056,22.2724990000001
-10.4227789999999,22.3044430000001
-10.3858339999999,22.314442
-10.379723,22.3149990000001
-10.3700009999999,22.31361
-10.364445,22.312222
-10.277779,22.268887
-10.206945,22.2302740000001
-10.1974999999999,22.2261090000001
-10.1541669999999,22.2072220000001
-10.0833339999999,22.200832
-9.96499999999992,22.176388
-9.96000099999992,22.1744419999999
-9.93055700000002,22.1624980000001
-9.91805599999998,22.154163
-9.90305699999999,22.134441
-9.90083499999997,22.1297190000001
-9.88527900000003,22.067497
-9.88388999999995,22.061943
-9.88111099999998,22.0577769999999
-9.85138899999993,22.0249979999999
-9.84805699999993,22.021385
-9.66500100000002,21.874722
-9.64444499999996,21.8608320000001
-9.64027799999997,21.858055
-9.62027899999993,21.850277
-9.41722299999998,21.7925
-9.40555599999999,21.7905539999999
-9.34638999999993,21.8072200000001
-9.30222299999997,21.825275
-9.15416699999997,21.841389
-9.07111199999997,21.8352780000001
-8.93388900000002,21.852776
-8.80111099999999,21.875832
-8.73222399999997,21.890274
-8.58416699999998,21.924442
-8.54639099999997,21.934998
-8.49611299999998,21.9399990000001
-8.42361299999999,21.9372220000001
-8.41833499999996,21.9358329999999
-8.40916800000002,21.9308320000001
-8.39750099999992,21.9216650000001
-8.39222299999994,21.91333
-8.38805599999995,21.9105529999999
-8.38305699999995,21.9086070000001
-8.35416799999996,21.9022220000001
-8.34722299999999,21.9022220000001
-8.33638999999999,21.904999
-8.33213199999994,21.9092519999999
-8.28805699999992,21.881386
-8.27916699999997,21.876663
-8.20666699999992,21.859165
-8.19361099999998,21.8586080000001
-8.13166799999993,21.8361090000001
-8.05722200000002,21.806942
-8.04972299999997,21.8008310000001
-8.03166800000002,21.7841640000001
-8.02500199999992,21.777222
-8.02277900000001,21.7722210000001
-8.01444600000002,21.7597200000001
-8.01055699999995,21.756943
-8.00555599999996,21.7549969999999
-7.99944499999998,21.7541660000001
-7.93888999999996,21.748608
-7.93250099999995,21.749443
-7.835556,21.763332
-7.77611199999996,21.7730520000001
-7.77083399999998,21.7744410000001
-7.65444500000001,21.816944
-7.64541799999995,21.82597
-7.63555599999995,21.8330540000001
-7.59166699999997,21.8511090000001
-7.47999999999996,21.8599970000001
-7.47388899999999,21.8594439999999
-7.36777799999993,21.839996
-7.31611199999998,21.8155520000001
-7.30777799999998,21.8099980000001
-7.28084200000001,21.782959
-7.28165999999993,21.7727600000001
-7.28222299999999,21.6030539999999
-7.28305599999999,21.20805
-7.28361599999994,20.548716
-7.26499999999993,20.5363879999999
-7.25055599999996,20.529999
-7.24500099999995,20.5286100000001
-7.23805599999997,20.5286100000001
-7.18361199999993,20.5330539999999
-7.17750099999995,20.5338860000001
-7.12444499999998,20.543053
-7.11889000000002,20.5444410000001
-7.10916700000001,20.548611
-7.03083400000003,20.5877760000001
-6.97999999999996,20.612778
-6.96555599999999,20.6191640000001
-6.913882,20.629745
-6.91444499999994,20.332497
-6.91500100000002,20.3305550000001
-6.94527799999997,20.318607
-6.95694400000002,20.316387
-6.96861200000001,20.318607
-6.97416699999997,20.3172190000001
-6.99472200000002,20.311386
-6.99555600000002,19.9627760000001
-6.99661399999997,19.5389480000001
-7.14388899999994,19.5047190000001
-7.16083299999997,19.50111
-7.17944499999993,19.498886
-7.28000099999997,19.4902760000001
-7.29388899999992,19.489998
-7.31305600000002,19.489998
-7.31944499999997,19.4905550000001
-7.36416699999995,19.5008320000001
-7.37527799999992,19.503609
-7.42500000000001,19.5227780000001
-7.42972299999997,19.5247190000001
-7.43749999999994,19.531109
-7.44777900000003,19.534443
-7.45999999999992,19.5358310000001
-7.47722199999998,19.532219
-7.48638899999992,19.5272220000001
-7.56055600000002,19.4769440000001
-7.56861099999992,19.4713859999999
-7.57194500000003,19.4677770000001
-7.57472200000001,19.456665
-7.57389000000001,19.408607
-7.57166699999999,19.3899989999999
-7.57190799999995,19.3841820000001
-7.57231999999993,19.374218
-7.58333399999998,19.371109
-7.58944499999996,19.3705520000001
-7.60111099999995,19.372498
-7.61972199999997,19.381386
-7.68182599999994,19.401943
-7.68805600000002,19.4024959999999
-7.70000099999999,19.4005550000001
-7.75777799999992,19.388885
-7.76861200000002,19.386108
-7.78249999999997,19.379166
-7.79888899999992,19.367775
-7.80777799999998,19.363052
-7.81805599999996,19.3594440000001
-7.889723,19.349442
-7.89666699999998,19.349163
-7.90916700000002,19.350555
-7.919445,19.354164
-7.93527799999998,19.358887
-7.99055600000003,19.372498
-7.99611199999998,19.3730550000001
-7.99944499999998,19.001663
-7.99897599999997,18.7917590000001
-7.97444499999995,18.774441
-7.97027799999995,18.771664
-7.953056,18.7680550000001
-7.93944499999998,18.7683300000001
-7.92966799999994,18.764038
-7.93027799999999,18.531109
-7.94389000000001,18.5227780000001
-7.95416699999993,18.5191649999999
-7.96111200000001,18.5191649999999
-7.98250000000002,18.525276
-7.99555600000002,18.5258330000001
-8.00916699999999,18.403332
-7.9975,18.3297200000001
-7.996667,18.19611
-8.02861999999993,18.112572
-8.08135999999996,18.109425
-8.10710699999999,18.115417
-8.10777899999999,18.0413860000001
-8.10805699999992,18.007221
-8.106112,18.0024990000001
-8.08305699999994,17.9769440000001
-8.065834,17.9588850000001
-8.05722200000002,17.9466629999999
-8.04666699999996,17.9222220000001
-8.04166799999996,17.8994410000001
-8.04305599999998,17.8799970000001
-8.06666799999999,17.7566640000001
-8.09277899999995,17.660275
-8.09805699999993,17.6380540000001
-8.09805699999993,17.6241650000001
-8.08305699999994,17.5552750000001
-8.08067699999998,17.5501980000001
-8.05361199999993,17.5255550000001
-8.003334,17.5052760000001
-7.876667,17.4383319999999
-7.85499999999996,17.4197200000001
-7.84722199999999,17.3927760000001
-7.84444500000001,17.3886110000001
-7.75611099999992,17.3094440000001
-7.67944499999993,17.283607
-7.51305599999995,17.1866650000001
-7.45277800000002,17.1511080000001
-7.42222299999992,17.1055529999999
-7.37902300000002,17.095261
-7.33916799999992,17.06472
-7.30111099999993,16.9977760000001
-7.29361199999994,16.991386
-7.21250099999997,16.948608
-7.19861099999997,16.9416660000001
-7.1925,16.941109
-7.11250000000001,16.9349980000001
-7.07000099999993,16.9522210000001
-7.07000099999993,16.958332
-7.06527799999992,16.960552
-7.02805599999994,16.970554
-7.02194499999996,16.9713860000001
-7.01083399999999,16.968609
-6.894723,16.9311100000001
-6.889723,16.9288860000001
-6.86555599999997,16.9119420000001
-6.86277899999999,16.907776
-6.86194499999999,16.9016650000001
-6.86527799999999,16.8911090000001
-6.86388999999997,16.878609
-6.85805599999998,16.870277
-6.85416700000002,16.867496
-6.79222299999998,16.834164
-6.68166699999995,16.7827760000001
-6.46722299999999,16.708054
-6.40777799999995,16.6891630000001
-6.40222299999999,16.687775
-6.35805599999998,16.68972
-6.351945,16.697498
-6.19744100000003,16.7252240000001
-6.17083400000001,16.716663
-6.166112,16.7147219999999
-6.14444399999996,16.6947210000001
-6.13750099999999,16.6880530000001
-6.13277799999997,16.679165
-6.02722299999999,16.6061099999999
-5.98166799999996,16.6052740000001
-5.92444499999993,16.596664
-5.91888899999998,16.595554
-5.90083399999997,16.5797200000001
-5.87583399999994,16.5141640000001
-5.85305599999992,16.368332
-5.85222199999993,16.3197210000001
-5.85250100000002,16.2158320000001
-5.85638899999992,16.1430549999999
-5.85937300000001,16.1000710000001
-5.86138899999992,15.928333
-5.86972199999997,15.8161110000001
-5.86972199999997,15.8091660000001
-5.85722299999992,15.693054
-5.856945,15.679165
-5.86277899999999,15.076387
-5.8725,14.8511099999999
-5.87802199999999,14.758476
-5.88042299999995,14.712427
-5.90805599999999,14.5963880000001
-5.89333299999993,14.341665
-5.88555599999995,14.242777
-5.86638899999997,14.0802760000001
-5.84861199999995,13.997499
-5.83583399999998,13.9802760000001
-5.83694499999996,13.966389
-5.84083399999997,13.93861
-5.86250000000001,13.7597220000001
-5.86611199999999,13.55722
-5.86583400000001,13.5436100000001
-5.86361099999999,13.531666
-5.85416700000002,13.513332
-5.84861199999995,13.4655550000001
-5.84833300000003,13.451666
-5.85388899999992,13.4080540000001
-5.85500000000002,13.402498
-5.86138899999992,13.2449990000001
-5.85633000000001,13.1788810000001
-5.868334,13.1224990000001
-5.87055599999997,13.1113869999999
-5.86888999999996,13.0988879999999
-5.84555599999993,13.0027770000001
-5.84111099999996,12.993332
-5.83527899999996,12.9844440000001
-5.828889,12.9769439999999
-5.82333399999999,12.968887
-5.81111099999993,12.904165
-5.81277799999992,12.8916660000001
-5.85388899999992,12.768055
-5.85888999999992,12.7597220000001
-5.86555599999997,12.7524990000001
-5.90611200000001,12.724165
-5.91777799999994,12.7211090000001
-5.93694499999998,12.721388
-5.94805599999995,12.718332
-5.95611199999996,12.7125
-5.96194500000001,12.704721
-5.97805599999998,12.6652810000001
-5.98056600000001,12.6541520000001
-6.00694499999992,12.5247210000001
-6.01666699999998,12.4358330000001
-5.86472199999997,12.264999
-5.82194500000003,12.2391660000001
-5.80388900000003,12.230833
-5.76855599999993,12.2145520000001
-5.75944499999997,12.223888
-5.753334,12.2316670000001
-5.74805600000002,12.24
-5.73889000000003,12.265276
-5.73444499999994,12.2838880000001
-5.73055599999992,12.3672220000001
-5.72527799999995,12.4849990000001
-5.72416699999997,12.526667
-5.27361200000001,12.5352760000001
-5.11583399999995,12.5322209999999
-5.02555599999999,12.5655540000001
-5.018056,12.5788880000001
-4.99805599999996,12.6069430000001
-4.918612,12.708055
-4.91388899999998,12.7102780000001
-4.90138899999994,12.710554
-4.89583399999992,12.709166
-4.88277799999997,12.709999
-4.873334,12.7144430000001
-4.73749999999995,12.820555
-4.71611100000001,12.8541660000001
-4.71416799999992,12.859165
-4.66861199999994,13.037498
-4.66805599999992,13.0438880000001
-4.66861199999994,13.049999
-4.67305599999992,13.066387
-4.67388899999992,13.0727769999999
-4.67000000000002,13.082499
-4.66250000000002,13.088888
-4.65222299999999,13.092499
-4.63999999999999,13.0927770000001
-4.63305600000001,13.091389
-4.62527799999992,13.088055
-4.61361099999999,13.0875000000001
-4.58416699999998,13.0916650000001
-4.57527799999997,13.0966660000001
-4.57249999999999,13.100832
-4.57222300000001,13.1138880000001
-4.57500099999999,13.1249980000001
-4.58222299999994,13.138611
-4.58916799999992,13.145277
-4.62888900000002,13.1744439999999
-4.63305600000001,13.1769429999999
-4.64972299999999,13.180832
-4.66555599999992,13.185555
-4.68027799999999,13.1913870000001
-4.68361199999998,13.1947210000001
-4.88305599999995,13.410276
-4.88250099999999,13.413887
-4.79750100000001,13.514999
-4.79138899999992,13.5155540000001
-4.78638899999993,13.513611
-4.78277800000001,13.5102770000001
-4.77722299999994,13.5022220000001
-4.77249999999998,13.5000000000001
-4.76833299999998,13.501665
-4.751667,13.5330540000001
-4.75111199999992,13.5377770000001
-4.75194499999992,13.543888
-4.753334,13.549444
-4.75555600000001,13.554443
-4.75833399999999,13.5583320000001
-4.779088,13.5790270000001
-4.78361100000001,13.588333
-4.78361100000001,13.5952760000001
-4.78111200000001,13.6063880000001
-4.77833399999997,13.611387
-4.72833299999996,13.6986100000001
-4.72333299999997,13.700554
-4.56222200000002,13.739443
-4.536112,13.74111
-4.51611100000002,13.7408330000001
-4.50499999999994,13.738333
-4.48500100000001,13.7308330000001
-4.46833400000003,13.727221
-4.45611199999996,13.725832
-4.44972200000001,13.726665
-4.44583399999999,13.729443
-4.44166799999994,13.739166
-4.42388899999997,13.7830540000001
-4.41999999999996,13.806665
-4.42166699999996,13.8191659999999
-4.42611099999999,13.828609
-4.43611099999993,13.8463880000001
-4.44222300000001,13.853888
-4.48943899999995,13.905474
-4.49555599999997,13.947777
-4.49638899999997,13.9594440000001
-4.495001,13.9649980000001
-4.49250000000001,13.969166
-4.45861099999996,14.0049990000001
-4.45527799999996,14.0083330000001
-4.44083399999994,14.014999
-4.308333,14.3013880000001
-4.28333400000002,14.3722210000001
-4.27749999999998,14.4008329999999
-4.28805599999993,14.4108309999999
-4.42694499999999,14.4874990000001
-4.43166699999995,14.4866660000001
-4.456389,14.476665
-4.48833400000001,14.4463880000001
-4.51388899999995,14.417221
-4.52111100000002,14.396944
-4.52805599999999,14.389999
-4.54888899999997,14.3697199999999
-4.55305600000003,14.3666650000001
-4.55777799999993,14.364721
-4.564167,14.363888
-4.57027799999997,14.3644430000001
-4.62499999999994,14.3836100000001
-4.75639000000001,14.4188880000001
-4.827223,14.411665
-4.86722300000002,14.4122220000001
-4.880697,14.4167130000001
-4.88722199999995,14.4188880000001
-4.84138999999999,14.483889
-4.83999999999998,14.489443
-4.84083399999997,14.495832
-4.85694499999994,14.555555
-4.86111199999993,14.5652770000001
-4.87222300000002,14.57472
-4.87722299999996,14.576666
-4.88416699999999,14.583611
-4.88694499999997,14.5874999999999
-4.89138899999995,14.5972210000001
-4.90500100000003,14.632221
-4.90861100000001,14.6425
-4.91000099999997,14.648054
-4.90944500000001,14.6613879999999
-4.90500100000003,14.6772210000001
-4.89499999999993,14.7016659999999
-4.89027800000002,14.7105540000001
-4.83000099999998,14.822222
-4.82389000000001,14.829721
-4.81555599999996,14.835554
-4.80666699999995,14.8405550000001
-4.73777899999993,14.8752770000001
-4.70000099999993,14.8930550000001
-4.66944499999994,14.910831
-4.65694499999995,14.919998
-4.64277800000002,14.9333320000001
-4.56611199999998,15.0083330000001
-4.55250100000001,15.0224990000001
-4.51999999999993,15.0724980000001
-4.50388899999996,15.090832
-4.50027799999998,15.094166
-4.45833399999998,15.1280540000001
-4.44194499999992,15.1391660000001
-4.423565,15.1494370000001
-4.35388899999998,15.1963880000001
-4.33944500000001,15.209721
-4.32861100000002,15.226387
-4.306667,15.2730539999999
-4.29916700000001,15.2808319999999
-4.29250000000002,15.2877770000001
-4.27722299999994,15.328054
-4.27831799999996,15.3326210000001
-4.28166700000003,15.351387
-4.28833400000002,15.3863890000001
-4.29250000000002,15.396111
-4.29750100000001,15.404999
-4.29805599999992,15.4111100000001
-4.29694499999999,15.4166660000001
-4.290278,15.4305550000001
-4.27805599999994,15.44611
-4.26777799999996,15.456665
-4.26027899999997,15.4627760000001
-4.24333399999995,15.473331
-4.230278,15.4811100000001
-4.22083400000002,15.4855540000001
-4.21583399999992,15.4874990000001
-4.20361099999997,15.489166
-4.18361199999998,15.4886090000001
-4.17111199999994,15.4874990000001
-4.15329299999996,15.483114
-4.14499999999993,15.48361
-4.13527900000003,15.488054
-4.09638999999993,15.5161090000001
-4.08333399999998,15.518888
-4.07305600000001,15.522499
-4.065001,15.528332
-4.05139000000003,15.542221
-4.03916699999996,15.5644440000001
-4.03194500000001,15.584444
-3.99555600000002,15.691944
-3.98666700000001,15.7583330000001
-3.98555599999992,15.777777
-3.97249999999997,15.833055
-3.97111099999995,15.8386100000001
-3.960556,15.862221
-3.95111100000003,15.880278
-3.94300899999996,15.8905050000001
-3.88499999999999,15.9244440000001
-3.766389,15.9791660000001
-3.61194499999999,16.052776
-3.60166700000002,16.0638890000001
-3.59416700000003,16.076942
-3.581389,16.091663
-3.56083299999995,16.1058310000001
-3.52611100000001,16.12611
-3.51722199999995,16.1311070000001
-3.41388899999993,16.187496
-3.34833300000003,16.219166
-3.32833299999993,16.2269440000001
-3.308333,16.228054
-3.29666700000001,16.2261090000001
-3.28694499999995,16.221943
-3.27999999999997,16.215275
-3.27527800000001,16.206387
-3.26944400000002,16.198055
-3.26194500000003,16.1919439999999
-3.24888899999996,16.191387
-3.13333399999993,16.1886099999999
-3.09611099999995,16.1933330000001
-3.00055600000002,16.1958310000001
-2.94202200000001,16.187531
-2.93527799999998,16.186108
-2.91166700000002,16.1822200000001
-2.88499999999999,16.181942
-2.87249999999995,16.183331
-2.75305599999996,16.202774
-2.72361099999995,16.2080540000001
-2.707222,16.2122190000001
-2.69694500000003,16.2158320000001
-2.53277799999995,16.2169420000001
-2.52166699999998,16.2144430000001
-2.40388899999999,16.1888890000001
-2.38527800000003,16.187222
-2.35916700000001,16.186108
-2.30694499999993,16.1838870000001
-2.245833,16.1838870000001
-2.21416699999997,16.187222
-2.18611099999993,16.1922190000001
-2.17583399999995,16.1958310000001
-2.15888899999993,16.2069440000001
-2.12,16.236942
-2.10638899999998,16.250832
-2.09361100000001,16.2655530000001
-2.08805599999999,16.273888
-2.04888899999992,16.337498
-2.023889,16.3674960000001
-1.98805599999997,16.4074970000001
-1.9425,16.456944
-1.9325,16.4674990000001
-1.89027800000002,16.507774
-1.87472199999996,16.519444
-1.86246799999992,16.5284390000001
-1.85333300000002,16.5327760000001
-1.83027799999996,16.5441670000001
-1.72444499999995,16.6036109999999
-1.68638899999996,16.6274990000001
-1.64472199999994,16.6547200000001
-1.63527799999997,16.658886
-1.59888899999999,16.6694410000001
-1.59131000000002,16.671364
-1.57277800000003,16.678055
-1.48888899999997,16.711109
-1.46972199999993,16.7197190000001
-1.43361099999993,16.738609
-1.41111100000001,16.7505530000001
-1.33249999999998,16.7958300000001
-1.31638900000002,16.80722
-1.25444499999998,16.861942
-1.24000000000001,16.875275
-1.23333299999996,16.881943
-1.17361099999999,16.9463880000001
-1.15388899999994,16.9680520000001
-1.068333,17.1219440000001
-1.05638900000002,17.149441
-1.05361099999993,17.1602750000001
-1.05055599999992,17.1774980000001
-1.04472199999992,17.212498
-1.03944399999995,17.2488860000001
-1.03611099999995,17.2661090000001
-1.03277799999995,17.2763860000001
-1.02611100000001,17.2902760000001
-1.01527800000002,17.306942
-1.00722199999996,17.319164
-1.00111099999998,17.326942
-0.947499999999991,17.390553
-0.934722000000022,17.404999
-0.785833000000025,17.54472
-0.77361099999996,17.553055
-0.763810999999919,17.558304
-0.698888999999951,17.615555
-0.691388999999958,17.6216660000001
-0.610277999999994,17.6780549999999
-0.597221999999931,17.685555
-0.574721999999952,17.697498
-0.552221999999915,17.7094420000001
-0.537221999999986,17.714996
-0.509999999999934,17.721943
-0.449722000000008,17.7361110000001
-0.413333000000023,17.7413860000001
-0.376389000000017,17.745831
-0.34499999999997,17.743332
-0.333332999999925,17.7413860000001
-0.316943999999978,17.736664
-0.268056000000001,17.7172200000001
-0.250832999999943,17.7133329999999
-0.226944000000003,17.709999
-0.213888999999938,17.7094420000001
-0.194166999999993,17.708885
-0.174167000000011,17.709999
-0.150278000000014,17.7136080000001
-0.133889000000011,17.7177770000001
-0.114721999999972,17.7261090000001
-0.0641669999999976,17.743053
0.0183329999999842,17.7702750000001
0.110556000000031,17.794998
0.128333000000055,17.7980539999999
0.138611000000139,17.8002780000001
0.14861100000013,17.8036080000001
0.212778000000128,17.8355520000001
0.225000000000136,17.843887
0.257499999999936,17.873055
0.301111000000049,17.912498
0.323332999999991,17.93111
0.338332999999921,17.9433330000001
0.347221999999988,17.9483300000001
0.361667000000068,17.953888
0.378056000000015,17.9580540000001
0.399721999999997,17.9611090000001
0.453056000000004,17.96833
0.472222000000045,17.96722
0.477778000000058,17.9658320000001
0.549721999999974,17.9280550000001
0.558056000000136,17.922775
0.572500000000105,17.9097210000001
0.600000000000136,17.894997
0.678610999999933,17.8880540000001
0.696389000000067,17.8911090000001
0.729722000000095,17.8988879999999
0.738610999999992,17.90361
0.747500000000059,17.90583
0.753610999999921,17.9066659999999
0.79000000000002,17.907497
0.802777999999989,17.907742
0.828889000000061,17.90583
0.857499999999959,17.9005550000001
0.868611000000044,17.8980520000001
0.89111100000008,17.8913880000001
0.907500000000027,17.887218
0.93328600000001,17.8815920000001
0.970555999999988,17.8755530000001
0.988889000000029,17.8736079999999
0.995833000000118,17.8736079999999
1.02722199999999,17.8766630000001
1.03250000000008,17.8780520000001
1.05305600000003,17.884998
1.08027799999996,17.8988879999999
1.11083300000001,17.923054
1.11944399999999,17.9280550000001
1.13250000000005,17.9355550000001
1.14666699999998,17.9419439999999
1.16638900000004,17.9497180000001
1.18138900000002,17.9552760000001
1.24555500000014,17.978886
1.523056,18.069164
1.53472199999999,18.071388
1.55722200000002,18.074997
1.56944399999998,18.0763850000001
1.66888900000004,18.0786090000001
1.72888900000009,18.0777740000001
1.75694400000003,18.0730550000001
1.875,18.0652770000001
2.03638899999999,18.072498
2.06694399999998,18.074997
2.21805500000011,18.0911100000001
2.22416599999997,18.0919420000001
2.22944400000006,18.09333
2.28055500000005,18.110554
2.29666700000001,18.1216659999999
2.30694399999999,18.131943
2.32305500000001,18.1566660000001
2.33166599999998,18.1683310000001
2.38444400000003,18.204166
2.39277700000014,18.2097210000001
2.413611,18.222775
2.41833300000008,18.22472
2.45777800000008,18.227219
2.484444,18.226665
2.49666599999995,18.228054
2.50888900000001,18.229443
2.51916599999998,18.2330550000001
2.52638900000005,18.239166
2.53250000000014,18.2466660000001
2.54527800000011,18.268055
2.55277799999999,18.2811090000001
2.55944399999999,18.29472
2.56805499999996,18.3063890000001
2.57416600000005,18.3138890000001
2.58083299999993,18.3205530000001
2.61277800000005,18.3427770000001
2.70166600000005,18.3827740000001
2.77611100000013,18.41333
2.91583300000008,18.469997
3.07628699999992,18.540848
3.08972200000011,18.5591660000001
3.10305499999998,18.5797200000001
3.11861099999993,18.5980530000001
3.13194399999998,18.6116640000001
3.14416599999998,18.619999
3.20444400000008,18.6413880000001
3.21055600000005,18.64222
3.311666,18.6436079999999
3.32527699999997,18.6436079999999
3.45083300000005,18.633053
3.45638799999995,18.6316640000001
3.479444,18.6249580000001
3.54944399999999,18.61861
3.666111,18.598331
3.70083299999999,18.5924989999999
3.71916600000003,18.5905530000001
3.73250000000002,18.590832
3.76916599999993,18.594997
3.86694400000005,18.6105540000001
3.96722200000011,18.64333
3.98361100000005,18.647499
4.00250000000011,18.648888
4.02138800000006,18.647778
4.03361000000001,18.646385
4.05388800000009,18.6438870000001
4.13472199999995,18.6302759999999
4.22638799999993,18.5936090000001
4.23111100000011,18.5913890000001
4.25416699999994,18.574165
4.26777700000002,18.5605550000001
4.28222200000005,18.5477749999999
4.29444400000006,18.5397190000001
4.29916600000013,18.537777
4.30999900000012,18.5350000000001
4.31611100000009,18.534443
4.32138800000007,18.5358310000001
4.33555500000006,18.5419430000001
4.34444400000012,18.5469439999999
4.35777800000005,18.561108
4.36583300000007,18.57333
4.37055500000014,18.5822219999999
4.37111099999993,18.588333
4.37027700000004,18.5944440000001
4.36833299999995,18.5991629999999
4.35527700000006,18.620277
4.35250000000002,18.631107
4.35388899999998,18.64333
4.36416599999995,18.700275
4.37027700000004,18.7147220000001
4.37888800000002,18.733055
4.38888800000001,18.7500000000001
4.39222100000006,18.7533300000001
4.40722199999993,18.7658310000001
4.42333300000001,18.776665
4.46027800000007,18.793888
4.48472200000003,18.8036080000001
4.53666600000003,18.819443
4.55083299999995,18.8255540000001
4.56972200000001,18.833885
4.58583300000009,18.844997
4.71222199999994,18.9555550000001
4.73555499999998,18.979443
4.74555500000014,18.9963870000001
4.81500000000005,19.0286100000001
4.88444400000009,19.0608330000001
4.88916599999999,19.0630530000001
4.90055499999994,19.0719410000001
4.91138799999993,19.0819440000001
4.91805600000009,19.0888860000001
4.93250000000006,19.1063880000001
4.94027699999998,19.175831
4.94166700000005,19.18111
4.94583299999994,19.190552
4.94916600000005,19.1941640000001
4.96444400000007,19.20583
4.97388800000004,19.2097210000001
4.99472100000003,19.222775
5.00499900000005,19.233055
5.12472199999996,19.4036100000001
5.12999899999994,19.4119420000001
5.13416599999994,19.421387
5.13527799999997,19.4266660000001
5.15083299999998,19.5480539999999
5.15027700000002,19.566387
5.143055,19.646385
5.1425000000001,19.6522219999999
5.13805500000001,19.6916660000001
5.13666600000005,19.703888
5.13388800000007,19.7147220000001
5.11833300000001,19.7599980000001
5.10250000000002,19.805275
5.09722100000005,19.8200000000001
5.09083299999998,19.8344420000001
5.08833300000003,19.838333
5.08138800000006,19.844997
5.07749899999999,19.8477750000001
5.06185700000003,19.858109
5.01777700000002,19.87611
5.00555500000007,19.8847200000001
4.997499,19.896942
4.9927770000001,19.90583
4.98722200000003,19.927219
4.98444400000005,19.951664
4.98444400000005,19.9719430000001
4.98305500000004,19.9841650000001
4.97833300000013,19.9997220000001
4.97611000000006,20.004444
4.87222200000014,20.1783330000001
4.77111100000008,20.334442
4.76555500000012,20.342499
4.76222100000012,20.3458329999999
4.62472200000008,20.4566649999999
4.62,20.458611
4.607778,20.4599989999999
4.52378800000014,20.4533040000001
4.522378,20.4527850000001
4.49888800000008,20.4766650000001
4.41750000000002,20.571941
4.41000000000014,20.5855520000001
4.40722199999993,20.596386
4.40666599999997,20.6024970000001
4.40805499999993,20.614719
4.42666600000007,20.715275
4.44860999999997,20.832497
4.44916599999993,20.8386080000001
4.44527700000003,20.873886
4.434166,20.964722
4.43083300000006,20.9749980000001
4.40888900000004,21.034443
4.393888,21.0724980000001
4.38861100000003,21.0805550000001
4.38055500000013,21.0861090000001
4.35805500000009,21.0975
4.34583300000008,21.105553
4.33916699999992,21.1124990000001
4.30666600000001,21.1613880000001
4.30444400000005,21.1661110000001
4.28888800000004,21.2086110000001
4.24722199999997,21.513885
4.24527699999999,21.539165
4.24583200000006,21.551941
4.24861000000004,21.562775
4.25250000000005,21.5722200000001
4.25805500000013,21.580555
4.26750000000004,21.591389
4.276388,21.6027760000001
4.28972100000004,21.6233330000001
4.29527799999994,21.6380540000001
4.29916600000013,21.651665
4.29916600000013,21.6586070000001
4.29638900000003,21.730553
4.29499900000013,21.742775
4.26527700000014,21.8308299999999
4.24638800000008,21.9869420000001
4.22527100000008,22.037354
4.21722200000005,22.0919420000001
4.21444400000007,22.103054
4.209722,22.1116640000001
4.19833299999999,22.1272200000001
4.18138900000014,22.144165
4.17527800000005,22.1516650000001
4.16722199999998,22.163887
4.15555500000011,22.193054
4.15027700000002,22.2080539999999
4.14694400000013,22.21833
4.13888800000007,22.2441640000001
4.13416599999999,22.25972
4.13083300000005,22.276665
4.12805500000007,22.2944410000001
4.1275,22.3466640000001
4.1275,22.3791660000001
4.12861100000009,22.3913880000001
4.12944400000009,22.396111
4.13277699999998,22.4130550000001
4.13611000000009,22.4299960000001
4.14458100000002,22.453602
4.17888799999997,22.497219
4.21555499999994,22.535275
4.21888800000005,22.538609
4.22694400000012,22.543888
4.33194400000002,22.570274
4.41166600000014,22.5872189999999
4.45027700000003,22.5877760000001
4.45638800000012,22.588333
4.46666599999998,22.5919420000001
4.4705550000001,22.594444
4.47722100000004,22.601387
4.48277799999994,22.609444
4.48694400000005,22.6188890000001
4.48749900000013,22.6386110000001
4.48277799999994,22.6611100000001
4.47750000000008,22.675831
4.47805499999998,22.6819420000001
4.48027699999994,22.6866650000001
4.48361099999994,22.690277
4.56472200000002,22.7238880000001
4.58083199999999,22.728054
4.65388899999999,22.754444
4.70666599999998,22.775833
4.71472200000005,22.7813869999999
4.72166600000014,22.7880550000001
4.819166,22.890831
4.82111099999997,22.8958319999999
4.83388800000006,22.964165
4.83333299999993,22.9702760000001
4.83138800000012,22.974998
4.82861000000014,22.9791640000001
4.82055499999996,22.984444
4.79277700000006,22.9974980000001
4.75444400000004,23.013054
4.74638800000014,23.018608
4.74305500000008,23.0224990000001
4.70999900000004,23.0844420000001
4.70611100000008,23.0938870000001
4.70527699999997,23.0999980000001
4.70861100000013,23.116943
4.68194399999993,23.211941
4.60166600000002,23.3224980000001
4.59916600000014,23.3266640000001
4.59777699999995,23.331944
4.58833299999998,23.379444
4.58777699999996,23.3855550000001
4.59111000000007,23.4202770000001
4.59194399999996,23.426388
4.60083300000002,23.43111
4.625833,23.428886
4.63777700000003,23.4302750000001
4.64277700000002,23.43222
4.64666700000004,23.434998
4.65361000000001,23.441666
4.65888899999999,23.4499970000001
4.73027700000011,23.574997
4.73444400000011,23.584442
4.81749900000005,23.82
4.82083300000005,23.8302760000001
4.82166600000005,23.8363880000001
4.82388899999995,23.888611
4.90166699999997,24.063053
4.94194400000004,24.1916660000001
4.95888800000012,24.2397189999999
5.00694400000009,24.362778
5.01083299999999,24.3722190000001
5.02666700000003,24.397221
5.02999999999992,24.400555
5.03527700000012,24.4019430000001
5.04083300000008,24.400555
5.04472199999998,24.3977780000001
5.04805500000009,24.3874969999999
5.04861100000005,24.362499
5.05472200000014,24.355
5.05999900000012,24.355
5.06472200000013,24.356941
5.10749900000013,24.381943
5.11138800000003,24.384441
5.11416600000001,24.3886110000001
5.11555499999997,24.3941650000001
5.10638800000004,24.4536090000001
5.10444400000011,24.4652750000001
5.09843200000006,24.4762150000001
5.07722200000001,24.5255550000001
5.02555500000005,24.6016650000001
5.02222200000011,24.6052740000001
5.01472200000006,24.611385
4.97305500000004,24.6427760000001
4.91083200000014,24.734444
4.915277,24.777775
4.93888900000007,24.8183330000001
4.98444400000005,24.9427760000001
4.98722200000003,24.9588850000001
4.98777800000005,24.964996
4.98722200000003,24.98333
4.98388899999992,24.99361
4.98138799999998,24.9977759999999
4.97361100000006,25.089722
4.99583200000012,25.1819419999999
5.00694400000009,25.2277760000001
5.02499999999992,25.2899970000001
5.03249899999992,25.308331
5.03527700000012,25.3122220000001
5.04666600000007,25.3211100000001
5.05138900000003,25.3230550000001
5.11166600000007,25.343609
5.13861100000003,25.348888
5.14472200000012,25.349442
5.14944400000002,25.3475000000001
5.15138800000011,25.3427770000001
5.15083299999998,25.32972
5.15194400000007,25.3244440000001
5.15861000000007,25.3174970000001
5.17222199999998,25.3108330000001
5.17833300000001,25.3099980000001
5.19111099999998,25.310555
5.20111100000014,25.313889
5.26333299999999,25.339165
5.31472200000007,25.3619420000001
5.37999900000011,25.5380550000001
5.38138900000001,25.542221
5.371666,25.5808300000001
5.35805500000004,25.5883330000001
5.30527699999999,25.6355550000001
5.28305500000005,25.7155529999999
5.23638800000009,25.815552
5.19249900000011,25.891666
---
