11.582222,42.873055
11.58111,42.882774
11.581665,42.903885
11.585278,42.947495
11.581244,43.023964
11.580276,43.031944
11.57111,43.119438
11.570833,43.157219
11.488888,43.234993
11.469534,43.249222
11.430832,43.224998
11.397829,43.205475
11.370277,43.186386
11.25,43.106201
11.186943,43.064163
11.05361,42.975555
11.020277,42.953606
11.002438,42.944092
10.981667,42.897217
10.982498,42.88472
10.987778,42.814163
10.988888,42.807777
10.993332,42.798332
11.002222,42.78611
11.016388,42.772774
11.029999,42.765831
11.046665,42.762215
11.052776,42.76194
11.063889,42.75972
11.073055,42.755272
11.076666,42.751938
11.079166,42.744438
11.096109,42.646385
11.098055,42.634438
11.091576,42.608238
11.06361,42.501106
11.019165,42.358887
11.011389,42.300552
11,42.178604
11.000555,42.164719
11,42.128326
10.998888,42.122772
10.981943,42.086105
10.979443,42.08194
10.97611,42.078049
10.972221,42.075272
10.947498,42.027222
10.941944,42.012215
10.942221,41.991943
10.949999,41.940277
10.953609,41.918053
10.960833,41.881943
10.973055,41.837219
10.985277,41.808327
11.008055,41.789719
11.031111,41.800552
11.098972,41.80291
11.168333,41.806664
11.24861,41.812492
11.267221,41.811386
11.372221,41.79583
11.389721,41.791664
11.505278,41.75972
11.510555,41.759995
11.638332,41.79805
11.74,41.828606
11.741943,41.829437
11.773611,41.891388
11.816666,41.948608
11.926363,42.025078
11.975832,42.058609
12.090277,42.12722
12.13722,42.168884
12.263332,42.255554
12.293888,42.292221
12.308332,42.308327
12.359165,42.325554
12.396944,42.339439
12.430277,42.366104
12.469721,42.399719
12.529165,42.456108
12.521847,42.48481
12.516666,42.501389
12.504166,42.535828
12.468887,42.586937
12.466665,42.589722
12.430832,42.620277
12.398611,42.649162
12.363888,42.698608
12.386389,42.747772
12.388887,42.751938
12.429722,42.808884
12.43611,42.816109
12.440277,42.81916
12.444721,42.821663
12.451111,42.822495
12.455832,42.82222
12.474722,42.813889
12.483332,42.808609
12.49361,42.805832
12.5,42.805275
12.513611,42.805832
12.520555,42.806389
12.525833,42.808052
12.539721,42.821938
12.623888,42.929718
12.708332,43.121384
12.662777,43.148048
12.654165,43.153328
12.622221,43.176666
12.614443,43.182777
12.584444,43.207497
12.49361,43.287773
12.48111,43.31694
12.476728,43.327496
12.438889,43.328331
12.428888,43.330826
12.284721,43.374161
12.266943,43.383888
12.26111,43.39222
12.247499,43.405548
12.238333,43.409996
12.226387,43.412498
12.144999,43.419998
12.1325,43.42083
12.069166,43.415833
12.056944,43.413887
12.038887,43.404442
12,43.378906
11.996666,43.376389
11.99,43.369164
11.986387,43.359161
11.966944,43.298332
11.964167,43.286942
11.958611,43.251663
11.958611,43.224716
11.956944,43.212776
11.951944,43.199165
11.944166,43.18972
11.896666,43.142494
11.853333,43.104721
11.801388,43.052216
11.798887,43.043053
11.794167,43.023888
11.792776,43.013054
11.794754,42.982773
11.774166,42.883606
11.753332,42.822777
11.740276,42.784996
11.733889,42.774719
11.725277,42.765274
11.652222,42.716385
11.614443,42.696388
11.584721,42.686661
11.575832,42.684998
11.566944,42.681107
11.557777,42.66861
11.544443,42.62722
11.563889,42.561386
11.57361,42.553886
11.580276,42.544441
11.581388,42.534721
11.58111,42.525551
11.577499,42.515549
11.567221,42.508606
11.547274,42.532654
11.516943,42.528885
11.506943,42.534164
11.470833,42.590271
11.466389,42.599998
11.466665,42.623886
11.476944,42.676941
11.485554,42.685829
11.494999,42.686943
11.504166,42.682495
11.508055,42.673332
11.509722,42.664444
11.527777,42.663055
11.538055,42.685272
11.542221,42.696106
11.551109,42.72805
11.577221,42.828331
11.585428,42.866806
---
