17.540276,-71.53862
17.544441,-71.541397
17.5494420000001,-71.542786
17.555832,-71.5430599999999
17.5897220000001,-71.538345
17.594997,-71.536392
17.611942,-71.5247339999999
17.615276,-71.522232
17.6161080000001,-71.5164029999999
17.6069410000001,-71.496399
17.604443,-71.491394
17.585831,-71.466675
17.5819440000001,-71.4630579999999
17.559444,-71.488892
17.556389,-71.493057
17.5474970000001,-71.511948
17.540276,-71.532227
---
18.114998,-68.568893
18.109444,-68.568069
18.103886,-68.568619
18.1016650000001,-68.5733339999999
18.113609,-68.590012
18.1216659999999,-68.62056
18.124996,-68.640289
18.123608,-68.652237
18.1197200000001,-68.662231
18.1111110000001,-68.688065
18.1111110000001,-68.6944579999999
18.1119420000001,-68.701675
18.1199990000001,-68.731949
18.1283299999999,-68.753616
18.1313860000001,-68.757507
18.165554,-68.779175
18.1741640000001,-68.78389
18.1797220000001,-68.785004
18.195,-68.78389
18.1974980000001,-68.782227
18.199165,-68.776947
18.164719,-68.610001
18.161388,-68.597778
18.15583,-68.588898
18.1519430000001,-68.585556
18.129444,-68.574448
---
19.8022190000001,-70.7094569999999
19.76083,-70.63501
19.75861,-70.6300049999999
19.753052,-70.5611109999999
19.753052,-70.5541689999999
19.754997,-70.522507
19.7591630000001,-70.514175
19.7733309999999,-70.492783
19.779442,-70.485001
19.782497,-70.474167
19.7833330000001,-70.468338
19.7841639999999,-70.4622339999999
19.783607,-70.455002
19.7811090000001,-70.4502869999999
19.74472,-70.399445
19.738331,-70.391403
19.7311099999999,-70.3847349999999
19.6922190000001,-70.3536219999999
19.667221,-70.320847
19.654999,-70.3033449999999
19.649998,-70.293625
19.648331,-70.2880709999999
19.645554,-70.2752839999999
19.6291660000001,-70.185837
19.622776,-70.1469569999999
19.6208310000001,-70.125
19.6233330000001,-70.1005709999999
19.6258320000001,-70.09584
19.631943,-70.0877839999999
19.6358300000001,-70.084457
19.655828,-70.072914
19.662498,-70.06723
19.6744420000001,-70.055557
19.6769410000001,-70.0511169999999
19.6824990000001,-70.035568
19.6824990000001,-70.029175
19.6788860000001,-69.9669489999999
19.677498,-69.952515
19.676109,-69.9461209999999
19.6711080000001,-69.936401
19.637218,-69.898621
19.6302760000001,-69.891403
19.622219,-69.885559
19.612221,-69.8822329999999
19.6002770000001,-69.881393
19.525276,-69.8922269999999
19.4450000000001,-69.8780669999999
19.439999,-69.876114
19.4175000000001,-69.864731
19.374443,-69.839172
19.3544430000001,-69.824448
19.346664,-69.81778
19.292221,-69.758347
19.2894440000001,-69.7536159999999
19.286388,-69.741394
19.2858310000001,-69.728897
19.288887,-69.718613
19.29361,-69.702515
19.3008310000001,-69.6755679999999
19.333332,-69.537231
19.335552,-69.5258479999999
19.335552,-69.5191799999999
19.333332,-69.445557
19.316387,-69.319168
19.325554,-69.3072359999999
19.3550000000001,-69.262222
19.365276,-69.238892
19.365276,-69.2325129999999
19.362221,-69.2216799999999
19.358887,-69.217789
19.2972220000001,-69.15918
19.2927740000001,-69.1566769999999
19.2872200000001,-69.156113
19.281109,-69.157501
19.276665,-69.160004
19.267498,-69.165558
19.188053,-69.216675
19.1841660000001,-69.220001
19.180275,-69.2300109999999
19.180275,-69.243057
19.1966630000001,-69.37001
19.2241630000001,-69.588348
19.226665,-69.609451
19.2252770000001,-69.6147309999999
19.222775,-69.619446
19.2152750000001,-69.626114
19.2097210000001,-69.628067
19.116108,-69.637222
19.110275,-69.636398
19.1016650000001,-69.6316679999999
19.089165,-69.623337
19.087776,-69.616959
19.0880550000001,-69.603897
19.0888860000001,-69.5780639999999
19.0941680000001,-69.531952
19.098053,-69.5155639999999
19.10611,-69.468903
19.106941,-69.44278
19.10722,-69.429733
19.105831,-69.415283
19.1030540000001,-69.402237
19.099163,-69.391113
19.0930520000001,-69.383057
19.083611,-69.378891
19.0719410000001,-69.3794559999999
19.066944,-69.3777919999999
19.062496,-69.37529
19.0566640000001,-69.366394
19.052219,-69.355835
19.0208320000001,-69.253891
19.0119439999999,-69.19223
19.0121310000001,-69.17878
19.0188870000001,-68.989456
19.0308300000001,-68.963898
19.0308300000001,-68.926682
19.028889,-68.9211119999999
19.020554,-68.907227
19.0122180000001,-68.893616
18.9688870000001,-68.7733459999999
18.9577750000001,-68.738892
18.952774,-68.729172
18.9497180000001,-68.725006
18.928055,-68.6961209999999
18.924721,-68.69223
18.9211080000001,-68.6889039999999
18.883053,-68.656403
18.8211099999999,-68.590561
18.8013880000001,-68.56723
18.7786100000001,-68.539734
18.705156,-68.435532
18.6547200000001,-68.357788
18.644444,-68.3463899999999
18.6369439999999,-68.340012
18.616665,-68.3255619999999
18.606667,-68.3222349999999
18.600555,-68.3222349999999
18.5944440000001,-68.323624
18.5691640000001,-68.3355559999999
18.3558310000001,-68.449722
18.3519440000001,-68.453064
18.348053,-68.462784
18.3449970000001,-68.473618
18.3441660000001,-68.479446
18.3441660000001,-68.51889
18.346943,-68.531403
18.35722,-68.5508419999999
18.3680529999999,-68.5694579999999
18.375832,-68.5836179999999
18.377777,-68.589447
18.3783300000001,-68.595001
18.3683320000001,-68.6064
18.362221,-68.607788
18.256943,-68.6313929999999
18.2194440000001,-68.636124
18.213333,-68.637787
18.2086110000001,-68.640289
18.2055550000001,-68.644455
18.204166,-68.649734
18.203331,-68.6947329999999
18.203331,-68.701401
18.2072220000001,-68.728622
18.216942,-68.7550049999999
18.2225,-68.756119
18.236942,-68.7616729999999
18.2608300000001,-68.771393
18.2777750000001,-68.781677
18.3416630000001,-68.820557
18.3574980000001,-68.8325039999999
18.3644410000001,-68.839737
18.3713870000001,-68.847229
18.3841630000001,-68.8633419999999
18.389164,-68.872787
18.3963850000001,-68.895279
18.398331,-68.90889
18.397501,-68.9147259999999
18.4047200000001,-68.973068
18.390553,-69.059723
18.3913879999999,-69.06723
18.3952750000001,-69.0861209999999
18.395641,-69.087883
18.4080540000001,-69.15918
18.4105530000001,-69.164169
18.425831,-69.1927799999999
18.429165,-69.196945
18.4261090000001,-69.384445
18.4161110000001,-69.468613
18.4027750000001,-69.516678
18.416943,-69.547226
18.455555,-69.690842
18.456944,-69.6972349999999
18.460278,-69.746399
18.460482,-69.776039
18.4694440000001,-69.881668
18.4686090000001,-69.8877869999999
18.4638860000001,-69.903336
18.459164,-69.912506
18.4399990000001,-69.9425049999999
18.429165,-69.9594569999999
18.4230590000001,-69.967216
18.421108,-69.9989009999999
18.420277,-70.005005
18.4168950000001,-70.0106809999999
18.3383330000001,-70.059723
18.3338850000001,-70.0624999999999
18.3222200000001,-70.07251
18.2330550000001,-70.154175
18.2300000000001,-70.164734
18.2323700000001,-70.1720199999999
18.2277760000001,-70.184174
18.22361,-70.229446
18.230553,-70.319458
18.236111,-70.380005
18.2366640000001,-70.387512
18.234997,-70.400009
18.22583,-70.4116669999999
18.2044410000001,-70.459732
18.1997180000001,-70.4752809999999
18.19722,-70.4866789999999
18.194721,-70.504181
18.194721,-70.5108339999999
18.206108,-70.5458369999999
18.22583,-70.556396
18.230553,-70.547226
18.235832,-70.546677
18.250275,-70.552505
18.2538870000001,-70.555557
18.2746240000001,-70.587029
18.309444,-70.573624
18.31472,-70.571671
18.3649980000001,-70.568619
18.4016649999999,-70.586121
18.4055520000001,-70.589447
18.408607,-70.593613
18.4197200000001,-70.611115
18.423611,-70.622513
18.431942,-70.652237
18.434998,-70.664459
18.433887,-70.690002
18.4308320000001,-70.6938929999999
18.413609,-70.712234
18.4088860000001,-70.711945
18.3994410000001,-70.707779
18.39333,-70.707779
18.3863870000001,-70.708344
18.3763890000001,-70.712784
18.3649980000001,-70.722778
18.358055,-70.730011
18.352497,-70.7386169999999
18.3477750000001,-70.747787
18.3461070000001,-70.7530669999999
18.3122220000001,-70.866959
18.2538870000001,-70.9358369999999
18.2927740000001,-70.98584
18.2952770000001,-70.9908449999999
18.3052750000001,-71.0261229999999
18.307777,-71.038895
18.309166,-71.053345
18.308052,-71.065842
18.3063890000001,-71.071121
18.301109,-71.0797269999999
18.2972220000001,-71.082779
18.263332,-71.099731
18.2458310000001,-71.103058
18.235832,-71.099731
18.189163,-71.078903
18.1797220000001,-71.074448
18.167221,-71.066391
18.156109,-71.056671
18.1511080000001,-71.0547329999999
18.1444440000001,-71.055557
18.0777740000001,-71.0900119999999
17.9347190000001,-71.184448
17.9224970000001,-71.193619
17.9077760000001,-71.20723
17.8944440000001,-71.222504
17.879719,-71.2489009999999
17.8466640000001,-71.266953
17.6183320000001,-71.3966669999999
17.6091650000001,-71.40834
17.6036110000001,-71.416946
17.601944,-71.422501
17.6036110000001,-71.426392
17.607498,-71.429733
17.836388,-71.625565
17.953053,-71.6588899999999
17.9636080000001,-71.6630709999999
17.9752769999999,-71.672226
17.9827770000001,-71.678619
17.9922220000001,-71.6908419999999
18.022499,-71.732513
18.032497,-71.751953
18.0385020000001,-71.767868
18.088608,-71.749451
18.0955540000001,-71.7489009999999
18.1455540000001,-71.753891
18.1805529999999,-71.765839
18.19611,-71.770279
18.2022210000001,-71.7691799999999
18.207497,-71.7672269999999
18.2844430000001,-71.72139
18.292532,-71.715515
18.3222200000001,-71.694733
18.3302760000001,-71.716675
18.3405530000001,-71.743057
18.356667,-71.7789
18.375832,-71.810562
18.4313890000001,-71.89917
18.437775,-71.907501
18.441944,-71.910004
18.4483300000001,-71.910278
18.4536090000001,-71.90834
18.4583320000001,-71.905563
18.4730530000001,-71.885284
18.4772189999999,-71.88501
18.485275,-71.890564
18.4927750000001,-71.897232
18.547222,-71.949173
18.5924989999999,-71.9969479999999
18.60083,-72.003067
18.619442,-71.979736
18.6241650000001,-71.970566
18.6291660000001,-71.9280699999999
18.62722,-71.922226
18.623608,-71.9189
18.6147190000001,-71.913895
18.611111,-71.910568
18.608608,-71.905014
18.608608,-71.8983459999999
18.616665,-71.8533479999999
18.622498,-71.83168
18.6288870000001,-71.8236239999999
18.6744420000001,-71.789734
18.69611,-71.775284
18.7008319999999,-71.766113
18.7041659999999,-71.756119
18.7052760000001,-71.736679
18.707497,-71.732224
18.71611,-71.7261199999999
18.7213860000001,-71.724167
18.749722,-71.715836
18.780277,-71.7091669999999
18.78722,-71.7086179999999
18.7933310000001,-71.7086179999999
18.8747220000001,-71.7152859999999
18.879719,-71.7169489999999
18.883888,-71.7194519999999
18.9541660000001,-71.7758479999999
18.9577750000001,-71.779175
19.0197220000001,-71.75
19.119442,-71.6544489999999
19.1341630000001,-71.640839
19.1397210000001,-71.638901
19.1580539999999,-71.63501
19.164719,-71.634171
19.200275,-71.62973
19.2072220000001,-71.628891
19.2197210000001,-71.629181
19.22583,-71.6602779999999
19.228886,-71.672226
19.235554,-71.68779
19.2416650000001,-71.696121
19.257774,-71.715561
19.2858310000001,-71.7447359999999
19.359997,-71.7236179999999
19.4002760000001,-71.6986239999999
19.405552,-71.6966709999999
19.4858320000001,-71.691681
19.4983330000001,-71.691956
19.5394440000001,-71.7044529999999
19.5494420000001,-71.707779
19.566666,-71.7177889999999
19.576111,-71.7222289999999
19.5855520000001,-71.726395
19.6102750000001,-71.735001
19.62722,-71.737793
19.6547200000001,-71.735291
19.679157,-71.733063
19.6841659999999,-71.735001
19.6880530000001,-71.7380679999999
19.6991650000001,-71.7480619999999
19.7058300000001,-71.754181
19.698608,-71.724731
19.6974979999999,-71.719727
19.7022210000001,-71.7169489999999
19.7069440000001,-71.717224
19.7344440000001,-71.730835
19.7602770000001,-71.7447359999999
19.769444,-71.762222
19.76833,-71.774734
19.772778,-71.777237
19.7788890000001,-71.7758479999999
19.7833330000001,-71.7733459999999
19.78722,-71.7700039999999
19.8922200000001,-71.667786
19.8952750000001,-71.663895
19.9063870000001,-71.5952909999999
19.908054,-71.583344
19.908333,-71.5294489999999
19.9052770000001,-71.4916689999999
19.90472,-71.4858399999999
19.9030530000001,-71.480286
19.890553,-71.44751
19.8841629999999,-71.431122
19.869442,-71.401947
19.852497,-71.366669
19.8483310000001,-71.355835
19.8230550000001,-71.260834
19.824718,-71.2489009999999
19.829563,-71.2320399999999
19.8494420000001,-71.1502839999999
19.8699990000001,-71.099731
19.8724980000001,-71.095001
19.876942,-71.0922239999999
19.886944,-71.087784
19.893887,-71.087234
19.899166,-71.084167
19.913887,-71.063614
19.923332,-71.045288
19.9283330000001,-71.029175
19.9308320000001,-71.011398
19.93111,-70.9980619999999
19.9302750000001,-70.9908449999999
19.90361,-70.8419489999999
19.8986090000001,-70.83223
19.8955540000001,-70.828064
19.864719,-70.801117
19.846664,-70.783615
---
