-3.03666700000002,-80.211395
-3.03638899999993,-80.2169489999999
-3.02499999999998,-80.2605589999999
-3.02333399999998,-80.265839
-3.02111099999996,-80.270844
-3.01694499999996,-80.2730559999999
-3.01138900000001,-80.274445
-2.86472199999997,-80.265839
-2.85083300000002,-80.2650149999999
-2.83999999999992,-80.261948
-2.82999999999998,-80.258057
-2.79222199999998,-80.2402799999999
-2.72805599999992,-80.2094569999999
-2.72416700000002,-80.20668
-2.67472299999997,-80.087784
-2.67277799999999,-80.082779
-2.663611,-80.038345
-2.66222199999999,-80.01973
-2.66555599999998,-80.001953
-2.71972199999993,-79.903061
-2.72444499999995,-79.9025119999999
-2.744167,-79.9108429999999
-2.75805599999995,-79.920288
-2.76472200000001,-79.927505
-2.88833399999999,-80.1236109999999
-2.94611099999997,-80.100281
-2.95249999999993,-80.100006
-2.95861100000002,-80.1011199999999
-2.99722200000002,-80.111389
-3.00277799999992,-80.113068
-3.01138900000001,-80.118057
-3.01472199999995,-80.1219479999999
-3.01666699999998,-80.126678
-3.03472199999993,-80.193344
---
-2.64472199999994,-79.855835
-2.63972199999995,-79.879181
-2.63666699999999,-79.883347
-2.63249999999999,-79.8858339999999
-2.62694499999998,-79.886948
-2.62,-79.8866729999999
-2.58944500000001,-79.881958
-2.57777800000002,-79.8797299999999
-2.46666699999992,-79.856674
-2.46749999999992,-79.853897
-2.47166699999997,-79.851395
-2.48916699999995,-79.841675
-2.51166699999999,-79.830292
-2.52638899999994,-79.824448
-2.543612,-79.821671
-2.63111099999998,-79.828613
-2.63749999999999,-79.829727
-2.64194500000002,-79.838623
---
-1.40805599999999,-89.626404
-1.40749999999997,-89.6533359999999
-1.40194500000001,-89.682236
-1.38972199999995,-89.709457
-1.37055599999997,-89.750565
-1.36638899999997,-89.7533419999999
-1.36083300000001,-89.751953
-1.35666700000002,-89.749176
-1.35055599999993,-89.741669
-1.34638899999993,-89.7322239999999
-1.34305599999993,-89.7122339999999
-1.34388899999993,-89.6483459999999
-1.34861099999995,-89.6397249999999
-1.375834,-89.609451
-1.38083299999994,-89.607513
-1.38694500000003,-89.607788
-1.40138899999999,-89.612793
-1.40666699999997,-89.621124
---
-1.35611099999994,-90.440567
-1.35527799999994,-90.4466709999999
-1.35277799999994,-90.463348
-1.35138899999993,-90.468903
-1.33611099999996,-90.4933469999999
-1.33277799999996,-90.496948
-1.31444499999992,-90.516678
-1.30666699999995,-90.5230559999999
-1.22527799999995,-90.489182
-1.21916699999997,-90.481674
-1.21777800000001,-90.476395
-1.21833299999997,-90.4358369999999
-1.26083399999999,-90.371399
-1.26444499999997,-90.368057
-1.26916699999998,-90.365845
-1.27527800000001,-90.3652799999999
-1.28138899999993,-90.365845
-1.291111,-90.37001
-1.29499999999996,-90.372787
-1.32583399999999,-90.396667
-1.34027799999996,-90.4097289999999
-1.34388899999993,-90.4133449999999
-1.35333300000002,-90.429733
-1.35527799999994,-90.434448
---
-0.839444999999955,-90.048065
-0.838888999999995,-90.0541689999999
-0.829166999999984,-90.083069
-0.824445000000026,-90.085007
-0.811388999999963,-90.085556
-0.801110999999992,-90.08223
-0.800555999999972,-90.071945
-0.804444999999987,-90.048615
-0.809444999999982,-90.039734
-0.81361099999998,-90.037231
-0.818889000000013,-90.035568
-0.831944000000021,-90.0363919999999
-0.836111000000017,-90.039169
-0.838888999999995,-90.043335
---
-0.958610999999962,-89.53334
-0.957222000000002,-89.545563
-0.931389000000024,-89.626404
-0.927221999999972,-89.629456
-0.915555999999981,-89.6272279999999
-0.901111000000014,-89.621124
-0.897778000000017,-89.617783
-0.891666999999927,-89.610001
-0.881944999999973,-89.592224
-0.875833,-89.5777889999999
-0.862777999999935,-89.5566709999999
-0.851943999999946,-89.540283
-0.806666999999948,-89.4769589999999
-0.80305599999997,-89.4736179999999
-0.77444399999996,-89.468338
-0.765555999999947,-89.4633479999999
-0.745000000000005,-89.448898
-0.741389000000027,-89.445557
-0.724445000000003,-89.421677
-0.721666999999968,-89.417511
-0.690832999999998,-89.3619539999999
-0.688888999999961,-89.350281
-0.686110999999983,-89.328339
-0.685277999999983,-89.3155669999999
-0.6875,-89.258621
-0.691388999999958,-89.255844
-0.703888999999947,-89.247513
-0.708055999999999,-89.2450099999999
-0.746944999999926,-89.2605589999999
-0.766944999999964,-89.275009
-0.801943999999992,-89.305847
-0.918332999999961,-89.414169
-0.921666999999957,-89.417511
-0.934722000000022,-89.438614
-0.936667,-89.443619
---
-0.781388999999933,-90.3386229999999
-0.770277999999962,-90.430557
-0.694999999999936,-90.5358429999999
-0.688888999999961,-90.543335
-0.635278000000028,-90.5511169999999
-0.630556000000013,-90.550293
-0.594167000000027,-90.5386199999999
-0.583888999999942,-90.535278
-0.548888999999974,-90.508621
-0.541388999999981,-90.5022279999999
-0.528332999999918,-90.4880679999999
-0.513888999999949,-90.4544529999999
-0.501666999999941,-90.331116
-0.498333000000002,-90.2919459999999
-0.542777999999942,-90.1905669999999
-0.549721999999974,-90.183624
-0.565277999999978,-90.178894
-0.571666999999991,-90.178345
-0.577777999999967,-90.178894
-0.65666699999997,-90.189178
-0.683333000000005,-90.196671
-0.690832999999998,-90.202789
-0.746389000000022,-90.251404
-0.749167,-90.255569
-0.751110999999923,-90.260559
---
-0.496110999999985,-91.504181
-0.448332999999991,-91.6125029999999
-0.413333000000023,-91.639175
-0.385277999999971,-91.652237
-0.316110999999978,-91.663895
-0.291388999999924,-91.632233
-0.250277999999923,-91.482788
-0.24805600000002,-91.4711149999999
-0.250832999999943,-91.4669489999999
-0.270832999999982,-91.4389039999999
-0.30444399999999,-91.404175
-0.308333000000005,-91.401398
-0.313332999999943,-91.399445
-0.329722000000004,-91.395279
-0.43722200000002,-91.396118
-0.442777999999919,-91.397232
-0.457222000000002,-91.4033359999999
-0.460555999999997,-91.406952
-0.466666999999973,-91.421112
-0.496110999999985,-91.498901
---
-0.359167000000014,-90.582504
-0.363333000000011,-90.585281
-0.366667000000007,-90.588623
-0.375,-90.60112
-0.375556000000017,-90.605835
-0.348888999999986,-90.6708369999999
-0.346943999999951,-90.6880649999999
-0.347499999999968,-90.694168
-0.354444999999942,-90.7216799999999
-0.357221999999979,-90.731125
-0.357777999999939,-90.737228
-0.357221999999979,-90.743622
-0.339166999999975,-90.824448
-0.336666999999977,-90.828613
-0.269999999999982,-90.874451
-0.176943999999935,-90.834732
-0.159721999999988,-90.8175049999999
-0.154166999999973,-90.809448
-0.149444000000017,-90.793335
-0.163055999999983,-90.747513
-0.18777799999998,-90.676956
-0.193332999999996,-90.662231
-0.200832999999989,-90.643616
-0.213888999999938,-90.622223
-0.21944400000001,-90.613892
-0.231666999999959,-90.5988919999999
-0.278888999999936,-90.551392
-0.298333000000014,-90.547501
-0.305000000000007,-90.547501
---
-0.0130559999999491,-91.214447
-0.0191669999999249,-91.2066799999999
-0.0294440000000122,-91.203339
-0.0358329999999683,-91.2025149999999
-0.0911109999999553,-91.1980589999999
-0.114443999999992,-91.1991729999999
-0.130832999999939,-91.203339
-0.143332999999927,-91.20195
-0.203055999999947,-91.188339
-0.208332999999925,-91.186951
-0.21805599999999,-91.1822359999999
-0.240556000000026,-91.170288
-0.309166999999945,-91.1066739999999
-0.325556000000006,-91.0752869999999
-0.340555999999992,-91.049179
-0.343332999999973,-91.045288
-0.349443999999949,-91.037506
-0.366110999999933,-91.01973
-0.386666999999989,-90.999176
-0.422777999999994,-90.964172
-0.523055999999997,-90.947784
-0.528332999999918,-90.948898
-0.547499999999957,-90.961395
-0.551667000000009,-90.964172
-0.629166999999939,-90.9030609999999
-0.653055999999992,-90.879181
-0.680555999999967,-90.854446
-0.732499999999959,-90.810837
-0.915555999999981,-90.874451
-0.96222199999994,-90.9189
-0.968332999999973,-90.926392
-0.969721999999933,-90.930557
-1.03194499999995,-91.162231
-1.03333399999997,-91.167786
-1.03472199999999,-91.2005619999999
-1.02444500000001,-91.2177889999999
-1.015556,-91.295288
-1.01361100000003,-91.320557
-1.01833299999993,-91.343063
-1.019722,-91.3486179999999
-1.02666699999997,-91.369171
-1.02666699999997,-91.376114
-1.01833299999993,-91.4144589999999
-1.01499999999993,-91.424728
-0.996388999999965,-91.440567
-0.923888999999974,-91.491119
-0.913611000000003,-91.494736
-0.893055999999945,-91.501404
-0.887499999999932,-91.501404
-0.865000000000009,-91.499451
-0.860000000000014,-91.497223
-0.846943999999951,-91.4897309999999
-0.826389000000006,-91.47612
-0.799721999999974,-91.454727
-0.68805599999996,-91.315567
-0.685277999999983,-91.311401
-0.661944999999946,-91.2402799999999
-0.661944999999946,-91.235001
-0.662777999999946,-91.213623
-0.670277999999939,-91.2005619999999
-0.677221999999915,-91.193619
-0.680000000000007,-91.1897279999999
-0.684721999999965,-91.180557
-0.686110999999983,-91.168335
-0.684721999999965,-91.1627809999999
-0.682500000000005,-91.15834
-0.679167000000007,-91.154724
-0.610555999999974,-91.091675
-0.597500000000025,-91.084167
-0.59277800000001,-91.081955
-0.58722199999994,-91.0805659999999
-0.582499999999982,-91.082779
-0.550277999999935,-91.112228
-0.548332999999957,-91.116959
-0.548332999999957,-91.123901
-0.551110999999935,-91.134735
-0.551110999999935,-91.148346
-0.549721999999974,-91.154175
-0.546110999999939,-91.157501
-0.30444399999999,-91.359726
-0.231666999999959,-91.406403
-0.227499999999964,-91.4088899999999
-0.214721999999938,-91.409729
-0.204166999999927,-91.406403
-0.196666999999991,-91.400009
-0.172777999999937,-91.3938899999999
-0.106943999999999,-91.4033359999999
-0.0508329999999546,-91.415848
-0.0349999999999682,-91.420563
-0.0255559999999946,-91.424728
-0.0186110000000212,-91.4316709999999
-0.0158329999999296,-91.435562
-0.0116669999999317,-91.452225
-0.0116669999999317,-91.465836
-0.0136110000000258,-91.477509
-0.0213889999999424,-91.504181
-0.0322219999999902,-91.520569
-0.0386110000000031,-91.528061
-0.052221999999972,-91.5416719999999
-0.05499999999995,-91.5458369999999
-0.0561109999999303,-91.5500029999999
-0.05499999999995,-91.56778
-0.0527779999999325,-91.572784
-0.0461109999999394,-91.5797269999999
-0.019999999999925,-91.601669
-0.0111110000000281,-91.606125
-0.00499999999999545,-91.605835
0,-91.6036219999999
0.0308330000000296,-91.5386199999999
0.119167000000004,-91.400009
0.130278000000089,-91.383621
0.115000000000009,-91.3150019999999
0.10888899999992,-91.315567
0.0883329999999773,-91.313065
0.0211110000001327,-91.275848
0.00333299999999781,-91.259445
0,-91.255356
-0.00749999999999318,-91.229446
-0.0111110000000281,-91.218903
---
0.261111000000142,-90.481125
0.28972200000004,-90.529175
0.296667000000014,-90.5358429999999
0.301388999999915,-90.538071
0.317222000000072,-90.5427859999999
0.322778000000085,-90.5427859999999
0.328332999999986,-90.541397
0.338611000000014,-90.538071
0.343332999999916,-90.5358429999999
0.346667000000082,-90.532501
0.349444000000005,-90.5283359999999
0.364443999999992,-90.484726
0.364443999999992,-90.478897
0.361111000000051,-90.466125
0.346667000000082,-90.440567
0.32694400000014,-90.40834
0.318055999999956,-90.403625
0.3125,-90.403625
0.307778000000098,-90.405838
0.294722000000036,-90.4133449999999
0.28222199999999,-90.421402
0.267778000000021,-90.453613
0.266389000000004,-90.4591669999999
---
0.546110999999996,-90.755005
0.547499999999957,-90.7608339999999
0.553611000000046,-90.7819519999999
0.560555000000136,-90.795563
0.563333000000114,-90.799728
0.569444000000033,-90.8005679999999
0.63444400000003,-90.804459
0.640833000000043,-90.803894
0.648333000000093,-90.799728
0.651667000000089,-90.7922359999999
0.648333000000093,-90.7819519999999
0.645555000000115,-90.7777859999999
0.617500000000007,-90.751114
0.60777800000011,-90.7469479999999
0.58583299999998,-90.741394
0.572222000000011,-90.741394
0.561110999999926,-90.7441709999999
0.550833000000068,-90.747513
0.547499999999957,-90.751114
---
1.23527799999999,-78.9569549999999
1.23694399999999,-78.962509
1.24249999999995,-78.970566
1.26999999999998,-78.997223
1.27499999999998,-78.998901
1.28083299999997,-78.998337
1.296944,-78.986954
1.31277800000004,-78.9752809999999
1.32249999999993,-78.964737
1.36666700000001,-78.907501
1.3677780000001,-78.9033359999999
1.35888900000003,-78.8988949999999
1.34166599999998,-78.896118
1.32472200000012,-78.8947299999999
1.2683330000001,-78.8947299999999
1.24833300000012,-78.902237
1.23972199999997,-78.907227
1.23916599999995,-78.912231
---
1.19861100000014,-78.560287
1.20888900000006,-78.54306
1.20999999999992,-78.537231
1.19777800000014,-78.473343
1.19555500000007,-78.4686129999999
1.19277799999998,-78.464737
1.18444399999999,-78.4594569999999
1.17472199999992,-78.455841
1.15805599999999,-78.444733
1.15083300000009,-78.4383389999999
1.07333299999999,-78.359451
1.06416700000011,-78.348068
1.05277799999993,-78.33223
1.04472200000009,-78.31279
1.04305600000009,-78.3075099999999
1.0388890000001,-78.2836149999999
1.03250000000008,-78.2552799999999
1.02722199999999,-78.241394
1.01805500000006,-78.2300109999999
0.970555999999988,-78.175293
0.92138900000009,-78.108337
0.910555000000045,-78.091675
0.904444000000126,-78.070007
0.900832999999977,-78.038895
0.900278000000071,-78.025284
0.904444000000126,-78.002792
0.904166999999973,-77.995834
0.875278000000094,-77.929733
0.829722000000061,-77.889725
0.82194400000003,-77.876953
0.816111000000092,-77.8619539999999
0.811388999999963,-77.84584
0.808333000000061,-77.8141779999999
0.824999999999932,-77.787231
0.830832999999927,-77.772781
0.845833000000084,-77.714447
0.847499999999968,-77.702515
0.845000000000084,-77.691116
0.842778000000067,-77.6864009999999
0.837222000000111,-77.678345
0.814623999999981,-77.6557159999999
0.804167000000007,-77.6569519999999
0.781389000000047,-77.6616669999999
0.756111000000033,-77.660278
0.744999999999948,-77.65834
0.736111000000051,-77.653625
0.721667000000082,-77.640289
0.710833000000036,-77.624725
0.686111000000039,-77.580002
0.673889000000031,-77.5652919999999
0.656111000000067,-77.5416719999999
0.655278000000067,-77.5300139999999
0.656111000000067,-77.517792
0.660832999999968,-77.509171
0.664166999999964,-77.499176
0.666388999999981,-77.4875029999999
0.663611000000003,-77.4761199999999
0.659444000000008,-77.466949
0.653333000000089,-77.4594569999999
0.645833000000039,-77.4525149999999
0.627222000000074,-77.444458
0.616389000000083,-77.4425049999999
0.590278000000069,-77.444458
0.579999999999984,-77.4480589999999
0.555833000000064,-77.4522249999999
0.543611000000055,-77.4522249999999
0.532778000000121,-77.450012
0.424443999999994,-77.4272309999999
0.413333000000137,-77.424454
0.406667000000141,-77.418335
0.384722000000011,-77.3794559999999
0.364722000000029,-77.3172299999999
0.361388999999974,-77.306122
0.33611100000013,-77.218903
0.334554000000082,-77.197388
0.33527800000013,-77.1861109999999
0.359559999999988,-77.079605
0.310000000000116,-77.0408479999999
0.302500000000009,-77.0297239999999
0.242778000000044,-76.8802799999999
0.238611000000105,-76.868896
0.238055999999972,-76.858612
0.241389000000083,-76.8114009999999
0.248889000000133,-76.770279
0.25861100000003,-76.726959
0.267500000000098,-76.726959
0.28055599999999,-76.72139
0.285833000000139,-76.711945
0.261389000000008,-76.617508
0.256389000000013,-76.6064
0.235277999999994,-76.589447
0.226389000000097,-76.5802919999999
0.221667000000025,-76.5716709999999
0.219444000000124,-76.561676
0.218056000000047,-76.550293
0.220278000000008,-76.540009
0.246943999999985,-76.448624
0.271667000000093,-76.407791
0.3923190000001,-76.400848
0.395555000000002,-76.243057
0.370833000000118,-76.145279
0.339992000000052,-76.0432739999999
0.33527800000013,-76.036957
0.320126000000016,-76.024872
0.256389000000013,-75.980286
0.163332999999966,-75.9127809999999
0.0502780000000485,-75.766403
0.0433330000000751,-75.75528
0.0372220000000425,-75.7422329999999
0.0344440000000077,-75.730011
0.0352780000001189,-75.718903
0.0419440000001146,-75.6986239999999
0.0441670000000158,-75.689453
0.0372220000000425,-75.583344
0.0263890000000515,-75.567505
-0.00805599999995366,-75.51889
-0.0594439999999281,-75.4344479999999
-0.0711109999999167,-75.404449
-0.0730560000000082,-75.393616
-0.0766669999999863,-75.355286
-0.0799999999999841,-75.344177
-0.0883329999999773,-75.325562
-0.0977780000000053,-75.307236
-0.106667000000016,-75.292786
-0.119721999999967,-75.2858429999999
-0.134722000000011,-75.305283
-0.149999999999977,-75.344177
-0.152499999999975,-75.355286
-0.164999999999964,-75.4189
-0.163610999999946,-75.431122
-0.149166999999977,-75.4716799999999
-0.138332999999932,-75.488068
-0.119166999999948,-75.5108339999999
-0.11555599999997,-75.5211179999999
-0.113610999999992,-75.53334
-0.105277999999998,-75.607788
-0.106667000000016,-75.619736
-0.108858999999995,-75.62796
-0.16811899999999,-75.6262439999999
-0.172500000000014,-75.626114
-0.175277999999935,-75.625565
-0.177511999999922,-75.6225889999999
-0.17848099999992,-75.616776
-0.179443999999933,-75.5755619999999
-0.180000000000007,-75.569458
-0.181667000000004,-75.5641779999999
-0.226666999999964,-75.485565
-0.233610999999996,-75.478897
-0.24249999999995,-75.474457
-0.27361099999996,-75.464737
-0.295000000000016,-75.459167
-0.338055999999995,-75.448624
-0.351943999999946,-75.449173
-0.357221999999979,-75.448059
-0.384166999999991,-75.4344479999999
-0.413333000000023,-75.417236
-0.425832999999955,-75.4094539999999
-0.446943999999917,-75.38945
-0.466666999999973,-75.363892
-0.463610999999958,-75.348068
-0.463055999999995,-75.3419489999999
-0.464443999999958,-75.33667
-0.467499999999973,-75.332504
-0.523055999999997,-75.262512
-0.554167000000007,-75.246124
-0.559167000000002,-75.244171
-0.565277999999978,-75.243622
-0.619721999999967,-75.24501
-0.625832999999943,-75.2458339999999
-0.634722000000011,-75.250839
-0.638056000000006,-75.2544559999999
-0.646039999999971,-75.266968
-0.650278999999955,-75.277237
-0.656214999999975,-75.2834319999999
-0.730555999999979,-75.292786
-0.814721999999961,-75.263336
-0.960006000000021,-75.217056
-0.965335999999979,-75.21608
-0.976061999999956,-75.217117
-0.981110999999999,-75.325012
-0.978333000000021,-75.335846
-0.970833000000027,-75.355835
-0.964721999999938,-75.363342
-0.950832999999989,-75.376953
-0.922777999999937,-75.402237
-1.03805599999998,-75.4319459999999
-1.08555599999994,-75.444168
-1.15361099999996,-75.46167
-1.24194499999993,-75.483612
-1.51388900000001,-75.553619
-1.53416699999997,-75.559174
-1.54574600000001,-75.5687259999999
-1.55570699999998,-75.588181
-1.59637499999997,-75.6272809999999
-1.708056,-75.719727
-1.78194500000001,-75.781403
-2.016389,-75.9775089999999
-2.13111099999998,-76.0741729999999
-2.38027799999992,-76.4039
-2.57213499999995,-76.6606289999999
-2.65666700000003,-76.9044489999999
-2.704722,-77.043335
-2.767222,-77.224167
-2.84138899999994,-77.4397279999999
-2.96333399999992,-77.7944489999999
-2.96815500000002,-77.810242
-2.98444499999994,-77.857224
-2.98722299999997,-77.8619539999999
-3.03996099999995,-77.9253849999999
-3.14527800000002,-78.026398
-3.15249999999992,-78.0327909999999
-3.15666699999997,-78.035568
-3.17027799999994,-78.04306
-3.21527799999996,-78.06723
-3.27444500000001,-78.1147309999999
-3.27749999999998,-78.118057
-3.29416700000002,-78.141403
-3.314167,-78.175842
-3.32944500000002,-78.195007
-3.33916699999992,-78.205841
-3.351944,-78.213623
-3.36916699999995,-78.217789
-3.37888900000002,-78.213898
-3.391389,-78.206116
-3.39861199999996,-78.199448
-3.40083399999997,-78.194458
-3.40361099999996,-78.1905669999999
-3.41027799999995,-78.183334
-3.41722199999992,-78.176682
-3.42138899999992,-78.174179
-3.43694399999998,-78.1689
-3.44999999999993,-78.1689
-3.45527800000002,-78.170288
-3.46555599999999,-78.174179
-3.47222199999999,-78.181396
-3.51861099999996,-78.231949
-3.52055599999994,-78.236679
-3.52166699999992,-78.242233
-3.52138899999994,-78.249176
-3.51916699999992,-78.253891
-3.51694499999996,-78.255844
-3.45861100000002,-78.253067
-3.44499999999994,-78.2527919999999
-3.43444499999998,-78.255844
-3.42555599999997,-78.260284
-3.42111199999999,-78.263062
-3.417778,-78.2664029999999
-3.411945,-78.274445
-3.40805599999993,-78.284454
-3.40750000000003,-78.29834
-3.40805599999993,-78.304459
-3.41166700000002,-78.321396
-3.42277799999999,-78.337509
-3.43499999999995,-78.346115
-3.45666699999992,-78.352234
-3.51249999999999,-78.3666689999999
-3.52416699999992,-78.369171
-3.53666700000002,-78.3708339999999
-3.542778,-78.37056
-3.55999999999995,-78.367783
-3.57249999999999,-78.3666689999999
-3.57944499999996,-78.366959
-3.63083399999994,-78.3719479999999
-3.63694500000003,-78.373062
-3.71138899999994,-78.388626
-3.73861099999999,-78.3963929999999
-3.75361199999992,-78.4025119999999
-3.77249999999998,-78.4116669999999
-3.78055599999999,-78.416672
-3.78585399999992,-78.42099
-3.83249999999993,-78.466675
-3.912778,-78.5316769999999
-3.93194499999998,-78.540848
-3.96999999999997,-78.551682
-3.98722299999991,-78.555557
-4.000834,-78.556122
-4.01944400000002,-78.554733
-4.04694499999994,-78.555557
-4.07305600000001,-78.55806
-4.09555599999993,-78.563614
-4.271389,-78.638062
-4.28555599999993,-78.645004
-4.29722299999992,-78.654175
-4.30027899999999,-78.658066
-4.30259299999994,-78.662819
-4.30709399999995,-78.672073
-4.34027900000001,-78.672501
-4.36055599999992,-78.6711119999999
-4.36972200000002,-78.669174
-4.41472199999998,-78.6586149999999
-4.41750000000002,-78.6544489999999
-4.41871299999997,-78.650612
-4.41916799999996,-78.64917
-4.47361199999995,-78.6502839999999
-4.54277799999994,-78.6630709999999
-4.55444499999993,-78.665558
-4.559167,-78.6680599999999
-4.56305600000002,-78.670563
-4.57305600000001,-78.681396
-4.57583399999999,-78.685837
-4.58478700000001,-78.70903
-4.58638999999994,-78.7158359999999
-4.59138999999993,-78.731125
-4.60388899999998,-78.767227
-4.61416699999995,-78.7908479999999
-4.63027899999992,-78.815567
-4.64166699999998,-78.8319549999999
-4.65861099999995,-78.856125
-4.66444499999994,-78.862503
-4.67722200000003,-78.876114
-4.71666699999992,-78.906113
-4.73444499999994,-78.916397
-4.73916699999995,-78.918335
-4.74527799999993,-78.919449
-4.76583399999998,-78.920288
-4.78472199999993,-78.918625
-4.79000100000002,-78.9175109999999
-4.868334,-78.928619
-4.97222199999993,-79.011398
-4.99555599999997,-79.036667
-5.00913199999997,-79.0548249999999
-5.00138999999996,-79.060837
-4.99535800000001,-79.068588
-4.98408899999993,-79.085281
-4.97335899999996,-79.1019289999999
-4.97138999999993,-79.106949
-4.96388899999994,-79.183624
-4.96250099999997,-79.203613
-4.96385099999992,-79.231918
-4.96583399999997,-79.280563
-4.96333399999997,-79.2908479999999
-4.88611099999997,-79.3655699999999
-4.81583399999994,-79.4333339999999
-4.80888899999997,-79.440002
-4.80027899999999,-79.445282
-4.79527899999999,-79.4472349999999
-4.78972199999993,-79.448624
-4.766389,-79.451675
-4.62527799999992,-79.5133359999999
-4.61555599999997,-79.517227
-4.59333400000003,-79.5216669999999
-4.58027799999996,-79.520569
-4.57555599999995,-79.518341
-4.52083399999992,-79.539169
-4.45194500000002,-79.61528
-4.44305600000001,-79.6275019999999
-4.43805600000002,-79.636673
-4.43277799999993,-79.6497339999999
-4.43277799999993,-79.6627809999999
-4.43583399999994,-79.67334
-4.44611200000003,-79.697235
-4.45611199999996,-79.7011259999999
-4.46222299999999,-79.708893
-4.46388899999999,-79.713898
-4.48083400000002,-79.7780609999999
-4.48305599999992,-79.7894589999999
-4.48250000000002,-79.801682
-4.48000000000002,-79.813614
-4.47638899999993,-79.8236239999999
-4.37305600000002,-79.997787
-4.35972299999992,-80.0194549999999
-4.35027799999995,-80.030838
-4.32166699999993,-80.0575099999999
-4.31749999999994,-80.060013
-4.30305599999997,-80.073898
-4.29722299999992,-80.081955
-4.284491,-80.134598
-4.291112,-80.168335
-4.293612,-80.172501
-4.29694499999999,-80.176117
-4.31249999999994,-80.181396
-4.31722299999996,-80.183624
-4.32527800000003,-80.189453
-4.36444499999993,-80.226395
-4.39749999999992,-80.262222
-4.44861100000003,-80.3277889999999
-4.456389,-80.3405609999999
-4.46333399999997,-80.353897
-4.46777799999995,-80.3633419999999
-4.47861199999994,-80.390564
-4.47166700000002,-80.409729
-4.44472300000001,-80.459732
-4.43889000000001,-80.467789
-4.42805599999997,-80.477783
-4.41833399999996,-80.4814
-4.412778,-80.482788
-4.40666700000003,-80.483063
-4.39361199999996,-80.481949
-4.38333399999999,-80.478058
-4.31749999999994,-80.43251
-4.31361199999998,-80.4297329999999
-4.28916700000002,-80.405838
-4.27444499999996,-80.3925019999999
-4.267222,-80.3861239999999
-4.25972300000001,-80.37973
-4.20833399999992,-80.340836
-4.19944499999997,-80.335556
-4.19611199999997,-80.336121
-4.19416699999999,-80.348618
-4.19527799999997,-80.374176
-4.19805599999995,-80.391678
-4.20249999999999,-80.400848
-4.20583299999993,-80.404175
-4.21166699999992,-80.412231
-4.21944500000001,-80.425003
-4.22250100000002,-80.4355619999999
-4.22277800000001,-80.441681
-4.22194500000001,-80.447784
-4.21750100000003,-80.4572299999999
-4.21388899999994,-80.4605559999999
-4.20111199999997,-80.468613
-4.184167,-80.478897
-4.17916700000001,-80.480835
-4.16666699999996,-80.4816739999999
-4.11444499999999,-80.483612
-4.05534599999999,-80.501221
-4.05027899999993,-80.501678
-3.98694499999993,-80.4672239999999
-3.98361199999994,-80.463623
-3.97833300000002,-80.42334
-3.97777799999994,-80.4172359999999
-3.97888899999992,-80.392227
-3.97916700000002,-80.3861239999999
-3.99083400000001,-80.3555599999999
-3.99305600000002,-80.3508449999999
-3.99888899999996,-80.342789
-4.01027900000003,-80.3336179999999
-4.01250099999993,-80.3289029999999
-4.01333399999993,-80.322784
-4.01305599999995,-80.316391
-4.00777799999997,-80.3077849999999
-3.99611099999998,-80.292236
-3.90305599999994,-80.175293
-3.88422799999995,-80.153336
-3.86305599999997,-80.173615
-3.85527799999994,-80.179733
-3.73916699999995,-80.211395
-3.71722299999993,-80.207779
-3.646389,-80.205841
-3.62694499999998,-80.20639
-3.59583400000002,-80.2127839999999
-3.49722200000002,-80.235001
-3.42083400000001,-80.253891
-3.417778,-80.257782
-3.41555599999992,-80.262512
-3.380517,-80.340424
-3.35972299999997,-80.3236239999999
-3.32833299999993,-80.291397
-3.32833299999993,-80.2800139999999
-3.33527800000002,-80.272507
-3.34222299999999,-80.2675019999999
-3.34861100000001,-80.259735
-3.33472299999994,-80.142792
-3.26166699999993,-80.0211179999999
-3.21305599999994,-79.9613949999999
-3.20666699999998,-79.954453
-3.19833399999999,-79.948059
-3.18805600000002,-79.945282
-3.17555599999997,-79.9430689999999
-3.14972299999999,-79.941116
-3.09638899999999,-79.923889
-3.08583399999998,-79.920288
-3.078889,-79.913345
-3.05888899999997,-79.892227
-3.038611,-79.8841709999999
-3.01861099999996,-79.877792
-2.91277799999995,-79.859726
-2.80305600000003,-79.83168
-2.65916700000002,-79.781113
-2.64999999999992,-79.776123
-2.63555599999995,-79.7630619999999
-2.61805600000002,-79.740005
-2.61111099999994,-79.732513
-2.60277799999994,-79.727509
-2.59111100000001,-79.7261199999999
-2.54944499999999,-79.724731
-2.540278,-79.724731
-2.53055599999993,-79.728348
-2.48472299999997,-79.7489009999999
-2.48944499999993,-79.7700039999999
-2.48944499999993,-79.782501
-2.48333399999996,-79.7900089999999
-2.47555599999998,-79.796402
-2.46722299999999,-79.801392
-2.38666699999993,-79.843063
-2.37638899999996,-79.84584
-2.36305599999997,-79.8444519999999
-2.30805600000002,-79.834732
-2.21361099999996,-79.8402859999999
-2.203889,-79.843903
-2.19472300000001,-79.848618
-2.18722200000002,-79.854172
-2.07583399999993,-79.808899
-2.03611099999995,-79.772781
-2.018889,-79.762222
-2.00916699999999,-79.763626
-2.03416700000002,-79.8194579999999
-2.03972199999993,-79.827515
-2.08499999999992,-79.8800049999999
-2.09249999999997,-79.8855589999999
-2.10305599999998,-79.8897249999999
-2.12527799999992,-79.895279
-2.16000000000003,-79.900284
-2.18499999999995,-79.9027859999999
-2.19888900000001,-79.903625
-2.211389,-79.9027859999999
-2.22750000000002,-79.891953
-2.23444499999999,-79.884735
-2.24972199999996,-79.872223
-2.25805599999995,-79.8675079999999
-2.26861100000002,-79.864456
-2.28111100000001,-79.863342
-2.38944500000002,-79.8658449999999
-2.42777799999999,-79.869446
-2.53333400000002,-79.890289
-2.55222199999997,-79.899445
-2.55972199999997,-79.905014
-2.57305600000001,-79.9194489999999
-2.57916699999993,-79.927231
-2.58416699999998,-79.935562
-2.60083299999997,-79.9738919999999
-2.61250000000001,-80.0025019999999
-2.59444499999995,-80.046951
-2.58888899999999,-80.055283
-2.58194400000002,-80.062225
-2.56472299999996,-80.0672299999999
-2.42638899999992,-80.0289
-2.36222299999997,-80.0091709999999
-2.356112,-80.001678
-2.351111,-79.9800109999999
-2.34444500000001,-79.973068
-2.32055600000001,-79.955841
-2.31027799999993,-79.951675
-2.31305600000002,-79.960007
-2.33166699999998,-80.015015
-2.33805599999994,-80.023056
-2.34500000000003,-80.0294489999999
-2.35388899999992,-80.034454
-2.41249999999997,-80.059448
-2.45333299999993,-80.073898
-2.50916699999999,-80.1025089999999
-2.51666699999998,-80.108063
-2.58749999999998,-80.173615
-2.62638900000002,-80.217224
-2.73000000000002,-80.2480619999999
-2.73638899999992,-80.2563929999999
-2.72805599999992,-80.290558
-2.72111099999995,-80.311401
-2.63333399999999,-80.456116
-2.62722299999996,-80.463623
-2.51249999999999,-80.5688929999999
-2.45138899999995,-80.617508
-2.44444499999997,-80.624451
-2.41305599999993,-80.662231
-2.39999999999998,-80.67807
-2.39416699999998,-80.686951
-2.38111099999992,-80.726959
-2.37888900000002,-80.739182
-2.38249999999994,-80.775284
-2.38111099999992,-80.7886199999999
-2.37777799999992,-80.799179
-2.36722199999997,-80.816391
-2.32055600000001,-80.890015
-2.21694499999995,-80.975006
-2.18499999999995,-80.976669
-2.208056,-80.930557
-2.20583299999998,-80.9194489999999
-2.17527799999999,-80.854736
-2.13,-80.791397
-2.12305600000002,-80.783615
-2.11611099999993,-80.7775119999999
-2.10027799999995,-80.765564
-2.082222,-80.755844
-2.07166699999993,-80.752502
-1.94388899999996,-80.731674
-1.93194499999993,-80.730286
-1.91944499999994,-80.730835
-1.90888899999999,-80.7336119999999
-1.76166699999999,-80.773895
-1.73305599999992,-80.7858429999999
-1.67761300000001,-80.820145
-1.61861099999993,-80.847504
-1.59916699999997,-80.8550109999999
-1.59277800000001,-80.855286
-1.58749999999992,-80.853897
-1.56027799999998,-80.84584
-1.49833299999995,-80.8213959999999
-1.47555599999993,-80.810837
-1.47305599999993,-80.8077849999999
-1.47194500000001,-80.795288
-1.47027800000001,-80.790558
-1.46305599999994,-80.78418
-1.45138899999995,-80.781403
-1.33527799999996,-80.755569
-1.32916699999998,-80.755844
-1.31944499999992,-80.759445
-1.31527799999992,-80.762222
-1.24694499999993,-80.8094479999999
-1.19305599999996,-80.8508449999999
-1.14083299999999,-80.886948
-1.13249999999999,-80.892227
-1.12777799999992,-80.89418
-1.06027799999998,-80.914459
-1.05500000000001,-80.915558
-1.04194499999994,-80.914459
-1.03111099999995,-80.9111179999999
-0.93083299999995,-80.839172
-0.927499999999952,-80.8355559999999
-0.926388999999972,-80.830002
-0.919999999999959,-80.757233
-0.920555999999976,-80.7450099999999
-0.928332999999952,-80.718063
-0.928332999999952,-80.704727
-0.927777999999932,-80.621674
-0.926666999999952,-80.615845
-0.901388999999995,-80.579453
-0.89805599999994,-80.575562
-0.88999999999993,-80.569733
-0.828056000000004,-80.5352779999999
-0.817222000000015,-80.531952
-0.811110999999983,-80.531403
-0.770832999999982,-80.530289
-0.740277999999932,-80.525558
-0.729999999999961,-80.521667
-0.681667000000004,-80.500565
-0.676943999999992,-80.4983369999999
-0.574721999999952,-80.441391
-0.571389000000011,-80.4380649999999
-0.565832999999998,-80.430283
-0.566110999999978,-80.42334
-0.568332999999996,-80.418625
-0.576666999999986,-80.4136199999999
-0.582221999999945,-80.412231
-0.601944000000003,-80.412506
-0.607500000000016,-80.411392
-0.612221999999974,-80.4094539999999
-0.620832999999948,-80.404175
-0.629443999999921,-80.3925019999999
-0.633332999999936,-80.382233
-0.635832999999934,-80.370834
-0.636389000000008,-80.3388979999999
-0.629722000000015,-80.2688899999999
-0.627222000000017,-80.2647249999999
-0.622221999999965,-80.266403
-0.618610999999987,-80.26973
-0.616110999999989,-80.281403
-0.61555599999997,-80.313339
-0.616944999999987,-80.33168
-0.616944999999987,-80.344727
-0.613888999999972,-80.3700099999999
-0.608888999999976,-80.378616
-0.570277999999973,-80.401672
-0.535832999999968,-80.422226
-0.419999999999959,-80.487793
-0.415555999999981,-80.49028
-0.401666999999918,-80.496674
-0.385832999999991,-80.500839
-0.374167,-80.502228
-0.367500000000007,-80.501953
-0.362777999999935,-80.499725
-0.21972199999999,-80.3758389999999
-0.213055999999938,-80.368622
-0.186943999999983,-80.340286
-0.155832999999973,-80.285278
-0.154721999999992,-80.279449
-0.154443999999955,-80.266678
-0.144999999999982,-80.2505649999999
-0.142222000000004,-80.2463989999999
-0.129166999999939,-80.2322239999999
-0.0386110000000031,-80.145279
-0.0241669999999203,-80.132507
0,-80.1129989999999
0.0580560000000787,-80.070557
0.0627779999999802,-80.068344
0.130555999999956,-80.045837
0.160556000000099,-80.040558
0.173332999999957,-80.039459
0.21222199999994,-80.039734
0.230000000000075,-80.0419459999999
0.241110999999989,-80.044174
0.265556000000004,-80.045837
0.292777999999942,-80.045013
0.35194400000006,-80.041672
0.357500000000073,-80.0402829999999
0.358610999999996,-80.0361179999999
0.342970999999977,-80.003143
0.346388999999988,-79.999725
0.350833000000023,-79.997513
0.36638900000014,-79.992233
0.378056000000015,-79.993896
0.3900000000001,-80.0008389999999
0.396943999999962,-80.007233
0.403332999999975,-80.014725
0.410556000000042,-80.0211179999999
0.423056000000088,-80.0289
0.43694400000004,-80.037231
0.446667000000048,-80.040848
0.45222200000012,-80.0419459999999
0.484444000000053,-80.048065
0.490556000000026,-80.048615
0.496667000000116,-80.047501
0.512500000000045,-80.0361179999999
0.526944000000015,-80.023056
0.535554999999988,-80.018341
0.54638900000009,-80.015015
0.565000000000055,-80.0164029999999
0.581389000000001,-80.01973
0.591111000000069,-80.023346
0.618611000000101,-80.0361179999999
0.635556000000065,-80.0461119999999
0.641389000000004,-80.054169
0.644444000000021,-80.065002
0.645833000000039,-80.084732
0.648611000000017,-80.0886229999999
0.652221999999995,-80.091675
0.67250000000007,-80.10556
0.681667000000004,-80.110001
0.750832999999943,-80.105835
0.763611000000083,-80.104446
0.776943999999958,-80.097229
0.828611000000137,-80.059723
0.831111000000021,-80.055557
0.832778000000133,-80.0439
0.832500000000039,-80.037231
0.823889000000065,-80.0108339999999
0.826667000000043,-79.9741669999999
0.827778000000137,-79.968613
0.868611000000044,-79.863617
0.878611000000035,-79.846954
0.89861100000013,-79.8194579999999
0.907778000000121,-79.8083339999999
0.917500000000018,-79.797501
0.938611000000037,-79.777786
0.947778000000028,-79.766678
0.959444000000019,-79.751114
0.966944000000069,-79.7386169999999
0.968889000000047,-79.7339019999999
0.996667000000002,-79.6613919999999
0.997778000000096,-79.655838
0.990833000000123,-79.6166689999999
0.986944000000051,-79.5855559999999
0.987221999999917,-79.5725099999999
0.988054999999918,-79.560287
0.989167000000123,-79.555008
0.992778000000101,-79.545288
0.998055000000079,-79.536957
1.03277800000001,-79.4900049999999
1.04666700000007,-79.476669
1.05638900000014,-79.466125
1.06944400000009,-79.45195
1.07472200000001,-79.443619
1.0758330000001,-79.438065
1.08222200000006,-79.3194579999999
1.0816660000001,-79.286118
1.07944400000008,-79.259171
1.07833299999999,-79.2530669999999
1.07861100000008,-79.2402799999999
1.08277800000008,-79.206116
1.08861100000007,-79.1783449999999
1.09888899999993,-79.161957
1.10472200000009,-79.154175
1.11444399999999,-79.143616
1.13472200000001,-79.123062
1.18750000000011,-79.0797269999999
1.17222200000003,-78.999451
1.23138900000009,-78.9244539999999
1.23836699999993,-78.88929
1.33833300000009,-78.874451
1.42888900000008,-78.829178
1.43777799999992,-78.809723
1.28555500000004,-78.677505
1.27194400000008,-78.656677
1.26222200000001,-78.6319579999999
1.24305500000003,-78.591675
---
