13.164444,-87.703613
13.164721,-87.7066799999999
13.168055,-87.72168
13.169722,-87.722778
13.1813890000001,-87.726669
13.1872220000001,-87.728348
13.2105540000001,-87.725845
13.2147219999999,-87.723068
13.21611,-87.72084
13.216665,-87.718338
13.215832,-87.708618
13.2119430000001,-87.7022249999999
13.18222,-87.686401
13.179722,-87.6855619999999
13.1736109999999,-87.684723
13.170555,-87.685013
13.1683330000001,-87.686401
---
14.4108309999999,-89.3338929999999
14.4074989999999,-89.327515
14.4040910000001,-89.3155669999999
14.4011100000001,-89.297791
14.3758320000001,-89.213348
14.354721,-89.1744539999999
14.3288880000001,-89.133621
14.32361,-89.121124
14.3224980000001,-89.1152799999999
14.3224980000001,-89.1089019999999
14.3347210000001,-89.037231
14.330276,-89.027512
14.324999,-89.021957
14.253887,-88.977783
14.221943,-88.9605559999999
14.216984,-88.9594729999999
14.205,-88.9605559999999
14.193054,-88.960007
14.1883320000001,-88.9547269999999
14.1891650000001,-88.9488979999999
14.2033329999999,-88.931122
14.2055550000001,-88.926392
14.2077770000001,-88.914734
14.2072220000001,-88.9086149999999
14.203609,-88.897781
14.1927780000001,-88.88028
14.1824990000001,-88.8700099999999
14.1711100000001,-88.860291
14.146666,-88.843338
14.1302779999999,-88.835556
14.114166,-88.831116
14.107498,-88.831116
14.102221,-88.830002
14.0975,-88.827515
14.093332,-88.821671
14.091944,-88.8152919999999
14.0930540000001,-88.809174
14.0969430000001,-88.8027799999999
14.102777,-88.798065
14.12611,-88.78334
14.1316660000001,-88.778061
14.1377770000001,-88.7672269999999
14.138332,-88.761124
14.136389,-88.755569
14.1325000000001,-88.7489009999999
14.115555,-88.734177
14.0975,-88.72139
14.0872210000001,-88.717224
14.052221,-88.710556
14.0469439999999,-88.708893
14.041111,-88.704727
14.036388,-88.6986239999999
14.014086,-88.661484
14.014999,-88.631958
14.01466,-88.628006
13.983332,-88.509171
13.9813879999999,-88.504181
13.970276,-88.49501
13.9216650000001,-88.500565
13.91,-88.4983369999999
13.8658330000001,-88.488892
13.8552760000001,-88.47084
13.8541660000001,-88.4650119999999
13.8658330000001,-88.434174
13.874443,-88.429169
13.88361,-88.413071
13.884443,-88.393616
13.8841650000001,-88.3813929999999
13.8808330000001,-88.37056
13.867777,-88.352234
13.874861,-88.34523
13.892221,-88.3280639999999
13.8852770000001,-88.310562
13.905283,-88.2596129999999
13.9402769999999,-88.235001
13.987619,-88.196884
13.9769440000001,-88.161667
13.9905550000001,-88.1219479999999
13.9638880000001,-88.060013
13.93117,-88.040436
13.875046,-88.005859
13.8961110000001,-87.953339
13.894999,-87.9405669999999
13.895832,-87.90834
13.8990880000001,-87.897507
13.8969440000001,-87.8008419999999
13.864166,-87.75029
13.8372210000001,-87.728348
13.8319440000001,-87.723068
13.8247200000001,-87.712234
13.820276,-87.703064
13.8190080000001,-87.6946719999999
13.7333320000001,-87.725006
13.5724260000001,-87.776947
13.525038,-87.784256
13.5232960000001,-87.7825159999999
13.508312,-87.765793
13.5069199999999,-87.760223
13.5080550000001,-87.757782
13.5100560000001,-87.75621
13.519985,-87.752548
13.5217290000001,-87.7506409999999
13.52103,-87.747849
13.5097060000001,-87.719803
13.5067440000001,-87.7159579999999
13.5025630000001,-87.7129969999999
13.5000000000001,-87.712509
13.4816570000001,-87.71109
13.4711090000001,-87.713348
13.4430540000001,-87.75029
13.4053860000001,-87.8155819999999
13.4363880000001,-87.833893
13.4372220000001,-87.83667
13.4358330000001,-87.8386229999999
13.394165,-87.8700099999999
13.3891660000001,-87.871674
13.3825000000001,-87.871124
13.3650000000001,-87.867783
13.3602770000001,-87.8655699999999
13.3436110000001,-87.8505709999999
13.33861,-87.841675
13.3333319999999,-87.8261259999999
13.330832,-87.8216709999999
13.303055,-87.790283
13.2977770000001,-87.785004
13.2894440000001,-87.7838899999999
13.2677760000001,-87.793335
13.2633320000001,-87.795837
13.25861,-87.801392
13.2361110000001,-87.83139
13.156387,-87.93779
13.163332,-87.985001
13.165554,-88.041397
13.166731,-88.091873
13.1668030000001,-88.108765
13.1638870000001,-88.126114
13.1594430000001,-88.196396
13.1580540000001,-88.220001
13.187111,-88.409508
13.1881089999999,-88.412674
13.231443,-88.47084
13.238777,-88.476173
13.241943,-88.4771729999999
13.269999,-88.5450129999999
13.2747210000001,-88.5505679999999
13.275555,-88.5530699999999
13.2841660000001,-88.607224
13.283888,-88.616959
13.271944,-88.7122339999999
13.2688880000001,-88.719727
13.2666660000001,-88.718903
13.2577759999999,-88.70668
13.2555540000001,-88.70195
13.246944,-88.657791
13.2455540000001,-88.642502
13.2480550000001,-88.6380619999999
13.2569429999999,-88.629181
13.259722,-88.621674
13.2647210000001,-88.5908359999999
13.261944,-88.579727
13.2088880000001,-88.5111689999999
13.2010549999999,-88.4999999999999
13.199055,-88.4978409999999
13.1953889999999,-88.495178
13.1940559999999,-88.494675
13.190388,-88.495178
13.1892209999999,-88.49601
13.1883879999999,-88.499344
13.191555,-88.506676
13.199555,-88.5195009999999
13.204055,-88.531509
13.194166,-88.53862
13.2111110000001,-88.6152799999999
13.2211090000001,-88.665558
13.228611,-88.70668
13.235554,-88.7588959999999
13.2515540000001,-88.813797
13.2583640000001,-88.83226
13.2824990000001,-88.8616789999999
13.293888,-88.8816679999999
13.3413890000001,-88.983902
13.4011100000001,-89.114182
13.410063,-89.137222
13.4188880000001,-89.152237
13.437777,-89.185287
13.4552760000001,-89.220001
13.4794430000001,-89.2866669999999
13.4830549999999,-89.296951
13.4841650000001,-89.302505
13.492498,-89.380844
13.499722,-89.466675
13.5150590000001,-89.608673
13.528055,-89.6508479999999
13.5308319999999,-89.6791689999999
13.5311110000001,-89.689453
13.5308319999999,-89.758896
13.52611,-89.799454
13.52611,-89.809174
13.5308319999999,-89.8180689999999
13.5366650000001,-89.822784
13.541666,-89.824722
13.5733320000001,-89.8280639999999
13.5788880000001,-89.8297269999999
13.595833,-89.837234
13.6019440000001,-89.841675
13.6088890000001,-89.8483429999999
13.6166650000001,-89.858063
13.6266650000001,-89.873062
13.6297210000001,-89.878067
13.648333,-89.911667
13.652777,-89.9216769999999
13.6639789999999,-89.954453
13.697982,-90
13.745832,-90.09639
13.782776,-90.107788
13.7952770000001,-90.108337
13.8233320000001,-90.103897
13.860554,-90.092514
13.8763890000001,-90.0805659999999
13.936943,-90.022232
13.9402769999999,-90.0188899999999
14.042221,-89.892227
14.0461100000001,-89.8858339999999
14.059444,-89.854446
14.065277,-89.830292
14.0672210000001,-89.821671
14.067499,-89.8147279999999
14.0658320000001,-89.806122
14.041388,-89.7397309999999
14.059444,-89.746399
14.0649990000001,-89.747787
14.074165,-89.746948
14.079721,-89.74556
14.114443,-89.728622
14.1213870000001,-89.725006
14.1388870000001,-89.714447
14.15111,-89.705841
14.1699980000001,-89.686401
14.1913870000001,-89.65834
14.19972,-89.645844
14.208332,-89.6297299999999
14.2102780000001,-89.624176
14.210833,-89.6147309999999
14.2055550000001,-89.595566
14.20611,-89.585281
14.2088870000001,-89.5736239999999
14.2272210000001,-89.522232
14.2302760000001,-89.517792
14.2394430000001,-89.5130619999999
14.24472,-89.512512
14.2474990000001,-89.5130619999999
14.301943,-89.541946
14.306389,-89.5447239999999
14.309721,-89.5483399999999
14.3183330000001,-89.563904
14.320276,-89.5691679999999
14.3174989999999,-89.580566
14.3183330000001,-89.58667
14.3197210000001,-89.5888979999999
14.321943,-89.5902859999999
14.324999,-89.590836
14.3858320000001,-89.583344
14.4133320000001,-89.573059
14.416111,-89.568893
14.420555,-89.551682
14.4211100000001,-89.545288
14.4213890000001,-89.49501
14.4147210000001,-89.438614
14.414999,-89.4325099999999
14.4319820000001,-89.348312
14.416111,-89.339737
---
