-1.479445,5.62555500000008
-1.47805599999998,5.62027699999999
-1.47472199999993,5.61666600000001
-1.46916700000003,5.61527699999999
-1.438334,5.61611100000005
-1.43222200000002,5.61666600000001
-1.42722199999997,5.61888900000008
-1.42444499999993,5.62277700000004
-1.42055599999998,5.63388800000013
-1.42249999999996,5.63722100000001
-1.43000000000001,5.6433320000001
-1.435,5.645555
-1.44638900000001,5.6474990000001
-1.45888899999994,5.64611100000002
-1.47472199999993,5.64138800000001
---
2.167778,10.073889
2.16786200000007,10.181069
2.16750000000013,10.305555
2.16750000000013,10.3327770000001
2.16784900000005,10.4086610000001
2.16750000000013,10.421389
2.16750000000013,10.44861
2.16750000000013,10.537222
2.16750000000013,10.5647220000001
2.16750000000013,10.653332
2.16805599999992,11.082499
2.16833300000013,11.2258320000001
2.168611,11.339764
2.16444400000006,11.3436110000001
2.00777800000003,11.344999
1.98722200000009,11.3444440000001
1.91916700000007,11.344999
1.830555,11.3458330000001
1.74069900000006,11.3466950000001
1.69416700000005,11.3477760000001
1.60555600000009,11.3486100000001
1.44861100000008,11.3499980000001
1.00194399999998,11.3538879999999
1.00222200000007,11.244444
1.00358999999992,10.969844
1.00277800000009,10.9097210000001
1.0025,10.7730539999999
1.00222200000007,10.5202770000001
1.00222200000007,10.493055
1.00249700000012,10.415047
1.0025,10.308611
1.0025,10.2813869999999
1.0025,10.2538870000001
1.0025,10.226665
1.0025,10.0286100000001
1.00222200000007,10.0011100000001
1.00187899999992,9.99221300000005
0.945943000000057,9.97545500000012
0.93425000000002,9.95910199999992
0.926065999999992,9.94392399999998
0.951859000000013,9.89209999999997
0.96767600000004,9.87581400000005
0.984656000000086,9.86710900000008
1.00165100000009,9.83916500000009
1.00245100000001,9.82575700000007
1.00260800000007,9.80397599999998
1.02777800000001,9.80166600000001
1.06972200000001,9.84027700000007
1.07361100000008,9.84999800000008
1.07638900000006,9.84861000000001
1.0791670000001,9.84472100000011
1.09444400000007,9.78472100000005
1.10111100000012,9.75694299999992
1.10027800000012,9.73777799999999
1.09722200000004,9.70222099999995
1.08888899999994,9.67555399999992
1.07166600000011,9.57194300000003
1.07722200000006,9.57055500000007
1.11444399999999,9.55388800000003
1.11861099999999,9.551109
1.12499999999994,9.5438880000001
1.12722200000013,9.53916500000008
1.13305500000013,9.51750000000004
1.13638900000012,9.49416500000001
1.13583299999993,9.48805399999992
1.13472200000001,9.48249800000013
1.12611100000004,9.47083300000008
1.10500000000002,9.41750000000008
1.10388900000009,9.41222200000004
1.10472200000009,9.40749900000003
1.11166600000001,9.39388800000006
1.14944400000007,9.36472099999997
1.16722200000004,9.356943
1.18222200000002,9.36360899999994
1.291944,9.42583300000001
1.38472200000001,9.45611000000008
1.39083300000004,9.45694400000002
1.39888899999994,9.46277600000008
1.42416600000007,9.48583200000013
1.42944399999999,9.49416500000001
1.49250000000006,9.56055500000014
1.58388900000006,9.63944400000003
1.59166599999998,9.63333299999994
1.63111099999992,9.61194399999999
1.63583300000005,9.60999900000002
1.66027800000006,9.61194399999999
1.70055499999995,9.64027599999991
1.74111100000005,9.68138900000008
1.75361100000009,9.70360900000009
1.76361100000008,9.71416700000003
1.77083300000004,9.72055399999999
1.88888900000006,9.79499800000002
1.92000000000007,9.81222199999996
1.92472199999997,9.814165
1.93138900000002,9.81444399999998
1.94305500000002,9.81277700000004
1.99666600000006,9.79916600000007
2.11777700000005,9.77805500000005
2.31194399999998,9.77138700000006
2.32472200000012,9.7724990000001
2.32888800000001,9.77527599999996
2.34369800000007,9.8117640000001
2.27861100000013,9.82583200000005
2.26777700000008,9.82833300000004
2.26277700000009,9.83027600000003
2.25444399999998,9.83527800000002
2.25111100000009,9.83861000000002
2.21083300000009,9.89444400000014
2.20861100000013,9.89888799999994
2.19138899999996,9.93527599999999
2.17555500000009,9.97444300000006
2.17111100000011,9.99083300000007
2.16833300000013,10.015833
2.16805599999992,10.02611
---
3.39611100000008,8.80250000000012
3.33250000000004,8.77999899999998
3.32083299999999,8.77777700000001
3.31055500000014,8.77444300000002
3.30250000000012,8.76888800000012
3.20249999999999,8.69916500000011
3.19638900000012,8.69138700000013
3.19638900000012,8.68472100000014
3.19777800000008,8.67916500000013
3.24361099999999,8.497499
3.24833300000006,8.48194300000006
3.25666700000005,8.46250000000003
3.26194400000003,8.45444300000003
3.27444400000013,8.44610999999998
3.31888900000007,8.42916500000001
3.33388900000006,8.42499900000013
3.33999999999998,8.42416600000013
3.34694400000001,8.42416600000013
3.37444400000004,8.42833300000007
3.38527800000014,8.43110999999999
3.39555500000012,8.43444399999999
3.4352770000001,8.44972000000007
3.44749999999999,8.45777700000002
3.45916700000004,8.46666500000003
3.46111100000013,8.47166600000008
3.46249999999992,8.52222100000006
3.46055600000005,8.5338880000001
3.45638799999995,8.54361
3.45361100000002,8.55444299999999
3.45500000000004,8.56666600000005
3.45722200000006,8.57166500000011
3.46722199999999,8.58194400000008
3.47611100000006,8.58666599999998
3.54611100000011,8.61749800000001
3.55083300000001,8.6194440000001
3.5569440000001,8.6202770000001
3.59527700000007,8.62444299999999
3.64305499999995,8.625832
3.65000100000003,8.62504300000006
3.68277699999999,8.64499899999993
3.74166600000007,8.68610999999993
3.76333299999993,8.73944300000011
3.75194399999998,8.90860900000013
3.75055600000007,8.91416500000014
3.74500000000006,8.92305400000004
3.73666600000013,8.93555499999997
3.70388800000001,8.95888700000012
3.69972200000012,8.96138800000011
3.67444400000005,8.96222100000011
3.65527800000001,8.96083299999998
3.63416600000005,8.95472100000001
3.62472200000008,8.95055400000001
3.61638900000003,8.94500000000005
3.61305500000003,8.94166600000005
3.59305500000011,8.92027700000011
3.52944400000007,8.87444299999993
3.51721900000001,8.86610800000005
3.49944399999993,8.85666699999996
---
