-20.6744419999999,-178.715027
-20.6694449999999,-178.733337
-20.6661149999999,-178.737213
-20.659721,-178.737762
-20.650276,-178.733337
-20.646114,-178.73056
-20.644726,-178.724457
-20.648056,-178.720856
-20.670837,-178.705597
-20.6744419999999,-178.707764
---
-19.853336,-178.2164
-19.851112,-178.22168
-19.845554,-178.223053
-19.8399999999999,-178.22168
-19.827499,-178.212799
-19.8263889999999,-178.209747
-19.827499,-178.203918
-19.831116,-178.200317
-19.835838,-178.19809
-19.840839,-178.200317
-19.843616,-178.20166
-19.852505,-178.211426
---
-19.1850009999999,-178.41864
-19.18222,-178.423096
-19.1775019999999,-178.425049
-19.1725039999999,-178.423096
-19.143616,-178.411133
-19.129169,-178.398621
-19.130554,-178.392792
-19.133888,-178.388367
-19.1388889999999,-178.386414
-19.159447,-178.386414
-19.176109,-178.391418
-19.1850009999999,-178.396698
---
-19.197498,179.774689
-19.1958309999999,179.746613
-19.188053,179.740234
-19.181942,179.739685
-19.133057,179.753876
-19.13028,179.758331
-19.123333,179.773041
-19.125,179.777466
-19.141666,179.789154
-19.178333,179.796631
-19.1844439999999,179.797485
-19.1877779999999,179.793579
-19.1952779999999,179.779694
---
-19.1819459999999,-178.545868
-19.1791689999999,-178.556122
-19.167503,-178.580292
-19.1591639999999,-178.593323
-19.155834,-178.596954
-19.145832,-178.60141
-19.1397249999999,-178.602203
-19.133614,-178.60141
-19.128616,-178.599152
-19.12056,-178.593323
-19.1136129999999,-178.585846
-19.1086119999999,-178.576416
-19.108055,-178.569733
-19.1094469999999,-178.563904
-19.111671,-178.558929
-19.114166,-178.554443
-19.117783,-178.550842
-19.1819459999999,-178.538605
---
-19.009445,178.498016
-19.01889,178.486359
-19.0338899999999,178.465515
-19.0455549999999,178.423035
-19.046947,178.417206
-19.051945,178.380524
-19.052502,178.37384
-19.050835,178.341644
-19.050556,178.337463
-19.027779,178.328033
-19.012501,178.328308
-19.00639,178.329132
-19.002781,178.325531
-18.9991649999999,178.307465
-18.9991649999999,178.30304
-19.045834,178.191925
-19.049168,178.188019
-19.070557,178.172485
-19.075279,178.170258
-19.088333,178.169128
-19.093891,178.170532
-19.137779,178.136108
-19.162777,178.094116
-19.1583329999999,178.08551
-19.1480559999999,178.038879
-19.147778,178.032745
-19.159443,178.015808
-19.162777,178.0047
-19.162498,177.99884
-19.143333,177.96051
-19.1405559999999,177.956085
-19.136387,177.953308
-19.13139,177.95108
-19.125278,177.952179
-19.105556,177.967743
-19.1027789999999,177.972198
-19.066113,178.068573
-19,178.171356
-18.989719,178.175262
-18.985554,178.17804
-18.98222,178.181915
-18.935555,178.306915
-18.927498,178.339142
-18.9263879999999,178.344971
-18.931667,178.372192
-18.956387,178.468292
-18.9697189999999,178.490509
-18.973331,178.49411
-18.978054,178.496338
-18.989998,178.498291
---
-18.9936099999999,-178.94696
-18.9927789999999,-178.953369
-18.990833,-178.958649
-18.987225,-178.96225
-18.978336,-178.967224
-18.952782,-178.97226
-18.9422259999999,-178.968628
-18.93417,-178.962799
-18.925835,-178.949432
-18.925282,-178.94281
-18.928059,-178.938629
-18.936943,-178.93335
-18.948608,-178.931427
-18.9605559999999,-178.930573
-18.974171,-178.930573
-18.985275,-178.933624
-18.9894449999999,-178.936707
---
-18.9588889999999,-179.782257
-18.972504,-179.78833
-18.980278,-179.795013
-18.986385,-179.80307
-18.983608,-179.804443
-18.971111,-179.805878
-18.9608349999999,-179.809479
-18.9563899999999,-179.812256
-18.9530559999999,-179.815857
-18.949448,-179.826935
-18.949448,-179.834198
-18.950832,-179.840027
-18.956947,-179.848053
-18.9666629999999,-179.852509
-18.972778,-179.853333
-19.0130619999999,-179.85083
-19.012222,-179.857239
-19.008617,-179.865265
-19.005283,-179.868896
-19.001118,-179.8703
-18.9774969999999,-179.865814
-18.938335,-179.857483
-18.928616,-179.853088
-18.922504,-179.845001
-18.922504,-179.838928
-18.925282,-179.821686
-18.926666,-179.81723
-18.937225,-179.788605
-18.946388,-179.78363
---
-18.934723,178.502197
-18.933887,178.497192
-18.915001,178.473297
-18.91,178.471069
-18.896946,178.471893
-18.883057,178.476624
-18.879723,178.480255
-18.860832,178.50415
-18.858612,178.509155
-18.859722,178.521637
-18.862499,178.525818
-18.867222,178.528046
-18.892223,178.536377
-18.897778,178.536377
-18.9025,178.534149
-18.910831,178.528046
---
-18.674725,-178.506134
-18.673332,-178.511963
-18.670555,-178.516113
-18.666389,-178.519196
-18.6613879999999,-178.521393
-18.654449,-178.521393
-18.6488909999999,-178.519745
-18.6447259999999,-178.516998
-18.635281,-178.506683
-18.637222,-178.501404
-18.64695,-178.476654
-18.6505579999999,-178.473053
-18.657501,-178.473053
-18.666389,-178.478333
-18.6725039999999,-178.48642
-18.674725,-178.498627
---
-18.6447219999999,179.908325
-18.6438899999999,179.895813
-18.637501,179.888031
-18.590836,179.839417
-18.5866659999999,179.836639
-18.5816689999999,179.835785
-18.5763889999999,179.837463
-18.5722239999999,179.84024
-18.566666,179.849121
-18.551666,179.881348
-18.5455549999999,179.905548
-18.540279,179.928864
-18.5397219999999,179.949982
-18.5405579999999,179.963867
-18.544167,179.967468
-18.5488889999999,179.969696
-18.560001,179.966644
-18.641945,179.91275
---
-18.594166,177.660248
-18.593613,177.655243
-18.586388,177.648041
-18.56889,177.637482
-18.538334,177.61911
-18.516113,177.613586
-18.509724,177.613007
-18.505001,177.615234
-18.491943,177.630798
-18.491386,177.636108
-18.495831,177.644714
-18.504723,177.649719
-18.509724,177.651642
-18.577778,177.663605
-18.583889,177.664154
-18.590279,177.6633
---
-18.4175,178.128296
-18.414722,178.116638
-18.411667,178.112457
-18.407501,178.109406
-18.361946,178.121063
-18.3572239999999,178.123566
-18.3538889999999,178.127167
-18.351944,178.139709
-18.353333,178.145264
-18.35611,178.149719
-18.360558,178.15332
-18.365276,178.155548
-18.370834,178.156921
-18.377777,178.156647
-18.406666,178.150269
-18.416389,178.13858
-18.4175,178.132721
---
-18.251118,-178.791718
-18.250278,-178.798096
-18.248337,-178.80307
-18.242779,-178.811951
-18.223888,-178.8367
-18.216946,-178.843872
-18.210835,-178.843079
-18.1900019999999,-178.828613
-18.187225,-178.824188
-18.185276,-178.818909
-18.1833339999999,-178.808044
-18.1825029999999,-178.786987
-18.1833339999999,-178.773071
-18.1883349999999,-178.763641
-18.201389,-178.747528
-18.205559,-178.74472
-18.210281,-178.742493
-18.21611,-178.741119
-18.2227779999999,-178.741119
-18.233334,-178.74472
-18.237499,-178.747772
-18.240833,-178.751404
-18.246387,-178.760284
-18.248337,-178.76532
-18.249725,-178.778351
---
-18.122501,179.341644
-18.1211129999999,179.33609
-18.036388,179.245789
-18.02528,179.243011
-17.96833,179.236359
-17.951111,179.243286
-17.9361109999999,179.266663
-17.935555,179.273315
-17.937222,179.292206
-17.9419439999999,179.300262
-17.948334,179.308014
-18.0091669999999,179.353302
-18.013889,179.355225
-18.081944,179.367737
-18.088055,179.368286
-18.094444,179.367462
-18.1136129999999,179.358582
-18.1211129999999,179.351898
---
-17.996109,-179.018097
-17.99472,-179.023926
-17.992496,-179.0289
-17.9738879999999,-179.060028
-17.963333,-179.070587
-17.954998,-179.076416
-17.950275,-179.078613
-17.944164,-179.07782
-17.932503,-179.068359
-17.927502,-179.058929
-17.9236149999999,-179.048096
-17.923058,-179.026978
-17.9244419999999,-179.021393
-17.927223,-179.016998
-17.9402769999999,-179.001709
-17.950832,-178.991119
-17.9555589999999,-178.988892
-17.974171,-178.988312
-17.9797209999999,-178.989746
-17.987225,-178.992798
-17.9900019999999,-178.995544
-17.995277,-179.011719
---
-17.96611,-178.301392
-17.963333,-178.318909
-17.9605559999999,-178.330597
-17.955833,-178.340027
-17.935558,-178.355286
-17.930836,-178.357239
-17.9261089999999,-178.358032
-17.908611,-178.354431
-17.898338,-178.35083
-17.8941649999999,-178.347809
-17.8858379999999,-178.334747
-17.8825039999999,-178.323883
-17.88306,-178.310028
-17.885281,-178.297546
-17.9024999999999,-178.265015
-17.908054,-178.256134
-17.9177779999999,-178.244476
-17.9261089999999,-178.238617
-17.93222,-178.238068
-17.94278,-178.238617
-17.947498,-178.240814
-17.951668,-178.243896
-17.955276,-178.247528
-17.9613909999999,-178.262817
-17.96611,-178.286987
---
-17.8505549999999,179.416931
-17.848335,179.411926
-17.8447229999999,179.408325
-17.821945,179.396088
-17.794167,179.386108
-17.7863879999999,179.392761
-17.785,179.397217
-17.788055,179.416077
-17.797222,179.421082
-17.828335,179.430267
-17.840836,179.428589
-17.848335,179.421906
---
-17.785282,-179.29837
-17.771954,-179.331146
-17.766953,-179.333313
-17.7613979999999,-179.334747
-17.749725,-179.33252
-17.735004,-179.325867
-17.727509,-179.319153
-17.7261159999999,-179.313324
-17.729729,-179.30249
-17.733894,-179.292267
-17.736671,-179.288086
-17.740837,-179.285004
-17.7597269999999,-179.281708
-17.7666699999999,-179.281708
-17.771954,-179.283081
-17.776955,-179.285309
-17.781116,-179.28833
-17.783897,-179.292511
---
-17.754448,178.771912
-17.719719,178.747742
-17.672501,178.74411
-17.655834,178.748566
-17.651112,178.750824
-17.642776,178.756653
-17.6394419999999,178.760529
-17.6286129999999,178.778046
-17.6211129999999,178.791931
-17.620556,178.810242
-17.621387,178.81665
-17.6244429999999,178.828308
-17.627224,178.832733
-17.630554,178.83609
-17.658611,178.85025
-17.6697199999999,178.853027
-17.688332,178.853577
-17.7049979999999,178.853302
-17.715275,178.849701
-17.731941,178.837738
-17.7427749999999,178.820251
---
-17.478336,-179.147827
-17.477505,-179.161682
-17.474728,-179.166138
-17.467781,-179.17337
-17.449726,-179.18335
-17.437225,-179.181671
-17.433064,-179.178894
-17.429729,-179.16806
-17.429729,-179.153351
-17.4311139999999,-179.143341
-17.450005,-179.128052
-17.456116,-179.127472
-17.462505,-179.128052
-17.468063,-179.12973
-17.4722249999999,-179.132507
-17.476952,-179.141998
---
-17.4302789999999,178.302765
-17.474998,178.372467
-17.635834,178.591064
-17.643055,178.598297
-17.6580539999999,178.601074
-17.6705549999999,178.6008
-17.682499,178.598572
-17.693611,178.595245
-17.784168,178.597748
-17.89389,178.620789
-18.025002,178.693298
-18.0472219999999,178.697479
-18.056946,178.6922
-18.0741689999999,178.681091
-18.0783349999999,178.67804
-18.089722,178.661102
-18.1352769999999,178.588287
-18.115555,178.560791
-18.100277,178.557465
-18.0975,178.553314
-18.092224,178.532196
-18.103611,178.400818
-18.104168,178.395813
-18.1161119999999,178.348846
-18.119999,178.338562
-18.147499,178.273315
-18.18861,178.243561
-18.1899989999999,178.23053
-18.193054,178.219421
-18.217777,178.194427
-18.234165,178.18219
-18.241665,178.175537
-18.251945,178.164703
-18.254723,178.160248
-18.256668,178.154968
-18.26778,178.019135
-18.2683329999999,177.960236
-18.2638889999999,177.864136
-18.1816669999999,177.619965
-18.178333,177.616364
-18.175556,177.611908
-18.173889,177.606079
-18.1530529999999,177.516083
-18.162777,177.473022
-18.1194459999999,177.333313
-18.115833,177.329681
-18.078613,177.299133
-17.9983329999999,177.259155
-17.962776,177.24884
-17.956387,177.248291
-17.874168,177.256653
-17.869999,177.25943
-17.8572239999999,177.274994
-17.854446,177.279419
-17.8477779999999,177.294128
-17.8124999999999,177.371338
-17.761669,177.429688
-17.756668,177.431915
-17.7436099999999,177.433044
-17.737499,177.432465
-17.6908339999999,177.423859
-17.685276,177.422485
-17.68111,177.419708
-17.6675,177.390259
-17.6630549999999,177.387207
-17.6513899999999,177.385254
-17.6327779999999,177.388031
-17.509445,177.510254
-17.503891,177.519135
-17.444721,177.624664
-17.364723,177.820251
-17.3627779999999,177.825256
-17.3627779999999,177.831085
-17.373333,177.834412
-17.379723,177.835236
-17.386387,177.834961
-17.396111,177.833313
-17.407776,177.897766
-17.410557,177.94635
-17.410557,177.953583
-17.4091639999999,177.959412
-17.3577769999999,178.124664
-17.342499,178.170532
-17.3233339999999,178.18692
-17.30389,178.188568
-17.301113,178.193024
-17.3100009999999,178.217468
-17.3233339999999,178.239685
-17.326111,178.24411
-17.343891,178.269135
-17.348888,178.271362
-17.378056,178.279694
-17.389721,178.281647
-17.4030529999999,178.280823
---
-17.314724,177.099976
-17.271114,177.10025
-17.258335,177.111359
-17.2477759999999,177.141937
-17.25,177.145538
-17.265278,177.158325
-17.2680589999999,177.158325
-17.295555,177.143311
-17.3124999999999,177.117462
-17.314445,177.112457
---
-17.285004,-179.141724
-17.284168,-179.148407
-17.282227,-179.153381
-17.278614,-179.156982
-17.2688899999999,-179.161469
-17.257225,-179.163361
-17.250835,-179.162811
-17.248058,-179.158417
-17.24667,-179.152557
-17.248058,-179.146729
-17.258617,-179.121429
-17.262222,-179.117828
-17.26778,-179.116425
-17.273338,-179.117828
-17.2780569999999,-179.120056
-17.281673,-179.123657
-17.283611,-179.128632
---
-17.399723,179.383331
-17.365833,179.38443
-17.3497239999999,179.383881
-17.3158339999999,179.37912
-17.296391,179.370514
-17.262779,179.358002
-17.259445,179.357178
-17.2427749999999,179.419128
-17.242222,179.433044
-17.2477759999999,179.44165
-17.251392,179.445251
-17.256947,179.446625
-17.303333,179.449707
-17.3158339999999,179.448029
-17.333057,179.444122
-17.343334,179.440521
-17.372501,179.427185
-17.375832,179.423584
-17.394444,179.399414
---
-17.260838,-178.929199
-17.260002,-178.941406
-17.289114,-178.971298
-17.291447,-178.972961
-17.297781,-178.975128
-17.318058,-178.98584
-17.18222,-179.011414
-17.153053,-179.02005
-17.150833,-179.015015
-17.1511149999999,-179.007782
-17.197781,-178.922241
-17.213058,-178.90921
-17.217777,-178.90863
-17.252502,-178.923096
-17.257225,-178.925293
---
-17.1702769999999,177.199402
-17.1675,177.188019
-17.1636119999999,177.177185
-17.160831,177.177185
-17.143612,177.178314
-17.1175,177.187469
-17.0888899999999,177.208313
-17.0594439999999,177.235779
-17.056667,177.240234
-17.055557,177.246063
-17.0519449999999,177.281097
-17.054722,177.285248
-17.058891,177.288025
-17.069447,177.291351
-17.0763889999999,177.291351
-17.081112,177.289154
-17.0955539999999,177.282196
-17.108055,177.276093
-17.11639,177.270264
-17.123611,177.263611
---
-16.8366659999999,178.293854
-16.835835,178.287476
-16.833889,178.282196
-16.83028,178.27887
-16.825279,178.276642
-16.793335,178.274414
-16.789444,178.277191
-16.794167,178.324982
-16.796391,178.329956
-16.800556,178.33136
-16.824722,178.338867
-16.830555,178.34024
-16.835278,178.338013
-16.835835,178.333038
---
-17.006111,179.929138
-16.999165,179.918579
-16.9738879999999,179.886658
-16.970276,179.883026
-16.964165,179.882446
-16.959164,179.884705
-16.9461099999999,179.892761
-16.929722,179.904419
-16.9008329999999,179.93219
-16.886944,179.94693
-16.880001,179.954132
-16.871113,179.959412
-16.852501,179.968842
-16.7873949999999,180
-16.965725,180
-16.9830549999999,179.98468
-16.998608,179.957458
-17.002781,179.947479
---
-16.965729,-180
-16.787363,-180
-16.715862,-179.938599
-16.710121,-179.929535
-16.688377,-179.895081
-16.686424,-179.889832
-16.679462,-179.868103
-16.680321,-179.861633
-16.69278,-179.853119
-16.781094,-179.821106
-16.875511,-179.902191
-16.899696,-179.935883
-16.946964,-179.987579
-16.955276,-179.993317
---
-16.844444,177.431366
-16.796112,177.476624
-16.721943,177.558319
-16.709442,177.5672
-16.698334,177.570526
-16.688053,177.566925
-16.683887,177.564148
-16.680279,177.560516
-16.677498,177.559967
-16.678333,177.566376
-16.682777,177.583862
-16.687778,177.593018
-16.693333,177.594421
-16.699444,177.593567
-16.7188869999999,177.584412
-16.736111,177.574127
-16.790001,177.521637
-16.83778,177.443024
---
-16.6619449999999,179.914154
-16.6602779999999,179.886658
-16.657501,179.88443
-16.6258319999999,179.916656
-16.613056,179.947754
-16.617779,179.949982
-16.6241679999999,179.950531
-16.638054,179.950531
-16.643612,179.949127
-16.651943,179.943298
-16.654446,179.938873
-16.659164,179.929413
---
-16.539169,179.99469
-16.538334,179.988281
-16.535,179.98468
-16.530834,179.981903
-16.524445,179.981079
-16.5113909999999,179.981903
-16.5058359999999,179.983582
-16.501667,179.986359
-16.496109,179.995239
-16.494274,180
-16.5379179999999,180
---
-16.5379179999999,-180
-16.494274,-180
-16.48917,-179.997528
-16.476952,-179.988617
-16.458889,-179.97113
-16.446671,-179.949463
-16.444447,-179.944519
-16.4316669999999,-179.914764
-16.429443,-179.902252
-16.43111,-179.896423
-16.435276,-179.893677
-16.518894,-179.926941
-16.520844,-179.931976
-16.5344509999999,-179.969788
-16.535278,-179.976166
---
-16.237221,179.898315
-16.24472,179.891663
-16.2911109999999,179.853027
-16.360832,179.809692
-16.442223,179.756927
-16.446388,179.753876
-16.453053,179.746613
-16.458611,179.738007
-16.4880519999999,179.689148
-16.49472,179.674683
-16.501667,179.653046
-16.539722,179.591644
-16.692776,179.484406
-16.701111,179.478577
-16.761669,179.493011
-16.764725,179.539429
-16.765003,179.546631
-16.763615,179.559692
-16.758057,179.568573
-16.720554,179.616058
-16.690834,179.643036
-16.6249999999999,179.714691
-16.5913889999999,179.751923
-16.540558,179.813019
-16.5088919999999,179.852448
-16.467777,179.91803
-16.460831,179.932465
-16.461666,179.937469
-16.464443,179.941925
-16.469444,179.944122
-16.474998,179.945526
-16.5075039999999,179.95163
-16.5130579999999,179.950256
-16.5172229999999,179.947205
-16.532501,179.92691
-16.536388,179.923859
-16.5772249999999,179.901093
-16.6366649999999,179.87439
-16.665001,179.871338
-16.665833,179.878021
-16.670834,179.887207
-16.736385,179.950531
-16.741943,179.951904
-16.749722,179.945251
-16.754448,179.937195
-16.769447,179.902191
-16.770836,179.898041
-16.773335,179.870514
-16.771946,179.866058
-16.761391,179.855225
-16.75639,179.853302
-16.743889,179.844696
-16.734722,179.810516
-16.7274969999999,179.77887
-16.726387,179.746338
-16.729721,179.709961
-16.739719,179.66275
-16.801113,179.571625
-16.810833,179.409424
-16.802223,179.331909
-16.771114,179.333588
-16.766945,179.343842
-16.764446,179.348297
-16.760834,179.351898
-16.756668,179.354675
-16.7519449999999,179.35553
-16.739441,179.355804
-16.731667,179.349396
-16.692776,179.278046
-16.691387,179.272217
-16.690556,179.265808
-16.705276,179.20636
-16.724167,179.168304
-16.800556,179.05304
-16.804169,179.049408
-16.808334,179.046356
-16.889721,179.016388
-16.895279,179.016388
-16.8980559999999,179.020538
-16.8966669999999,179.026367
-16.889168,179.033051
-16.878887,179.036926
-16.874722,179.039703
-16.882778,179.073578
-16.888332,179.072205
-16.8930549999999,179.069977
-16.925278,179.023865
-16.927223,179.01886
-16.9063869999999,178.958862
-16.90361,178.954681
-16.894444,178.949707
-16.8888889999999,178.948303
-16.879166,178.944122
-16.855,178.906647
-16.860832,178.86969
-16.9080539999999,178.810242
-16.914444,178.809418
-16.926109,178.811646
-16.9316669999999,178.811371
-16.949722,178.809692
-16.984165,178.796082
-16.990276,178.7883
-17.009445,178.758881
-17.011391,178.753876
-17.011948,178.747192
-17.0116689999999,178.726898
-17.0072249999999,178.709686
-17.0025019999999,178.700256
-17.000278,178.696625
-16.992496,178.690247
-16.973053,178.681915
-16.961945,178.679138
-16.921665,178.670807
-16.835556,178.624969
-16.808334,178.551636
-16.814445,178.543579
-16.816391,178.525269
-16.816113,178.518036
-16.810558,178.502197
-16.80611,178.492188
-16.80278,178.488556
-16.798336,178.485779
-16.78167,178.478851
-16.763615,178.476074
-16.758892,178.478302
-16.706665,178.52832
-16.6416659999999,178.595245
-16.64389,178.60025
-16.671387,178.683868
-16.674168,178.695526
-16.6752779999999,178.707733
-16.645554,178.731903
-16.6324999999999,178.740234
-16.6241679999999,178.746063
-16.601665,178.773041
-16.599167,178.777466
-16.574722,178.826904
-16.566666,178.863281
-16.554722,178.889435
-16.5519449999999,178.89386
-16.5483359999999,178.897491
-16.5197219999999,178.925537
-16.5147249999999,178.927765
-16.503056,178.929962
-16.499443,178.926361
-16.469719,178.981903
-16.397499,179.224121
-16.3980559999999,179.229401
-16.4066659999999,179.234955
-16.412777,179.298584
-16.4130549999999,179.331909
-16.4130549999999,179.400543
-16.4097209999999,179.404144
-16.402779,179.404419
-16.398609,179.403046
-16.3819429999999,179.391663
-16.349167,179.401367
-16.2922249999999,179.463287
-16.273891,179.503326
-16.228333,179.67276
-16.203609,179.770813
-16.2075,179.842194
-16.205833,179.871063
-16.179165,179.915527
-16.155834,179.956085
-16.153053,179.96109
-16.1525,179.967743
-16.154724,180
-16.172741,180
-16.175556,179.992737
-16.1836089999999,179.979675
-16.197498,179.958008
---
-16.174892,-179.996979
-16.172749,-180
-16.154732,-180
-16.132401,-179.978668
-16.128735,-179.967804
-16.128345,-179.941132
-16.147369,-179.944733
-16.162617,-179.959473
-16.165546,-179.963623
-16.16761,-179.968872
---
-12.5180569999999,177.09079
-12.516945,177.060242
-12.509445,177.031921
-12.507223,177.026917
-12.496666,177.029419
-12.488611,177.042206
-12.483332,177.050812
-12.4819429999999,177.056641
-12.4825,177.083588
-12.4847219999999,177.11911
-12.4880539999999,177.122742
-12.499443,177.125244
-12.505556,177.12439
-12.514446,177.119415
---
