42.6036070000001,9.49471999999992
42.613052,9.48277700000011
42.6172180000001,9.47777699999995
42.6308290000001,9.46527700000007
42.6433260000001,9.45777700000002
42.6152730000001,9.48583200000013
---
42.649437,9.44805500000012
42.630272,9.45222100000001
42.582222,9.47388800000004
42.5761110000001,9.47805399999999
42.5638890000001,9.50555399999996
42.563606,9.509998
42.567215,9.51138899999995
42.5716630000001,9.51166500000005
42.578049,9.50944300000009
42.59166,9.50305400000008
42.60083,9.49722100000008
42.5986100000001,9.50027699999998
42.5724950000001,9.52027700000014
42.549164,9.53166600000009
42.5419390000001,9.5338880000001
42.272774,9.56222200000002
42.192215,9.55999900000012
42.1277770000001,9.55555500000014
42.1155550000001,9.55333300000012
42.102219,9.54583199999996
41.999443,9.44805500000012
41.974998,9.42555399999998
41.9541630000001,9.41111000000001
41.9349980000001,9.40555400000005
41.875931,9.39719200000008
41.862778,9.39666600000004
41.85083,9.39861100000007
41.8402710000001,9.40249799999998
41.828331,9.40444400000001
41.8191600000001,9.40416500000003
41.698883,9.39888800000006
41.6588820000001,9.38277600000009
41.651939,9.37944400000009
41.638611,9.36666500000007
41.602493,9.32055499999996
41.520554,9.27166599999998
41.451942,9.24194300000005
41.425827,9.24749900000006
41.4261090000001,9.25194399999992
41.423332,9.25416600000011
41.4186100000001,9.25416600000011
41.414993,9.25277699999992
41.4088820000001,9.24888800000002
41.368607,9.22250000000003
41.3663860000001,9.21916600000003
41.3655550000001,9.21444300000002
41.3641660000001,9.18611000000004
41.3647160000001,9.18083200000012
41.3666610000001,9.17722099999997
41.3941650000001,9.13222100000007
41.4319380000001,9.11583300000001
41.4766620000001,8.97805400000004
41.47805,8.97388799999999
41.489441,8.94111099999998
41.4997180000001,8.91750000000002
41.5555500000001,8.79194300000006
41.558052,8.78916500000008
41.5622180000001,8.78860999999995
41.6133270000001,8.78555499999999
41.6294400000001,8.79277600000006
41.6325,8.79472199999992
41.636665,8.80166600000001
41.6377720000001,8.80610999999999
41.63694,8.810833
41.633606,8.81249800000012
41.6316600000001,8.81611100000009
41.6325,8.82110999999998
41.6469420000001,8.87360999999993
41.649162,8.87666500000012
41.6763840000001,8.91388700000005
41.6813890000001,8.919443
41.684441,8.92138900000009
41.688049,8.92138900000009
41.691383,8.91972200000004
41.6933290000001,8.916111
41.6941600000001,8.91111000000012
41.6980510000001,8.87888700000013
41.6983260000001,8.85666699999996
41.698608,8.85055499999999
41.7005540000001,8.84083200000003
41.710274,8.79694400000011
41.7294390000001,8.72583200000014
41.759438,8.70500000000004
41.8105550000001,8.74777599999999
41.853333,8.78888699999999
41.897499,8.80305500000003
41.9016650000001,8.80250000000012
41.904999,8.80083300000001
41.9244380000001,8.78416600000014
41.9266660000001,8.78111099999995
41.929993,8.773054
41.933327,8.74972200000008
41.9336090000001,8.74416500000001
41.931938,8.74055500000009
41.9291610000001,8.73805400000009
41.9213870000001,8.73583200000007
41.9191670000001,8.73277700000011
41.912498,8.71722200000005
41.9108280000001,8.70722200000006
41.908333,8.66861000000006
41.906662,8.62722200000007
41.9569400000001,8.59277700000007
41.963051,8.58861000000007
41.96611,8.58944300000007
41.9680480000001,8.59305400000005
41.970833,8.61360900000011
41.96833,8.63499800000005
41.9691620000001,8.64611100000013
41.9824980000001,8.66499900000008
41.9852749999999,8.66750000000008
41.9883270000001,8.66805499999998
42.008331,8.65944300000007
42.040833,8.74055500000009
42.0469440000001,8.74499900000006
42.0513840000001,8.74499900000006
42.0583270000001,8.74222199999997
42.106384,8.68110999999993
42.120277,8.63888699999995
42.132774,8.60833200000013
42.169716,8.58722100000006
42.221664,8.57055500000013
42.2530520000001,8.61833200000012
42.2583310000001,8.648888
42.2652739999999,8.68221999999997
42.26722,8.68610999999993
42.270271,8.68805500000013
42.2744369999999,8.68749800000001
42.2774960000001,8.68583300000012
42.3369370000001,8.63166600000005
42.348328,8.61583300000012
42.3511050000001,8.60722199999992
42.351387,8.59472099999999
42.349998,8.5841660000001
42.383606,8.5758320000001
42.511108,8.665277
42.566666,8.71472199999994
42.57444,8.72166600000003
42.628052,8.88694400000009
42.677498,9.05527699999999
42.6891630000001,9.05833199999995
42.69194,9.06083300000012
42.710831,9.083887
42.7130510000001,9.087221
42.728607,9.11583300000001
42.7302700000001,9.11944399999999
42.73333,9.14833300000004
42.73333,9.15333200000009
42.720833,9.25138900000002
42.7188870000001,9.25499900000011
42.702217,9.26944400000002
42.6905520000001,9.27833199999998
42.6766660000001,9.28388799999999
42.674438,9.28694299999995
42.6733320000001,9.29083300000013
42.675552,9.29388799999992
42.6902770000001,9.31138799999997
42.695274,9.31722099999996
42.6983260000001,9.319166
42.734161,9.34111000000001
42.737778,9.34249900000003
42.7466660000001,9.34333200000003
42.7905500000001,9.338888
42.798332,9.33722100000011
42.8113860000001,9.33027600000014
42.818886,9.321665
42.8297200000001,9.31138799999997
42.8324969999999,9.309166
42.836105,9.30805400000003
42.9944380000001,9.34083200000009
43.000832,9.34472099999999
43.0024950000001,9.34861000000006
43.003883,9.3530540000001
43.008606,9.38333299999999
43.010277,9.41833300000008
43.010551,9.42416600000007
42.989716,9.4583320000001
42.986382,9.46083300000009
42.814438,9.48944300000011
42.805275,9.48916600000013
42.793884,9.48555400000004
42.7691650000001,9.468887
42.76194,9.46611000000007
42.7186050000001,9.4550000000001
42.6872180000001,9.44833200000011
42.678886,9.44666500000005
---
45.8069380000001,-1.21194500000001
45.8588870000001,-1.23972199999992
45.8736040000001,-1.250834
45.9055480000001,-1.28222199999993
45.9077760000001,-1.28583300000003
45.9236070000001,-1.31666699999994
45.935829,-1.33916699999997
45.9502720000001,-1.36555599999997
45.958054,-1.37361099999998
45.9652710000001,-1.37611099999998
46.046661,-1.40305599999999
46.0505520000001,-1.40166699999992
46.051109,-1.39611100000002
46.0494380000001,-1.38472199999995
46.0447160000001,-1.36361099999999
46.0430530000001,-1.35916700000001
45.9958270000001,-1.27333399999992
45.964722,-1.23305599999998
45.8986050000001,-1.17305599999992
45.891663,-1.17083300000002
45.8874970000001,-1.17055599999992
45.8477710000001,-1.18194499999998
45.831665,-1.18694399999998
45.8280490000001,-1.18888899999996
45.8224950000001,-1.19444499999997
---
46.1555480000001,-1.28416700000002
46.156662,-1.29944499999999
46.1608280000001,-1.31861099999992
46.2041630000001,-1.50694499999992
46.20916,-1.520556
46.2152710000001,-1.53138899999999
46.2177730000001,-1.53444499999995
46.241104,-1.55222199999992
46.2449950000001,-1.55305600000003
46.2480550000001,-1.55194399999999
46.2499999999999,-1.54833300000001
46.2555540000001,-1.50305600000002
46.25666,-1.49222199999997
46.25666,-1.480278
46.2558289999999,-1.474445
46.1980510000001,-1.29166700000002
46.1683270000001,-1.25555600000001
46.1649930000001,-1.254167
46.1608280000001,-1.254167
46.157776,-1.25666699999999
46.156387,-1.26083399999999
---
46.692772,-2.27638899999999
46.698051,-2.36388899999997
46.701385,-2.36999999999995
46.7091600000001,-2.37833399999994
46.7177730000001,-2.38527800000003
46.725555,-2.38499999999993
46.7280500000001,-2.38194499999992
46.7352750000001,-2.36611099999999
46.736107,-2.36083400000001
46.7355500000001,-2.35416700000002
46.730553,-2.33361099999996
46.7186050000001,-2.30305600000003
46.7044370000001,-2.27611100000001
46.7022170000001,-2.273056
46.6963880000001,-2.26861100000002
46.6933290000001,-2.27083299999993
---
46.9530490000001,-2.14333299999998
46.9438860000001,-2.13722199999995
46.9363860000001,-2.13555599999995
46.919167,-2.13638899999995
46.907776,-2.14138899999995
46.90583,-2.14499999999998
46.9491650000001,-2.18277799999998
46.961105,-2.19944500000003
46.9638820000001,-2.208889
46.9652710000001,-2.22166700000002
46.965553,-2.23444499999999
46.9638820000001,-2.24472199999997
46.9638820000001,-2.250834
46.964722,-2.25666699999994
46.9697190000001,-2.26277800000003
47.0205540000001,-2.28472199999999
47.027496,-2.27722299999999
47.0305480000001,-2.25666699999994
47.031944,-2.24555599999997
47.0305480000001,-2.23277799999994
47.02861,-2.22194499999995
47.0238880000001,-2.20777799999996
47.0172200000001,-2.19694500000003
---
47.289444,-3.08166699999998
47.2877730000001,-3.08583399999998
47.2955550000001,-3.10833400000001
47.2980499999999,-3.11833300000001
47.3033290000001,-3.16416699999996
47.3036040000001,-3.16944499999994
47.3027730000001,-3.18888900000002
47.3002780000001,-3.20527799999996
47.300827,-3.21111199999996
47.3024980000001,-3.21583399999997
47.306664,-3.22305599999993
47.315277,-3.23750000000001
47.3186040000001,-3.23916700000001
47.3652730000001,-3.26027800000003
47.3694380000001,-3.26083399999993
47.3761060000001,-3.25861099999992
47.3905490000001,-3.25222299999996
47.3927760000001,-3.24888899999996
47.3916630000001,-3.24333299999995
47.320274,-3.06333399999994
47.3172150000001,-3.06138899999996
47.3136060000001,-3.06305600000002
47.306664,-3.06666699999994
---
48.442215,-5.10138899999998
48.4547200000001,-5.13472300000001
48.458328,-5.13472300000001
48.460831,-5.13111099999992
48.4747160000001,-5.10555599999998
48.482498,-5.06944499999997
48.4830550000001,-5.06472300000002
48.4802700000001,-5.05500000000001
48.4777760000001,-5.04888899999992
48.4686050000001,-5.04499999999996
48.4569400000001,-5.05194499999993
48.454163,-5.05500000000001
---
48.8038860000001,-3.582222
48.80722,-3.58277799999996
48.8097150000001,-3.579722
48.812492,-3.57555600000001
48.8127749999999,-3.57083399999999
48.811661,-3.56527799999992
48.808609,-3.56333399999994
48.8058320000001,-3.56611199999992
48.8038860000001,-3.57666699999999
---
50.9958270000001,2.59750000000003
50.9258270000001,2.59777700000001
50.8161090000001,2.65055500000005
50.7555540000001,2.78194400000012
50.713379,2.867503
50.7030490000001,2.898056
50.7413860000001,2.94305500000002
50.7575000000001,2.96055599999994
50.7691650000001,3.00861100000003
50.7705540000001,3.01999999999998
50.769844,3.02698799999996
50.7772220000001,3.04166700000002
50.7802730000001,3.05083300000013
50.791664,3.11638900000014
50.790833,3.14333299999998
50.789993,3.14972199999994
50.7883300000001,3.15444400000001
50.7836070000001,3.16222200000004
50.7805480000001,3.1647220000001
50.7570500000001,3.18287400000008
50.7466659999999,3.18722200000013
50.7272190000001,3.19777800000008
50.668053,3.24222200000003
50.660271,3.24305500000003
50.5416640000001,3.27861100000013
50.5383299999999,3.28000000000009
50.5255510000001,3.29555499999998
50.5230480000001,3.29861100000005
50.495552,3.36722200000008
50.4949950000001,3.37277699999999
50.509438,3.45249999999999
50.511383,3.45666600000004
50.5188830000001,3.51805500000006
50.4958270000001,3.60777800000005
50.4900440000001,3.62015500000007
50.4616620000001,3.65444400000013
50.45887,3.65772800000008
50.4563830000001,3.66055499999999
50.4441600000001,3.66888899999998
50.4408260000001,3.67055499999998
50.4333270000001,3.67166699999996
50.3952710000001,3.67694399999999
50.3538820000001,3.77472200000011
50.339996,3.88972200000001
50.3452760000001,3.98388899999998
50.35643,4.03317700000008
50.3555530000001,4.03833300000002
50.283051,4.16499999999996
50.2374950000001,4.19444400000009
50.1372150000001,4.17138899999998
50.009995,4.14722200000006
49.978371,4.14923800000003
49.9798810000001,4.17417900000009
49.976387,4.18305500000014
49.9596020000001,4.215261
49.9624939999999,4.23111100000011
49.964439,4.24805499999997
49.969719,4.31722200000002
49.9491650000001,4.41333300000002
49.9450070000001,4.43000699999993
49.9405520000001,4.44583300000005
49.938606,4.4583330000001
49.938889,4.46416699999997
49.9474950000001,4.51055500000001
49.996384,4.67361100000005
50.0019380000001,4.67972200000014
50.041939,4.69444399999998
50.05555,4.69749899999999
50.061943,4.69388900000007
50.0672150000001,4.68777800000004
50.071106,4.68805500000002
50.0833280000001,4.69305500000002
50.090828,4.69694400000009
50.1355510000001,4.76305500000001
50.1658330000001,4.81472199999996
50.167221,4.819166
50.16861,4.83250300000003
50.1547160000001,4.88277700000003
50.1402740000001,4.894722
50.136108,4.89444400000008
50.131104,4.88749999999999
50.1291660000001,4.88333299999999
50.126389,4.88055500000002
50.095551,4.85333300000008
50.0691600000001,4.838888
49.9927750000001,4.82083300000005
49.80722,4.86388900000003
49.797218,4.87305500000014
49.7897190000001,4.90666600000003
49.788887,4.91277700000012
49.7894440000001,4.92444399999999
49.7908330000001,4.93527699999999
49.7936099999999,4.94472200000001
49.802216,4.95916700000009
49.804718,4.98444400000005
49.8024980000001,4.996666
49.656662,5.33111100000002
49.622551,5.39230500000008
49.621384,5.39861100000013
49.6133270000001,5.41500000000008
49.6069409999999,5.42722099999997
49.5999980000001,5.43777800000004
49.5411070000001,5.47416600000003
49.5377730000001,5.47555500000004
49.534164,5.47610999999995
49.530548,5.47388799999999
49.52166,5.46527800000007
49.517776,5.46361099999996
49.508888,5.47027699999995
49.5061040000001,5.47305499999999
49.5041660000001,5.47750000000002
49.508888,5.51444400000003
49.511108,5.53055500000011
49.5263820000001,5.59333299999997
49.535828,5.63194400000003
49.5430530000001,5.70222199999995
49.54583,5.79222200000009
49.545044,5.80787999999995
49.538887,5.809999
49.5363849999999,5.81166600000006
49.5141600000001,5.83861100000001
49.5011060000001,5.85527699999994
49.4486080000001,5.97777700000012
49.448326,5.98138799999992
49.453049,6.09055500000005
49.454163,6.09444400000012
49.4697190000001,6.11805500000008
49.4716640000001,6.12000000000006
49.480553,6.12249900000006
49.487221,6.12305500000002
49.489716,6.12416599999995
49.503883,6.15611100000007
49.504715,6.16527700000012
49.5083310000001,6.22972200000004
49.507774,6.23972099999997
49.505974,6.24731800000006
49.4766620000001,6.30277700000005
49.469162,6.32833299999999
49.459389,6.36216999999999
49.475555,6.41138799999999
49.47583,6.416111
49.4613880000001,6.46833300000003
49.442772,6.50833299999994
49.4308320000001,6.53222199999999
49.4258270000001,6.54055500000004
49.4194409999999,6.54611100000005
49.3630520000001,6.5947220000001
49.244995,6.68694400000004
49.1913830000001,6.71638900000011
49.1888890000001,6.71472199999999
49.1858290000001,6.71416700000009
49.183052,6.71499899999998
49.171661,6.72361100000006
49.167496,6.72750000000013
49.166107,6.73083300000008
49.165276,6.73500000000001
49.1538850000001,6.82194399999992
49.1530529999999,6.83138800000006
49.154999,6.838888
49.158333,6.84416600000003
49.1724930000001,6.85944400000011
49.174995,6.86111099999999
49.177773,6.86111099999999
49.179993,6.85972200000003
49.1838840000001,6.85500000000013
49.1905520000001,6.84972200000004
49.2033310000001,6.84110999999996
49.206108,6.84027800000007
49.2088850000001,6.84138899999999
49.2113880000001,6.84305499999999
49.215271,6.84750000000003
49.2180480000001,6.85388900000004
49.2205510000001,6.92055500000004
49.220833,6.93055500000003
49.219719,6.934166
49.187492,7.01944400000008
49.127495,7.09055499999999
49.1211090000001,7.15166700000003
49.111107,7.28777700000006
49.112221,7.29166599999996
49.14222,7.36000000000001
49.14444,7.36166600000001
49.1605530000001,7.36722199999997
49.168777,7.36901499999999
49.17083,7.37194400000004
49.171944,7.37527800000004
49.1733320000001,7.38361099999997
49.1769410000001,7.41360999999995
49.1772160000001,7.42361100000005
49.1758270000001,7.43250000000012
49.164162,7.48694399999999
49.0691600000001,7.62583300000011
49.065277,7.63027799999998
49.0449370000001,7.65208900000005
49.0422209999999,7.66888799999998
49.0427700000001,7.73749900000001
49.046387,7.82138800000007
49.048882,7.93333200000012
49.048882,7.93861100000009
49.0111079999999,8.03972100000004
49.005272,8.05194299999999
48.976387,8.15555400000011
48.9644170000001,8.22607799999997
48.958885,8.20610999999997
48.9519420000001,8.19055400000002
48.895554,8.13916600000005
48.890831,8.13583200000005
48.8649980000001,8.121666
48.8463820000001,8.11249900000001
48.8408280000001,8.11027700000005
48.82222,8.10638799999998
48.816666,8.10388800000004
48.803604,8.09222200000005
48.7241590000001,7.96194400000013
48.664162,7.87999899999994
48.5758290000001,7.80222099999997
48.42495,7.74540300000012
48.398605,7.73666600000001
48.3894420000001,7.73666600000001
48.3711090000001,7.74305500000003
48.3454060000001,7.75176699999997
48.3366620000001,7.750833
48.330551,7.7461110000001
48.276382,7.69333300000005
48.164185,7.60772900000001
48.1227720000001,7.58083199999993
48.1197200000001,7.57888800000001
48.1131520000001,7.57689800000003
48.0891649999999,7.56972200000013
48.0852740000001,7.56888900000013
48.059998,7.56666699999994
48.0447770000001,7.56919399999998
48.0372160000001,7.57166600000005
48.034439,7.57444400000003
48.0272220000001,7.583888
48.006104,7.61361099999993
47.9999999999999,7.61851800000005
47.9938890000001,7.62249900000012
47.9861070000001,7.6244440000001
47.9769440000001,7.624166
47.969162,7.62222200000008
47.903328,7.58416700000004
47.8627780000001,7.55722099999997
47.7880550000001,7.52666700000003
47.703331,7.51083299999999
47.686943,7.5133330000001
47.668327,7.51944399999996
47.6655500000001,7.52194400000008
47.660828,7.52888900000005
47.654999,7.54027700000012
47.6416630000001,7.5611100000001
47.6366650000001,7.56722200000007
47.60833,7.58583300000004
47.6019440000001,7.58972200000011
47.5926970000001,7.58974700000005
47.58448,7.58826800000003
47.584999,7.58694400000007
47.5836110000001,7.56722200000007
47.5813830000001,7.55722099999997
47.5763850000001,7.55083300000007
47.5655520000001,7.54666500000002
47.559715,7.52166700000009
47.5566640000001,7.51305500000001
47.550552,7.50138900000002
47.5480500000001,7.49860999999993
47.5444410000001,7.49722200000002
47.500549,7.50222200000002
47.494995,7.49694399999993
47.469994,7.45277700000008
47.460548,7.43305400000008
47.4452739999999,7.41555499999998
47.4341660000001,7.38833300000005
47.4324950000001,7.38250000000005
47.433609,7.35805500000004
47.434017,7.35589699999997
47.438606,7.34361100000007
47.4394380000001,7.33694399999996
47.440277,7.30833200000012
47.4324950000001,7.27555500000011
47.421944,7.25138900000007
47.42083,7.24694399999999
47.421944,7.24111099999999
47.442215,7.18749900000006
47.4458310000001,7.17833300000001
47.4990540000001,7.14642000000003
47.5080490000001,7.02500000000009
47.497215,6.99055500000009
47.3727720000001,6.88444400000003
47.364716,6.88111000000004
47.3602750000001,6.879999
47.3569410000001,6.88111000000004
47.358887,6.93138900000014
47.3616640000001,6.98083300000002
47.364998,7.00083299999994
47.2919390000001,6.97166600000003
47.1736069999999,6.83972200000005
47.171104,6.83750000000009
47.16777,6.838888
47.1649890000001,6.84972099999993
47.1308290000001,6.79333300000002
47.0638890000001,6.69944399999997
47.034164,6.67833300000007
47.0041660000001,6.63972200000001
46.9972149999999,6.62972200000002
46.9944380000001,6.62083200000006
46.9799960000001,6.56638800000002
46.9716640000001,6.52833300000009
46.895828,6.46027800000007
46.839439,6.44694400000009
46.785271,6.45861099999996
46.7808300000001,6.45750000000004
46.7744369999999,6.45277700000008
46.7580490000001,6.43499900000012
46.7205510000001,6.36666600000001
46.7144390000001,6.35500000000002
46.7113880000001,6.34666600000008
46.6827770000001,6.26916599999998
46.5933300000001,6.12999900000011
46.5899960000001,6.12777699999992
46.5858310000001,6.12722200000002
46.583054,6.12972200000013
46.539719,6.13527799999991
46.44944,6.08694400000002
46.426384,6.07111100000009
46.4097209999999,6.11111099999999
46.388611,6.14833300000009
46.386383,6.15166700000009
46.37722,6.15722199999999
46.373886,6.15833300000003
46.369995,6.15861000000007
46.363052,6.15416600000009
46.311943,6.12027700000004
46.30555,6.11500000000007
46.2974890000001,6.106109
46.2680510000001,6.11805500000008
46.2644420000001,6.11916599999995
46.2605510000001,6.11722200000008
46.2530520000001,6.10777800000005
46.2466659999999,6.08250000000004
46.2497180000001,6.07249899999999
46.2505490000001,6.060833
46.2413860000001,6.03000000000009
46.2338870000001,6.00916600000005
46.2219390000001,5.98138799999992
46.212494,5.96805500000005
46.2094420000001,5.96666600000003
46.205276,5.96611000000007
46.201942,5.96722200000005
46.1469420000001,5.99638800000008
46.148048,6.12360999999999
46.149437,6.13361100000003
46.1536100000001,6.15222199999999
46.1708300000001,6.18583300000006
46.1733320000001,6.189166
46.21833,6.24555500000002
46.26194,6.27194400000013
46.3155100000001,6.24374699999998
46.319717,6.22805499999998
46.322495,6.2255550000001
46.3338850000001,6.22999999999996
46.3447190000001,6.23638800000003
46.3549960000001,6.24333300000001
46.357773,6.24638800000002
46.394165,6.29555500000009
46.4013820000001,6.31110999999999
46.4069440000001,6.32833299999999
46.4530490000001,6.49194399999999
46.457771,6.51027799999991
46.4591599999999,6.51999999999998
46.464165,6.63361100000009
46.4547200000001,6.70277700000003
46.4474950000001,6.73777800000005
46.434166,6.79138900000009
46.4305500000001,6.80027799999999
46.427773,6.80305500000009
46.41861,6.80833200000006
46.415276,6.80944400000004
46.404228,6.80701600000003
46.3783260000001,6.79999899999996
46.1661070000001,6.78083299999992
46.1624980000001,6.78111100000001
46.148048,6.78388899999999
46.1422200000001,6.7880550000001
46.088051,6.87388800000008
46.0552750000001,6.93305500000014
45.9994430000001,7.00583300000011
45.996666,7.00861099999992
45.961937,7.03055499999999
45.9319380000001,7.03805399999999
45.885551,6.99666599999995
45.8769380000001,6.98749900000001
45.8722150000001,6.98083300000002
45.868889,6.97305500000004
45.85833,6.94388900000001
45.8522190000001,6.92222199999998
45.849442,6.90805499999999
45.850273,6.89611100000013
45.85611,6.874999
45.855827,6.86972100000008
45.839165,6.81860999999992
45.8313830000001,6.80888800000002
45.827217,6.80722100000014
45.7966610000001,6.79972199999997
45.78067,6.79897000000011
45.7344440000001,6.80777699999999
45.7277760000001,6.80972200000014
45.721939,6.81416600000011
45.5969390000001,6.96944400000001
45.533333,6.98972099999997
45.5183260000001,6.99944399999998
45.5161060000001,7.00277700000004
45.47686,7.089159
45.4305499999999,7.14694400000008
45.3774950000001,7.15861000000001
45.2622150000001,7.129167
45.257774,7.12777700000009
45.2549970000001,7.12499900000012
45.2230530000001,7.06472200000007
45.179443,6.93944400000009
45.1497190000001,6.82694400000008
45.1563870000001,6.81638800000013
45.168053,6.77194400000002
45.1683269999999,6.76083299999999
45.1502760000001,6.69749899999994
45.1477740000001,6.68888900000007
45.143883,6.67583300000001
45.1261060000001,6.63777700000003
45.124001,6.63412099999999
45.1194379999999,6.62722200000013
45.113884,6.62166600000012
45.110138,6.61975999999999
45.0399930000001,6.66166600000003
44.9194409999999,6.7469440000001
44.917221,6.75111100000009
44.9055480000001,6.77527700000013
44.874161,6.84083299999998
44.8666610000001,6.85777800000011
44.860275,6.89222100000012
44.859161,6.90444400000001
44.8619380000001,6.91777700000006
44.8713840000001,6.93638800000002
44.8699950000001,6.94833299999999
44.865829,6.96444400000001
44.862778,6.97388800000004
44.852776,7.00277700000004
44.8486100000001,7.00999900000005
44.8313830000001,7.03166600000009
44.74472,7.02833299999998
44.6916660000001,6.980277
44.6847150000001,6.9705550000001
44.6647190000001,6.95083300000005
44.540833,6.85277700000006
44.5177760000001,6.85361100000011
44.376663,6.87694399999998
44.373604,6.87888800000007
44.284164,6.9763880000001
44.246941,7.03138799999999
44.1319430000001,7.34833200000003
44.131104,7.35333300000013
44.1255490000001,7.41888800000004
44.1266630000001,7.42305500000003
44.1386110000001,7.46638900000011
44.156105,7.52027699999996
44.180275,7.61472099999997
44.1708300000001,7.66222199999999
44.144722,7.65777700000012
44.137215,7.65833300000008
44.131104,7.66166600000003
44.122772,7.66888799999998
44.0913090000001,7.70904500000012
44.079437,7.70833299999998
44.0722200000001,7.70416599999999
44.0083309999999,7.66000000000003
44.005272,7.65722200000005
43.9647220000001,7.59833199999997
43.8869400000001,7.50111099999992
43.88166,7.49500000000006
43.8777770000001,7.49333299999995
43.8694380000001,7.49222200000003
43.8622209999999,7.49333299999995
43.8494420000001,7.49860999999993
43.821106,7.5125000000001
43.7886050000001,7.52805499999999
43.790833,7.51972200000006
43.7922210000001,7.50777699999992
43.782776,7.48416599999996
43.7575230000001,7.43929300000013
43.7602770000001,7.43833300000011
43.769165,7.43250000000012
43.7713850000001,7.42944400000005
43.773048,7.42472199999992
43.772499,7.41999900000013
43.7705540000001,7.41611099999994
43.7613830000001,7.40305500000011
43.7486040000001,7.38777700000003
43.745552,7.38638900000012
43.7419429999999,7.38638900000012
43.7275470000001,7.39160900000002
43.7097170000001,7.31861000000004
43.704437,7.25472199999996
43.698883,7.23888900000003
43.6630549999999,7.15861000000001
43.658051,7.15277800000013
43.57222,7.07472099999995
43.435829,6.89222100000012
43.4333270000001,6.88416599999994
43.4241640000001,6.84638899999993
43.4227750000001,6.79416700000007
43.3111040000001,6.63638900000007
43.2877730000001,6.63749999999999
43.287216,6.68444399999999
43.2855530000001,6.68944399999998
43.2813869999999,6.69694400000003
43.2755510000001,6.70027700000014
43.271385,6.69972100000012
43.268051,6.69777799999997
43.184998,6.6416660000001
43.192497,6.59944400000001
43.189163,6.52749899999998
43.163055,6.40611100000001
43.128609,6.18694399999998
43.1255490000001,6.17888800000009
43.1213840000001,6.17222199999992
43.1155550000001,6.16666600000013
43.1122210000001,6.16472099999993
43.103607,6.16194400000006
43.067215,6.15722199999999
43.050552,6.16527700000012
43.0558320000001,6.13777700000009
43.0644379999999,6.11555499999997
43.101387,6.06222200000002
43.118332,5.955555
43.090828,5.93666600000012
43.087219,5.93722200000013
43.0836110000001,5.92972200000003
43.059715,5.87138800000002
43.0574950000001,5.86222199999992
43.0599980000001,5.83861100000001
43.063049,5.8291660000001
43.0824970000001,5.78111100000007
43.0880510000001,5.77611100000007
43.0919420000001,5.77583299999998
43.1005550000001,5.77749899999998
43.104996,5.78361000000007
43.10833,5.79138900000009
43.114998,5.81749900000005
43.120277,5.81555500000013
43.1885070000001,5.68922499999996
43.1901020000001,5.68134000000003
43.191666,5.67166600000002
43.209999,5.52000000000004
43.21666,5.41583300000008
43.217773,5.39805499999994
43.219162,5.38027800000009
43.2219390000001,5.36360999999994
43.2263870000001,5.35666700000013
43.2311100000001,5.35111000000006
43.2352750000001,5.35111000000006
43.2477720000001,5.35555600000004
43.253609,5.36083300000007
43.2583310000001,5.36722200000003
43.264717,5.37222200000002
43.2688830000001,5.37388800000002
43.276665,5.37388800000002
43.3283310000001,5.36388899999997
43.3352740000001,5.36166600000007
43.3519440000001,5.34861100000006
43.361382,5.335555
43.3666610000001,5.32222200000012
43.3674930000001,5.31611100000003
43.365555,5.30638899999997
43.356384,5.27222200000006
43.348328,5.25833299999999
43.3452760000001,5.25000000000011
43.3394389999999,5.22305499999999
43.3386080000001,5.21305500000005
43.336937,5.09638899999993
43.341385,5.05777699999993
43.3474960000001,5.0388880000001
43.351387,5.03083299999992
43.377663,5.04227700000001
43.381496,5.04044400000004
43.38866,5.04077799999999
43.391167,5.041944
43.393997,5.04561000000007
43.401833,5.06394400000005
43.404495,5.07477800000009
43.404663,5.07777700000008
43.4028280000001,5.09227700000008
43.4161070000001,5.14222100000012
43.4172210000001,5.15138800000011
43.433884,5.18861100000009
43.4641650000001,5.23055599999998
43.467499,5.23249900000002
43.490273,5.23083300000002
43.4961090000001,5.2272210000001
43.556664,5.03138799999999
43.553886,5.02305500000011
43.5499950000001,5.02111100000002
43.5166630000001,5.01083299999999
43.5122150000001,5.00972200000007
43.488884,5.01666599999999
43.484161,5.02277800000013
43.4824980000001,5.02805500000011
43.480827,5.045278
43.4769440000001,5.05249999999995
43.471382,5.05750000000012
43.4586070000001,5.03955500000001
43.4542729999999,5.04072200000013
43.4474369999999,5.04122200000012
43.439941,5.04055499999998
43.437607,5.0397210000001
43.4347720000001,5.03572200000013
43.428272,5.01738800000004
43.4252740000001,4.99472200000008
43.425774,4.99155500000006
43.42894,4.98855500000002
43.4249950000001,4.95777700000002
43.432777,4.93555500000008
43.4352720000001,4.92499900000007
43.435555,4.91916700000002
43.423882,4.87611100000004
43.41333,4.853611
43.4113850000001,4.83005499999996
43.4065510000001,4.82838800000008
43.4042210000001,4.83338800000007
43.4032170000001,4.83988900000008
43.3998870000001,4.842555
43.391384,4.84488900000008
43.3902170000001,4.83938799999999
43.3958850000001,4.82272200000006
43.399216,4.81505500000003
43.4095540000001,4.79338799999999
43.4142190000001,4.78388900000004
43.423607,4.75000000000006
43.4286040000001,4.74388900000014
43.4352720000001,4.74083300000007
43.4386060000001,4.74083300000007
43.4513850000001,4.74194399999999
43.4869380000001,4.75000000000006
43.495277,4.75083300000006
43.5072170000001,4.75111099999998
43.5180510000001,4.74916599999995
43.5249939999999,4.74666600000006
43.5372160000001,4.73944400000005
43.565277,4.71666599999998
43.5702740000001,4.71166599999998
43.5749970000001,4.70499999999998
43.577774,4.69666599999999
43.4416660000001,4.72722100000004
43.4283290000001,4.73277800000011
43.422218,4.73611099999999
43.4174960000001,4.74166600000007
43.400444,4.73188799999997
43.395775,4.74155500000012
43.3939440000001,4.74722100000014
43.386105,4.76472200000012
43.3834420000001,4.76872200000014
43.3801080000001,4.77105500000005
43.3759380000001,4.77255500000001
43.373608,4.77272199999999
43.371437,4.77188800000005
43.368938,4.76738800000004
43.36911,4.75088799999997
43.359718,4.65277800000007
43.3611070000001,4.61916600000006
43.3619380000001,4.60694400000011
43.363052,4.60138799999993
43.369995,4.58388800000006
43.379997,4.57333299999999
43.3877720000001,4.57249900000011
43.3911060000001,4.57444399999991
43.407494,4.59138900000005
43.4174960000001,4.59805500000004
43.4249950000001,4.60166600000002
43.4286040000001,4.60111000000006
43.4341660000001,4.59722099999999
43.4391630000001,4.59111000000007
43.4433290000001,4.58388800000006
43.449997,4.56555500000002
43.4583280000001,4.5355550000001
43.4627760000001,4.50611000000009
43.4619370000001,4.47388799999999
43.4605480000001,4.45333299999993
43.458885,4.439166
43.4538880000001,4.421944
43.4572220000001,4.32583299999999
43.4583280000001,4.32111100000009
43.461105,4.31805500000002
43.464722,4.31611100000009
43.471664,4.317499
43.492493,4.32111100000009
43.4997180000001,4.31916600000005
43.5038830000001,4.31777799999998
43.5122150000001,4.30944399999999
43.5055540000001,4.28611099999995
43.4938890000001,4.25138900000013
43.491943,4.24722199999997
43.485954,4.24143300000009
43.45916,4.29194399999994
43.45694,4.28777699999995
43.460274,4.2050000000001
43.4619370000001,4.19055500000002
43.471107,4.16222199999999
43.4916610000001,4.13111000000009
43.4983290000001,4.12472200000002
43.5052720000001,4.1244440000001
43.5083310000001,4.12666600000006
43.508049,4.13638900000007
43.511383,4.13833299999999
43.5188830000001,4.13888800000007
43.5261080000001,4.13805500000007
43.536659,4.13305500000007
43.543053,4.12777699999998
43.551384,4.11722200000008
43.5549930000001,4.10805499999992
43.558052,4.09638899999999
43.563332,4.06222200000008
43.562218,4.05027799999999
43.5408330000001,3.96472199999999
43.5238880000001,3.91861100000006
43.518608,3.90777699999995
43.4755549999999,3.84361100000001
43.411659,3.72250000000003
43.3197170000001,3.54666700000007
43.2869420000001,3.43055500000003
43.2886050000001,3.41527699999995
43.2866590000001,3.40527800000007
43.2652740000001,3.33499999999998
43.2552719999999,3.31305600000013
43.2274929999999,3.25805499999996
43.138885,3.14111099999997
43.069443,3.08138800000012
43.0413820000001,3.07777700000014
42.9541630000001,3.045278
42.8811040000001,3.00361100000003
42.8483280000001,2.96388900000005
42.8449940000001,2.96138899999994
42.8377760000001,2.95999999999998
42.812218,2.97277700000001
42.806664,2.97916700000007
42.7980499999999,3.01222200000001
42.7283330000001,3.03805499999993
42.6169430000001,3.04083300000013
42.6083300000001,3.04194400000006
42.5538860000001,3.04944400000011
42.546661,3.05388900000003
42.5397190000001,3.0602770000001
42.5363850000001,3.06888899999996
42.5288850000001,3.09138899999999
42.526939,3.11027800000005
42.5247190000001,3.11972200000002
42.519165,3.13972200000001
42.5163880000001,3.14305500000006
42.4783330000001,3.16000000000003
42.4455490000001,3.17444399999999
42.436806,3.17765500000013
42.4355550000001,3.17111100000011
42.4333270000001,3.15833300000014
42.429161,3.10611100000006
42.4299930000001,3.09222199999999
42.439438,3.07583300000005
42.4597170000001,3.04944400000011
42.4697190000001,3.04777800000011
42.474716,3.045278
42.480553,2.94999999999999
42.4194410000001,2.72472200000004
42.401665,2.67833300000001
42.3844379999999,2.65722199999993
42.3794399999999,2.65694400000007
42.357216,2.67444400000011
42.3419420000001,2.66638900000009
42.332497,2.54194399999994
42.3333280000001,2.52583300000009
42.3430480000001,2.48472200000009
42.3533330000001,2.46972199999993
42.3763890000001,2.44277800000009
42.3805540000001,2.43888900000002
42.418053,2.332222
42.434288,2.28053400000005
42.437218,2.26916600000004
42.4366610000001,2.26250000000005
42.421387,2.15138900000005
42.4172210000001,2.13777700000003
42.4080510000001,2.12916700000011
42.398331,2.12416600000006
42.3933260000001,2.12305500000014
42.383331,2.11694400000005
42.3641660000001,2.09361100000001
42.356941,2.06222200000008
42.3522190000001,2.02388900000011
42.3530500000001,2.017222
42.357216,2.00472200000013
42.3677750000001,1.98777800000011
42.374718,1.97666600000014
42.3841630000001,1.96888900000005
42.410828,1.95916699999998
42.446938,1.9063890000001
42.4699940000001,1.85138900000004
42.4883270000001,1.78000000000003
42.509438,1.72361100000001
42.5152740000001,1.72333300000008
42.524994,1.72444400000001
42.529999,1.72527800000006
42.554443,1.73527800000005
42.563606,1.74305500000014
42.57,1.75388900000002
42.571106,1.76805500000006
42.571106,1.77472199999994
42.5699620000001,1.78172000000006
42.616386,1.73861099999993
42.6261060000001,1.69833299999999
42.655548,1.56305600000007
42.656387,1.55638900000002
42.6536100000001,1.4919440000001
42.6472170000001,1.48111100000011
42.601944,1.44583300000011
42.650833,1.41722199999998
42.6883320000001,1.39027800000014
42.7152710000001,1.35916700000013
42.719994,1.32833299999993
42.714996,1.32166600000005
42.7097170000001,1.17388899999992
42.7236100000001,1.15083300000009
42.727776,1.144722
42.731941,1.1408330000001
42.7369380000001,1.13777800000014
42.7416610000001,1.1408330000001
42.753052,1.1400000000001
42.7608260000001,1.13222200000013
42.768608,1.12111100000004
42.784439,1.09166600000003
42.7852710000001,1.08500000000004
42.813049,0.896944000000076
42.833054,0.823611000000142
42.8591610000001,0.720000000000027
42.858604,0.712222000000054
42.8536070000001,0.692778000000089
42.8391650000001,0.667777999999942
42.7849960000001,0.651944000000071
42.7541660000001,0.655555000000106
42.7480550000001,0.668056000000036
42.7294390000001,0.681389000000138
42.7130510000001,0.683889000000022
42.7080539999999,0.683056000000022
42.693329,0.680000000000121
42.6884840000001,0.675506000000098
42.69194,0.66166700000008
42.6950000000001,0.595555999999931
42.6958310000001,0.560000000000059
42.69194,0.509166999999991
42.6913829999999,0.501667000000111
42.686661,0.432777999999985
42.702499,0.272500000000093
42.707771,0.269722000000115
42.717499,0.261944000000142
42.7347180000001,0.18638900000002
42.735275,0.178611000000046
42.73333,0.172222000000033
42.7222210000001,0.144166999999925
42.7094420000001,0.111944000000108
42.6869349999999,0.00833299999999326
42.6854400000001,0
42.6849980000001,-0.00555599999995593
42.69194,-0.0505559999999718
42.69416,-0.0572220000000243
42.697777,-0.0619439999999258
42.703331,-0.0619439999999258
42.70916,-0.0608330000000024
42.715828,-0.0630560000000173
42.7575,-0.123610999999983
42.7766570000001,-0.151944000000015
42.784439,-0.180000000000007
42.794167,-0.205555999999945
42.817497,-0.262499999999989
42.839439,-0.300833000000011
42.844162,-0.305555999999967
42.8483810000001,-0.308739000000003
42.8358310000001,-0.314999999999941
42.831108,-0.317777999999976
42.82666,-0.323611000000028
42.796387,-0.391943999999967
42.77861,-0.549444999999935
42.7813870000001,-0.56222200000002
42.8825000000001,-0.712778000000014
42.8866650000001,-0.71888899999999
42.8913880000001,-0.723888999999986
42.899162,-0.731944999999939
42.9044420000001,-0.733888999999976
42.909164,-0.732777999999939
42.918945,-0.723322999999937
42.9224930000001,-0.722778000000005
42.9372180000001,-0.724166999999966
42.9611049999999,-0.74277799999993
42.9655530000001,-0.746667000000002
42.96611,-0.759999999999991
42.9647220000001,-0.766944999999964
42.9569400000001,-0.786945000000003
42.952499,-0.790555999999924
42.946106,-0.818610999999919
42.952499,-0.934166999999945
42.9558260000001,-0.946389000000011
42.9761050000001,-0.993610999999987
43.006386,-1.07277799999997
43.0458300000001,-1.20055600000001
43.071663,-1.30027799999999
43.0391620000001,-1.34305599999993
43.034721,-1.34666700000002
43.031662,-1.36027799999999
43.038055,-1.398056
43.0436100000001,-1.42777799999993
43.045555,-1.43444499999993
43.0516660000001,-1.44583299999999
43.0566640000001,-1.44999999999999
43.085831,-1.47055599999993
43.0911100000001,-1.47250000000003
43.095833,-1.46888899999993
43.1030499999999,-1.45861099999996
43.1030499999999,-1.45166699999999
43.1163860000001,-1.42944499999993
43.1236040000001,-1.42222199999998
43.1366650000001,-1.41138899999999
43.20166,-1.38499999999993
43.217773,-1.38277799999997
43.247215,-1.38249999999994
43.2530520000001,-1.38416699999993
43.262772,-1.39138899999995
43.2730480000001,-1.40888899999999
43.2877730000001,-1.50361099999992
43.309441,-1.65555599999993
43.307777,-1.69277799999992
43.3041610000001,-1.711389
43.2989810000001,-1.73037699999998
43.342499,-1.77694500000001
43.359924,-1.78087699999992
43.378883,-1.73000000000002
43.3852770000001,-1.666945
43.433884,-1.59499999999997
43.441383,-1.58527800000002
43.5099950000001,-1.53194499999995
43.514999,-1.52805599999999
43.5705490000001,-1.48666699999995
43.6405490000001,-1.44388900000001
43.66555,-1.4425
43.6913830000001,-1.44027799999992
43.784721,-1.42472199999997
44.0536040000001,-1.34694499999995
44.0700000000001,-1.34194399999996
44.0855480000001,-1.333889
44.0897220000001,-1.32916699999998
44.094444,-1.32638900000001
44.1955490000001,-1.30499999999995
44.3933260000001,-1.26416699999999
44.452217,-1.25861099999997
44.499107,-1.24894499999994
44.511772,-1.24961099999996
44.515106,-1.25011099999995
44.558109,-1.23377799999992
44.6258320000001,-1.20861100000002
44.658333,-1.15638899999993
44.65583,-1.146389
44.6511080000001,-1.12611099999992
44.653328,-1.09416700000003
44.6541600000001,-1.08583399999992
44.659996,-1.05416700000001
44.66333,-1.04638899999992
44.66861,-1.04055599999998
44.675278,-1.03611099999995
44.683052,-1.03694499999995
44.7080540000001,-1.05722200000002
44.7136080000001,-1.0625
44.754997,-1.12111099999993
44.763611,-1.13444399999992
44.7738880000001,-1.15833400000002
44.776108,-1.16888899999992
44.772774,-1.17666700000001
44.713051,-1.22555599999998
44.6997150000001,-1.23416699999996
44.6897200000001,-1.24000000000001
44.678329,-1.245
44.67083,-1.24805600000002
44.662498,-1.25027799999998
44.7577740000001,-1.2475
45.0133290000001,-1.207222
45.2086110000001,-1.16833400000002
45.371384,-1.15194499999996
45.39222,-1.15222199999994
45.427498,-1.14861099999996
45.4897160000001,-1.14111099999997
45.4980550000001,-1.13888900000001
45.5527730000001,-1.09500000000003
45.564438,-1.08388899999994
45.5686040000001,-1.07666699999999
45.5708309999999,-1.06805599999996
45.571388,-1.05805600000002
45.5658260000001,-1.05361099999993
45.5583270000001,-1.05194399999993
45.554161,-1.05222199999992
45.5502780000001,-1.05333400000001
45.539444,-1.059167
45.53083,-1.06111099999998
45.5272220000001,-1.06138900000002
45.520828,-1.05777799999998
45.511665,-1.04500000000002
45.4794390000001,-0.998888999999963
45.474998,-0.991944999999987
45.4711070000001,-0.98388899999992
45.4663850000001,-0.970555999999931
45.4630510000001,-0.947222000000011
45.4605480000001,-0.936943999999926
45.452499,-0.922221999999977
45.447777,-0.915555999999981
45.3672180000001,-0.808055999999965
45.3624950000001,-0.802221999999972
45.3569410000001,-0.797500000000014
45.3219380000001,-0.771110999999962
45.3044429999999,-0.759166999999991
45.2354970000001,-0.736110999999937
45.231331,-0.734443999999939
45.224663,-0.733111000000008
45.2094960000001,-0.733610999999939
45.1913300000001,-0.73061100000001
45.1305540000001,-0.714721999999995
45.1113820000001,-0.706388999999945
45.0986100000001,-0.699445000000026
44.8963850000001,-0.545832999999959
44.8908310000001,-0.540555999999981
44.8955540000001,-0.536666999999966
44.8997190000001,-0.536666999999966
44.983604,-0.539166999999964
44.9902730000001,-0.541666999999961
45.0233310000001,-0.554167000000007
45.0519410000001,-0.605000000000018
45.060272,-0.619721999999967
45.0697170000001,-0.632222000000013
45.0799940000001,-0.643889000000001
45.085831,-0.648055999999997
45.098328,-0.655277999999953
45.1241610000001,-0.668333000000018
45.138054,-0.673055999999917
45.322052,-0.706038999999919
45.3572160000001,-0.71777800000001
45.4199980000001,-0.745833000000005
45.426384,-0.74972200000002
45.461105,-0.776666999999975
45.471939,-0.786388999999929
45.487221,-0.803610999999989
45.528885,-0.862500000000011
45.6144410000001,-1.00027799999998
45.655548,-1.08166699999992
45.659439,-1.08972199999994
45.687492,-1.16583300000002
45.700554,-1.22333299999997
45.6986080000001,-1.23277799999994
45.7016600000001,-1.24083400000001
45.7078250000001,-1.24281000000002
45.7102740000001,-1.24277799999993
45.775833,-1.23444499999994
45.788055,-1.23055599999998
45.793884,-1.22555599999998
45.799889,-1.18890900000002
45.802944,-1.14593899999994
45.8677750000001,-1.148056
45.8966600000001,-1.07749999999999
45.901382,-1.07083299999999
45.9088820000001,-1.06777799999998
46.0122149999999,-1.05333400000001
46.0344390000001,-1.05055599999992
46.037773,-1.05194399999993
46.041107,-1.05361099999993
46.125832,-1.11999999999995
46.153328,-1.14861099999996
46.258606,-1.10583399999996
46.316582,-1.11463499999996
46.3269420000001,-1.16222199999993
46.3269420000001,-1.16805599999992
46.325829,-1.17277799999999
46.3183290000001,-1.19999999999993
46.316666,-1.20416699999993
46.3147200000001,-1.20777800000002
46.3091660000001,-1.21333299999992
46.30555,-1.21527800000001
46.289719,-1.22027800000001
46.3049930000001,-1.26583299999999
46.392776,-1.46972199999993
46.445358,-1.65429699999993
46.4883270000001,-1.78638899999999
46.566109,-1.82194399999992
46.583885,-1.82749999999999
46.637772,-1.86055599999992
46.6886060000001,-1.91388899999998
46.6936040000001,-1.91972199999998
46.7616650000001,-2.00722300000001
46.7763820000001,-2.03333400000002
46.7869420000001,-2.05888899999997
46.7986070000001,-2.08277800000002
46.809166,-2.10138899999998
46.813606,-2.10805599999998
46.823608,-2.12
46.8383330000001,-2.13083399999999
46.8497160000001,-2.13333399999999
46.891388,-2.13388900000001
46.898331,-2.13
46.90416,-2.12444399999993
46.9416660000001,-2.08777800000001
46.9816670000001,-2.03472199999993
47.031624,-1.98432000000003
47.034439,-1.98416699999996
47.0408330000001,-1.98749999999995
47.0591660000001,-2.00027799999992
47.067215,-2.00833399999999
47.079163,-2.02416699999998
47.097221,-2.05166700000001
47.100555,-2.05888899999997
47.1052700000001,-2.07249999999993
47.1172180000001,-2.10999999999996
47.1183320000001,-2.11527799999993
47.126663,-2.17083399999996
47.2211070000001,-2.16516699999994
47.2399439999999,-2.160167
47.243275,-2.15716700000002
47.2442740000001,-2.15466700000002
47.2780530000001,-2.13416699999999
47.2872160000001,-2.043612
47.282219,-1.99888900000002
47.274162,-1.938334
47.2694400000001,-1.91888899999998
47.266663,-1.91916699999996
47.2544399999999,-1.90333299999998
47.2486040000001,-1.89166699999993
47.2119370000001,-1.80249999999995
47.2080540000001,-1.77305599999994
47.2069400000001,-1.74638900000002
47.207771,-1.73500000000001
47.20916,-1.73000000000002
47.210831,-1.72861099999994
47.286659,-1.88388899999995
47.290833,-1.89694500000002
47.2977750000001,-1.92138899999992
47.3191600000001,-2.00333399999994
47.3205490000001,-2.022223
47.320274,-2.03416700000002
47.309715,-2.12944499999998
47.2846070000001,-2.18755599999997
47.2754400000001,-2.19472200000001
47.2416610000001,-2.27333399999992
47.238884,-2.28916699999996
47.2624970000001,-2.43361099999998
47.2772220000001,-2.480278
47.294998,-2.53555599999993
47.296661,-2.540278
47.3002780000001,-2.54138899999992
47.386108,-2.52749999999998
47.4130550000001,-2.47972199999998
47.417496,-2.46666699999992
47.408333,-2.44749999999999
47.4038850000001,-2.44055599999996
47.407494,-2.40638899999999
47.42305,-2.41055599999999
47.4529879999999,-2.45959699999997
47.446938,-2.47111100000001
47.4463880000001,-2.47666699999996
47.4477770000001,-2.481112
47.4502719999999,-2.48472299999997
47.453049,-2.48694499999993
47.49305,-2.49166699999995
47.498604,-2.48666699999995
47.499443,-2.481112
47.4991610000001,-2.474445
47.499443,-2.42277799999994
47.5000000000001,-2.37472199999996
47.5002750000001,-2.36861099999999
47.501663,-2.36388899999997
47.504166,-2.36111099999999
47.510277,-2.38833399999993
47.5291599999999,-2.50944499999997
47.5377730000001,-2.58083299999993
47.5127720000001,-2.663611
47.4888839999999,-2.79305599999998
47.4936070000001,-2.81833399999999
47.497215,-2.83361099999996
47.4991610000001,-2.83777800000001
47.5402760000001,-2.86994499999992
47.542774,-2.87027799999993
47.547104,-2.86844500000001
47.548107,-2.86594500000001
47.548607,-2.86411099999998
47.548107,-2.84561100000002
47.5449410000001,-2.81077799999997
47.547218,-2.77527800000001
47.543884,-2.75499999999994
47.543884,-2.73694499999999
47.545555,-2.732778
47.594162,-2.68722200000002
47.5972210000001,-2.68499999999995
47.6130520000001,-2.68055600000002
47.617218,-2.68111099999993
47.6349950000001,-2.69472300000001
47.6372150000001,-2.69805600000001
47.638054,-2.70416699999998
47.5997200000001,-2.88883399999997
47.581051,-2.92533300000002
47.5847170000001,-3.09166699999997
47.5872189999999,-3.09527799999995
47.598328,-3.11972200000002
47.599442,-3.125
47.5963819999999,-3.12722299999996
47.587494,-3.128334
47.5291599999999,-3.12888899999996
47.5216600000001,-3.126667
47.500549,-3.12027799999998
47.484993,-3.09611099999995
47.4736100000001,-3.08611199999996
47.472221,-3.10638899999992
47.475273,-3.13138899999996
47.4780500000001,-3.13388899999995
47.524994,-3.15027800000001
47.5286100000001,-3.14861200000001
47.532776,-3.14083299999993
47.5388870000001,-3.13638899999995
47.5424960000001,-3.13499999999993
47.559441,-3.13194499999997
47.5686040000001,-3.13138899999996
47.5766600000001,-3.13222299999995
47.58416,-3.13444500000003
47.5938870000001,-3.13999999999993
47.6097180000001,-3.15027800000001
47.613884,-3.15722199999999
47.628609,-3.19055600000002
47.650551,-3.21694499999995
47.7586060000001,-3.50888899999995
47.7774580000001,-3.63326599999999
47.7938840000001,-3.79277799999994
47.8005520000001,-3.833889
47.805832,-3.84805599999999
47.8241650000001,-3.87527799999992
47.833611,-3.88833399999999
47.8363880000001,-3.89111099999997
47.8527759999999,-3.90444500000001
47.8897170000001,-3.98222299999992
47.8749920000001,-4.10138899999993
47.8544390000001,-4.15111200000001
47.8361049999999,-4.15583399999997
47.8319400000001,-4.15527799999995
47.825554,-4.15972199999999
47.817215,-4.16749999999996
47.8041610000001,-4.18277799999998
47.7994380000001,-4.20944500000002
47.7986070000001,-4.21499999999992
47.7947160000001,-4.25583399999999
47.7949980000001,-4.26944399999996
47.802773,-4.36194499999993
47.8041610000001,-4.36638900000003
47.806938,-4.369167
47.821106,-4.37194499999993
47.825272,-4.3725
47.828606,-4.37055600000002
47.8308259999999,-4.36694499999993
47.835548,-4.34833299999997
47.838051,-4.34583399999997
47.8419420000001,-4.34416699999997
47.849442,-4.34333399999997
47.853607,-4.34388899999999
47.8719410000001,-4.34999999999997
47.8988880000001,-4.36389000000003
47.934441,-4.39222199999995
47.9608310000001,-4.419445
47.972496,-4.43611099999993
47.980827,-4.45083399999999
47.9999999999999,-4.48486099999997
48.005836,-4.49583100000001
48.021111,-4.524721
48.0224990000001,-4.52944300000001
48.0172200000001,-4.541943
48.016937,-4.59111100000001
48.029999,-4.689167
48.0313870000001,-4.69444499999997
48.037773,-4.71833399999997
48.040581,-4.72614199999998
48.065552,-4.710556
48.0683290000001,-4.70805599999994
48.0691600000001,-4.70249999999993
48.113327,-4.36000100000001
48.1124950000001,-4.34777799999995
48.104439,-4.33194400000002
48.09861,-4.30611099999999
48.0980530000001,-4.30000000000001
48.0988850000001,-4.29472299999992
48.1013870000001,-4.29166700000002
48.114716,-4.28361099999995
48.1183320000001,-4.28222299999993
48.1391600000001,-4.27611199999996
48.1433260000001,-4.27527799999996
48.151939,-4.27555599999994
48.159164,-4.27805599999994
48.1930540000001,-4.30222199999997
48.2013850000001,-4.31027799999998
48.2083280000001,-4.32027799999997
48.2383270000001,-4.44138900000002
48.2424930000001,-4.46194499999996
48.242218,-4.47472299999993
48.2394410000001,-4.48472299999992
48.2361070000001,-4.49305599999997
48.2327730000001,-4.495001
48.2291640000001,-4.49388999999996
48.225555,-4.49388999999996
48.1999969999999,-4.51111100000003
48.176109,-4.53722299999998
48.1738819999999,-4.54083299999996
48.172775,-4.55250100000001
48.174995,-4.555834
48.2672200000001,-4.62027799999998
48.2819440000001,-4.62388899999996
48.284721,-4.62138899999997
48.3280490000001,-4.57361099999997
48.336105,-4.55944499999993
48.339439,-4.55111099999993
48.343048,-4.53583299999997
48.3416600000001,-4.53111200000001
48.3380510000001,-4.53138899999999
48.3183290000001,-4.54194499999994
48.3061070000001,-4.55139000000003
48.303055,-4.55083399999995
48.298332,-4.54527899999994
48.2913820000001,-4.53527800000001
48.289993,-4.53055599999999
48.283607,-4.40833400000002
48.284721,-4.26333399999999
48.2947160000001,-4.20527800000002
48.2999950000001,-4.18611099999998
48.3013840000001,-4.18861199999998
48.3205490000001,-4.30000000000001
48.328331,-4.40222299999994
48.333054,-4.43861199999992
48.341755,-4.44212999999996
48.354996,-4.44055600000002
48.3447190000001,-4.605278
48.3347170000001,-4.71138999999999
48.3333280000001,-4.75277799999992
48.333885,-4.75888900000001
48.335274,-4.76361199999997
48.337494,-4.767222
48.3505549999999,-4.77500099999997
48.366943,-4.78416700000002
48.370277,-4.78472199999993
48.421387,-4.790278
48.4261089999999,-4.790278
48.509438,-4.77777899999995
48.512772,-4.77555599999994
48.533051,-4.75805600000001
48.54583,-4.74389000000002
48.5588839999999,-4.72888899999998
48.5700000000001,-4.70194500000002
48.571663,-4.69749999999993
48.5797200000001,-4.63194499999992
48.5799940000001,-4.62555600000002
48.571938,-4.60416700000002
48.5700000000001,-4.600278
48.5677720000001,-4.59694500000001
48.5599980000001,-4.58972299999994
48.573883,-4.58694499999996
48.620827,-4.56555600000002
48.623886,-4.56361199999992
48.6352770000001,-4.54166699999996
48.6363830000001,-4.536945
48.6741640000001,-4.35416699999996
48.6874920000001,-4.17194499999994
48.722771,-3.99361099999999
48.725555,-3.96805599999999
48.7141650000001,-3.97194499999995
48.7058260000001,-3.97361099999995
48.7022170000001,-3.97249999999997
48.6852720000001,-3.96416699999997
48.656105,-3.94944500000003
48.6361080000001,-3.85749999999996
48.6555480000001,-3.851111
48.68055,-3.86111099999994
48.683609,-3.86027799999994
48.7138820000001,-3.83333299999993
48.7166600000001,-3.83055599999994
48.726105,-3.81055599999996
48.7127760000001,-3.72805599999998
48.710274,-3.71777800000001
48.694717,-3.67833400000001
48.6819380000001,-3.63861100000003
48.675827,-3.59611099999995
48.675827,-3.583056
48.6797180000001,-3.57527800000003
48.7391660000001,-3.53194500000001
48.764717,-3.56277799999992
48.766106,-3.56749999999994
48.764999,-3.57777799999997
48.766937,-3.580556
48.774994,-3.58166699999998
48.7836070000001,-3.580556
48.791107,-3.57749999999999
48.7941670000001,-3.57527800000003
48.825829,-3.53666700000002
48.8372190000001,-3.51249999999999
48.8408280000001,-3.47472199999999
48.8219379999999,-3.38
48.8266600000001,-3.36638900000003
48.8686070000001,-3.23138899999992
48.8705520000001,-3.22083400000002
48.8649980000001,-3.12444399999998
48.826385,-3.06083299999995
48.678886,-2.87916699999994
48.6141660000001,-2.81194399999993
48.533051,-2.72055599999993
48.5130540000001,-2.69555600000001
48.501663,-2.68527799999993
48.6224980000001,-2.474445
48.629997,-2.46472299999999
48.6330490000001,-2.46277800000001
48.637215,-2.46166699999992
48.6536100000001,-2.41833400000002
48.6761090000001,-2.30722200000002
48.672218,-2.28444500000001
48.6386110000001,-2.128334
48.5995520000001,-2.03927799999997
48.5968860000001,-2.03961099999998
48.5141599999999,-1.98222199999998
48.5124970000001,-1.97722199999998
48.512772,-1.97250000000003
48.524719,-1.94944499999997
48.5265430000001,-1.94646999999992
48.5299990000001,-1.94361099999998
48.533607,-1.94194499999998
48.5766600000001,-1.95277799999997
48.579437,-1.95527799999996
48.587494,-1.96361100000001
48.5927730000001,-1.96944500000001
48.595833,-1.97888899999998
48.5961070000001,-1.98444499999999
48.593605,-1.99444499999993
48.602776,-2.00666699999999
48.6307750000001,-2.00877799999995
48.642273,-2.01411199999995
48.648445,-2.01677799999993
48.650944,-2.01711199999994
48.686943,-1.98805599999997
48.6972200000001,-1.9325
48.7091600000001,-1.84888899999993
48.7091600000001,-1.84611099999995
48.689163,-1.83888899999994
48.684998,-1.83861099999996
48.6819380000001,-1.84083299999998
48.6797180000001,-1.84444499999995
48.6727750000001,-1.86111099999999
48.6577760000001,-1.86722199999997
48.6499940000001,-1.87
48.628883,-1.85416700000002
48.620552,-1.84666700000002
48.615555,-1.84027799999996
48.6113820000001,-1.82555600000001
48.61055,-1.81222200000002
48.61055,-1.78722199999999
48.6111070000001,-1.72277799999995
48.615273,-1.64916699999998
48.6177750000001,-1.63305600000001
48.6222150000001,-1.61944499999993
48.6261059999999,-1.61083299999996
48.639679,-1.58862599999992
48.6363830000001,-1.52111100000002
48.637215,-1.46499999999992
48.643608,-1.36888899999997
48.675552,-1.44972200000001
48.685829,-1.48972199999997
48.689163,-1.49888899999996
48.7447200000001,-1.56055599999996
48.7477720000001,-1.5625
48.7516630000001,-1.56361099999998
48.837776,-1.57861100000002
48.8627780000001,-1.57555599999995
48.9144439999999,-1.564167
49.0158310000001,-1.55638900000002
49.0083310000001,-1.57666699999993
49.00666,-1.58083299999993
49.0088880000001,-1.58499999999992
49.014999,-1.58944500000001
49.0402760000001,-1.59749999999997
49.089439,-1.60999999999996
49.214996,-1.60972199999998
49.2944410000001,-1.68111099999999
49.318329,-1.70583299999993
49.351662,-1.74083400000001
49.359444,-1.75
49.3736040000001,-1.77749999999992
49.374992,-1.78999999999996
49.374443,-1.80277799999993
49.375275,-1.80916699999995
49.377777,-1.81222200000002
49.4997180000001,-1.84555599999993
49.568329,-1.84666700000002
49.5783310000001,-1.83999999999998
49.5863880000001,-1.83805599999994
49.598328,-1.83833299999998
49.6136090000001,-1.84194399999996
49.635826,-1.84861099999995
49.649437,-1.855278
49.6522220000001,-1.857778
49.6569440000001,-1.86444399999999
49.663055,-1.88388899999995
49.6663820000001,-1.90027800000001
49.66777,-1.91305599999998
49.673332,-1.941667
49.675552,-1.94555599999995
49.679443,-1.94611099999997
49.7161100000001,-1.94444499999997
49.720551,-1.94416699999999
49.723885,-1.941667
49.72583,-1.93805600000002
49.7272189999999,-1.93277799999993
49.7274930000001,-1.92638899999992
49.7255549999999,-1.91444399999995
49.7138820000001,-1.84472199999993
49.680275,-1.71527799999996
49.664719,-1.67361099999999
49.661659,-1.67083300000002
49.659721,-1.666945
49.657776,-1.64944499999996
49.655273,-1.62055600000002
49.656662,-1.53722199999993
49.658356,-1.51881300000002
49.664444,-1.50111099999992
49.675552,-1.482778
49.6783290000001,-1.47972199999998
49.6874920000001,-1.47277800000001
49.697777,-1.46666699999992
49.7049940000001,-1.41083299999997
49.70694,-1.37999999999994
49.706665,-1.37305599999996
49.7008290000001,-1.32277800000003
49.694443,-1.288611
49.6841660000001,-1.26416699999999
49.6558299999999,-1.23861099999993
49.630272,-1.23055599999998
49.619164,-1.22722199999998
49.6144410000001,-1.22777799999994
49.611382,-1.23027799999994
49.598328,-1.25916699999999
49.5838850000001,-1.29222199999998
49.5816650000001,-1.296111
49.5758290000001,-1.30138899999997
49.568329,-1.30444499999999
49.563606,-1.30499999999995
49.5474930000001,-1.30305599999997
49.537216,-1.29833299999996
49.5277710000001,-1.291945
49.5222170000001,-1.28722199999999
49.496384,-1.26416699999999
49.488052,-1.25666699999999
49.4822160000001,-1.25138900000002
49.4683299999999,-1.23805599999992
49.4066620000001,-1.165278
49.365273,-1.11388899999997
49.3736040000001,-1.105278
49.3830490000001,-1.09166699999992
49.387772,-1.08472199999994
49.393608,-1.07277799999997
49.394722,-1.06777799999998
49.3966600000001,-0.976944000000003
49.394722,-0.927777999999932
49.393883,-0.921388999999976
49.383606,-0.909166999999968
49.3791660000001,-0.901945000000012
49.374443,-0.887778000000026
49.368607,-0.868056000000024
49.364998,-0.851388999999926
49.361664,-0.827222000000006
49.351662,-0.725555999999983
49.344994,-0.621944999999926
49.3452760000001,-0.580555999999945
49.3461070000001,-0.503055999999958
49.3419420000001,-0.424166999999954
49.340828,-0.410833000000025
49.3311080000001,-0.382221999999956
49.3255540000001,-0.369722000000024
49.3222200000001,-0.360000000000014
49.304161,-0.301110999999992
49.2999950000001,-0.287500000000023
49.283607,-0.228332999999964
49.2991640000001,-0.104167000000018
49.3011090000001,-0.0933329999999728
49.30555,-0.073332999999991
49.31472,-0.0394440000000031
49.328773,0
49.3519440000001,0.0622220000001334
49.3588870000001,0.0791670000000977
49.3641660000001,0.0855560000000537
49.3788830000001,0.0986110000000622
49.391388,0.113610999999992
49.402496,0.13194400000009
49.409439,0.14916699999992
49.414162,0.169444000000055
49.427216,0.235277999999994
49.4302750000001,0.270278000000076
49.431458,0.295240999999976
49.4394380000001,0.36861099999993
49.4422149999999,0.384722000000011
49.45166,0.424722000000088
49.4611050000001,0.45138900000012
49.466942,0.463332999999977
49.47361,0.47416700000008
49.488052,0.494444000000044
49.488052,0.49166700000012
49.4844440000001,0.48333300000013
49.4716640000001,0.441389000000129
49.4577710000001,0.388056000000006
49.4555510000001,0.371667000000059
49.454163,0.353611000000001
49.453049,0.322499999999991
49.453331,0.309167000000116
49.4572220000001,0.256110999999976
49.468887,0.160833000000082
49.484718,0.119167000000004
49.4908290000001,0.107222000000036
49.5116650000001,0.0780560000000037
49.517776,0.0738890000000083
49.526665,0.0741670000001022
49.534164,0.0772220000001198
49.688889,0.169721999999979
49.7027740000001,0.184444000000042
49.705276,0.187500000000114
49.718048,0.208889000000056
49.7197190000001,0.213333000000034
49.7336040000001,0.26694400000008
49.7449950000001,0.311110999999983
49.7886050000001,0.426944000000105
49.8447190000001,0.563333000000114
49.8527760000001,0.58583299999998
49.8661040000001,0.640278000000137
49.873604,0.683333000000005
49.8749920000001,0.694722000000013
49.875549,0.713332999999977
49.926109,1.06861100000009
49.9272159999999,1.07361100000008
49.969719,1.20194400000008
49.9761050000001,1.22000000000008
49.9816670000001,1.23249999999996
50.0657810000001,1.37243000000007
50.074715,1.39388899999994
50.083054,1.40944400000001
50.0983280000001,1.43555500000002
50.1033330000001,1.44194400000004
50.124161,1.46111099999996
50.2019420000001,1.50555500000007
50.288605,1.53416700000008
50.292221,1.53472199999999
50.352493,1.54944400000005
50.3599930000001,1.55277800000005
50.3630520000001,1.55527799999993
50.3647160000001,1.56
50.3702769999999,1.58527800000007
50.370552,1.59833300000003
50.36879,1.60385100000008
50.396111,1.56277800000004
50.399162,1.5602780000001
50.406105,1.55805500000002
50.5280530000001,1.57722200000001
50.684715,1.564167
50.705826,1.56444400000004
50.8091660000001,1.59861100000012
50.8777770000001,1.62500000000006
50.9424970000001,1.73333300000007
50.9480510000001,1.74583300000012
50.9558259999999,1.768889
50.962776,1.792778
50.9952770000001,1.94333300000011
51.038055,2.23527799999994
51.054443,2.35944400000011
51.051941,2.38472199999995
51.0549930000001,2.40722199999999
51.058052,2.42305499999998
51.076111,2.49222199999997
51.082771,2.5166660000001
51.0911100000001,2.54166700000013
---
