-27.9155539999999,-143.487762
-27.9138869999999,-143.491699
-27.896114,-143.50946
-27.890839,-143.508911
-27.889999,-143.502838
-27.891392,-143.496979
-27.900276,-143.483917
-27.9044489999999,-143.48114
-27.9097209999999,-143.47998
-27.914448,-143.482483
---
-27.6438899999999,-144.31366
-27.6405559999999,-144.325562
-27.635281,-144.334198
-27.632221,-144.337799
-27.623894,-144.343323
-27.619167,-144.345306
-27.608337,-144.347504
-27.5963939999999,-144.34668
-27.5650019999999,-144.342224
-27.560558,-144.339722
-27.557224,-144.336426
-27.555,-144.331696
-27.553333,-144.324738
-27.5558399999999,-144.31366
-27.55806,-144.309174
-27.565559,-144.294464
-27.573338,-144.287537
-27.5774989999999,-144.285553
-27.581116,-144.285004
-27.5877839999999,-144.285553
-27.6358379999999,-144.299469
-27.640282,-144.30365
-27.642776,-144.307526
---
-23.882504,-147.696381
-23.881668,-147.70224
-23.878059,-147.713928
-23.871387,-147.72168
-23.865276,-147.720306
-23.858894,-147.705597
-23.856113,-147.694153
-23.854446,-147.68222
-23.852779,-147.656158
-23.853336,-147.648621
-23.85778,-147.646149
-23.862225,-147.648621
-23.873337,-147.665833
-23.881668,-147.689758
---
-23.403053,-149.503632
-23.40139,-149.514496
-23.398609,-149.518097
-23.3800009999999,-149.526672
-23.373894,-149.52533
-23.367226,-149.517242
-23.364723,-149.513367
-23.362499,-149.507782
-23.360832,-149.502502
-23.358894,-149.491119
-23.358612,-149.477783
-23.359722,-149.463043
-23.3616709999999,-149.457214
-23.365276,-149.453369
-23.384445,-149.446136
-23.390556,-149.445831
-23.395832,-149.448639
-23.397499,-149.453369
-23.401943,-149.483337
---
-23.165005,-135.058044
-23.163055,-135.06308
-23.156113,-135.06308
-23.152782,-135.059174
-23.141666,-135.041962
-23.140282,-135.035858
-23.143333,-135.031708
-23.147499,-135.028656
-23.152225,-135.026672
-23.157501,-135.028351
-23.163887,-135.051941
---
-23.1405559999999,-134.991699
-23.1397249999999,-134.998871
-23.139065,-135
-23.134171,-135.008362
-23.126667,-135.014191
-23.12167,-135.015564
-23.118336,-135.011719
-23.103889,-134.98642
-23.0986139999999,-134.976654
-23.086948,-134.953369
-23.0849989999999,-134.94809
-23.085838,-134.941406
-23.092777,-134.941681
-23.096668,-134.944733
-23.130001,-134.975037
-23.139442,-134.985535
---
-22.6563869999999,-152.866669
-22.655003,-152.873871
-22.645832,-152.878052
-22.639999,-152.87973
-22.6347269999999,-152.878357
-22.630283,-152.87558
-22.60667,-152.855286
-22.6044459999999,-152.850586
-22.605003,-152.845551
-22.607506,-152.840576
-22.6186099999999,-152.830597
-22.628059,-152.826416
-22.634171,-152.826416
-22.6380579999999,-152.829163
-22.648609,-152.839722
-22.653336,-152.849152
-22.6563869999999,-152.860016
---
-22.519726,-151.37085
-22.451668,-151.396393
-22.445557,-151.396698
-22.438892,-151.395844
-22.425835,-151.387817
-22.424999,-151.381104
-22.427502,-151.376129
-22.431393,-151.372223
-22.454166,-151.353638
-22.4647249999999,-151.350281
-22.4763869999999,-151.350006
-22.488335,-151.352783
-22.514172,-151.361969
-22.518616,-151.36557
---
-22.286388,-138.762512
-22.2758329999999,-138.773071
-22.2319409999999,-138.798615
-22.22583,-138.799164
-22.2202799999999,-138.796661
-22.207226,-138.782257
-22.201942,-138.773071
-22.200275,-138.768646
-22.199722,-138.761963
-22.2008319999999,-138.753937
-22.204449,-138.743591
-22.22583,-138.715027
-22.239166,-138.70752
-22.24472,-138.70639
-22.264446,-138.707764
-22.269173,-138.711121
-22.2716669999999,-138.714722
---
-21.720837,-140.614746
-21.719723,-140.643341
-21.716393,-140.655029
-21.711948,-140.665039
-21.7083319999999,-140.66864
-21.7041659999999,-140.671112
-21.681393,-140.676147
-21.668331,-140.675293
-21.6630549999999,-140.673615
-21.655834,-140.666687
-21.6525,-140.661987
-21.648891,-140.652222
-21.650002,-140.645844
-21.653336,-140.642242
-21.681667,-140.62085
-21.693611,-140.612762
-21.701942,-140.607239
-21.708889,-140.604431
-21.715836,-140.60556
-21.71917,-140.609467
---
-19.929169,-144.965027
-19.8952829999999,-144.958344
-19.898056,-144.95639
-19.901669,-144.95224
-19.905834,-144.951111
-19.923332,-144.956146
---
-17.663338,-150.6539
-17.659447,-150.66449
-17.6513899999999,-150.670013
-17.6452829999999,-150.669464
-17.639172,-150.661682
-17.638332,-150.655853
-17.6394419999999,-150.649445
-17.642498,-150.645294
-17.6469499999999,-150.642242
-17.653053,-150.642792
-17.662498,-150.648071
---
-17.7344469999999,-149.204163
-17.733334,-149.191681
-17.730831,-149.187256
-17.729164,-149.181976
-17.732224,-149.17807
-17.7361149999999,-149.174713
-17.751392,-149.162231
-17.764446,-149.154724
-17.779449,-149.148926
-17.784451,-149.147827
-17.802223,-149.146393
-17.8091699999999,-149.146973
-17.833614,-149.152222
-17.849728,-149.157806
-17.863613,-149.165588
-17.869167,-149.174164
-17.870834,-149.179199
-17.8527789999999,-149.258087
-17.849728,-149.27005
-17.847221,-149.275024
-17.84417,-149.2789
-17.833057,-149.28894
-17.824722,-149.295319
-17.8169439999999,-149.300598
-17.738892,-149.369476
-17.7436099999999,-149.378601
-17.756111,-149.420868
-17.7663959999999,-149.47168
-17.766949,-149.484711
-17.765003,-149.49057
-17.711391,-149.590576
-17.628059,-149.638062
-17.623894,-149.639771
-17.611946,-149.641693
-17.592777,-149.641418
-17.561668,-149.63559
-17.549999,-149.632507
-17.542229,-149.625824
-17.539169,-149.621948
-17.51889,-149.593323
-17.516396,-149.588928
-17.514729,-149.583649
-17.493893,-149.495026
-17.49361,-149.489197
-17.499443,-149.449982
-17.5091709999999,-149.414734
-17.526947,-149.373627
-17.5344509999999,-149.359161
-17.540562,-149.350281
-17.5436129999999,-149.346954
-17.570278,-149.332764
-17.592224,-149.32666
-17.6525,-149.323334
-17.671112,-149.32309
-17.684727,-149.324188
-17.6908339999999,-149.323883
-17.6966709999999,-149.32309
-17.701389,-149.321381
-17.705276,-149.318054
-17.711391,-149.310028
-17.713886,-149.304993
-17.717503,-149.29306
-17.7302779999999,-149.23056
-17.7338909999999,-149.211426
---
-17.574448,-149.854431
-17.568336,-149.868347
-17.563618,-149.878052
-17.5252839999999,-149.925049
-17.509727,-149.93808
-17.500278,-149.941681
-17.494167,-149.941681
-17.484165,-149.937256
-17.477779,-149.922791
-17.476112,-149.911133
-17.466946,-149.797546
-17.466663,-149.791718
-17.46917,-149.786133
-17.473331,-149.784454
-17.4847219999999,-149.782501
-17.490833,-149.783936
-17.525558,-149.797241
-17.530006,-149.799744
-17.571388,-149.843323
-17.573612,-149.848602
---
-16.976948,-149.536682
-16.974998,-149.54306
-16.970554,-149.545563
-16.964443,-149.544189
-16.961948,-149.539734
-16.964443,-149.535553
-16.969444,-149.533356
-16.9744449999999,-149.532257
---
-16.981113,-149.584747
-16.980003,-149.59198
-16.96917,-149.594452
-16.9647249999999,-149.592773
-16.9561079999999,-149.586121
-16.954449,-149.581696
-16.954449,-149.575012
-16.958057,-149.57196
-16.9636149999999,-149.570831
-16.9697229999999,-149.572266
---
-16.8258319999999,-151.01059
-16.808891,-151.030029
-16.805283,-151.033936
-16.801666,-151.036438
-16.7972219999999,-151.03894
-16.792229,-151.039734
-16.786118,-151.040039
-16.779167,-151.038605
-16.7761149999999,-151.03476
-16.762505,-150.994476
-16.763889,-150.987518
-16.7747229999999,-150.978333
-16.7830579999999,-150.972504
-16.7880549999999,-150.970306
-16.7930559999999,-150.969177
-16.7988889999999,-150.971375
-16.8241689999999,-150.998322
---
-16.904449,-151.444489
-16.90361,-151.46225
-16.902225,-151.468628
-16.8997229999999,-151.473602
-16.895283,-151.476654
-16.849171,-151.491699
-16.787228,-151.497772
-16.780834,-151.497772
-16.760002,-151.491364
-16.7494429999999,-151.487518
-16.740276,-151.475037
-16.739166,-151.470001
-16.743893,-151.433075
-16.747219,-151.428894
-16.8436159999999,-151.352783
-16.848061,-151.349457
-16.8536149999999,-151.348602
-16.860561,-151.349152
-16.8636129999999,-151.353088
-16.888332,-151.40033
---
-16.7697259999999,-151.044769
-16.765282,-151.048096
-16.755283,-151.050842
-16.7441669999999,-151.05249
-16.730556,-151.051147
-16.706108,-151.045868
-16.700832,-151.043884
-16.693054,-151.037537
-16.696114,-151.032806
-16.704166,-151.027802
-16.729721,-151.012268
-16.738609,-151.007233
-16.74472,-151.007233
-16.754726,-151.011719
-16.7577779999999,-151.015564
-16.7697259999999,-151.03833
---
-16.678333,-151.463348
-16.6636119999999,-151.504486
-16.648056,-151.533081
-16.644726,-151.537781
-16.6366649999999,-151.54364
-16.627777,-151.543335
-16.593334,-151.535553
-16.589443,-151.532257
-16.586948,-151.527802
-16.580833,-151.482483
-16.581947,-151.476105
-16.595837,-151.445038
-16.599171,-151.441101
-16.608337,-151.436951
-16.613892,-151.436157
-16.673332,-151.458344
---
-16.5361179999999,-151.753937
-16.534168,-151.760284
-16.503616,-151.784454
-16.499168,-151.786987
-16.473331,-151.775879
-16.473888,-151.769196
-16.47583,-151.763641
-16.487225,-151.745544
-16.490833,-151.742249
-16.49667,-151.741364
-16.5213889999999,-151.741699
-16.5274999999999,-151.742798
-16.5344509999999,-151.748627
---
-16.166389,-146.351959
-16.165836,-146.358917
-16.160831,-146.383911
-16.158337,-146.387817
-16.154167,-146.390564
-16.139172,-146.395844
-16.133614,-146.396698
-16.126945,-146.396393
-16.121387,-146.39447
-16.110279,-146.38446
-16.1063879999999,-146.374695
-16.104172,-146.355835
-16.1047209999999,-146.348602
-16.1063879999999,-146.343079
-16.113056,-146.334991
-16.127228,-146.329712
-16.1383319999999,-146.327484
-16.144726,-146.32724
-16.157501,-146.328918
-16.161671,-146.332214
-16.164722,-146.335846
---
-15.849443,-148.240265
-15.848888,-148.247528
-15.849998,-148.253387
-15.846947,-148.26532
-15.839443,-148.271698
-15.8222239999999,-148.281708
-15.813055,-148.286133
-15.8061099999999,-148.285553
-15.800835,-148.28363
-15.797503,-148.279724
-15.797503,-148.273376
-15.79917,-148.267792
-15.81028,-148.257782
-15.815277,-148.255585
-15.8188919999999,-148.252838
-15.8238909999999,-148.25116
-15.827499,-148.247772
-15.834444,-148.232483
-15.839169,-148.230835
-15.843889,-148.231934
-15.848612,-148.23526
---
-15.7516669999999,-144.629974
-15.750559,-144.636963
-15.743891,-144.64447
-15.73889,-144.646393
-15.728613,-144.648376
-15.722502,-144.646698
-15.7130569999999,-144.641113
-15.709999,-144.638062
-15.7080549999999,-144.633667
-15.7105559999999,-144.628052
-15.714169,-144.624695
-15.721947,-144.619476
-15.726946,-144.617493
-15.7325,-144.616669
-15.739445,-144.616943
-15.744722,-144.618896
-15.74861,-144.621948
---
-10.55028,-138.662781
-10.549725,-138.668884
-10.546947,-138.673096
-10.5313889999999,-138.691406
-10.5280569999999,-138.695038
-10.522503,-138.696381
-10.433613,-138.698334
-10.431112,-138.695587
-10.428888,-138.686707
-10.428333,-138.680573
-10.428888,-138.668884
-10.433058,-138.6539
-10.441944,-138.635284
-10.45278,-138.625824
-10.4655549999999,-138.618347
-10.486668,-138.611969
-10.498888,-138.611969
-10.515001,-138.616119
-10.5280569999999,-138.623627
-10.5422249999999,-138.636719
-10.545,-138.640869
-10.546947,-138.645599
-10.549725,-138.656708
---
-10.016392,-139.130859
-10.015001,-139.13504
-10.011393,-139.138367
-9.99583199999995,-139.143097
-9.97749900000002,-139.145294
-9.91305499999999,-139.130859
-9.906113,-139.125824
-9.897223,-139.114441
-9.89611200000002,-139.108917
-9.89389199999999,-139.091675
-9.89611200000002,-139.080017
-9.90889199999998,-139.056122
-9.91416699999996,-139.047791
-9.91833499999996,-139.045319
-9.92389100000003,-139.045319
-9.92777799999993,-139.047791
-9.94416799999999,-139.058929
-9.94749999999999,-139.062256
-9.94889099999995,-139.06781
-9.94889099999995,-139.074738
-9.95250099999998,-139.084991
-9.96194600000001,-139.095856
-9.97805799999998,-139.107483
---
-9.75722299999995,-138.89032
-9.75611099999998,-138.850586
-9.752501,-138.840271
-9.74722300000002,-138.83197
-9.74027599999994,-138.825317
-9.73694599999993,-138.815002
-9.73889000000003,-138.810028
-9.74499900000001,-138.809479
-9.75111399999997,-138.810028
-9.75611099999998,-138.812256
-9.76277899999997,-138.818909
-9.77083599999992,-138.83197
-9.781115,-138.849152
-9.80555499999997,-138.893097
-9.80694599999993,-138.898621
-9.80833599999994,-138.910858
-9.81500099999994,-138.979431
-9.81500099999994,-139
-9.81249999999994,-139.010834
-9.81027799999993,-139.015564
-9.80750099999995,-139.026672
-9.80694599999993,-139.032806
-9.80750099999995,-139.045868
-9.80889100000002,-139.051392
-9.81111299999992,-139.056122
-9.81777799999992,-139.06308
-9.82333399999999,-139.06308
-9.85999900000002,-139.054749
-9.84694499999995,-139.108917
-9.84361299999995,-139.119141
-9.83888999999994,-139.128906
-9.83083299999998,-139.141113
-9.82055500000001,-139.151428
-9.79611399999999,-139.167816
-9.79139099999998,-139.169769
-9.780281,-139.172546
-9.77361300000001,-139.172546
-9.76889199999994,-139.171967
-9.75999999999999,-139.167267
-9.69611400000002,-139.049164
-9.69472299999995,-139.039734
-9.69694700000002,-139.00473
-9.705557,-138.979431
-9.71166599999992,-138.971924
-9.72138999999999,-138.967773
-9.72333499999996,-138.969757
-9.73972300000003,-138.958893
-9.74305500000003,-138.955261
---
-9.45194599999996,-140.089478
-9.44777899999997,-140.099152
-9.44111099999992,-140.105835
-9.41722499999997,-140.123077
-9.38055599999996,-140.147827
-9.36222299999991,-140.137512
-9.34499899999997,-140.127228
-9.34166899999997,-140.123627
-9.32611100000003,-140.091675
-9.324724,-140.086121
-9.324724,-140.080597
-9.32611100000003,-140.075012
-9.32888800000001,-140.071136
-9.35138899999993,-140.041382
-9.36472300000003,-140.037537
-9.38194299999998,-140.036682
-9.38861300000002,-140.036682
-9.39416699999992,-140.038086
-9.43777999999992,-140.055878
-9.44389000000001,-140.063324
-9.44916899999998,-140.071686
-9.45055600000001,-140.07724
---
-8.875,-139.578369
-8.87305500000002,-139.56665
-8.86694499999993,-139.552246
-8.86638800000003,-139.546112
-8.87638900000002,-139.537231
-8.88000099999999,-139.52005
-8.88472599999994,-139.51532
-8.88666899999993,-139.511719
-8.89000299999992,-139.508362
-8.90028000000001,-139.505005
-8.911945,-139.502838
-8.91722499999997,-139.504181
-8.92138899999998,-139.506989
-8.92694499999993,-139.51532
-8.92750199999995,-139.526978
-8.92639200000002,-139.539185
-8.92639200000002,-139.55307
-8.92833499999995,-139.571381
-8.93361099999993,-139.593323
-8.93916699999994,-139.601654
-8.95639,-139.611969
-8.94389000000001,-139.610535
-8.93305800000002,-139.613312
-8.92083499999995,-139.621399
-8.91333599999996,-139.627472
-8.90778,-139.628906
-8.90250200000003,-139.628906
-8.89750300000003,-139.626923
-8.89416699999992,-139.623627
-8.88333299999999,-139.606934
-8.875,-139.601654
-8.86555499999992,-139.597504
-8.86139100000003,-139.594757
-8.86139100000003,-139.590576
-8.87360999999999,-139.58252
---
-8.91805799999997,-140.07782
-8.92138899999998,-140.088043
-8.92277899999999,-140.093628
-8.92277899999999,-140.100586
-8.92000199999995,-140.104431
-8.916113,-140.107239
-8.91889199999997,-140.11972
-8.93305800000002,-140.166962
-8.93777999999992,-140.175842
-8.94250099999999,-140.177826
-8.95639,-140.177826
-8.95416599999999,-140.189453
-8.94472300000001,-140.205841
-8.93444399999993,-140.223053
-8.92639200000002,-140.228638
-8.92138899999998,-140.23056
-8.83083299999993,-140.256134
-8.823891,-140.256134
-8.81305499999996,-140.253387
-8.80277799999999,-140.249756
-8.79389199999997,-140.245026
-8.78389199999992,-140.236664
-8.77888899999994,-140.227783
-8.77750200000003,-140.222504
-8.81166799999994,-140.068909
-8.83028000000002,-140.042816
-8.84777799999995,-140.01947
-8.85138899999998,-140.016113
-8.85610999999994,-140.014191
-8.86750000000001,-140.011963
-8.87444499999998,-140.011963
-8.88611199999997,-140.014191
-8.89083499999992,-140.016113
-8.89500199999992,-140.01889
-8.90111200000001,-140.026428
---
-8.04416799999996,-140.710297
-8.03916699999996,-140.719177
-8.03444500000001,-140.721375
-8.02361300000001,-140.723907
-8.00444599999997,-140.722809
-7.97916800000002,-140.7164
-7.96972299999999,-140.712494
-7.96555599999999,-140.709747
-7.96333499999997,-140.704712
-7.95444600000002,-140.665833
-7.957223,-140.642548
-7.95944600000001,-140.637817
-7.96416699999997,-140.636963
-7.96694599999995,-140.641113
-7.97861199999994,-140.667816
-8.04416799999996,-140.704712
---
-7.92388999999997,-140.591675
-7.92166800000001,-140.603333
-7.91916800000001,-140.607483
-7.913611,-140.60614
-7.88888900000001,-140.569153
-7.88833299999999,-140.56308
-7.89166799999998,-140.559479
-7.89777899999996,-140.558929
-7.90388899999994,-140.559479
-7.90889099999993,-140.561707
-7.916946,-140.571136
-7.92250100000001,-140.579468
-7.92388999999997,-140.584991
---
