42.452766,41.536385
42.486649,41.52887
42.518044,41.525826
42.524155,41.525269
42.544434,41.526093
42.550545,41.525551
42.561371,41.522484
42.624985,41.500542
42.661934,41.487762
42.675545,41.481102
42.694153,41.469986
42.708046,41.461372
42.720543,41.450829
42.728043,41.443047
42.731659,41.438599
42.738045,41.428596
42.74527,41.410538
42.757767,41.371368
42.798607,41.220818
42.800262,41.213608
42.800819,41.207207
42.799721,41.199715
42.797768,41.193047
42.795273,41.187485
42.791939,41.18277
42.786942,41.171371
42.786942,41.162209
42.789162,41.155823
42.796097,41.146935
42.842766,41.101662
42.850822,41.094704
42.890549,41.084984
42.91832,41.078049
42.92804,41.072762
42.973038,41.032761
42.98333,41.01944
42.986382,41.013878
42.988319,41.0075
42.988602,40.998322
42.987488,40.990822
42.974991,40.961655
42.971375,40.948318
42.970818,40.93998
42.972214,40.93277
42.97998,40.924706
43.001938,40.908875
43.044716,40.876938
43.059151,40.859993
43.067772,40.843597
43.071938,40.830544
43.077209,40.809433
43.079987,40.794716
43.088875,40.73082
43.089706,40.722481
43.091927,40.661377
43.163315,40.36055
43.241653,40.274155
43.251938,40.269707
43.274437,40.254433
43.314209,40.221603
43.318604,40.215271
43.353882,40.109154
43.37027,40.051384
43.379265,40.002968
43.411934,40.009163
43.444153,40.021103
43.546944,40.077492
43.554993,40.084984
43.558327,40.089989
43.566376,40.106934
43.57222,40.126656
43.579987,40.162491
43.582497,40.177483
43.584717,40.201935
43.584717,40.220818
43.58252,40.253387
43.576096,40.294716
43.56971,40.324432
43.563324,40.34388
43.55777,40.354996
43.553322,40.36805
43.517769,40.488884
43.511658,40.518593
43.508606,40.543053
43.50972,40.569153
43.513611,40.582497
43.516106,40.588036
43.525269,40.603325
43.531937,40.613045
43.542496,40.635818
43.544434,40.642487
43.546097,40.658318
43.546654,40.676102
43.54583,40.684708
43.543015,40.695969
43.521378,40.71666
43.517769,40.7211
43.509438,40.737762
43.504433,40.749718
43.486931,40.810822
43.48333,40.83416
43.477211,40.863884
43.469986,40.882484
43.460815,40.898041
43.423607,40.961098
43.395546,41.006653
43.385818,41.021378
43.377213,41.037766
43.374985,41.044159
43.372765,41.05999
43.373047,41.077766
43.383041,41.119156
43.385262,41.134438
43.387215,41.168053
43.38472,41.193047
43.378876,41.213608
43.296097,41.435547
43.232201,41.564995
43.222755,41.589706
43.220261,41.605263
43.187485,42.031097
43.197281,42.111176
43.228043,42.163872
43.233871,42.174431
43.23555,42.181107
43.237206,42.196938
43.238045,42.270821
43.237488,42.363884
43.238602,42.371368
43.239426,42.388329
43.239159,42.415268
43.237762,42.433044
43.232201,42.453873
43.227768,42.46666
43.222755,42.4786
43.216103,42.489159
43.184151,42.52887
43.181107,42.534431
43.178322,42.539719
43.147774,42.613045
43.143044,42.625824
43.143883,42.642487
43.145546,42.649155
43.150536,42.660812
43.15387,42.665543
43.161652,42.673607
43.171097,42.679993
43.17804,42.688881
43.182487,42.701096
43.185822,42.76944
43.179153,42.849991
43.177483,42.857216
43.175262,42.863602
43.121651,42.948868
43.068047,43.010818
43.061928,43.009438
43.056656,43.010818
42.969704,43.133881
42.963875,43.144707
42.944427,43.183868
42.936371,43.200829
42.931664,43.213608
42.900536,43.377762
42.900124,43.392891
42.889153,43.447205
42.868317,43.532494
42.860825,43.560547
42.849152,43.591927
42.84388,43.6036
42.834984,43.619431
42.831383,43.623604
42.813599,43.636932
42.80999,43.641106
42.802773,43.649712
42.7911,43.67083
42.782204,43.696938
42.779427,43.712494
42.775826,43.756386
42.753609,43.821106
42.751389,43.827209
42.748322,43.832497
42.744156,43.835815
42.739159,43.838036
42.733871,43.837769
42.727768,43.836098
42.716103,43.823875
42.702209,43.806099
42.67305,43.762772
42.659157,43.744713
42.655266,43.740822
42.648308,43.736542
42.645264,43.735268
42.639153,43.73555
42.634995,43.738884
42.606102,43.773041
42.603043,43.778328
42.600822,43.784714
42.583321,43.911934
42.623871,44.184433
42.625206,44.189728
42.627213,44.197487
42.631927,44.20916
42.636932,44.220818
42.639992,44.225548
42.651375,44.237762
42.660538,44.244431
42.708046,44.369431
42.750832,44.499718
42.756653,44.527206
42.759438,44.549721
42.759995,44.566376
42.758324,44.59388
42.753052,44.625824
42.751389,44.633041
42.74881,44.63826
42.749428,44.640266
42.747765,44.657494
42.744156,44.671928
42.739426,44.684433
42.727211,44.705269
42.696938,44.747208
42.688881,44.754715
42.67054,44.765549
42.665268,44.808327
42.743317,44.854996
42.747208,44.859154
42.753319,44.869156
42.760277,44.886658
42.763054,44.900826
42.761932,44.927483
42.760277,44.934708
42.755272,44.947205
42.745537,44.962769
42.738884,44.972214
42.734993,44.976372
42.719147,45.002213
42.709984,45.017769
42.696091,45.04583
42.694153,45.05304
42.69249,45.060265
42.69249,45.068604
42.694984,45.082764
42.697422,45.091476
42.70694,45.12027
42.709435,45.134438
42.707764,45.151649
42.705826,45.158875
42.700829,45.171371
42.679436,45.207497
42.672768,45.216927
42.650826,45.241936
42.58194,45.315819
42.574158,45.323044
42.561104,45.332497
42.556374,45.334717
42.550819,45.335815
42.54583,45.338036
42.536652,45.343323
42.529427,45.351662
42.527489,45.358887
42.526932,45.376381
42.537491,45.432213
42.546387,45.481102
42.548882,45.49527
42.550819,45.526932
42.550262,45.552773
42.546097,45.576096
42.516106,45.700539
42.506386,45.724991
42.503319,45.730263
42.493317,45.744713
42.482201,45.756943
42.477913,45.760277
42.473312,45.760544
42.457207,45.754715
42.356102,45.707497
42.319153,45.689713
42.259163,45.655266
42.244713,45.646103
42.228867,45.638596
42.223038,45.636932
42.216927,45.637215
42.211937,45.639153
42.204712,45.647484
42.195267,45.662766
42.028603,45.986931
42.024994,46.054153
42.002769,46.231934
42.001389,46.239983
41.996941,46.253052
41.940536,46.39415
41.935547,46.40609
41.926102,46.421371
41.919159,46.430275
41.904427,46.446381
41.897057,46.451752
41.866936,46.438324
41.856659,46.433327
41.837769,46.42054
41.825829,46.408875
41.773315,46.350548
41.759163,46.33194
41.754166,46.321381
41.753319,46.313881
41.755829,46.297768
41.75972,46.283875
41.764153,46.260818
41.764992,46.251938
41.763878,46.236382
41.761063,46.224541
41.748871,46.211372
41.744431,46.208046
41.724991,46.198044
41.698044,46.194427
41.685822,46.194427
41.669159,46.197762
41.624985,46.216103
41.598595,46.23333
41.485268,46.329987
41.481659,46.333878
41.397217,46.499161
41.395264,46.506104
41.386932,46.55304
41.379433,46.593323
41.364998,46.621094
41.320267,46.686928
41.316666,46.690819
41.312202,46.693871
41.261375,46.710815
41.255272,46.710815
41.211655,46.697205
41.154984,46.669991
41.146103,46.663315
41.100548,46.62249
41.049988,46.520821
41.046097,46.508606
41.04805,46.501656
41.05555,46.483871
41.104156,46.378319
41.116936,46.359711
41.12999,46.340828
41.162766,46.294159
41.172768,46.279984
41.183868,46.268044
41.199997,46.254166
41.205544,46.243317
41.20665,46.235268
41.20665,46.227211
41.203873,46.140266
41.202492,46.133881
41.199997,46.128036
41.181931,46.100548
41.175819,46.082497
41.171928,46.062202
41.170273,46.047768
41.170273,46.03138
41.173607,45.996941
41.179153,45.966103
41.189156,45.922493
41.197487,45.895546
41.206093,45.869713
41.212769,45.850822
41.226372,45.813042
41.234428,45.796097
41.260277,45.748047
41.277489,45.717766
41.285271,45.710815
41.290276,45.708603
41.29583,45.707497
41.301926,45.707497
41.30777,45.70916
41.316933,45.715546
41.320541,45.719704
41.348595,45.716927
41.381927,45.611107
41.458878,45.350548
41.462494,45.336655
41.463608,45.328606
41.461098,45.306656
41.458878,45.291939
41.455544,45.27887
41.451653,45.266663
41.446938,45.255272
41.404984,45.186104
41.376656,45.141373
41.316376,45.051384
41.29705,45.022942
41.270264,44.9786
41.21859,44.875824
41.214706,44.863602
41.213051,44.848877
41.212494,44.824715
41.212212,44.7286
41.185265,44.570267
41.185265,44.562202
41.187759,44.484154
41.192215,44.429993
41.212494,44.340546
41.223595,44.248871
41.20443,44.18055
41.199158,44.178322
41.195534,44.174431
41.188324,44.157494
41.18499,44.144707
41.181931,44.122765
41.164146,43.99276
41.165543,43.900536
41.165268,43.884438
41.162209,43.862488
41.158043,43.850548
41.151932,43.840828
41.148041,43.836937
41.141106,43.828331
41.123871,43.806099
41.119156,43.794991
41.115822,43.782204
41.112762,43.760277
41.112488,43.752213
41.113602,43.734428
41.123047,43.637497
41.129715,43.599709
41.13472,43.578606
41.136375,43.561661
41.134995,43.546387
41.112961,43.46077
41.1325,43.474152
41.136375,43.475548
41.139992,43.474709
41.143044,43.473053
41.1661,43.457497
41.168877,43.454987
41.171097,43.451935
41.181656,43.434166
41.185265,43.425819
41.200554,43.387215
41.202766,43.369713
41.201935,43.349709
41.190269,43.233597
41.32,43.126381
41.374161,43.039719
41.393326,43.016106
41.506943,42.892769
41.578873,42.84024
41.584991,42.827492
41.586937,42.816109
41.594719,42.681389
41.592766,42.651665
41.586388,42.61055
41.583054,42.597771
41.579163,42.590271
41.508324,42.564995
41.49527,42.550819
41.438332,42.48333
41.433327,42.472214
41.434708,42.455269
41.460274,42.366936
41.476662,42.311935
41.487488,42.287491
41.491653,42.272774
41.5075,42.182487
41.5075,42.166939
41.5075,42.097771
41.518044,41.979439
41.519157,41.96804
41.518883,41.963051
41.516388,41.954987
41.512772,41.947777
41.494987,41.916939
41.484993,41.905266
41.478043,41.901375
41.458321,41.883041
41.428879,41.837769
41.428322,41.833321
41.42971,41.828606
41.433601,41.820824
41.468597,41.75972
41.492493,41.724709
41.518044,41.569153
41.523876,41.531559
41.627213,41.609428
41.641663,41.622765
41.645264,41.635544
41.644997,41.642769
41.642769,41.649994
41.643883,41.657204
41.671654,41.683868
41.7211,41.727211
41.725548,41.730263
41.809433,41.772758
41.821663,41.774994
41.841927,41.776093
41.885628,41.774727
41.961372,41.760818
42.121094,41.661652
42.130547,41.656647
42.140831,41.652489
42.154427,41.653313
42.169716,41.656647
42.181931,41.65554
42.220261,41.64666
42.271935,41.632767
42.350266,41.596375
42.358597,41.589432
42.405777,41.547623
---
