5.763611,0.663889
5.758333,0.665
5.754167,0.662222
5.764166,0.464722
5.770277,0.405833
5.774166,0.383333
5.777778,0.366111
5.778055,0.359167
5.776388,0.309722
5.757777,0.255833
5.712222,0.138333
5.674166,0.074167
5.6675,0.067222
5.66,0.061111
5.631666,0.040556
5.626389,0.032222
5.578055,-0.069167
5.528333,-0.21
5.512777,-0.261111
5.509722,-0.271389
5.503888,-0.299444
5.49314,-0.357858
5.436944,-0.428333
5.380555,-0.478889
5.370555,-0.489167
5.367777,-0.493333
5.354166,-0.534167
5.353611,-0.571111
5.349722,-0.587778
5.327499,-0.649722
5.307777,-0.69
5.3025,-0.698333
5.295833,-0.705833
5.285,-0.715556
5.273055,-0.724167
5.263055,-0.734444
5.210555,-0.791389
5.208055,-0.795556
5.206666,-0.799722
5.206111,-0.805833
5.200277,-0.9
5.196111,-0.979445
5.196111,-0.986389
5.197222,-1.038333
5.19861,-1.050556
5.196666,-1.062222
5.192222,-1.071389
5.163055,-1.129167
5.138888,-1.159722
5.124444,-1.179167
5.109166,-1.211667
5.094166,-1.250834
5.090278,-1.267222
5.089722,-1.273334
5.089999,-1.300833
5.065277,-1.415556
5.035,-1.536389
5.019428,-1.568828
5.023889,-1.590556
5.024722,-1.596667
5.024166,-1.602778
5.020833,-1.613333
5.012777,-1.625834
4.91361,-1.736389
4.768611,-1.955833
4.730833,-2.058889
4.726388,-2.083889
4.727777,-2.089723
4.747222,-2.104167
4.876944,-2.257223
4.888611,-2.273056
4.895,-2.287222
4.913888,-2.33
4.919444,-2.351944
4.923888,-2.375
4.925278,-2.3875
4.931944,-2.435833
4.946388,-2.504167
4.956944,-2.548611
4.966944,-2.586667
5.006389,-2.73
5.023055,-2.842778
5.027499,-2.865834
5.048055,-2.968889
5.051666,-2.986111
5.063055,-3.036667
5.064444,-3.042222
5.074721,-3.072778
5.085022,-3.103041
5.109545,-3.102272
5.107222,-3.041667
5.083055,-2.975556
5.100222,-2.928128
5.100833,-2.753612
5.112778,-2.734445
5.135278,-2.729445
5.147499,-2.729167
5.173055,-2.744167
5.201666,-2.761667
5.206666,-2.763611
5.280277,-2.783611
5.349999,-2.773334
5.35111,-2.767778
5.35111,-2.761111
5.446388,-2.741667
5.579166,-2.764445
5.615555,-2.7975
5.629444,-2.84
5.624444,-2.88
5.616944,-2.9
5.611111,-2.926667
5.611944,-2.932778
5.613889,-2.937778
5.627222,-2.960278
5.7075,-3.013611
5.857778,-3.006389
5.991944,-3.070278
6.111666,-3.088611
6.145277,-3.094722
6.246944,-3.144722
6.248888,-3.149445
6.256312,-3.168039
6.266944,-3.167222
6.272222,-3.167222
6.292777,-3.169167
6.446944,-3.207222
6.542777,-3.231945
6.611388,-3.249167
6.616111,-3.248611
6.637221,-3.245
6.642221,-3.243056
6.654444,-3.234723
6.695277,-3.206667
6.753333,-3.208889
6.818616,-3.224442
7.001944,-3.118889
7.050622,-3.096355
7.073055,-3.023889
7.262221,-2.973333
7.431944,-2.948611
7.595555,-2.923611
7.741981,-2.854988
7.756666,-2.839723
7.853611,-2.785
7.939166,-2.775834
7.946666,-2.774445
8.023054,-2.660278
8.121944,-2.600278
8.164165,-2.560278
8.197777,-2.487778
8.249443,-2.495556
8.644722,-2.559445
8.713333,-2.570834
8.764999,-2.579445
8.771353,-2.581614
8.781246,-2.584993
8.779722,-2.608334
8.780554,-2.614445
8.78414,-2.617796
8.808332,-2.599722
8.813332,-2.597778
8.818609,-2.596111
8.82472,-2.595556
8.843332,-2.597222
8.914444,-2.616667
9.009443,-2.651945
9.013054,-2.655556
9.01861,-2.663611
9.022778,-2.673334
9.024166,-2.678889
9.032776,-2.726111
9.033054,-2.733056
9.06361,-2.7675
9.121666,-2.760834
9.195555,-2.716945
9.203888,-2.710556
9.220833,-2.693056
9.229721,-2.681111
9.382776,-2.667778
9.460554,-2.673334
9.471388,-2.676111
9.481817,-2.685561
9.487499,-2.689167
9.508097,-2.702553
9.519999,-2.711945
9.526943,-2.718889
9.529722,-2.722778
9.540833,-2.739445
9.542776,-2.744445
9.551943,-2.756945
9.559444,-2.763611
9.567778,-2.769167
9.572777,-2.771111
9.578888,-2.771945
9.598055,-2.770278
9.603611,-2.768889
9.624998,-2.7625
9.629721,-2.760278
9.65304,-2.744666
9.654999,-2.749444
9.657776,-2.753612
9.684721,-2.783334
9.688889,-2.786111
9.694443,-2.7875
9.728888,-2.794167
9.735832,-2.794167
9.798887,-2.765
9.802221,-2.761389
10.008055,-2.777223
10.052221,-2.794723
10.057777,-2.796112
10.163055,-2.794445
10.216944,-2.771389
10.270832,-2.790556
10.365555,-2.833889
10.519444,-2.891945
10.598055,-2.916389
10.655277,-2.916111
10.708147,-2.927525
10.734999,-2.908334
10.739166,-2.905556
10.885832,-2.836945
10.957499,-2.833611
11.002007,-2.834048
11.001944,-2.735
11.00111,-2.3
11.000277,-1.991389
11.000277,-1.728611
11.000277,-1.570833
11.018795,-1.56537
11.028332,-1.555
11.026468,-1.419675
10.999722,-1.372778
10.998055,-1.091111
11.013887,-1.092778
11.014721,-1.092222
11.014444,-0.986945
11.006666,-0.902222
10.998055,-0.784444
10.997797,-0.679834
10.988609,-0.678611
10.958887,-0.6675
10.954721,-0.664722
10.913332,-0.622778
10.911665,-0.618333
10.917221,-0.61
11.084721,-0.364167
11.144722,-0.286667
11.149443,-0.288611
11.161943,-0.286944
11.166666,-0.285278
11.144722,-0.176944
11.13854,-0.149762
11.131109,-0.148333
11.121387,-0.144444
11.113609,-0.138333
11.094166,-0.101667
11.092222,-0.096667
11.09111,-0.083611
11.092222,-0.070833
11.100277,-0.051111
11.102777,-0.046667
11.104166,-0.041111
11.104721,-0.034722
11.103611,-0.021111
11.100832,-0.010278
11.096848,0
11.086943,0.025556
11.084166,0.029722
11.074999,0.034444
11.062498,0.035556
11.021387,0.034722
10.995832,0.033333
10.984165,0.031111
10.85861,-0.020278
10.782221,-0.059444
10.702602,-0.082058
10.69861,-0.083611
10.656111,-0.080278
10.645555,-0.077222
10.63722,-0.071667
10.633888,-0.068056
10.628054,-0.06
10.625832,-0.055278
10.608332,-0.002222
10.593332,0.031944
10.588888,0.041667
10.586111,0.045833
10.521669,0.120599
10.409443,0.228889
10.416666,0.282222
10.413887,0.286389
10.410276,0.289722
10.389444,0.303333
10.259443,0.368333
10.248888,0.364722
10.196943,0.357778
10.115276,0.349722
10.098055,0.352778
10.088888,0.3575
10.083887,0.366667
10.081665,0.378333
10.077776,0.388889
10.070833,0.395555
10.066666,0.398333
10.054998,0.4
10.030489,0.400229
10.032499,0.359167
10.031111,0.353611
10.025,0.352778
9.76222,0.324444
9.671389,0.263333
9.663332,0.2575
9.65361,0.253056
9.559444,0.224444
9.540833,0.221944
9.463333,0.216944
9.457222,0.2175
9.432596,0.227784
9.429443,0.230833
9.424999,0.240278
9.420555,0.256944
9.41861,0.276389
9.421389,0.287778
9.439444,0.331389
9.442778,0.335
9.446388,0.338333
9.451111,0.340556
9.479166,0.3475
9.483055,0.350278
9.488609,0.358889
9.489721,0.364444
9.496944,0.414722
9.496666,0.421944
9.494165,0.440556
9.488333,0.462778
9.474443,0.498056
9.472221,0.502778
9.468887,0.506111
9.414999,0.548889
9.411388,0.550833
9.394165,0.553889
9.37361,0.553611
9.361111,0.551944
9.206388,0.5275
9.188055,0.519444
9.157499,0.501111
9.060276,0.455278
9.038332,0.449167
9.032221,0.448333
9.019999,0.448056
8.920832,0.5125
8.918888,0.514444
8.891943,0.520278
8.885555,0.520833
8.844444,0.512778
8.842487,0.511171
8.801109,0.493889
8.796944,0.490833
8.79361,0.4875
8.791666,0.4825
8.760756,0.382735
8.740833,0.3875
8.736111,0.389444
8.695,0.41
8.68611,0.414722
8.599722,0.465556
8.592777,0.4725
8.589998,0.476667
8.555555,0.538333
8.495277,0.630556
8.491665,0.633889
8.476944,0.646944
8.469166,0.652778
8.388611,0.698889
8.326111,0.725278
8.321388,0.727222
8.309721,0.728889
8.296389,0.729444
8.289721,0.729167
8.285,0.726944
8.273054,0.704444
8.254721,0.669444
8.252777,0.664444
8.237499,0.638333
8.21611,0.611667
8.103888,0.596667
8.085554,0.598333
7.89673,0.622926
7.705555,0.596389
7.702222,0.592778
7.694166,0.587222
7.590555,0.523056
7.580277,0.519444
7.557777,0.514167
7.531111,0.512778
7.460555,0.510556
7.423055,0.531667
7.410555,0.539722
7.407222,0.543056
7.389722,0.560833
7.386666,0.564722
7.385278,0.570278
7.384999,0.577222
7.38611,0.589722
7.389166,0.606944
7.398889,0.631389
7.402222,0.641944
7.4,0.646667
7.390277,0.650555
7.369641,0.652951
7.282777,0.652222
7.205555,0.64
7.02,0.609444
7.014444,0.608055
6.995555,0.5925
6.992222,0.588889
6.991111,0.583333
6.947778,0.525
6.816111,0.566944
6.813333,0.571111
6.73861,0.640278
6.730833,0.646389
6.72611,0.648333
6.714999,0.650833
6.701388,0.650555
6.676666,0.647222
6.651667,0.643055
6.644722,0.643055
6.639166,0.644167
6.612222,0.658056
6.608611,0.661389
6.591666,0.686389
6.588888,0.690555
6.584444,0.7
6.584999,0.713055
6.5875,0.724167
6.587222,0.731111
6.585833,0.736667
6.582222,0.74
6.573333,0.744722
6.561666,0.746389
6.552777,0.741389
6.535642,0.724675
6.530555,0.722222
6.518332,0.723333
6.503888,0.726389
6.499166,0.728333
6.447778,0.758889
6.419167,0.785
6.411944,0.791667
6.329444,0.904722
6.327777,1.000278
6.322778,1.002778
6.219444,1.062222
6.160341,1.099975
6.160832,1.115
6.16,1.201111
6.117777,1.202778
6.100546,1.198891
6.094166,1.18
6.089722,1.171111
6.0825,1.157778
6.069444,1.136944
6.040277,1.098889
6.021667,1.076667
6.018332,1.073056
5.961944,1.030555
5.913333,1.01
5.891388,1.003889
5.885278,1.003055
5.872499,1.002222
5.859444,1.0025
5.846389,1.001389
5.84111,1
5.826111,0.994167
5.821388,0.991944
5.810833,0.983333
5.800833,0.972778
5.794722,0.965278
5.780833,0.945
5.771944,0.92
5.756666,0.79
5.748055,0.692222
5.750278,0.6875
5.753611,0.684167
5.764722,0.681667
5.77,0.681667
5.773365,0.694651
5.80111,0.668056
5.805277,0.665278
5.837184,0.650517
5.849999,0.6575
5.877222,0.658056
5.883333,0.6575
5.910277,0.650555
5.939166,0.638889
5.948055,0.634444
5.951666,0.631111
5.996388,0.586667
6.00611,0.575833
6.055245,0.51209
6.061944,0.500833
6.07861,0.455278
6.083055,0.438889
6.084167,0.411944
6.083055,0.406667
6.080555,0.4025
6.076388,0.399444
6.062778,0.3925
6.051389,0.383056
6.046111,0.376111
6.044999,0.370556
6.054166,0.317222
6.056389,0.3125
6.059166,0.308333
6.066111,0.301667
6.070277,0.299167
6.091389,0.278889
6.099166,0.266111
6.102777,0.255833
6.105,0.244167
6.104722,0.231111
6.100833,0.221389
6.095555,0.213056
6.089699,0.208197
6.089722,0.221111
6.085833,0.245
6.079444,0.259444
6.070833,0.271667
6.06111,0.282222
6.058332,0.286389
6.047777,0.296389
6.044999,0.300556
6.038055,0.307222
6.035832,0.311944
6.036388,0.318333
6.035835,0.322384
6.024722,0.348333
6.021944,0.359167
6.021667,0.366111
6.023611,0.377778
6.026111,0.381944
6.03361,0.388333
6.057777,0.405278
6.065277,0.411667
6.070555,0.42
6.071111,0.426111
6.070833,0.433056
6.066667,0.4425
6.043611,0.488889
6.03361,0.506389
5.991944,0.575
5.974999,0.5925
5.971389,0.595833
5.949166,0.614444
5.935555,0.621111
5.893332,0.64
5.878888,0.645833
5.872777,0.645
5.845486,0.63953
---
