15.869999,-61.2566679999999
15.870832,-61.275841
15.871944,-61.283058
15.8799989999999,-61.305557
15.882776,-61.310005
15.8899990000001,-61.316948
15.92861,-61.329445
15.9344440000001,-61.3297269999999
15.972776,-61.309174
16.0091630000001,-61.2752839999999
16.014999,-61.266945
16.012775,-61.261391
15.993332,-61.23806
15.952499,-61.2022249999999
15.9447210000001,-61.196114
15.9211099999999,-61.186951
15.915554,-61.186394
15.9100000000001,-61.1875
15.9027770000001,-61.19445
15.882776,-61.222778
15.8772220000001,-61.230835
15.8716660000001,-61.24556
---
16.295555,-61.081673
16.2958300000001,-61.08667
16.3008310000001,-61.0877839999999
16.304722,-61.085838
16.308331,-61.0822299999999
16.3255540000001,-61.0594479999999
16.334164,-61.047226
16.346664,-61.025284
16.348888,-61.020836
16.350277,-61.015282
16.348888,-61.0019449999999
16.3461070000001,-60.9886169999999
16.340832,-60.990837
16.3352780000001,-60.998894
16.3111079999999,-61.0372239999999
---
16.3330539999999,-61.339447
16.3336110000001,-61.333618
16.3266640000001,-61.291672
16.3233300000001,-61.279167
16.3188860000001,-61.2686159999999
16.312775,-61.2600019999999
16.2672200000001,-61.2055589999999
16.253052,-61.225838
16.200554,-61.454727
16.200275,-61.4669489999999
16.201385,-61.474167
16.208332,-61.498337
16.212776,-61.509171
16.222221,-61.521118
16.231667,-61.53334
16.2295320000001,-61.54723
16.2281110000001,-61.563892
16.2269440000001,-61.567062
16.224277,-61.568893
16.2047200000001,-61.581116
16.1986079999999,-61.58139
16.1930540000001,-61.580833
16.166111,-61.576668
16.1608310000001,-61.575279
16.142498,-61.567505
16.076111,-61.555557
16.0544430000001,-61.5527799999999
16.0338860000001,-61.5594479999999
16.0294420000001,-61.5624999999999
16.0183300000001,-61.572784
15.989721,-61.606949
15.965277,-61.648338
15.947777,-61.685005
15.946388,-61.690559
15.9491650000001,-61.695007
16.0158310000001,-61.736946
16.0477750000001,-61.75695
16.056664,-61.761391
16.2419430000001,-61.793892
16.2641639999999,-61.7961119999999
16.306942,-61.793617
16.3330539999999,-61.7836149999999
16.3511090000001,-61.759727
16.3597220000001,-61.7477799999999
16.3611110000001,-61.7425
16.3622210000001,-61.730835
16.360275,-61.726669
16.324718,-61.655838
16.283886,-61.6097259999999
16.2786100000001,-61.610283
16.2752760000001,-61.606674
16.275103,-61.581547
16.2843740000001,-61.557926
16.284899,-61.556717
16.290249,-61.54187
16.3486100000001,-61.4988939999999
16.3930550000001,-61.522507
16.4177740000001,-61.529449
16.4333310000001,-61.532784
16.439163,-61.53334
16.451942,-61.53167
16.4608309999999,-61.526115
16.484997,-61.50695
16.5108300000001,-61.4702839999999
16.513611,-61.4661179999999
16.5141640000001,-61.460281
16.5130540000001,-61.456673
16.498886,-61.436111
16.476665,-61.407784
16.472775,-61.4047239999999
16.468052,-61.402504
16.4327770000001,-61.3930589999999
16.4219440000001,-61.3913959999999
16.3997190000001,-61.399445
16.3927760000001,-61.400284
16.387775,-61.3988949999999
16.378887,-61.3947299999999
16.351387,-61.373337
16.3441659999999,-61.366394
16.3380550000001,-61.35778
16.334164,-61.346115
---
17.87833,-62.835556
17.8791660000001,-62.8411179999999
17.8825000000001,-62.845001
17.9130550000001,-62.870003
17.9175,-62.872505
17.9233320000001,-62.8730619999999
17.9297220000001,-62.869171
17.9302750000001,-62.863335
17.9180530000001,-62.8116679999999
17.912498,-62.7908399999999
17.907497,-62.789452
17.9027750000001,-62.7908399999999
17.888332,-62.811394
---
