49.4224930000001,-2.59722199999999
49.4258270000001,-2.65444500000001
49.428055,-2.66583299999996
49.43055,-2.66916699999996
49.4341660000001,-2.670278
49.438332,-2.66916699999996
49.456665,-2.65611100000001
49.4588850000001,-2.65222299999994
49.4908290000001,-2.57916699999993
49.5075000000001,-2.53916700000002
49.508888,-2.53388899999993
49.507774,-2.501667
49.5,-2.50027799999992
49.4274980000001,-2.52666699999997
49.4252780000001,-2.53027799999995
49.423332,-2.55555599999997
49.4224930000001,-2.59083399999997
---
