11.0430549999999,-15.925556
11.0483320000001,-15.975557
11.0494440000001,-15.9811119999999
11.0619430000001,-15.9830569999999
11.1007530000001,-15.961337
11.1298159999999,-15.944423
11.151257,-15.9575249999999
11.1786100000001,-15.960556
11.1913870000001,-15.9525009999999
11.1949999999999,-15.94639
11.193609,-15.934446
11.1716650000001,-15.914446
11.144722,-15.899168
11.083611,-15.879723
11.078054,-15.878056
11.071388,-15.877501
11.0594440000001,-15.879168
11.0552770000001,-15.8819449999999
11.052221,-15.885834
---
11.066111,-16.010834
11.0666660000001,-16.0172229999999
11.0697210000001,-16.0208359999999
11.0941660000001,-16.033058
11.1569440000001,-16.0619469999999
11.163055,-16.06139
11.1752780000001,-16.053059
11.182499,-16.046391
11.1883319999999,-16.038059
11.1905540000001,-16.033337
11.1974980000001,-16.016113
11.202221,-15.9861129999999
11.2024990000001,-15.980556
11.1991649999999,-15.9769459999999
11.195276,-15.975
11.1897220000001,-15.9736119999999
11.1341650000001,-15.968889
11.128054,-15.969168
11.112499,-15.974167
11.071388,-16.001945
11.068333,-16.005836
---
11.024721,-16.154724
11.025833,-16.160557
11.0350000000001,-16.18417
11.039999,-16.19278
11.05361,-16.2138899999999
11.056944,-16.217503
11.07472,-16.234447
11.0827770000001,-16.240559
11.0874999999999,-16.242779
11.1005550000001,-16.2441669999999
11.1055550000001,-16.242226
11.1133330000001,-16.236389
11.166943,-16.1636119999999
11.204443,-16.110558
11.206944,-16.0825
11.204443,-16.078056
11.190277,-16.0552789999999
11.1855550000001,-16.0527799999999
11.1669800000001,-16.0678249999999
11.1424430000001,-16.066395
11.128387,-16.05377
11.116714,-16.051388
11.0998000000001,-16.0542449999999
11.077499,-16.0486149999999
11.070555,-16.048889
11.039721,-16.0600009999999
11.0263880000001,-16.081947
11.0255550000001,-16.0880579999999
---
11.195555,-15.8719459999999
11.19611,-15.878056
11.19861,-15.882502
11.207777,-15.894167
11.220276,-15.904167
11.2249980000001,-15.9063889999999
11.2616650000001,-15.888334
11.265833,-15.885834
11.2908330000001,-15.8691669999999
11.2986110000001,-15.863335
11.3025,-15.854168
11.3008330000001,-15.830278
11.2983320000001,-15.8258339999999
11.2894440000001,-15.820835
11.2838880000001,-15.821667
11.223888,-15.8358349999999
11.199999,-15.862223
---
11.1638869999999,-15.763056
11.1649990000001,-15.76889
11.168888,-15.771667
11.1974980000001,-15.778612
11.2258320000001,-15.77639
11.2697220000001,-15.753056
11.2930550000001,-15.721668
11.298887,-15.713612
11.305277,-15.691389
11.3055550000001,-15.687223
11.306389,-15.667501
11.303888,-15.663057
11.3019430000001,-15.661112
11.29361,-15.658056
11.2413880000001,-15.655556
11.2344440000001,-15.655279
11.229721,-15.656946
11.225555,-15.659723
11.2225000000001,-15.663889
11.166943,-15.7400019999999
---
11.2097210000001,-16.2391699999999
11.209999,-16.245556
11.22361,-16.2813909999999
11.2261100000001,-16.2844469999999
11.2472210000001,-16.278336
11.252222,-16.27639
11.2816659999999,-16.264446
11.284443,-16.260559
11.30722,-16.228615
11.3083320000001,-16.222225
11.3047220000001,-16.2080569999999
11.292221,-16.1661149999999
11.2902770000001,-16.160835
11.286388,-16.158058
11.2669430000001,-16.1449999999999
11.261389,-16.1433329999999
11.216665,-16.172501
11.2152770000001,-16.1777799999999
---
11.434166,-15.711945
11.435276,-15.717501
11.4536090000001,-15.7408349999999
11.458332,-15.743057
11.4624999999999,-15.740557
11.493332,-15.698334
11.4955540000001,-15.6936109999999
11.5022220000001,-15.665834
11.5002769999999,-15.660557
11.459999,-15.651112
11.441111,-15.6744459999999
11.4394440000001,-15.679724
---
11.436388,-16.2400019999999
11.440832,-16.29528
11.444166,-16.2988889999999
11.4494440000001,-16.300556
11.457499,-16.294445
11.5016650000001,-16.241112
11.512777,-16.209167
11.5144440000001,-16.203613
11.519722,-16.181393
11.519999,-16.175835
11.514999,-16.1644479999999
11.510832,-16.161392
11.5047210000001,-16.161667
11.4858320000001,-16.1644479999999
11.48111,-16.166389
11.477499,-16.169724
11.4436090000001,-16.2038919999999
11.4405540000001,-16.2080569999999
11.439722,-16.21278
---
11.5000000000001,-16.268333
11.4883330000001,-16.279167
11.4772210000001,-16.312225
11.487778,-16.322781
11.49111,-16.3263889999999
11.497776,-16.333614
11.5002769999999,-16.338058
11.5077759999999,-16.3686139999999
11.5008320000001,-16.3838919999999
11.497776,-16.3880579999999
11.488609,-16.3922229999999
11.4849990000001,-16.395836
11.481943,-16.406948
11.4816670000001,-16.413891
11.4827770000001,-16.419445
11.5280550000001,-16.422501
11.5327760000001,-16.421947
11.535831,-16.418056
11.5458320000001,-16.3938899999999
11.547499,-16.3880579999999
11.576944,-16.271946
11.5774989999999,-16.244724
11.57361,-16.2416689999999
11.5647220000001,-16.238892
11.5499990000001,-16.2450029999999
11.536665,-16.250557
---
11.417221,-16.034725
11.44972,-16.065002
11.5469440000001,-16.0147249999999
11.5766659999999,-15.9813899999999
11.594166,-15.9583339999999
11.5858330000001,-15.917778
11.5774989999999,-15.9055559999999
11.5422209999999,-15.9030569999999
11.4702760000001,-15.9097229999999
11.44861,-15.915001
11.4261090000001,-15.941389
11.423887,-15.94639
11.423054,-15.9525009999999
---
11.5055540000001,-15.5694449999999
11.5066660000001,-15.575279
11.5202770000001,-15.630001
11.5305540000001,-15.6325019999999
11.535276,-15.633612
11.571943,-15.595001
11.6083320000001,-15.5338899999999
11.6244430000001,-15.5
11.633055,-15.475834
11.6311090000001,-15.472223
11.6255550000001,-15.470835
11.6108320000001,-15.476389
11.5602760000001,-15.500834
11.523333,-15.545
11.517221,-15.553057
---
11.7536110000001,-16.085281
11.7547210000001,-16.090836
11.757221,-16.0952799999999
11.8041650000001,-16.153893
11.8074990000001,-16.157501
11.8122220000001,-16.160004
11.840832,-16.165558
11.86861,-16.162224
11.8708320000001,-16.159168
11.8724989999999,-16.153614
11.9055540000001,-15.9838909999999
11.905832,-15.978334
11.8799990000001,-15.983334
11.8730550000001,-15.985001
11.8527770000001,-15.9919449999999
11.763611,-16.025837
11.7588880000001,-16.027779
11.7558330000001,-16.031948
---
11.833887,-16.261112
11.851387,-16.291946
11.890276,-16.316113
11.9652770000001,-16.303337
11.9716660000001,-16.30167
11.968054,-16.295002
11.918128,-16.2509919999999
11.898361,-16.2306689999999
11.8766650000001,-16.184723
11.8708320000001,-16.1819459999999
11.842222,-16.216946
11.8377760000001,-16.230003
11.8369430000001,-16.236389
---
12.678888,-14.393057
12.678888,-14.341755
12.6777760000001,-14.145834
12.6769430000001,-14.128056
12.676109,-13.998611
12.676388,-13.8575
12.677221,-13.713139
12.6427760000001,-13.718334
12.618332,-13.720835
12.598331,-13.720835
12.5744439999999,-13.716667
12.5641649999999,-13.712778
12.5499990000001,-13.7058329999999
12.533888,-13.69389
12.519165,-13.680557
12.499166,-13.658611
12.4919429999999,-13.6522239999999
12.4824980000001,-13.647501
12.4713880000001,-13.644167
12.458332,-13.643057
12.446665,-13.644724
12.323055,-13.666945
12.314165,-13.671667
12.2929610000001,-13.695593
12.2805540000001,-13.703611
12.2580550000001,-13.731668
12.253611,-13.800001
12.253611,-13.805557
12.254721,-13.811388
12.260277,-13.811388
12.2638870000001,-13.808054
12.269722,-13.800001
12.273054,-13.796667
12.277498,-13.79389
12.283054,-13.792778
12.287777,-13.795
12.292221,-13.804167
12.2927760000001,-13.810556
12.27861,-13.859444
12.2097210000001,-13.956381
12.202526,-13.963114
12.1966720000001,-13.966133
12.187233,-13.968397
12.1547580000001,-13.971035
12.1522220000001,-13.956926
12.148611,-13.926378
12.123333,-13.881384
12.111387,-13.8722169999999
12.044443,-13.793056
12.0347209999999,-13.7763899999999
12.029442,-13.747223
12.029163,-13.740837
12.0230520000001,-13.719725
12.016941,-13.711668
12.0127750000001,-13.708612
12.0075000000001,-13.706945
12,-13.70645
11.7808320000001,-13.70389
11.7199990000001,-13.707224
11.715277,-13.7091669999999
11.6883320000001,-13.7672229999999
11.685276,-13.778612
11.640833,-13.9950009999999
11.6411090000001,-14.0083349999999
11.642946,-14.074614
11.640833,-14.079445
11.639721,-14.085556
11.639721,-14.104723
11.640833,-14.1102789999999
11.642776,-14.115557
11.655832,-14.136946
11.666388,-14.1472229999999
11.6788880000001,-14.27639
11.675278,-14.279724
11.6669430000001,-14.285278
11.6288870000001,-14.3091679999999
11.574999,-14.401945
11.559118,-14.4313159999999
11.5166660000001,-14.505835
11.5122200000001,-14.515278
11.5099980000001,-14.5352779999999
11.5088880000001,-14.5633339999999
11.509443,-14.582779
11.514166,-14.592224
11.516388,-14.6036129999999
11.516388,-14.637222
11.515276,-14.665279
11.5136110000001,-14.678057
11.511944,-14.682222
11.509722,-14.6869449999999
11.5002769999999,-14.698612
11.4858320000001,-14.711945
11.389444,-14.781389
11.356388,-14.803057
11.3477760000001,-14.808334
11.3105550000001,-14.825834
11.2952770000001,-14.830833
11.2688879999999,-14.8380569999999
11.2527770000001,-14.8422239999999
11.2311100000001,-14.847778
11.176666,-14.868057
11.075832,-14.925001
11.0163880000001,-14.961945
10.9602780000001,-15.009167
10.9564510000001,-15.0168479999999
10.935833,-15.049723
10.9241660000001,-15.0808329999999
10.9227769999999,-15.085001
10.923887,-15.090557
10.926388,-15.095001
10.93111,-15.097223
10.974443,-15.115835
10.9808330000001,-15.115557
11.0655540000001,-15.0994449999999
11.1027770000001,-15.0750009999999
11.1374990000001,-15.0397219999999
11.140276,-15.035833
11.144999,-15.026112
11.195276,-15.022779
11.132221,-15.0977779999999
11.0861110000001,-15.152224
11.0677209999999,-15.167278
11.0628879999999,-15.170945
11.060388,-15.1724449999999
11.0478890000001,-15.1769459999999
11.0350000000001,-15.1850009999999
11.0052779999999,-15.204445
10.9955540000001,-15.2227779999999
10.9933320000001,-15.227501
10.9938890000001,-15.2338909999999
11.0008319999999,-15.2475009999999
11.023888,-15.273056
11.0299990000001,-15.274168
11.0350000000001,-15.272223
11.0586110000001,-15.247223
11.062498,-15.237501
11.06361,-15.231112
11.079109,-15.2202229999999
11.081277,-15.2180559999999
11.083776,-15.216557
11.089276,-15.2138889999999
11.092278,-15.2127229999999
11.1261099999999,-15.202501
11.132221,-15.201946
11.2266650000001,-15.20389
11.2319430000001,-15.204168
11.2338889999999,-15.208889
11.2344440000001,-15.215279
11.2311100000001,-15.226667
11.2197210000001,-15.235834
11.2080550000001,-15.237501
11.195555,-15.2355559999999
11.179998,-15.230001
11.1672210000001,-15.221668
11.161943,-15.220001
11.148054,-15.2194459999999
11.1419430000001,-15.220001
11.1319430000001,-15.2236119999999
11.127777,-15.2263889999999
11.1238880000001,-15.236668
11.1230550000001,-15.243057
11.125555,-15.279446
11.1305540000001,-15.307222
11.139166,-15.349167
11.1444440000001,-15.357779
11.177776,-15.400557
11.1849990000001,-15.4072229999999
11.195276,-15.4111119999999
11.2013870000001,-15.4122239999999
11.2827760000001,-15.42639
11.288887,-15.427223
11.2952770000001,-15.426668
11.3247200000001,-15.4152789999999
11.3691650000001,-15.389168
11.373333,-15.386391
11.375555,-15.381668
11.375277,-15.3752779999999
11.3627780000001,-15.360001
11.3602770000001,-15.355835
11.358889,-15.35
11.360832,-15.3375019999999
11.3661100000001,-15.328611
11.377777,-15.312223
11.397499,-15.289167
11.407499,-15.278334
11.423054,-15.26639
11.425913,-15.26528
11.3799989999999,-15.3255559999999
11.3775550000001,-15.3450569999999
11.3835060000001,-15.360075
11.3959740000001,-15.362342
11.4053250000001,-15.38076
11.3832230000001,-15.421566
11.3455340000001,-15.4422519999999
11.327499,-15.492224
11.3280540000001,-15.498335
11.33,-15.503334
11.333055,-15.506945
11.338055,-15.509167
11.3502770000001,-15.508612
11.4577770000001,-15.4752789999999
11.585278,-15.325834
11.618055,-15.2844449999999
11.620554,-15.279724
11.640833,-15.1877779999999
11.6174980000001,-15.115002
11.615555,-15.110001
11.6116660000001,-15.1069449999999
11.590832,-15.092779
11.5713880000001,-15.096111
11.5763870000001,-15.0372239999999
11.594166,-15.0272239999999
11.628332,-15.087223
11.6563869999999,-15.172779
11.649166,-15.287224
11.631666,-15.3225
11.641943,-15.3263889999999
11.681463,-15.339035
11.681944,-15.3416669999999
11.6797220000001,-15.346111
11.624998,-15.384167
11.6013870000001,-15.3725009999999
11.5958330000001,-15.3708339999999
11.590555,-15.3719459999999
11.5786090000001,-15.391111
11.5502780000001,-15.439167
11.550833,-15.4441679999999
11.5533330000001,-15.448612
11.557499,-15.4513889999999
11.562222,-15.45389
11.595276,-15.467224
11.602221,-15.467501
11.612778,-15.464445
11.615555,-15.460279
11.619444,-15.4500009999999
11.623888,-15.4472239999999
11.6486110000001,-15.432222
11.660555,-15.42639
11.669443,-15.4247229999999
11.682777,-15.4230559999999
11.683666,-15.423529
11.6724990000001,-15.4513889999999
11.674166,-15.5283339999999
11.675278,-15.5338899999999
11.6830540000001,-15.547224
11.697222,-15.55139
11.7233310000001,-15.5566669999999
11.7274990000001,-15.555557
11.7774979999999,-15.530001
11.8652760000001,-15.458612
11.8799990000001,-15.438057
11.8849979999999,-15.384724
11.8849979999999,-15.3791679999999
11.881109,-15.36278
11.875277,-15.347778
11.8697200000001,-15.332779
11.8674980000001,-15.32139
11.8655550000001,-15.2499999999999
11.865,-15.2155569999999
11.8655550000001,-15.202778
11.870277,-15.1861109999999
11.8933320000001,-15.130835
11.8541660000001,-15.08889
11.848888,-15.087502
11.808887,-15.0708349999999
11.7999990000001,-15.065556
11.792776,-15.058889
11.7544440000001,-14.9827789999999
11.7480550000001,-14.968334
11.746944,-14.962778
11.746944,-14.9491669999999
11.7477760000001,-14.94278
11.750832,-14.931946
11.7575,-14.924446
11.763054,-14.9230559999999
11.7632160000001,-14.92412
11.760555,-14.929445
11.7566660000001,-14.945557
11.7580550000001,-14.9574999999999
11.8186090000001,-15.052223
11.822498,-15.055279
11.841389,-15.064445
11.846943,-15.0661129999999
11.8586100000001,-15.0675009999999
11.948332,-15.0272239999999
11.9522210000001,-15.017223
11.956791,-14.990891
11.9580540000001,-14.9911119999999
11.9699290000001,-15
11.9741650000001,-15.003889
11.9800000000001,-15.011667
11.9811100000001,-15.017502
11.984722,-15.0669459999999
11.984999,-15.080278
11.9833320000001,-15.085835
11.9619430000001,-15.135834
11.959166,-15.1400009999999
11.951944,-15.1466669999999
11.939165,-15.154446
11.9319440000001,-15.160002
11.9219440000001,-15.170557
11.910276,-15.187223
11.9033320000001,-15.201668
11.902498,-15.208057
11.9052770000001,-15.2255569999999
11.9230539999999,-15.3102779999999
11.9305550000001,-15.316946
11.940277,-15.327778
11.9594440000001,-15.350557
11.9630550000001,-15.360556
11.964443,-15.379723
11.963333,-15.4063889999999
11.9588870000001,-15.430834
11.938332,-15.4919449999999
11.93611,-15.4969459999999
11.9330540000001,-15.5011119999999
11.8968790000001,-15.5390449999999
11.8508320000001,-15.586113
11.8372209999999,-15.6002789999999
11.809999,-15.643612
11.804722,-15.652224
11.7991660000001,-15.668335
11.7978630000001,-15.681672
11.789165,-15.7425
11.767776,-15.851946
11.7344440000001,-15.952223
11.7330549999999,-15.9574999999999
11.7341650000001,-15.963335
11.739443,-15.964724
11.7705550000001,-15.965557
11.7766670000001,-15.965
11.866943,-15.9333339999999
11.876944,-15.929724
11.890276,-15.921112
11.9616659999999,-15.868057
11.9725,-15.857779
11.9819430000001,-15.84639
11.9863870000001,-15.8366679999999
12.00111,-15.800835
12.0019439999999,-15.7944449999999
12.0016650000001,-15.7880569999999
12,-15.781389
11.995277,-15.77528
11.98361,-15.772501
11.9797210000001,-15.769445
11.974443,-15.7608339999999
11.9649979999999,-15.726667
11.967777,-15.722502
11.972221,-15.7197229999999
12,-15.705929
12.004444,-15.704445
12.0099049999999,-15.7058109999999
11.994444,-15.728613
11.991665,-15.732779
11.99111,-15.758057
11.993055,-15.763056
11.996387,-15.766668
12,-15.766848
12.008055,-15.76639
12.011389,-15.77
12.015833,-15.779446
12.016666,-15.7922229999999
12.016666,-15.852779
12,-15.8980559999999
11.988888,-15.919168
11.980276,-15.928612
11.9563880000001,-15.93889
11.950832,-15.940279
11.942499,-15.945278
11.934444,-15.952223
11.921389,-15.966667
11.915554,-15.975
11.9133320000001,-15.980001
11.8825000000001,-16.11528
11.881388,-16.1216699999999
11.881943,-16.128056
11.9055540000001,-16.202778
11.925554,-16.2450029999999
11.9308320000001,-16.2533339999999
11.9790970000001,-16.2791099999999
11.9888410000001,-16.296091
11.9927769999999,-16.33028
11.9966640000001,-16.333893
11.9999980000001,-16.335659
12.006943,-16.338058
12.0313869999999,-16.343613
12.1058330000001,-16.349724
12.1463870000001,-16.336113
12.15111,-16.334446
12.1555540000001,-16.3316689999999
12.1591660000001,-16.3283349999999
12.2222209999999,-16.260002
12.248055,-16.221947
12.259443,-16.197781
12.2816660000001,-16.1441689999999
12.287777,-16.136112
12.291388,-16.132778
12.330832,-16.110558
12.335833,-16.1200029999999
12.2894440000001,-16.2172239999999
12.280832,-16.229725
12.24111,-16.2813909999999
12.1961099999999,-16.34639
12.1916660000001,-16.354725
12.1719440000001,-16.452503
12.1716650000001,-16.458057
12.183332,-16.493057
12.1858330000001,-16.497501
12.2108330000001,-16.506668
12.217222,-16.5075039999999
12.2575000000001,-16.543892
12.267221,-16.5552789999999
12.2724990000001,-16.563614
12.277498,-16.572502
12.3355539999999,-16.676392
12.336666,-16.681946
12.3363880000001,-16.6875
12.334166,-16.692501
12.322426,-16.71777
12.336666,-16.710281
12.3488880000001,-16.7016679999999
12.3561100000001,-16.6947249999999
12.3583320000001,-16.690281
12.359999,-16.684448
12.360832,-16.663334
12.3583320000001,-16.5525019999999
12.357498,-16.5469469999999
12.3547210000001,-16.542503
12.3475,-16.522224
12.3477760000001,-16.5150029999999
12.3747220000001,-16.381668
12.460833,-16.209167
12.4713880000001,-16.1022219999999
12.472776,-16.081947
12.471666,-16.0627779999999
12.467222,-16.040001
12.460554,-16.0191689999999
12.451666,-16.000557
12.4361100000001,-15.962223
12.448112,-15.88847
12.4405540000001,-15.809446
12.4299980000001,-15.6852779999999
12.462776,-15.614723
12.551407,-15.419403
12.598055,-15.361389
12.615833,-15.334446
12.684721,-15.2180559999999
12.6827769999999,-14.923334
12.6819439999999,-14.8744469999999
12.681389,-14.658335
12.6805550000001,-14.640278
12.6797220000001,-14.516945
---
