18.0561099999999,-73.5905609999999
18.056942,-73.6616669999999
18.0572200000001,-73.667511
18.059719,-73.672501
18.0847210000001,-73.705002
18.0911100000001,-73.707504
18.101387,-73.706116
18.1044430000001,-73.7022249999999
18.104721,-73.696945
18.1041640000001,-73.66806
18.091389,-73.603897
18.0897219999999,-73.598068
18.0847210000001,-73.588348
18.0786090000001,-73.580002
18.0744440000001,-73.577515
18.0624960000001,-73.576401
18.056942,-73.584732
---
18.581387,-73.7508389999999
18.5819440000001,-73.757782
18.5938870000001,-73.7902829999999
18.5963860000001,-73.795288
18.5999980000001,-73.798615
18.605553,-73.799728
18.6247220000001,-73.798065
18.6369439999999,-73.78334
18.6377749999999,-73.777512
18.6344409999999,-73.758057
18.628609,-73.7258449999999
18.624443,-73.715286
18.617775,-73.707779
18.612778,-73.706116
18.6072200000001,-73.7063899999999
18.6024969999999,-73.7088929999999
18.584164,-73.739456
---
18.695553,-72.825836
18.7269440000001,-72.850006
18.741386,-72.931946
18.7788889999999,-73.064178
18.834164,-73.218063
18.8563879999999,-73.246948
18.8999979999999,-73.287506
18.9074969999999,-73.2944489999999
18.9166640000001,-73.2986149999999
18.927219,-73.300003
18.9430540000001,-73.289459
18.94611,-73.285278
18.958332,-73.262512
18.9686090000001,-73.224457
18.969997,-73.205292
18.9688870000001,-73.1988979999999
18.923054,-73.072784
18.8938870000001,-72.998062
18.834999,-72.857224
18.8288880000001,-72.8488919999999
18.8122220000001,-72.8297269999999
18.804443,-72.8238979999999
18.7913860000001,-72.816391
18.7863880000001,-72.814453
18.7763859999999,-72.8111109999999
18.734722,-72.799454
18.698887,-72.8155669999999
---
19.884432,-72.579445
19.8455540000001,-72.540009
19.820553,-72.493057
19.762775,-72.317505
19.749443,-72.2094569999999
19.7455519999999,-72.20639
19.742496,-72.202225
19.7388879999999,-72.190567
19.7225000000001,-72.097504
19.720833,-72.05806
19.7236100000001,-71.980835
19.711941,-71.818893
19.7058300000001,-71.754181
19.6991650000001,-71.7480619999999
19.6880530000001,-71.7380679999999
19.6841659999999,-71.735001
19.679157,-71.733063
19.6547200000001,-71.735291
19.62722,-71.737793
19.6102750000001,-71.735001
19.5855520000001,-71.726395
19.576111,-71.7222289999999
19.566666,-71.7177889999999
19.5494420000001,-71.707779
19.5394440000001,-71.7044529999999
19.4983330000001,-71.691956
19.4858320000001,-71.691681
19.405552,-71.6966709999999
19.4002760000001,-71.6986239999999
19.359997,-71.7236179999999
19.2858310000001,-71.7447359999999
19.257774,-71.715561
19.2416650000001,-71.696121
19.235554,-71.68779
19.228886,-71.672226
19.22583,-71.6602779999999
19.2197210000001,-71.629181
19.2072220000001,-71.628891
19.200275,-71.62973
19.164719,-71.634171
19.1580539999999,-71.63501
19.1397210000001,-71.638901
19.1341630000001,-71.640839
19.119442,-71.6544489999999
19.0197220000001,-71.75
18.9577750000001,-71.779175
18.9541660000001,-71.7758479999999
18.883888,-71.7194519999999
18.879719,-71.7169489999999
18.8747220000001,-71.7152859999999
18.7933310000001,-71.7086179999999
18.78722,-71.7086179999999
18.780277,-71.7091669999999
18.749722,-71.715836
18.7213860000001,-71.724167
18.71611,-71.7261199999999
18.707497,-71.732224
18.7052760000001,-71.736679
18.7041659999999,-71.756119
18.7008319999999,-71.766113
18.69611,-71.775284
18.6744420000001,-71.789734
18.6288870000001,-71.8236239999999
18.622498,-71.83168
18.616665,-71.8533479999999
18.608608,-71.8983459999999
18.608608,-71.905014
18.611111,-71.910568
18.6147190000001,-71.913895
18.623608,-71.9189
18.62722,-71.922226
18.6291660000001,-71.9280699999999
18.6241650000001,-71.970566
18.619442,-71.979736
18.60083,-72.003067
18.5924989999999,-71.9969479999999
18.547222,-71.949173
18.4927750000001,-71.897232
18.485275,-71.890564
18.4772189999999,-71.88501
18.4730530000001,-71.885284
18.4583320000001,-71.905563
18.4536090000001,-71.90834
18.4483300000001,-71.910278
18.441944,-71.910004
18.437775,-71.907501
18.4313890000001,-71.89917
18.375832,-71.810562
18.356667,-71.7789
18.3405530000001,-71.743057
18.3302760000001,-71.716675
18.3222200000001,-71.694733
18.292532,-71.715515
18.2844430000001,-71.72139
18.207497,-71.7672269999999
18.2022210000001,-71.7691799999999
18.19611,-71.770279
18.1805529999999,-71.765839
18.1455540000001,-71.753891
18.0955540000001,-71.7489009999999
18.088608,-71.749451
18.0385020000001,-71.767868
18.0477750000001,-71.796112
18.0533330000001,-71.805283
18.0644419999999,-71.8150019999999
18.0688860000001,-71.817505
18.0855520000001,-71.820282
18.111664,-71.835281
18.1711080000001,-71.9039
18.1741640000001,-71.908066
18.184719,-71.926682
18.2397190000001,-72.069168
18.240276,-72.075562
18.236111,-72.091949
18.228054,-72.138336
18.221386,-72.186401
18.215832,-72.228058
18.2225,-72.2927859999999
18.2263870000001,-72.327515
18.2277760000001,-72.3336179999999
18.229443,-72.35556
18.229443,-72.382233
18.2094420000001,-72.522781
18.1830519999999,-72.545837
18.1794430000001,-72.659454
18.18111,-72.700012
18.179165,-72.71167
18.1736110000001,-72.738892
18.1675000000001,-72.7563929999999
18.1563870000001,-72.774734
18.148331,-72.787506
18.141109,-72.801392
18.1386110000001,-72.8125
18.1383320000001,-72.819168
18.141388,-72.8861239999999
18.142498,-72.892502
18.169678,-72.983887
18.1774980000001,-73.0072329999999
18.1808320000001,-73.026672
18.19833,-73.150009
18.2194440000001,-73.266678
18.238888,-73.3155669999999
18.240555,-73.3105619999999
18.243053,-73.3088989999999
18.2474980000001,-73.3114009999999
18.2619440000001,-73.3863979999999
18.256943,-73.451401
18.2497220000001,-73.485291
18.1716650000001,-73.7861179999999
18.1644440000001,-73.799728
18.1486090000001,-73.819168
18.1422200000001,-73.82695
18.134441,-73.833344
18.124996,-73.8383479999999
18.113609,-73.8414
18.1086080000001,-73.839737
18.099998,-73.8344569999999
18.0938869999999,-73.826126
18.086666,-73.819458
18.066944,-73.804459
18.058887,-73.79834
18.050278,-73.793335
18.0411110000001,-73.788895
18.0355530000001,-73.7877809999999
18.031387,-73.789734
18.028332,-73.793335
18.025833,-73.798065
18.0230520000001,-73.809174
18.022778,-73.881668
18.029163,-73.895844
18.0366630000001,-73.902237
18.0413860000001,-73.904175
18.0574990000001,-73.908066
18.0674970000001,-73.911667
18.0927770000001,-73.92778
18.1216659999999,-73.947235
18.1297190000001,-73.953064
18.1363870000001,-73.960556
18.2116659999999,-74.0527799999999
18.2449990000001,-74.098068
18.29361,-74.188339
18.295555,-74.1938929999999
18.3063890000001,-74.233612
18.307777,-74.261948
18.3072200000001,-74.275009
18.305553,-74.280289
18.2869420000001,-74.3047329999999
18.2827760000001,-74.314453
18.2819440000001,-74.320282
18.2822190000001,-74.3261259999999
18.2894440000001,-74.361954
18.29361,-74.372513
18.3419400000001,-74.446671
18.3574980000001,-74.4511259999999
18.450832,-74.467789
18.607777,-74.423615
18.6124990000001,-74.421112
18.6358300000001,-74.387222
18.6374970000001,-74.381958
18.664719,-74.2738949999999
18.6658330000001,-74.2680659999999
18.667221,-74.236679
18.667221,-74.1777799999999
18.6655539999999,-74.171951
18.658333,-74.14917
18.650833,-74.1272279999999
18.62722,-74.085556
18.6061100000001,-74.0483399999999
18.5988880000001,-74.033615
18.595276,-74.022232
18.532219,-73.787231
18.538887,-73.744446
18.542221,-73.7341769999999
18.54472,-73.729446
18.5533330000001,-73.723618
18.558609,-73.721954
18.5624960000001,-73.718903
18.5658300000001,-73.714737
18.570831,-73.699173
18.571941,-73.6930689999999
18.585278,-73.607788
18.585552,-73.594727
18.584999,-73.587509
18.583332,-73.58168
18.5802760000001,-73.577515
18.575832,-73.575012
18.5705530000001,-73.575562
18.556389,-73.5977329999999
18.5527210000001,-73.6023939999999
18.550554,-73.6087269999999
18.547222,-73.6480559999999
18.5577770000001,-73.677505
18.5533330000001,-73.693893
18.5491640000001,-73.703613
18.5461080000001,-73.707504
18.542221,-73.7105559999999
18.537777,-73.708344
18.5038870000001,-73.666397
18.497776,-73.65834
18.496666,-73.651947
18.498055,-73.6044459999999
18.504,-73.581345
18.507332,-73.576172
18.509333,-73.5698389999999
18.521942,-73.5238949999999
18.525555,-73.506958
18.5166659999999,-73.4300079999999
18.5133319999999,-73.404175
18.506943,-73.364456
18.5016630000001,-73.347778
18.4769440000001,-73.2172239999999
18.4536090000001,-73.0694579999999
18.456217,-73.036438
18.4649960000001,-72.9986109999999
18.465832,-72.992783
18.464443,-72.973068
18.462219,-72.9605559999999
18.4538880000001,-72.92334
18.4438860000001,-72.863892
18.4241640000001,-72.7397309999999
18.4249990000001,-72.7336119999999
18.4527739999999,-72.690567
18.459164,-72.6827849999999
18.467499,-72.676956
18.4905550000001,-72.6644589999999
18.514999,-72.6591799999999
18.525276,-72.6547239999999
18.5452770000001,-72.639175
18.5491640000001,-72.636124
18.5547220000001,-72.627502
18.556389,-72.621948
18.563332,-72.594727
18.564163,-72.588898
18.5636100000001,-72.5816799999999
18.550552,-72.458344
18.546387,-72.422226
18.538887,-72.395279
18.5258330000001,-72.3716739999999
18.525555,-72.3658449999999
18.5302770000001,-72.350006
18.534164,-72.346954
18.5397190000001,-72.345001
18.66333,-72.3211209999999
18.6694410000001,-72.3213959999999
18.679443,-72.324722
18.683331,-72.3280639999999
18.685555,-72.333069
18.7069440000001,-72.382782
18.7091639999999,-72.395844
18.7102780000001,-72.416672
18.7124979999999,-72.4297329999999
18.7144430000001,-72.435287
18.7169420000001,-72.440292
18.781666,-72.546951
18.790833,-72.5591739999999
18.799721,-72.5641779999999
18.8108329999999,-72.566116
18.8158300000001,-72.56778
18.8244439999999,-72.573059
18.875275,-72.613892
18.9055520000001,-72.640289
18.9155540000001,-72.6525119999999
18.9349980000001,-72.683899
18.965275,-72.725845
19.0330540000001,-72.800293
19.1619420000001,-72.761398
19.2149960000001,-72.7986149999999
19.2194440000001,-72.801392
19.2249980000001,-72.802231
19.2816659999999,-72.774734
19.374443,-72.725845
19.454998,-72.723343
19.598331,-73.01445
19.613331,-73.0577849999999
19.626389,-73.105286
19.6269419999999,-73.1111069999999
19.613888,-73.150284
19.623055,-73.3636169999999
19.624165,-73.3764039999999
19.633053,-73.405014
19.6355550000001,-73.4102779999999
19.6472210000001,-73.4283449999999
19.6636090000001,-73.447235
19.6711080000001,-73.454178
19.687775,-73.4652859999999
19.7199970000001,-73.461945
19.732946,-73.4598769999999
19.8197210000001,-73.4180599999999
19.830555,-73.407501
19.833054,-73.402786
19.8336110000001,-73.389725
19.8347210000001,-73.357788
19.8324970000001,-73.345001
19.837498,-73.329178
19.852497,-73.288345
19.8588870000001,-73.273895
19.902775,-73.190842
19.922222,-73.154724
19.912498,-73.033615
19.9144440000001,-72.985001
19.923885,-72.8969569999999
19.933609,-72.844727
19.941387,-72.817505
19.942776,-72.79834
19.9422190000001,-72.7844539999999
19.9202770000001,-72.685013
19.9166640000001,-72.673615
---
19.9852750000001,-72.640289
19.9874990000001,-72.6902919999999
19.988052,-72.69751
20.024998,-72.876114
20.0419430000001,-72.94278
20.046665,-72.9525149999999
20.050278,-72.956116
20.0566640000001,-72.9563899999999
20.060555,-72.952789
20.074444,-72.925293
20.0783309999999,-72.915558
20.0874980000001,-72.8625029999999
20.0919420000001,-72.818619
20.09222,-72.811951
20.0908320000001,-72.805557
20.0872190000001,-72.794174
20.042221,-72.68251
20.029999,-72.658066
20.0066640000001,-72.6230619999999
20.001663,-72.6213989999999
19.9947200000001,-72.621948
19.990276,-72.624451
19.986942,-72.628342
---
