26.483604,54.0280460000001
26.4847179999999,53.978874
26.48555,53.9711
26.492218,53.946381
26.498882,53.9299930000001
26.504444,53.920547
26.511387,53.9127659999999
26.529999,53.903877
26.5361100000001,53.9036029999999
26.543888,53.910545
26.556385,53.927216
26.5588870000001,53.932213
26.561386,53.943878
26.5616650000001,53.9494320000001
26.5602759999999,53.966103
26.5541650000001,54.0188830000001
26.5516620000001,54.02388
26.548054,54.027489
26.54361,54.0302730000001
26.5130540000001,54.0488820000001
26.508888,54.051384
26.4972149999999,54.0511020000001
26.489437,54.044159
26.4847179999999,54.0344390000001
---
26.7852750000001,53.2813800000001
26.7869420000001,53.266937
26.794163,53.2341610000001
26.8024980000001,53.2033230000001
26.8149990000001,53.177216
26.8247180000001,53.164993
26.8358310000001,53.1544340000001
26.8402750000001,53.151657
26.846386,53.151657
26.851109,53.15416
26.8566630000001,53.1633220000001
26.8561060000001,53.171104
26.85083,53.1944350000001
26.823608,53.304993
26.7977750000001,53.3180540000001
---
26.8216630000001,56.3402710000001
26.8222200000001,56.332771
26.8241650000001,56.3266599999999
26.8274960000001,56.3224949999999
26.836109,56.3172150000001
26.843052,56.318054
26.8583300000001,56.325272
26.871941,56.3338780000001
26.884163,56.3438800000001
26.8894390000001,56.353325
26.8924940000001,56.3938830000001
26.891106,56.4008260000001
26.8855510000001,56.4086000000001
26.8811070000001,56.4111020000001
26.874996,56.4111020000001
26.8686070000001,56.4097140000001
26.858051,56.4052660000001
26.8505520000001,56.3980480000001
26.8336070000001,56.371376
26.8222200000001,56.3466570000001
---
26.797497,55.731659
26.7988850000001,55.721375
26.8123570000001,55.703747
26.7902760000001,55.6694409999999
26.785831,55.6580430000001
26.7844430000001,55.6477740000001
26.7852750000001,55.6374970000001
26.7947200000001,55.6327670000001
26.833054,55.626381
26.8599970000001,55.6363830000001
26.8688849999999,55.640274
26.9291610000001,55.6885990000001
26.930828,55.6966550000001
26.903606,55.713326
26.8927730000001,55.7172090000001
26.8380510000001,55.734993
---
26.8686070000001,56.1585999999999
26.8583300000001,56.1530460000001
26.8502730000001,56.1469420000001
26.834995,56.1330490000001
26.8197170000001,56.1183240000001
26.7716640000001,56.060547
26.727772,55.987213
26.7094380000001,55.91082
26.70916,55.81916
26.688885,55.6960980000001
26.685551,55.684715
26.6813849999999,55.6749950000001
26.622498,55.558884
26.5461080000001,55.3274920000001
26.540276,55.3049930000001
26.542221,55.2958300000001
26.558609,55.2836070000001
26.650829,55.2749940000001
26.658051,55.282494
26.655273,55.294998
26.6447180000001,55.315544
26.641941,55.328606
26.6427729999999,55.3602750000001
26.698883,55.5186
26.7324940000001,55.5994340000001
26.7536090000001,55.636658
26.75861,55.6463850000001
26.7677760000001,55.6661000000001
26.772221,55.6758270000001
26.7805520000001,55.7113800000001
26.7786100000001,55.740547
26.7827760000001,55.7511060000001
26.792774,55.7699890000001
26.8411060000001,55.784164
26.8811070000001,55.7685999999999
26.8927730000001,55.7630540000001
26.9038850000001,55.75222
26.9122160000001,55.7424930000001
26.92194,55.736382
26.930828,55.7377700000001
26.951939,55.75222
26.9522170000001,55.756943
26.948605,55.7811050000001
26.92194,55.842216
26.9155500000001,55.8533590000001
26.9299960000001,55.9566570000001
26.957497,55.9994350000001
26.9852710000001,56.1005479999999
26.998604,56.155548
27.000553,56.220543
26.996105,56.2322080000001
26.9758260000001,56.273048
26.9702720000001,56.2827680000001
26.9633290000001,56.2902760000001
26.94997,56.28833
26.927494,56.2452700000001
---
27.03722,56.4644390000001
27.0377770000001,56.458328
27.039719,56.4522170000001
27.0474970000001,56.4369350000001
27.0511090000001,56.4336010000001
27.056942,56.4327700000001
27.0755540000001,56.4324950000001
27.082497,56.433327
27.0869410000001,56.4347150000001
27.10722,56.4644390000001
27.1086080000001,56.469986
27.086662,56.503883
27.071663,56.5091630000001
27.066109,56.5083309999999
27.061386,56.5055540000001
27.0424960000001,56.4874950000001
27.0377770000001,56.470825
---
29.20694,50.3224950000001
29.2105520000001,50.3186040000001
29.214718,50.315826
29.2516630000001,50.296104
29.2727740000001,50.289436
29.2780530000001,50.2913820000001
29.279999,50.2969440000001
29.2794420000001,50.303322
29.2713850000001,50.332771
29.268887,50.3383260000001
29.2633320000001,50.3394320000001
29.2188840000001,50.332771
29.2127720000001,50.3313830000001
29.20805,50.3288800000001
---
39.373047,45.0630420000001
39.3122020000001,45.1158220000001
39.2855529999999,45.130547
39.2536090000001,45.141373
39.2405400000001,45.1422200000001
39.221657,45.1399920000001
39.217484,45.1419300000001
39.2141490000001,45.146103
39.194984,45.225815
39.1866460000001,45.2677690000001
39.1877590000001,45.2747120000001
39.1938710000001,45.2844310000001
39.1986010000001,45.296097
39.1997150000001,45.3030400000001
39.198318,45.3099900000001
39.1688770000001,45.3422090000001
39.1605380000001,45.3488770000001
39.060822,45.4210970000001
39.0258260000001,45.424988
39.019707,45.423882
39.008324,45.427528
38.998047,45.4394229999999
38.9849620000001,45.4772640000001
38.970543,45.518593
38.9655460000001,45.5386050000001
38.9513780000001,45.6074910000001
38.9036030000001,45.841103
38.887215,45.950829
38.871933,46.0747150000001
38.841148,46.1782460000001
38.8441470000001,46.1955340000001
38.864159,46.2397160000001
38.8694310000001,46.250275
38.8794330000001,46.2636109999999
38.8852620000001,46.2735980000001
38.8958210000001,46.294716
38.9094239999999,46.347481
38.9105379999999,46.3547060000001
38.9069370000001,46.3763810000001
38.8899920000001,46.4519350000001
38.8780360000001,46.5163879999999
38.875587,46.5403750000001
38.915825,46.5724950000001
38.9769289999999,46.652206
39.0394290000001,46.738319
39.0474930000001,46.7455370000001
39.052773,46.74749
39.0644380000001,46.7505420000001
39.075829,46.7516560000001
39.081383,46.753609
39.0933230000001,46.765266
39.155266,46.8383260000001
39.161095,46.848328
39.1630480000001,46.8544390000001
39.1674960000001,46.8747020000001
39.1688770000001,46.8966600000001
39.1688770000001,46.90554
39.168053,46.913315
39.165825,46.9194340000001
39.154427,46.93998
39.154427,46.9488680000001
39.1583180000001,46.9613720000001
39.1894229999999,47.0255510000001
39.192215,47.030823
39.200272,47.0380480000001
39.204987,47.0411000000001
39.232201,47.0419390000001
39.243607,47.044991
39.304436,47.099709
39.333054,47.1588750000001
39.337494,47.170273
39.3372120000001,47.1880420000001
39.3383260000001,47.194984
39.3422090000001,47.207497
39.3719330000001,47.2816620000001
39.3769380000001,47.292213
39.3936000000001,47.3149950000001
39.401375,47.3222200000001
39.4202730000001,47.333603
39.4283219999999,47.340828
39.4705430000001,47.3916630000001
39.496384,47.4544300000001
39.5000000000001,47.4669270000001
39.515266,47.5424960000001
39.628876,47.7630540000001
39.6385960000001,47.7766490000001
39.6627660000001,47.790276
39.6708300000001,47.7974930000001
39.677216,47.806656
39.6811070000001,47.8191530000001
39.719231,47.976662
39.711937,47.9927600000001
39.6991580000001,48.014153
39.6833270000001,48.0383220000001
39.6708300000001,48.0569310000001
39.6602710000001,48.06971
39.6524890000001,48.0774920000001
39.6399920000001,48.087494
39.573318,48.159157
39.5263750000001,48.2124939999999
39.4947129999999,48.250832
39.472755,48.283875
39.4408190000001,48.321938
39.4255450000001,48.3388750000001
39.421371,48.342209
39.3946040000001,48.3559800000001
39.3852160000001,48.359787
39.350266,48.27887
39.343597,48.253052
39.3413700000001,48.238884
39.3399890000001,48.214989
39.337769,48.2008290000001
39.3333210000001,48.189156
39.315819,48.1594240000001
39.309151,48.150269
39.3011020000001,48.1430440000001
39.28054,48.1252590000001
39.275826,48.12249
39.2636110000001,48.11998
39.2513890000001,48.1213680000001
39.246094,48.122765
39.2130510000001,48.131653
39.2088780000001,48.1349950000001
39.147484,48.214706
39.1388780000001,48.2299800000001
39.1366580000001,48.2361070000001
39.1319270000001,48.2569430000001
39.1280360000001,48.2699810000001
39.125824,48.2760930000001
39.12027,48.2863850000001
39.112488,48.293877
39.057213,48.326096
39.051659,48.327766
39.038048,48.326935
39.026375,48.3238750000001
39.0077670000001,48.312485
38.9997180000001,48.3049930000001
38.989983,48.2913820000001
38.981659,48.2760930000001
38.97855,48.266621
38.976646,48.2608180000001
38.9713750000001,48.2247090000001
38.969147,48.1852650000001
38.9683230000001,48.14415
38.9563830000001,48.082207
38.9513780000001,48.071381
38.9058230000001,48.014153
38.900536,48.0122150000001
38.8944400000001,48.0111010000001
38.8874970000001,48.010818
38.8691560000001,48.0124969999999
38.8569340000001,48.013878
38.845818,48.0169300000001
38.835541,48.020821
38.8313830000001,48.024155
38.820824,48.0366519999999
38.7836000000001,48.103043
38.7722170000001,48.123604
38.761932,48.1458210000001
38.760277,48.1527710000001
38.7505420000001,48.1847080000001
38.732758,48.2327580000001
38.727768,48.243874
38.719986,48.249428
38.7138750000001,48.2502750000001
38.707207,48.249718
38.685547,48.2419360000001
38.671928,48.241096
38.6672060000001,48.2436069999999
38.6636050000001,48.2477650000001
38.6061020000001,48.322762
38.603325,48.327766
38.6011050000001,48.3336029999999
38.600822,48.3424840000001
38.60582,48.3619310000001
38.6177600000001,48.3894350000001
38.623322,48.408043
38.6258240000001,48.422211
38.6260990000001,48.429993
38.624702,48.436928
38.621651,48.4419330000001
38.475548,48.5619280000001
38.4672090000001,48.568604
38.4169390000001,48.599152
38.405823,48.61055
38.3952639999999,48.623047
38.3924640000001,48.6302190000001
38.3891530000001,48.659424
38.3891530000001,48.6663819999999
38.424164,48.7422100000001
38.443314,48.7780460000001
38.4477620000001,48.7894290000001
38.4510960000001,48.8308260000001
38.4508290000001,48.839432
38.4499970000001,48.847214
38.442406,48.8882830000001
38.435379,48.884712
38.352219,48.8705370000001
38.3122020000001,48.869156
38.300545,48.8694310000001
38.0438770000001,48.9094240000001
37.907494,48.94165
37.8966600000001,48.94471
37.787766,48.9880450000001
37.763611,48.9977650000001
37.750275,49.0066530000001
37.699715,49.0452730000001
37.6955340000001,49.0486070000001
37.6794360000001,49.0622020000001
37.6716539999999,49.0697099999999
37.6430440000001,49.1024860000001
37.6099930000001,49.1472170000001
37.6072160000001,49.152206
37.5458300000001,49.274712
37.532204,49.310265
37.4933169999999,49.419991
37.4886020000001,49.440262
37.482491,49.486382
37.4766460000001,49.623047
37.4588780000001,49.8830410000001
37.452492,49.9361040000001
37.395271,50.1727680000001
37.3936080000001,50.1794360000001
37.3891600000001,50.191376
37.383881,50.2022170000001
37.377769,50.211937
37.3708270000001,50.219986
37.366386,50.22332
37.35527,50.2260970000001
37.3294370000001,50.2258220000001
37.323326,50.226379
37.300545,50.2308200000001
37.2808229999999,50.239716
37.18943,50.2936100000001
37.153046,50.3152690000001
37.1444400000001,50.3222200000001
37.1344380000001,50.3336030000001
37.1211010000001,50.351662
37.031937,50.4811020000001
37.0288770000001,50.4858250000001
36.978325,50.5877689999999
36.9706650000001,50.6046910000001
36.960548,50.6352690000001
36.9533230000001,50.6527710000001
36.8355480000001,50.8858260000001
36.821381,50.911102
36.7899930000001,50.9611049999999
36.7774890000001,50.979713
36.774437,50.984718
36.7661060000001,51.0002750000001
36.7544400000001,51.0294340000001
36.736382,51.0766600000001
36.732491,51.087494
36.728874,51.1011050000001
36.7141570000001,51.1802750000001
36.708603,51.2183230000001
36.7061,51.241936
36.6997150000001,51.2877730000001
36.6847150000001,51.376381
36.6686020000001,51.453606
36.657494,51.4930499999999
36.65416,51.5063860000001
36.6324920000001,51.613052
36.5841600000001,51.873878
36.5824969999999,51.889992
36.579994,51.9727629999999
36.5808260000001,51.9958270000001
36.583603,52.0166629999999
36.591934,52.0644380000001
36.5955430000001,52.084435
36.5991590000001,52.1044390000001
36.6061020000001,52.128876
36.611107,52.139435
36.6152730000001,52.1510999999999
36.622765,52.1747130000001
36.6319350000001,52.2047120000001
36.6372149999999,52.2230450000001
36.645546,52.253883
36.654434,52.292221
36.685822,52.433601
36.6885990000001,52.454437
36.691101,52.4838789999999
36.707214,52.6016620000001
36.741379,52.7958300000001
36.744995,52.8158260000001
36.778366,52.9552760000001
36.7838820000001,52.973045
36.796104,53.007774
36.798607,53.0130540000001
36.8069380000001,53.043884
36.848328,53.2230450000001
36.880821,53.450272
36.884438,53.4780430000001
36.890274,53.5352710000001
36.8999940000001,53.7147140000001
36.9038770000001,53.8577730000001
36.909714,53.9227680000001
36.911659,53.936653
36.9147110000001,53.9491580000001
36.9330519999999,53.99305
36.9384380000001,53.998497
36.9444390000001,54.001827
36.948326,54.0086060000001
36.94471,54.012497
36.9391560000001,54.013611
36.915543,54.0066600000001
36.9049910000001,54.00222
36.901932,53.99749
36.8986049999999,53.984993
36.874992,53.820274
36.869713,53.727768
36.8722150000001,53.6713790000001
36.878876,53.6438830000001
36.8760990000001,53.623047
36.8744350000001,53.616936
36.8722150000001,53.611382
36.868324,53.6074980000001
36.8644410000001,53.611382
36.8436050000001,53.636658
36.823883,53.6638790000001
36.8208310000001,53.668602
36.817215,53.681938
36.815269,53.698044
36.7947160000001,53.8777690000001
36.7936100000001,53.894714
36.7999950000001,53.943321
36.813049,54.001389
36.8161010000001,54.0138850000001
36.8186040000001,54.019157
36.824715,54.028603
36.836105,54.0322110000001
36.848602,54.0336070000001
36.873878,54.033882
36.948326,54.031662
37.021935,54.015831
37.0369420000001,54.0097200000001
37.0461040000001,54.004715
37.2199860000001,53.9436040000001
37.3508530000001,53.9056400000001
37.3302760000001,54.2016600000001
37.3608249999999,54.3561020000001
37.374435,54.3974910000001
37.381378,54.4138790000001
37.386108,54.424713
37.4141540000001,54.4822080000001
37.4305499999999,54.5127720000001
37.442215,54.539993
37.4460980000001,54.5516589999999
37.452492,54.5766600000001
37.453323,54.5836029999999
37.4508290000001,54.598877
37.445824,54.61055
37.4402690000001,54.6305470000001
37.4377670000001,54.6552660000001
37.4380420000001,54.663048
37.4411010000001,54.675552
37.443604,54.6811069999999
37.495544,54.7563860000001
37.508606,54.7744369999999
37.5191570000001,54.7869420000001
37.5616610000001,54.8058240000001
37.56694,54.8080440000001
37.5730510000001,54.8097149999999
37.579437,54.8097149999999
37.5855480000001,54.8094330000001
37.617493,54.803047
37.6219330000001,54.799995
37.626381,54.7874980000001
37.62999,54.783607
37.6349950000001,54.781662
37.641106,54.7813800000001
37.6480480000001,54.7822110000001
37.7111050000001,54.8097149999999
37.746384,54.8330540000001
37.7630540000001,54.854996
37.770271,54.871658
37.774994,54.890274
37.7841640000001,54.919991
37.8049930000001,54.9547120000001
37.863884,55.035828
37.8677670000001,55.0397190000001
37.887215,55.0541610000001
37.903877,55.0683290000001
37.9077680000001,55.0724950000001
37.9469380000001,55.1266560000001
37.9561,55.140831
37.9583279999999,55.146385
37.9647140000001,55.179436
37.981934,55.229431
38.0349959999999,55.3683240000001
38.0419390000001,55.3847200000001
38.0486070000001,55.39444
38.067772,55.4141540000001
38.0805510000001,55.4324950000001
38.0861050000001,55.4427640000001
38.0908280000001,55.4694370000001
38.098328,55.556656
38.108887,55.6702730000001
38.111382,55.691658
38.1183240000001,55.7238770000001
38.1230469999999,55.742767
38.1241610000001,55.7638850000001
38.12249,55.8063810000001
38.111382,55.827492
38.1019360000001,55.841934
38.0955430000001,55.8611070000001
38.092216,55.875549
38.0738830000001,55.974991
38.0724950000001,55.982765
38.0716630000001,55.9913790000001
38.071938,55.999161
38.074165,56.0361100000001
38.0758290000001,56.05027
38.07888,56.070831
38.0819400000001,56.083328
38.0866550000001,56.109993
38.094994,56.164436
38.0944370000001,56.17305
38.0712050000001,56.219704
38.083328,56.319717
38.085548,56.333054
38.089432,56.3372120000001
38.120544,56.3491590000001
38.132767,56.3527760000001
38.1388850000001,56.3527760000001
38.151932,56.3438800000001
38.1583249999999,56.334435
38.16082,56.328606
38.1638790000001,56.3238830000001
38.16777,56.319992
38.1733250000001,56.3188860000001
38.1799930000001,56.319992
38.185265,56.3224949999999
38.192764,56.330551
38.2185970000001,56.3672100000001
38.2313770000001,56.3855510000001
38.2494350000001,56.4141540000001
38.254715,56.4244380000001
38.2599950000001,56.4427640000001
38.263054,56.4711
38.2661059999999,56.538887
38.2661059999999,56.5466610000001
38.262772,56.5611040000001
38.255272,56.578331
38.266937,56.695267
38.2862630000001,56.755745
38.266937,56.77388
38.2541660000001,56.7930530000001
38.2514720000001,56.7989959999999
38.2364270000001,56.833328
38.231659,56.845825
38.2256090000001,56.8667070000001
38.21138,56.9424900000001
38.1936040000001,57.050827
38.1936040000001,57.0586010000001
38.1949920000001,57.0649950000001
38.1994319999999,57.0761030000001
38.2330470000001,57.1299900000001
38.2361070000001,57.1347200000001
38.2449950000001,57.1413800000001
38.2600940000001,57.149788
38.2647170000001,57.1527710000001
38.2758260000001,57.164993
38.2802730000001,57.1761020000001
38.283333,57.188881
38.283333,57.204712
38.2819370000001,57.2122120000001
38.2738800000001,57.239159
38.2708280000001,57.243881
38.0930480000001,57.3711010000001
38.088043,57.373047
38.082497,57.373878
38.075554,57.373047
38.063606,57.369438
38.058327,57.3669360000001
37.998878,57.348328
37.989433,57.3530499999999
37.9858250000001,57.356941
37.9747090000001,57.378876
37.9391560000001,57.4502720000001
37.9377670000001,57.4577710000001
37.927216,57.528603
37.9252700000001,57.6144410000001
37.925827,57.6947100000001
37.92749,57.701103
37.926659,57.708046
37.796387,58.1744380000001
37.7891620000001,58.19249
37.7833330000001,58.203049
37.724159,58.2238770000001
37.7183230000001,58.2249910000001
37.711662,58.2238770000001
37.7002720000001,58.2194370000001
37.6941530000001,58.2194370000001
37.689156,58.2211
37.6847150000001,58.2238770000001
37.681107,58.2274860000001
37.67527,58.238045
37.6736070000001,58.2455439999999
37.641106,58.407211
37.639992,58.4672090000001
37.6405490000001,58.4741590000001
37.643326,58.486938
37.6477740000001,58.498047
37.661659,58.6463850000001
37.6549910000001,58.665268
37.6519320000001,58.6802749999999
37.6505430000001,58.6880420000001
37.648605,58.712769
37.6508260000001,58.726097
37.6624909999999,58.793327
37.6669390000001,58.8044360000001
37.674164,58.812767
37.6802750000001,58.814713
37.669991,58.9261020000001
37.6672130000001,58.941101
37.654709,58.9808200000001
37.6313779999999,59.0527730000001
37.611938,59.081665
37.5766599999999,59.1338810000001
37.5330510000001,59.2022170000001
37.5180510000001,59.2380450000001
37.513329,59.2500000000001
37.513885,59.257217
37.5169370000001,59.2619399999999
37.524437,59.270271
37.5330510000001,59.284721
37.5388870000001,59.3022159999999
37.5402760000001,59.3086010000001
37.5413819999999,59.322769
37.539162,59.3388820000001
37.5319370000001,59.3472140000001
37.503883,59.3711010000001
37.4905470000001,59.3791580000001
37.48555,59.380821
37.4788740000001,59.379715
37.4736020000001,59.377213
37.469154,59.373878
37.4636080000001,59.3727650000001
37.424713,59.370544
37.4122090000001,59.3702700000001
37.3961029999999,59.3736040000001
37.3436050000001,59.387215
37.323051,59.3930510000001
37.232765,59.4799880000001
37.2083280000001,59.5461040000001
37.147217,59.7155460000001
37.1247100000001,59.813049
37.047775,60.007217
37.0427700000001,60.01944
37.0369420000001,60.029434
37.0138850000001,60.0616610000001
37.009438,60.0652689999999
36.996101,60.0733260000001
36.981659,60.079437
36.9630510000001,60.0891570000001
36.954163,60.094437
36.9369350000001,60.1061020000001
36.8916630000001,60.1413800000001
36.8711010000001,60.157494
36.659988,60.329437
36.6560970000001,60.3330540000001
36.645546,60.364716
36.6461030000001,60.502777
36.6472170000001,60.640831
36.647491,60.6669390000001
36.64888,60.796387
36.6497189999999,60.934433
36.6505429999999,61.072769
36.6508260000001,61.1502690000001
36.649994,61.157211
36.63221,61.166664
36.573326,61.1891560000001
36.567772,61.189987
36.5613779999999,61.189713
36.4252700000001,61.164993
36.4141539999999,61.1602710000001
36.286659,61.1844330000001
36.186653,61.2188800000001
36.1711040000001,61.222763
36.1399920000001,61.2213750000001
36.1086040000001,61.216934
36.06916,61.201103
35.9374920000001,61.2116620000001
35.9038770000001,61.2258220000001
35.897491,61.2330470000001
35.885269,61.2411040000001
35.819717,61.2622150000001
35.813324,61.2619400000001
35.7005460000001,61.2322080000001
35.689987,61.2286
35.6780469999999,61.2288740000001
35.667496,61.2311020000001
35.657768,61.235268
35.632767,61.253609
35.6072460000001,61.2765580000001
35.5669400000001,61.287498
35.55555,61.2886050000001
35.5499950000001,61.287773
35.520271,61.2777710000001
35.514999,61.275269
35.3486020000001,61.183601
35.2844390000001,61.107216
35.2791600000001,61.1044390000001
35.239433,61.0963820000001
35.2330470000001,61.0961000000001
35.1841580000001,61.0947110000001
35.178879,61.0961000000001
35.1749950000001,61.0997160000001
35.168327,61.1086040000001
35.165543,61.114159
35.162209,61.118599
35.1416630000001,61.1344379999999
35.1372150000001,61.13694
35.1247100000001,61.1363830000001
35.0858230000001,61.1316600000001
35.0169370000001,61.1155470000001
34.8794329999999,61.077492
34.7894360000001,61.051102
34.657768,60.981377
34.6527710000001,60.9786000000001
34.6480480000001,60.9752660000001
34.64444,60.971375
34.5691600000001,60.8555529999999
34.566101,60.85083
34.562767,60.839432
34.560822,60.8263850000001
34.556099,60.77916
34.551659,60.753883
34.5474930000001,60.74305
34.5416640000001,60.7336040000001
34.5380480000001,60.729431
34.5336070000001,60.726097
34.5222170000001,60.7216569999999
34.48333,60.7566600000001
34.4799880000001,60.7611080000001
34.474991,60.773048
34.473602,60.7802730000001
34.4713750000001,60.786659
34.465828,60.797493
34.4580460000001,60.804436
34.3552700000001,60.8836060000001
34.3197170000001,60.878876
34.3224950000001,60.8399890000001
34.322769,60.8322140000001
34.3222200000001,60.766663
34.320549,60.7461010000001
34.319443,60.732491
34.3155439999999,60.6847150000001
34.312492,60.6655430000001
34.196381,60.5461040000001
34.169441,60.5261
34.1508260000001,60.5136109999999
34.140274,60.5083310000001
34.1222150000001,60.50444
34.0916600000001,60.5041660000001
34.066895,60.50753
34.053322,60.5108260000001
34.010551,60.5199890000001
33.9613800000001,60.52916
33.8304209999999,60.5530240000001
33.813324,60.5541610000001
33.80027,60.55249
33.7941590000001,60.5508270000001
33.7836070000001,60.545547
33.770271,60.535553
33.754715,60.5205460000001
33.7499999999999,60.515362
33.743607,60.5083310000001
33.739159,60.5052720000001
33.7330470000001,60.5049970000001
33.689713,60.5133290000001
33.6683270000001,60.517769
33.653046,60.522766
33.6441570000001,60.527771
33.635826,60.5338820000001
33.6252670000001,60.5461040000001
33.6111070000001,60.5705490000001
33.5974880000001,60.597214
33.5674970000001,60.6661
33.5611040000001,60.6952670000001
33.559433,60.709991
33.560699,60.715309
33.5619350000001,60.7802730000001
33.561378,60.795273
33.5588840000001,60.8558270000001
33.557213,60.886383
33.5544360000001,60.9016570000001
33.5522160000001,60.908043
33.54361,60.92305
33.536942,60.931938
33.5288770000001,60.938881
33.51944,60.943047
33.5133290000001,60.9427640000001
33.509438,60.9385990000001
33.504951,60.9298250000001
33.5033260000001,60.893326
33.50222,60.87999
33.5008320000001,60.873878
33.4966580000001,60.8630519999999
33.493881,60.85833
33.4899900000001,60.854439
33.4797130000001,60.8491590000001
33.47332,60.848877
33.3908310000001,60.803322
33.344994,60.7569430000001
33.308884,60.7238770000001
33.207497,60.631378
33.1630480000001,60.5911030000001
33.1497190000001,60.581383
33.1427690000001,60.5802760000001
33.0886,60.5805510000001
33.0661010000001,60.582497
33.0431370000001,60.587914
33.0136110000001,60.595825
32.8186039999999,60.6597140000001
32.623878,60.726379
32.321938,60.832771
32.2661060000001,60.8502730000001
32.2561040000001,60.853325
32.234718,60.8577730000001
32.2172090000001,60.8588869999999
32.1905440000001,60.854996
32.0902710000001,60.8366550000001
32.0194400000001,60.814438
31.996662,60.8069380000001
31.9549940000001,60.821938
31.949997,60.823608
31.944439,60.8241650000001
31.7744410000001,60.8241650000001
31.659718,60.8113780000001
31.498329,60.8438800000001
31.496105,60.845268
31.494995,60.85305
31.463051,61.1041640000001
31.4522170000001,61.188599
31.418198,61.4505160000001
31.3833310000001,61.7136080000001
31.353329,61.7408290000001
31.3183290000001,61.771103
31.256184,61.7668040000001
31.2172160000001,61.78833
31.177219,61.811104
31.0386090000001,61.8502730000001
31.027496,61.851387
31.021111,61.8511050000001
31.0083310000001,61.8477710000001
30.790276,61.758331
30.381664,61.372215
30.2844430000001,61.277489
30.2227710000001,61.2166600000001
30.1858290000001,61.180275
30.04361,61.041939
29.9072189999999,60.9108200000001
29.8699950000001,60.87471
29.863884,60.8685990000001
29.8636550000001,60.8663020000001
29.6866610000001,61.0380480000001
29.6802750000001,61.0449980000001
29.434162,61.282494
29.3958280000001,61.3144380000001
29.3036080000001,61.3533250000001
29.2966650000001,61.352219
29.290554,61.3519360000001
29.275276,61.356384
29.2658310000001,61.3602750000001
29.155273,61.424713
29.147495,61.431381
29.07111,61.51194
28.9845350000001,61.547623
28.909439,61.582771
28.806385,61.6372149999999
28.785275,61.6513820000001
28.6261060000001,61.821938
28.554996,61.9055480000001
28.5427740000001,61.922218
28.539719,61.9277730000001
28.534721,61.938042
28.528885,61.95388
28.4594380000001,62.2086029999999
28.439716,62.309433
28.4380489999999,62.3238830000001
28.4216610000001,62.3947140000001
28.4172170000001,62.4049910000001
28.363331,62.484436
28.359718,62.487495
28.34972,62.492218
28.2949980000001,62.5308230000001
28.233604,62.5924910000001
28.2386050000001,62.6252670000001
28.2419400000001,62.6405490000001
28.250275,62.6869350000001
28.266941,62.7813800000001
28.2605550000001,62.783051
28.212494,62.788887
28.1719400000001,62.7833330000001
28.076107,62.7691570000001
28.0072210000001,62.758606
28.000275,62.757774
27.993885,62.7583309999999
27.9797170000001,62.76194
27.9727710000001,62.7649990000001
27.9452740000001,62.7724910000001
27.834995,62.8024900000001
27.7869420000001,62.815544
27.7602770000001,62.821938
27.739716,62.8233260000001
27.4744380000001,62.839714
27.4472160000001,62.8288800000001
27.38583,62.801384
27.3830530000001,62.7997209999999
27.2730520000001,62.7780460000001
27.2605550000001,62.7824940000001
27.239716,62.806656
27.230274,62.8230510000001
27.2149960000001,62.9197159999999
27.213329,62.9333270000001
27.2152710000001,62.945267
27.230274,62.9986039999999
27.241383,63.039162
27.2677760000001,63.198044
27.267498,63.205826
27.225826,63.28138
27.2186050000001,63.2883300000001
27.1552730000001,63.326942
27.1424940000001,63.333603
27.1224980000001,63.3419340000001
27.1199950000001,63.336937
27.121941,63.332214
27.126942,63.329994
27.13055,63.326942
27.133606,63.322495
27.1341630000001,63.319992
27.121941,63.2786029999999
27.1191640000001,63.274437
27.0836070000001,63.2530520000001
27.077496,63.2522200000001
27.051388,63.2530520000001
26.9463840000001,63.2572170000001
26.934441,63.2591630000001
26.853886,63.216103
26.6469420000001,63.1899870000001
26.6413840000001,63.1883240000001
26.637218,63.1858220000001
26.631107,63.176384
26.6305500000001,63.163605
26.634441,63.067215
26.6366620000001,63.0519330000001
26.6436079999999,63.015831
26.647774,62.973602
26.651108,62.8291630000001
26.649719,62.772766
26.647774,62.767769
26.6341630000001,62.751938
26.6305500000001,62.7480470000001
26.625275,62.7455439999999
26.614441,62.74749
26.6116640000001,62.74305
26.602219,62.70388
26.5802760000001,62.60083
26.5772210000001,62.5466609999999
26.57444,62.508606
26.568886,62.4460980000001
26.564163,62.429718
26.515274,62.3202740000001
26.5027770000001,62.3102719999999
26.429996,62.2738800000001
26.424717,62.2713780000001
26.4186060000001,62.271103
26.408329,62.2738800000001
26.391663,62.2847210000001
26.3819390000001,62.2886050000001
26.376942,62.289993
26.365551,62.291107
26.3619420000001,62.2872160000001
26.3540229999999,62.27803
26.355219,62.267159
26.35833,62.238884
26.3619420000001,62.219437
26.371109,62.18277
26.3827740000001,62.156097
26.383331,62.148331
26.3827740000001,62.14138
26.3808290000001,62.135826
26.376663,62.132492
26.3144420000001,62.103882
26.3141630000001,62.081108
26.311665,62.060822
26.246384,61.8760990000001
26.241661,61.865829
26.234718,61.8580470000001
26.2263830000001,61.851662
26.211662,61.844154
26.1794400000001,61.832771
26.1086080000001,61.81694
25.9583280000001,61.794159
25.869995,61.781937
25.843887,61.779991
25.818607,61.775826
25.8138850000001,61.773323
25.809719,61.76944
25.8069420000001,61.7647170000001
25.8033290000001,61.753052
25.8002740000001,61.725548
25.8011090000001,61.710548
25.7999990000001,61.688881
25.794998,61.686378
25.5905530000001,61.6655430000001
25.5063860000001,61.6597140000001
25.390274,61.6519320000001
25.348053,61.649162
25.2983320000001,61.6436080000001
25.197647,61.6110310000001
25.1997180000001,61.581108
25.1711080000001,61.5194400000001
25.159439,61.5180510000001
25.1547160000001,61.516663
25.118053,61.4994350000001
25.0766640000001,61.4441530000001
25.0752749999999,61.438599
25.079441,61.4033200000001
25.0822180000001,61.38916
25.1186070000001,61.224991
25.12195,61.219143
25.124165,61.2152710000001
25.127495,61.211105
25.136383,61.2066570000001
25.1466639999999,61.203606
25.157219,61.2016599999999
25.161663,61.199432
25.168327,61.1911010000001
25.172771,61.1797180000001
25.1744380000001,61.1730500000001
25.2122150000001,60.992767
25.217216,60.9661030000001
25.248604,60.7786030000001
25.2580530000001,60.717209
25.262775,60.655823
25.263332,60.641937
25.2641639999999,60.634438
25.268055,60.622215
25.271385,60.61805
25.275829,60.6158290000001
25.32972,60.6061020000001
25.3461070000001,60.603325
25.364719,60.6038820000001
25.371662,60.6049960000001
25.3838840000001,60.605553
25.3952750000001,60.604439
25.400272,60.6027760000001
25.409439,60.598045
25.4208300000001,60.5886000000001
25.4341620000001,60.57222
25.440552,60.55471
25.441662,60.547218
25.4433290000001,60.519157
25.440552,60.4880450000001
25.431664,60.4549940000001
25.415829,60.4277730000001
25.3977740000001,60.410271
25.375553,60.3952710000001
25.369442,60.393608
25.3633310000001,60.3941570000001
25.3530500000001,60.3969420000001
25.333885,60.4055480000001
25.33194,60.4113770000001
25.33194,60.431381
25.326904,60.44323
25.268055,60.469437
25.2641639999999,60.467209
25.263611,60.461105
25.2661090000001,60.446938
25.26833,60.4411010000001
25.3266640000001,60.3122100000001
25.329441,60.307213
25.3327750000001,60.303322
25.34444,60.29361
25.349442,60.292221
25.356106,60.2930530000001
25.365273,60.1969380000001
25.3752749999999,60.091934
25.372772,59.9580460000001
25.410828,59.8388820000001
25.4119420000001,59.82444
25.412773,59.789993
25.411663,59.7705460000001
25.4080510000001,59.7330470000001
25.3997190000001,59.665825
25.394997,59.643051
25.391384,59.626938
25.391663,59.62027
25.3941610000001,59.605827
25.3955500000001,59.599159
25.402496,59.5827710000001
25.4105529999999,59.567772
25.4205509999999,59.5555500000001
25.4508289999999,59.528603
25.466663,59.5072170000001
25.4741630000001,59.4913790000001
25.476105,59.48555
25.477219,59.4780430000001
25.4777720000001,59.4505460000001
25.4766620000001,59.4380420000001
25.4730490000001,59.4205469999999
25.461384,59.369713
25.4261930000001,59.2470020000001
25.3966640000001,59.1430510000001
25.391663,59.119987
25.393608,59.051933
25.3974950000001,59.025826
25.3997190000001,59.019989
25.407497,59.004997
25.419163,58.9952700000001
25.471107,58.954437
25.479439,58.9486010000001
25.497215,58.938881
25.50111,58.935822
25.5049970000001,58.9324950000001
25.514721,58.919991
25.5222210000001,58.9041600000001
25.5599980000001,58.8183290000001
25.5647200000001,58.789993
25.5658299999999,58.7686
25.565273,58.755272
25.5588870000001,58.7269360000001
25.554443,58.716934
25.5538860000001,58.7108230000001
25.5872190000001,58.4997180000001
25.604717,58.3955460000001
25.6044430000001,58.368599
25.602219,58.3497160000001
25.5999980000001,58.344994
25.5941620000001,58.33638
25.586662,58.3291630000001
25.5854840000001,58.328426
25.582218,58.3263850000001
25.5783310000001,58.3227690000001
25.5761069999999,58.3177720000001
25.538887,58.169991
25.5391650000001,58.1560970000001
25.541386,58.1349950000001
25.544441,58.121376
25.558052,58.07972
25.5647200000001,58.063049
25.5672190000001,58.0580439999999
25.5769419999999,58.0455469999999
25.591106,58.0305480000001
25.5993190000001,58.0239030000001
25.6152730000001,58.012215
25.629162,58.0058290000001
25.6441610000001,58.000832
25.648605,57.9983290000001
25.6836049999999,57.977768
25.6872180000001,57.974434
25.697773,57.962769
25.700272,57.957771
25.7016600000001,57.951103
25.700272,57.933327
25.6802749999999,57.8683240000001
25.664719,57.833878
25.6686060000001,57.778603
25.6983300000001,57.786942
25.703327,57.7852710000001
25.7369380000001,57.7622150000001
25.743328,57.7538830000001
25.745548,57.748047
25.747772,57.733879
25.747772,57.726936
25.7472150000001,57.6683269999999
25.7463840000001,57.662209
25.7441600000001,57.657211
25.734161,57.6419370000001
25.7302740000001,57.6260990000001
25.737774,57.5241620000001
25.768608,57.323883
25.770832,57.318054
25.777775,57.3105470000001
25.7980539999999,57.3016590000001
25.803051,57.2999950000001
25.8216630000001,57.3002700000001
25.8330540000001,57.298607
25.865551,57.2911070000001
25.919441,57.271378
25.977493,57.2394330000001
25.9849930000001,57.2327649999999
25.9883270000001,57.2286000000001
25.989716,57.221931
25.991661,57.2022170000001
25.994995,57.198044
26.003887,57.1930470000001
26.0722200000001,57.1672130000001
26.0836070000001,57.1655430000001
26.095829,57.1669390000001
26.1120570000001,57.1720890000001
26.404716,57.0841600000001
26.420273,57.079994
26.4472160000001,57.074165
26.453606,57.074165
26.472496,57.078049
26.4905509999999,57.0897140000001
26.496662,57.091103
26.540276,57.0930480000001
26.587498,57.091377
26.627773,57.0886000000001
26.639717,57.0877690000001
26.7005500000001,57.0686040000001
26.7105520000001,57.0652690000001
26.7205510000001,57.0619350000001
26.7305490000001,57.0586010000001
26.7449950000001,57.054161
26.8013880000001,57.0372160000001
26.8224980000001,57.032211
26.842773,57.025551
26.852219,57.0213780000001
26.8652730000001,57.0136110000001
26.877495,57.00444
27.0047190000001,56.8674930000001
27.0080530000001,56.863327
27.024998,56.8452680000001
27.0344430000001,56.8411030000001
27.03833,56.844711
27.059441,56.8674930000001
27.076107,56.855553
27.123608,56.8088840000001
27.148331,56.690544
27.154995,56.6452710000001
27.1555520000001,56.618324
27.1549490000001,56.6158560000001
27.160828,56.5322110000001
27.19944,56.3627700000001
27.201107,56.348877
27.200829,56.334435
27.19944,56.3216630000001
27.1602750000001,56.132767
27.150272,56.113052
27.0652730000001,55.979156
27.058052,55.9713750000001
27.0374980000001,55.9616620000001
27.029442,55.955551
27.023888,55.946381
27.0074999999999,55.851662
27.006107,55.8380430000001
27.0074999999999,55.7963870000001
26.996105,55.689987
26.992771,55.665268
26.9886050000001,55.6547090000001
26.9833300000001,55.6455460000001
26.9769400000001,55.6372150000001
26.948605,55.6072160000001
26.917217,55.579437
26.9052730000001,55.578331
26.8547170000001,55.5869370000001
26.823887,55.5947110000001
26.8036080000001,55.602776
26.7936100000001,55.5938800000001
26.760555,55.4816590000001
26.7566640000001,55.443321
26.7547190000001,55.4172130000001
26.759441,55.3749920000001
26.766388,55.3666610000001
26.774441,55.361107
26.7794420000001,55.3502730000001
26.78722,55.28138
26.786663,55.2680510000001
26.781666,55.2438810000001
26.7758290000001,55.23555
26.7169380000001,55.162491
26.5191649999999,54.852776
26.489994,54.7947160000001
26.490829,54.7822110000001
26.5061070000001,54.6902690000001
26.588329,54.4724879999999
26.6558300000001,54.3605500000001
26.6983300000001,54.3319400000001
26.7038840000001,54.323051
26.7138820000001,54.303047
26.7183269999999,54.2908330000001
26.7183269999999,54.2758260000001
26.7169380000001,54.2638850000001
26.7097170000001,54.242218
26.7038840000001,54.2330470000001
26.6958270000001,54.2119370000001
26.6980510000001,54.183052
26.7016600000001,54.15416
26.7061040000001,54.125824
26.7166629999999,54.088882
26.7247160000001,54.065826
26.709995,53.931381
26.699162,53.8424910000001
26.699162,53.82972
26.70916,53.7477720000001
26.7327730000001,53.6869350000001
26.753052,53.646385
26.8516620000001,53.48999
26.8586079999999,53.4819340000001
26.8686070000001,53.475266
26.877495,53.4711000000001
26.899488,53.470333
26.9013860000001,53.470268
26.9280510000001,53.4719310000001
26.9394380000001,53.469437
26.9488830000001,53.4652710000001
26.957497,53.459435
26.9716610000001,53.443878
26.977219,53.434715
26.999439,53.3958280000001
27.002777,53.3841630000001
27.01722,53.3074950000001
27.0402760000001,53.236938
27.0633320000001,53.1663819999999
27.084164,53.1099930000001
27.12944,53.0011060000001
27.209438,52.85305
27.2449950000001,52.816383
27.2891650000001,52.756386
27.3215450000001,52.68589
27.322773,52.682213
27.322773,52.6766430000001
27.322773,52.6672130000001
27.3261069999999,52.654709
27.3455510000001,52.6136090000001
27.3508300000001,52.60305
27.378883,52.5727690000001
27.389439,52.571106
27.397774,52.577774
27.4097180000001,52.6094360000001
27.4127730000001,52.6205440000001
27.4616620000001,52.6263810000001
27.5638850000001,52.5416640000001
27.608608,52.4997180000001
27.640831,52.440269
27.644161,52.4277730000001
27.651108,52.363052
27.678329,52.2477720000001
27.686382,52.2241590000001
27.701107,52.193321
27.7122150000001,52.173882
27.725552,52.1580430000001
27.7402729999999,52.142769
27.748329,52.13694
27.7577740000001,52.131935
27.764999,52.124992
27.8141630000001,52.054436
27.8216630000001,52.04277
27.8263850000001,52.031937
27.830276,52.020271
27.8369410000001,51.9783250000001
27.849998,51.8224949999999
27.8511090000001,51.7922210000001
27.846386,51.767212
27.832775,51.7222140000001
27.832678,51.7171970000001
27.8324970000001,51.707771
27.841942,51.606384
27.849163,51.582214
27.9377750000001,51.430275
28.0483320000001,51.325272
28.154991,51.264717
28.2780530000001,51.237778
28.2852750000001,51.230553
28.4083330000001,51.1388850000001
28.497219,51.09333
28.5547220000001,51.0755540000001
28.5672190000001,51.074715
28.5733299999999,51.076111
28.5994420000001,51.0763850000001
28.68111,51.072777
28.699165,51.0708310000001
28.709721,51.0674970000001
28.7344440000001,51.057495
28.7430530000001,51.051941
28.7774960000001,51.02916
28.7902760000001,51.0205540000001
28.7974970000001,51.013054
28.8036080000001,51.004166
28.819164,50.957222
28.8244440000001,50.938606
28.8255540000001,50.9316640000001
28.8263850000001,50.9158330000001
28.8244440000001,50.9102710000001
28.822498,50.897499
28.823608,50.8905490000001
28.8288880000001,50.880554
28.8319440000001,50.8761060000001
28.839165,50.8686070000001
28.859165,50.8527760000001
28.9197199999999,50.8049930000001
28.9241640000001,50.8019410000001
28.928886,50.7999950000001
28.9463880000001,50.797218
28.966942,50.7986070000001
28.9725,50.800552
28.977219,50.8033290000001
28.988888,50.8136060000001
28.9938890000001,50.823326
28.993053,50.830276
28.990555,50.8358309999999
28.979164,50.8547210000001
28.972775,50.862778
28.9652750000001,50.870277
28.9480550000001,50.8816600000001
28.941387,50.8899990000001
28.9433330000001,50.895554
28.9466630000001,50.899719
28.997219,50.92305
29.013332,50.9288860000001
29.020275,50.929443
29.038887,50.928329
29.062496,50.925278
29.0666660000001,50.9222180000001
29.103333,50.885277
29.1341630000001,50.836105
29.138332,50.82444
29.1397210000001,50.809715
29.134441,50.7238850000001
29.1316640000001,50.7119370000001
29.129166,50.70694
29.1227760000001,50.698608
29.119999,50.6936040000001
29.1172220000001,50.6816640000001
29.1183320000001,50.674721
29.138054,50.641106
29.1422200000001,50.638329
29.1527750000001,50.634995
29.1813890000001,50.6297150000001
29.1874960000001,50.6294400000001
29.1936069999999,50.6305540000001
29.248886,50.656387
29.395275,50.6686100000001
29.402222,50.6691670000001
29.408607,50.6686100000001
29.433052,50.658607
29.4658320000001,50.6416629999999
29.474998,50.6366649999999
29.4922220000001,50.6252750000001
29.6244430000001,50.465828
29.6363870000001,50.447495
29.640274,50.435829
29.6438870000001,50.4152760000001
29.6480520000001,50.4036100000001
29.6541630000001,50.3944400000001
29.6574970000001,50.3908310000001
29.661388,50.387215
29.8072200000001,50.280273
29.8530540000001,50.2466660000001
29.8608320000001,50.2399980000001
29.8644410000001,50.236382
29.870552,50.227219
29.8825,50.2086110000001
29.88472,50.2033310000001
29.890553,50.1941600000001
29.899441,50.1802750000001
29.917774,50.161659
29.932777,50.1474989999999
29.9494439999999,50.1349950000001
29.952774,50.132774
29.9583320000001,50.1313860000001
29.9769439999999,50.1366650000001
29.9947200000001,50.137772
30.0269430000001,50.1388850000001
30.068886,50.1336060000001
30.124443,50.11055
30.1483310000001,50.0994420000001
30.175278,50.0836110000001
30.183887,50.0774990000001
30.1983300000001,50.0624920000001
30.2072220000001,50.048607
30.212769,50.0380479999999
30.2158319999999,50.0261080000001
30.2188870000001,50.006386
30.2183910000001,50.0000000000001
30.207771,49.926659
30.1980510000001,49.898888
30.185551,49.8741610000001
30.1674960000001,49.8397220000001
30.1586040000001,49.8277660000001
30.0913889999999,49.7233280000001
30.009163,49.581657
30.0072170000001,49.5761109999999
30.0049930000001,49.5647130000001
30.005833,49.557487
30.0075000000001,49.551384
30.0105510000001,49.546654
30.053883,49.5013810000001
30.063606,49.4972080000001
30.069717,49.4966660000001
30.082222,49.4988780000001
30.087772,49.5008320000001
30.1049960000001,49.499435
30.1161080000001,49.496941
30.132771,49.49305
30.1383289999999,49.491653
30.1483310000001,49.487488
30.1524930000001,49.4844440000001
30.155552,49.4797130000001
30.1594430000001,49.4680400000001
30.1627770000001,49.455544
30.1702769999999,49.423325
30.1716610000001,49.3530430000001
30.163609,49.315819
30.188049,49.2383190000001
30.2955509999999,49.0066530000001
30.2991640000001,49.0027690000001
30.380833,48.923874
30.3869440000001,48.9233250000001
30.3916630000001,48.926102
30.3961070000001,48.936661
30.398331,48.9494319999999
30.4066659999999,49.0602650000001
30.4055519999999,49.0674900000001
30.39444,49.1116640000001
30.3927730000001,49.11805
30.3658290000001,49.184441
30.3630490000001,49.189156
30.3594440000001,49.1930470000001
30.354443,49.1952670000001
30.3733330000001,49.2224880000001
30.419437,49.2624970000001
30.424164,49.265266
30.4297220000001,49.265549
30.44305,49.2605439999999
30.473328,49.2238850000001
30.489716,49.192772
30.5161060000001,49.100266
30.5191610000001,49.038879
30.5130540000001,48.9849930000001
30.509995,48.9727710000001
30.499718,48.9530490000001
30.49305,48.94471
30.3641620000001,48.8685990000001
30.3538860000001,48.864159
30.3147160000001,48.859993
30.3091660000001,48.861107
30.293884,48.8669360000001
30.281109,48.875832
30.2747150000001,48.8841630000001
30.2716640000001,48.8888780000001
30.2649960000001,48.905266
30.2613870000001,48.9091570000001
30.248608,48.918053
30.202496,48.93499
30.175278,48.9424900000001
30.1627770000001,48.943329
30.0872150000001,48.9347080000001
30.047771,48.9233250000001
30.0430530000001,48.9205470000001
30.0388830000001,48.9172130000001
30.0330510000001,48.9083330000001
30.0219380000001,48.8741610000001
30.0197220000001,48.8613740000001
30.0255550000001,48.770821
30.0272220000001,48.708054
30.0019420000001,48.659714
29.988888,48.6599880000001
29.9652750000001,48.6469350000001
29.959438,48.6377720000001
29.955555,48.626656
29.9508289999999,48.6088870000001
29.9497150000001,48.602486
29.952221,48.588875
29.9630299999999,48.545555
29.9777720000001,48.485825
29.9844400000001,48.4694370000001
29.998051,48.4533230000001
30.0127750000001,48.4469380000001
30.1036070000001,48.4111020000001
30.162495,48.406654
30.1774940000001,48.4136050000001
30.1836049999999,48.4147110000001
30.196663,48.4144360000001
30.2072180000001,48.4108200000001
30.211208,48.4078060000001
30.3297200000001,48.2894360000001
30.427082,48.1604310000001
30.439995,48.1413800000001
30.453907,48.109207
30.4547410000001,48.105892
30.4602740000001,48.083878
30.4613840000001,48.07666
30.4613840000001,48.068886
30.460423,48.068306
30.4669550000001,48.060749
30.4913829999999,48.032494
30.5880510000001,48.0330510000001
30.65694,48.034439
30.946384,48.036659
30.994717,48.036942
30.9974940000001,48.0363850000001
30.9994390000001,47.923882
30.9997180000001,47.8433230000001
31.00111,47.693878
31.1113850000001,47.6947099999999
31.19416,47.695541
31.2216610000001,47.6958240000001
31.235432,47.696381
31.304443,47.696381
31.4077720000001,47.697212
31.4555510000001,47.7166599999999
31.530277,47.748604
31.6530490000001,47.8011020000001
31.7277720000001,47.8333280000001
31.7986070000001,47.8644410000001
31.819717,47.849159
31.8891639999999,47.786942
31.9366610000001,47.7374950000001
32.0511020000001,47.63472
32.0552670000001,47.63166
32.100594,47.6026840000001
32.196938,47.529434
32.332771,47.419441
32.341103,47.413322
32.3461000000001,47.4111020000001
32.3506090000001,47.412449
32.351662,47.412766
32.3555530000001,47.4161000000001
32.364998,47.429718
32.3722150000001,47.4372100000001
32.3833310000001,47.440826
32.3888850000001,47.4394300000001
32.3977740000001,47.434158
32.467766,47.3702699999999
32.474709,47.3624950000001
32.476379,47.3561020000001
32.491936,47.2830510000001
32.491936,47.2749940000001
32.4902730000001,47.2691570000001
32.48027,47.2566600000001
32.477921,47.2546270000001
32.4760970000001,47.253052
32.469986,47.2438810000001
32.462212,47.198875
32.4577710000001,47.1547090000001
32.4591600000001,47.1480480000001
32.463051,47.1374970000001
32.468597,47.128044
32.50444,47.0719379999999
32.515831,47.0544360000001
32.5847170000001,46.9561
32.600548,46.933601
32.623047,46.9033200000001
32.637215,46.887215
32.649162,46.8769380000001
32.666939,46.857216
32.680275,46.840271
32.7530520000001,46.74749
32.7694400000001,46.717766
32.7788770000001,46.6958240000001
32.7988820000001,46.6538770000001
32.8578680000001,46.5575260000001
32.9011,46.4961010000001
32.9038770000001,46.491104
32.9252700000001,46.4508290000001
32.93671,46.4256100000001
32.937492,46.4238819999999
32.943321,46.4060969999999
32.9513850000001,46.3733220000001
32.9636080000001,46.30471
32.96666,46.2836070000001
32.966934,46.267212
32.965271,46.2449950000001
32.95916,46.2038800000001
32.953323,46.1783290000001
32.952217,46.155266
32.9530490000001,46.148048
32.957497,46.1283260000001
32.9619370000001,46.1169360000001
32.9674910000001,46.107216
32.9711000000001,46.1033250000001
32.975266,46.0999980000001
32.979988,46.0977710000001
32.9994350000001,46.0963820000001
33.0055540000001,46.0974880000001
33.083054,46.113052
33.134163,46.1430510000001
33.137497,46.1472170000001
33.173325,46.1866530000001
33.17749,46.1899870000001
33.191101,46.1986009999999
33.195824,46.199432
33.2547150000001,46.183601
33.260277,46.1819380000001
33.2686,46.175552
33.2755510000001,46.1674960000001
33.3036040000001,46.126938
33.3777690000001,46.05027
33.389435,46.04805
33.4033200000001,46.0483320000001
33.409431,46.0494380000001
33.422493,46.0488820000001
33.4391560000001,46.044159
33.443878,46.0419390000001
33.4605480000001,46.02916
33.485779,46.0064699999999
33.4797130000001,45.951935
33.482765,45.93055
33.4916610000001,45.8747100000001
33.497215,45.873047
33.5027770000001,45.873322
33.5075000000001,45.8758240000001
33.515831,45.8824920000001
33.519157,45.886658
33.525269,45.895828
33.526218,45.897713
33.54583,45.936653
33.552773,45.945267
33.5566559999999,45.948601
33.5622100000001,45.948601
33.6330490000001,45.8988800000001
33.6286010000001,45.826103
33.6266560000001,45.820274
33.61721,45.8069380000001
33.6040420000001,45.790516
33.596939,45.781662
33.591377,45.7716600000001
33.589432,45.765831
33.588882,45.751938
33.59166,45.7469410000001
33.5966570000001,45.7447129999999
33.6027760000001,45.743881
33.6372830000001,45.752327
33.6597140000001,45.711937
33.668053,45.6972120000001
33.6749950000001,45.688881
33.724991,45.650269
33.7299880000001,45.6477740000001
33.7352680000001,45.646385
33.7499999999999,45.6451000000001
33.7565349999999,45.644531
33.7608260000001,45.644157
33.7761,45.637772
33.888603,45.5502700000001
33.94249,45.5080490000001
33.9460980000001,45.504166
33.9474870000001,45.4974900000001
33.9474870000001,45.490829
33.945541,45.4849930000001
33.940231,45.4737820000001
33.9380420000001,45.469154
33.9383240000001,45.462494
33.9397130000001,45.455826
33.9452670000001,45.4377670000001
33.9497150000001,45.426102
33.952492,45.421379
33.9708370000001,45.406162
33.9795680000001,45.401054
34.074997,45.4655460000001
34.0791630000001,45.4688800000001
34.1305470000001,45.5394360000001
34.1378400000001,45.555069
34.1405490000001,45.5627670000001
34.1508260000001,45.5672150000001
34.156937,45.5680540000001
34.289436,45.583603
34.3024900000001,45.5847170000001
34.3042720000001,45.584484
34.3088840000001,45.5838780000001
34.3177720000001,45.578331
34.3302760000001,45.5683290000001
34.344154,45.5519330000001
34.346939,45.5469440000001
34.3511050000001,45.5355529999999
34.3519360000001,45.521378
34.345268,45.513054
34.341103,45.5094379999999
34.334991,45.5002749999999
34.3338780000001,45.493607
34.3358230000001,45.48777
34.3760990000001,45.461662
34.380821,45.459435
34.443047,45.4369350000001
34.448601,45.435547
34.455269,45.435547
34.457489,45.4366530000001
34.460274,45.4380420000001
34.4688800000001,45.4441530000001
34.5861050000001,45.5629230000001
34.573471,45.648468
34.560272,45.6999970000001
34.5568470000001,45.714256
34.5566560000001,45.722214
34.577774,45.7302700000001
34.584717,45.7302700000001
34.5899890000001,45.728874
34.6591570000001,45.708328
34.695824,45.688042
34.7027740000001,45.679993
34.7083280000001,45.669991
34.7138820000001,45.659988
34.7174910000001,45.655823
34.721657,45.6527710000001
34.7269360000001,45.6511
34.7338790000001,45.6511
34.73999,45.652214
34.80555,45.683327
34.815269,45.6885990000001
34.8191600000001,45.6919330000001
34.8261030000001,45.700546
34.828606,45.7055510000001
34.8305510000001,45.719711
34.830276,45.734993
34.831665,45.741661
34.8355480000001,45.7533260000001
34.845135,45.765247
34.8458250000001,45.766106
34.858604,45.7755510000001
34.9140400000001,45.7977329999999
34.898331,45.8391570000001
34.896385,45.844994
34.895546,45.852493
34.897491,45.85833
34.903603,45.8677670000001
34.9580460000001,45.893883
34.9636080000001,45.8955460000001
34.969711,45.894997
34.9752660000001,45.8933260000001
34.9794310000001,45.890274
34.9988779999999,45.8805470000001
35.0297160000001,45.8769380000001
35.035271,45.878601
35.098755,45.9337690000001
35.0937880000001,45.948315
35.0902710000001,45.958603
35.075233,45.992065
35.05999,46.0258260000001
35.0583270000001,46.032494
35.0583270000001,46.0394360000001
35.0602720000001,46.0452730000001
35.0977710000001,46.1524890000001
35.099609,46.155193
35.1072160000001,46.1663820000001
35.1099090000001,46.168549
35.1134109999999,46.171364
35.204163,46.192764
35.211105,46.193047
35.2172090000001,46.192215
35.2222140000001,46.1899870000001
35.2263790000001,46.1866530000001
35.2297130000001,46.1824950000001
35.2310370000001,46.17902
35.231934,46.1766590000001
35.233604,46.1699910000001
35.2341610000001,46.162491
35.2344360000001,46.1541599999999
35.272491,46.1330490000001
35.2974620000001,46.148048
35.383331,46.064995
35.399162,46.0511020000001
35.4722140000001,45.9977720000001
35.4811020000001,45.992218
35.485825,45.989716
35.5016630000001,45.9841610000001
35.584717,45.9799879999999
35.6802750000001,46.02166
35.6877670000001,46.029434
35.6930470000001,46.0397190000001
35.6949920000001,46.04583
35.696655,46.068604
35.696655,46.0769420000001
35.6927640000001,46.106384
35.69249,46.1149980000001
35.6941530000001,46.147774
35.695541,46.1547090000001
35.7122120000001,46.229431
35.7280430000001,46.2686
35.7774890000001,46.3341600000001
35.795273,46.3463820000001
35.7999950000001,46.3488770000001
35.8060990000001,46.3499980000001
35.8172150000001,46.3469390000001
35.821938,46.344437
35.8255540000001,46.3402710000001
35.8311080000001,46.330276
35.8341600000001,46.3169400000001
35.834435,46.2999950000001
35.828606,46.2819369999999
35.813049,46.2588880000001
35.803047,46.204437
35.8024899999999,46.196938
35.804161,46.1816640000001
35.8105470000001,46.164154
35.81522,46.156937
35.818569,46.1517640000001
35.819717,46.149994
35.823883,46.1466600000001
35.828606,46.1441570000001
35.841103,46.142769
35.8536070000001,46.1283260000001
35.8627700000001,46.1086040000001
35.864998,46.1027760000001
35.8663860000001,46.0961
35.8663860000001,46.0874940000001
35.865829,46.0799940000001
35.8416600000001,45.9024890000001
35.839714,45.895828
35.8369369999999,45.8908310000001
35.833054,45.887215
35.8312150000001,45.886242
35.828331,45.88472
35.8241650000001,45.881104
35.8208310000001,45.8769380000001
35.818054,45.871658
35.8174970000001,45.864159
35.811935,45.765831
35.815533,45.7593610000001
35.8174970000001,45.7558290000001
35.8244399999999,45.74749
35.8280490000001,45.7433240000001
35.83638,45.736656
35.8480450000001,45.7344360000001
35.8588869999999,45.731377
35.873322,45.7238770000001
35.8858260000001,45.713882
35.921936,45.6824950000001
35.9405440000001,45.663322
35.9668050000001,45.6334689999999
35.965752,45.6155700000001
36.0111690000001,45.5200730000001
36.0149920000001,45.515549
36.0205460000001,45.505547
36.0174870000001,45.4758150000001
36.016106,45.4691470000001
36.000008,45.4219440000001
35.9908290000001,45.4058230000001
36.0644380000001,45.354439
36.133881,45.343597
36.238319,45.31971
36.3811040000001,45.27916
36.425262,45.248322
36.4313740000001,45.239159
36.432213,45.2247090000001
36.4255450000001,45.2074970000001
36.422768,45.2024920000001
36.4161,45.185265
36.4113770000001,45.165543
36.4088750000001,45.1433260000001
36.4088750000001,45.134995
36.411934,45.1213680000001
36.41748,45.107841
36.4188770000001,45.1044390000001
36.4244310000001,45.0941470000001
36.4277730000001,45.089989
36.431931,45.086655
36.437485,45.0849840000001
36.4436040000001,45.084435
36.451195,45.0849150000001
36.4566500000001,45.0852580000001
36.461372,45.0827640000001
36.5019380000001,45.0585940000001
36.5102770000001,45.0519260000001
36.5428580000001,45.0130880000001
36.5577700000001,45.015831
36.6083300000001,45.033333
36.6130450000001,45.0361100000001
36.6163790000001,45.0402760000001
36.619156,45.04554
36.629433,45.058327
36.634163,45.0611040000001
36.64444,45.0652620000001
36.650536,45.066376
36.6805500000001,45.0666660000001
36.685547,45.064156
36.736382,45.0255510000001
36.7791599999999,44.950829
36.781937,44.9455340000001
36.7836,44.938881
36.7836,44.9216540000001
36.7822040000001,44.90638
36.7824939999999,44.889153
36.783875,44.873871
36.785271,44.867203
36.790833,44.856934
36.7983250000001,44.849152
36.8080370000001,44.844147
36.8197100000001,44.8416600000001
36.8299870000001,44.8461000000001
36.865822,44.876381
36.8755420000001,44.8885960000001
36.880814,44.898872
36.8883290000001,44.9066470000001
36.900536,44.908318
36.9205400000001,44.909424
37.0238720000001,44.909714
37.028603,44.907204
37.0347140000001,44.8977740000001
37.051384,44.8669360000001
37.053322,44.8611070000001
37.0535960000001,44.852486
37.0522160000001,44.845543
37.055817,44.8174900000001
37.084717,44.7849880000001
37.105263,44.768044
37.1099930000001,44.765549
37.1169360000001,44.765549
37.149712,44.787338
37.174988,44.792763
37.266388,44.819153
37.271103,44.821938
37.2841569999999,44.822762
37.294991,44.819443
37.30526,44.8152620000001
37.3216630000001,44.8016590000001
37.4277730000001,44.6485979999999
37.4327700000001,44.6288760000001
37.4347080000001,44.6141590000001
37.4347080000001,44.6093030000001
37.4347080000001,44.5988770000001
37.4369280000001,44.592766
37.4402620000001,44.5885930000001
37.4432530000001,44.5879519999999
37.4519350000001,44.586098
37.613884,44.5844350000001
37.6908190000001,44.5988770000001
37.7058260000001,44.614441
37.7161030000001,44.6188740000001
37.722214,44.6197130000001
37.727768,44.61805
37.7655490000001,44.5794300000001
37.768044,44.5741580000001
37.873322,44.2930530000001
37.899151,44.223969
37.960274,44.238884
38.097214,44.3233180000001
38.2112999999999,44.399017
38.3114740000001,44.4682040000001
38.3141560000001,44.471657
38.3183290000001,44.475266
38.3230439999999,44.4777680000001
38.328575,44.479549
38.339432,44.48304
38.3455430000001,44.484154
38.3516620000001,44.48333
38.393326,44.440819
38.394833,44.436672
38.395546,44.4347080000001
38.3780360000001,44.333878
38.3780360000001,44.3328290000001
38.3780360000001,44.3252719999999
38.379433,44.3183290000001
38.381653,44.312202
38.3845979999999,44.309875
38.38784,44.307316
38.4005360000001,44.3052600000001
38.443604,44.302773
38.455269,44.3055500000001
38.4643060000001,44.3093830000001
38.475548,44.314156
38.4919360000001,44.3194429999999
38.5102770000001,44.32222
38.5113910000001,44.32222
38.5238719999999,44.32222
38.6130450000001,44.317215
38.637772,44.313881
38.6430440000001,44.312202
38.651375,44.3052600000001
38.6569369999999,44.2947160000001
38.7216570000001,44.260818
38.726929,44.262772
38.8044360000001,44.301384
38.815536,44.304993
38.834435,44.3033219999999
38.8508219999999,44.2972110000001
38.859711,44.2911000000001
38.8624880000001,44.285828
38.863884,44.27887
38.8644410000001,44.253609
38.8666530000001,44.24749
38.8911060000001,44.210815
38.8958210000001,44.2080460000001
38.9680400000001,44.173325
38.9960940000001,44.1602710000001
39.0022129999999,44.159424
39.0075000000001,44.161095
39.014992,44.168877
39.056675,44.198032
39.12915,44.2166600000001
39.135262,44.2174840000001
39.140831,44.215828
39.336098,44.0747150000001
39.3524860000001,44.060547
39.3774450000001,44.0349540000001
39.379715,44.0341570000001
39.3849950000001,44.0341570000001
39.388596,44.038605
39.4088750000001,44.064995
39.411652,44.0702670000001
39.4130480000001,44.0860980000001
39.4169390000001,44.2005389999999
39.4169390000001,44.2180400000001
39.414711,44.2241520000001
39.411377,44.2286
39.410263,44.229561
39.407204,44.2322010000001
39.400536,44.240822
39.387497,44.2927630000001
39.3869320000001,44.300819
39.3872450000001,44.3089870000001
39.387497,44.315536
39.395546,44.340271
39.413872,44.3958210000001
39.4191589999999,44.4063800000001
39.4252620000001,44.4161
39.4319310000001,44.424988
39.4416499999999,44.4302749999999
39.4469379999999,44.431931
39.640656,44.4778900000001
39.6988680000001,44.4710850000001
39.78054,44.6058200000001
39.7777710000001,44.611107
39.70665,44.7308200000001
39.6969530000001,44.7426150000001
39.630814,44.8130420000001
39.623047,44.864998
39.621651,44.8719330000001
39.60582,44.8885960000001
39.5644380000001,44.901375
39.546654,44.9047090000001
39.5358280000001,44.9080430000001
39.4766460000001,44.9277729999999
39.435822,44.9502720000001
39.428879,44.958878
39.42054,44.974709
39.417004,45.0000000000001
39.4163820000001,45.004433
---
