34.858604,45.775551
34.845825,45.766106
34.845135,45.765247
34.835548,45.753326
34.831665,45.741661
34.830276,45.734993
34.830551,45.719711
34.828606,45.705551
34.826103,45.700546
34.81916,45.691933
34.815269,45.688599
34.80555,45.683327
34.73999,45.652214
34.733879,45.6511
34.726936,45.6511
34.721657,45.652771
34.717491,45.655823
34.713882,45.659988
34.708328,45.669991
34.702774,45.679993
34.695824,45.688042
34.659157,45.708328
34.589989,45.728874
34.584717,45.73027
34.577774,45.73027
34.556656,45.722214
34.556847,45.714256
34.560272,45.699997
34.573471,45.648468
34.586105,45.562923
34.46888,45.444153
34.460274,45.438042
34.457489,45.436653
34.455269,45.435547
34.448601,45.435547
34.443047,45.436935
34.380821,45.459435
34.376099,45.461662
34.335823,45.48777
34.333878,45.493607
34.334991,45.500275
34.341103,45.509438
34.345268,45.513054
34.351936,45.521378
34.351105,45.535553
34.346939,45.546944
34.344154,45.551933
34.330276,45.568329
34.317772,45.578331
34.308884,45.583878
34.304272,45.584484
34.30249,45.584717
34.289436,45.583603
34.156937,45.568054
34.150826,45.567215
34.140549,45.562767
34.13784,45.555069
34.130547,45.539436
34.079163,45.46888
34.074997,45.465546
33.979568,45.401054
33.970837,45.406162
33.952492,45.421379
33.949715,45.426102
33.945267,45.437767
33.939713,45.455826
33.938324,45.462494
33.938042,45.469154
33.940231,45.473782
33.945541,45.484993
33.947487,45.490829
33.947487,45.49749
33.946098,45.504166
33.94249,45.508049
33.888603,45.55027
33.7761,45.637772
33.760826,45.644157
33.756535,45.644531
33.75,45.6451
33.735268,45.646385
33.729988,45.647774
33.724991,45.650269
33.674995,45.688881
33.668053,45.697212
33.659714,45.711937
33.637283,45.752327
33.602776,45.743881
33.596657,45.744713
33.59166,45.746941
33.588882,45.751938
33.589432,45.765831
33.591377,45.77166
33.596939,45.781662
33.604042,45.790516
33.61721,45.806938
33.626656,45.820274
33.628601,45.826103
33.633049,45.89888
33.56221,45.948601
33.556656,45.948601
33.552773,45.945267
33.54583,45.936653
33.526218,45.897713
33.525269,45.895828
33.519157,45.886658
33.515831,45.882492
33.5075,45.875824
33.502777,45.873322
33.497215,45.873047
33.491661,45.87471
33.482765,45.93055
33.479713,45.951935
33.485779,46.00647
33.460548,46.02916
33.443878,46.041939
33.439156,46.044159
33.422493,46.048882
33.409431,46.049438
33.40332,46.048332
33.389435,46.04805
33.377769,46.05027
33.303604,46.126938
33.275551,46.167496
33.2686,46.175552
33.260277,46.181938
33.254715,46.183601
33.195824,46.199432
33.191101,46.198601
33.17749,46.189987
33.173325,46.186653
33.137497,46.147217
33.134163,46.143051
33.083054,46.113052
33.005554,46.097488
32.999435,46.096382
32.979988,46.097771
32.975266,46.099998
32.9711,46.103325
32.967491,46.107216
32.961937,46.116936
32.957497,46.128326
32.953049,46.148048
32.952217,46.155266
32.953323,46.178329
32.95916,46.20388
32.965271,46.244995
32.966934,46.267212
32.96666,46.283607
32.963608,46.30471
32.951385,46.373322
32.943321,46.406097
32.937492,46.423882
32.93671,46.42561
32.92527,46.450829
32.903877,46.491104
32.9011,46.496101
32.857868,46.557526
32.798882,46.653877
32.778877,46.695824
32.76944,46.717766
32.753052,46.74749
32.680275,46.840271
32.666939,46.857216
32.649162,46.876938
32.637215,46.887215
32.623047,46.90332
32.600548,46.933601
32.584717,46.9561
32.515831,47.054436
32.50444,47.071938
32.468597,47.128044
32.463051,47.137497
32.45916,47.148048
32.457771,47.154709
32.462212,47.198875
32.469986,47.243881
32.476097,47.253052
32.477921,47.254627
32.48027,47.25666
32.490273,47.269157
32.491936,47.274994
32.491936,47.283051
32.476379,47.356102
32.474709,47.362495
32.467766,47.37027
32.397774,47.434158
32.388885,47.43943
32.383331,47.440826
32.372215,47.43721
32.364998,47.429718
32.355553,47.4161
32.351662,47.412766
32.350609,47.412449
32.3461,47.411102
32.341103,47.413322
32.332771,47.419441
32.196938,47.529434
32.100594,47.602684
32.055267,47.63166
32.051102,47.63472
31.936661,47.737495
31.889164,47.786942
31.819717,47.849159
31.798607,47.864441
31.727772,47.833328
31.653049,47.801102
31.530277,47.748604
31.455551,47.71666
31.407772,47.697212
31.304443,47.696381
31.235432,47.696381
31.221661,47.695824
31.19416,47.695541
31.111385,47.69471
31.00111,47.693878
30.999718,47.843323
30.999439,47.923882
30.997494,48.036385
30.994717,48.036942
30.946384,48.036659
30.65694,48.034439
30.588051,48.033051
30.491383,48.032494
30.466955,48.060749
30.460423,48.068306
30.461384,48.068886
30.461384,48.07666
30.460274,48.083878
30.454741,48.105892
30.453907,48.109207
30.439995,48.14138
30.427082,48.160431
30.32972,48.289436
30.211208,48.407806
30.207218,48.41082
30.196663,48.414436
30.183605,48.414711
30.177494,48.413605
30.162495,48.406654
30.103607,48.411102
30.012775,48.446938
29.998051,48.453323
29.98444,48.469437
29.977772,48.485825
29.96303,48.545555
29.946938,48.561661
29.94194,48.563881
29.937218,48.562775
29.93055,48.554436
29.926662,48.54332
29.922497,48.524712
29.927498,48.443047
29.939716,48.383881
29.954163,48.34388
29.970551,48.306389
29.988049,48.278603
30.001389,48.253609
30.011662,48.23333
30.029442,48.189713
30.036659,48.165268
30.038052,48.158875
30.039993,48.144722
30.045551,48.09388
30.044994,48.071663
30.033051,47.959435
30.017555,47.943474
30.016663,47.938881
30.018887,47.931099
30.083881,47.731377
30.084438,47.715546
30.083054,47.436661
30.082771,47.39666
30.081661,47.351105
30.035553,47.209435
30.031109,47.199158
30.01527,47.169991
30.001942,47.153603
29.991108,47.14193
29.974716,47.128876
29.946384,47.113602
29.912216,47.096657
29.901939,47.092209
29.794163,47.047768
29.646111,46.981377
29.585274,46.948318
29.571663,46.940269
29.559441,46.929993
29.549995,46.918053
29.475826,46.858887
29.433605,46.827766
29.356384,46.775551
29.266315,46.714912
29.230343,46.690384
29.190857,46.65741
29.186108,46.650269
29.178608,46.635277
29.156109,46.598885
29.14333,46.581657
29.130276,46.565819
29.126106,46.561935
29.114716,46.552498
29.105202,46.547356
29.104198,46.546944
29.061661,46.42667
29.086069,46.12215
29.19833,44.721661
29.8685,43.810379
30.41666,43.064999
30.516159,42.924702
31.11166,42.084999
31.373329,41.439999
31.94833,40.41333
32.005859,40.074612
32.105553,39.487579
32.154942,39.196743
32.236382,39.301109
32.355541,39.259998
32.30405,39.043652
32.477661,38.986019
32.501511,39.08601
33.377594,38.794701
33.382217,38.810272
33.455551,38.961388
33.658882,39.386108
33.75,39.57914
33.853333,39.79805
33.947655,40
34.024437,40.165543
34.040825,40.199432
34.260277,40.663605
34.419434,41.003876
34.47361,41.03054
34.608597,41.099434
34.777489,41.220543
34.788322,41.229156
34.916939,41.223053
35.069153,41.214722
35.112778,41.212494
35.182487,41.211098
35.19471,41.211388
35.200623,41.21241
35.224709,41.215271
35.253609,41.222488
35.301102,41.238602
35.304436,41.240555
35.319443,41.246101
35.343323,41.254433
35.367775,41.262215
35.39444,41.2686
35.403046,41.269722
35.443329,41.270821
35.468323,41.272491
35.495544,41.277771
35.55056,41.322495
35.625275,41.383881
35.636658,41.384163
35.835274,41.378609
35.838608,41.378052
35.876381,41.356934
36.027771,41.271103
36.054993,41.25499
36.355553,41.290276
36.472771,41.36721
36.525551,41.403046
36.598885,41.835274
37.055889,42.367287
37.063164,42.3741
37.064674,42.377228
37.068314,42.379166
37.076111,42.379166
37.079163,42.377769
37.106926,42.355614
37.117493,42.376938
37.147491,42.531662
37.149994,42.573875
37.150826,42.578331
37.152771,42.581657
37.16111,42.58416
37.169716,42.585541
37.181656,42.590546
37.351944,42.724709
37.371216,42.765732
37.380829,42.779442
37.384438,42.78611
37.38472,42.790825
37.37999,42.815552
37.378319,42.82
37.375832,42.82222
37.372208,42.823318
37.361107,42.824158
37.354439,42.826653
37.335541,42.89444
37.327766,42.924164
37.322487,42.950554
37.32222,42.955544
37.322487,42.960274
37.326935,42.976105
37.338326,43.001099
37.339989,43.004433
37.373878,43.156937
37.252769,43.485268
37.249718,43.494713
37.229996,43.623047
37.221931,43.816376
37.221657,43.903603
37.224152,43.911385
37.228882,43.917213
37.231667,43.919716
37.251938,43.936935
37.272217,43.952766
37.275826,43.954712
37.283875,43.956657
37.286652,43.95916
37.314995,44.003876
37.320541,44.014153
37.32222,44.04805
37.316376,44.072945
37.317215,44.0961
37.316376,44.116379
37.314995,44.121384
37.278328,44.227219
37.274155,44.233887
37.247498,44.256943
37.241936,44.261658
37.228325,44.264992
37.195,44.268326
37.171944,44.268883
37.167496,44.267769
37.164162,44.265831
37.161934,44.262772
37.160553,44.258881
37.155266,44.234154
37.152771,44.226379
37.107773,44.195824
37.100266,44.193329
37.093323,44.195
37.08416,44.199715
36.986664,44.255272
36.984711,44.258881
36.970543,44.317215
36.971931,44.321106
37.006653,44.341103
37.038322,44.349709
37.063042,44.436378
37.080826,44.470276
37.091652,44.490555
37.129166,44.546097
37.136101,44.554993
37.144157,44.563042
37.155266,44.57222
37.162209,44.5811
37.164162,44.584435
37.187485,44.638054
37.189438,44.646378
37.174431,44.745827
37.169716,44.766106
37.166382,44.774712
37.163879,44.777771
37.149712,44.787338
37.116936,44.765549
37.109993,44.765549
37.105263,44.768044
37.084717,44.784988
37.055817,44.81749
37.052216,44.845543
37.053596,44.852486
37.053322,44.861107
37.051384,44.866936
37.034714,44.897774
37.028603,44.907204
37.023872,44.909714
36.92054,44.909424
36.900536,44.908318
36.888329,44.906647
36.880814,44.898872
36.875542,44.888596
36.865822,44.876381
36.829987,44.8461
36.81971,44.84166
36.808037,44.844147
36.798325,44.849152
36.790833,44.856934
36.785271,44.867203
36.783875,44.873871
36.782494,44.889153
36.782204,44.90638
36.7836,44.921654
36.7836,44.938881
36.781937,44.945534
36.77916,44.950829
36.736382,45.025551
36.685547,45.064156
36.68055,45.066666
36.650536,45.066376
36.64444,45.065262
36.634163,45.061104
36.629433,45.058327
36.619156,45.04554
36.616379,45.040276
36.613045,45.03611
36.60833,45.033333
36.55777,45.015831
36.542858,45.013088
36.510277,45.051926
36.501938,45.058594
36.461372,45.082764
36.45665,45.085258
36.451195,45.084915
36.443604,45.084435
36.437485,45.084984
36.431931,45.086655
36.427773,45.089989
36.424431,45.094147
36.418877,45.104439
36.41748,45.107841
36.411934,45.121368
36.408875,45.134995
36.408875,45.143326
36.411377,45.165543
36.4161,45.185265
36.422768,45.202492
36.425545,45.207497
36.432213,45.224709
36.431374,45.239159
36.425262,45.248322
36.381104,45.27916
36.238319,45.31971
36.133881,45.343597
36.064438,45.354439
35.990829,45.405823
36.000008,45.421944
36.016106,45.469147
36.017487,45.475815
36.020546,45.505547
36.014992,45.515549
36.011169,45.520073
35.965752,45.61557
35.966805,45.633469
35.940544,45.663322
35.921936,45.682495
35.885826,45.713882
35.873322,45.723877
35.858887,45.731377
35.848045,45.734436
35.83638,45.736656
35.828049,45.743324
35.82444,45.74749
35.817497,45.755829
35.815533,45.759361
35.811935,45.765831
35.817497,45.864159
35.818054,45.871658
35.820831,45.876938
35.824165,45.881104
35.828331,45.88472
35.831215,45.886242
35.833054,45.887215
35.836937,45.890831
35.839714,45.895828
35.84166,45.902489
35.865829,46.079994
35.866386,46.087494
35.866386,46.0961
35.864998,46.102776
35.86277,46.108604
35.853607,46.128326
35.841103,46.142769
35.828606,46.144157
35.823883,46.14666
35.819717,46.149994
35.818569,46.151764
35.81522,46.156937
35.810547,46.164154
35.804161,46.181664
35.80249,46.196938
35.803047,46.204437
35.813049,46.258888
35.828606,46.281937
35.834435,46.299995
35.83416,46.31694
35.831108,46.330276
35.825554,46.340271
35.821938,46.344437
35.817215,46.346939
35.806099,46.349998
35.799995,46.348877
35.795273,46.346382
35.777489,46.33416
35.728043,46.2686
35.712212,46.229431
35.695541,46.154709
35.694153,46.147774
35.69249,46.114998
35.692764,46.106384
35.696655,46.076942
35.696655,46.068604
35.694992,46.04583
35.693047,46.039719
35.687767,46.029434
35.680275,46.02166
35.584717,45.979988
35.501663,45.984161
35.485825,45.989716
35.481102,45.992218
35.472214,45.997772
35.399162,46.051102
35.383331,46.064995
35.297462,46.148048
35.272491,46.133049
35.234436,46.15416
35.234161,46.162491
35.233604,46.169991
35.231934,46.176659
35.231037,46.17902
35.229713,46.182495
35.226379,46.186653
35.222214,46.189987
35.217209,46.192215
35.211105,46.193047
35.204163,46.192764
35.113411,46.171364
35.109909,46.168549
35.107216,46.166382
35.099609,46.155193
35.097771,46.152489
35.060272,46.045273
35.058327,46.039436
35.058327,46.032494
35.05999,46.025826
35.075233,45.992065
35.090271,45.958603
35.093788,45.948315
35.098755,45.933769
35.035271,45.878601
35.029716,45.876938
34.998878,45.880547
34.979431,45.890274
34.975266,45.893326
34.969711,45.894997
34.963608,45.895546
34.958046,45.893883
34.903603,45.867767
34.897491,45.85833
34.895546,45.852493
34.896385,45.844994
34.898331,45.839157
34.91404,45.797733
---
