53.221382,-9.66333400000002
53.222771,-9.68861199999998
53.2233280000001,-9.69555700000001
53.2269440000001,-9.70389
53.2324980000001,-9.709723
53.2638850000001,-9.72555699999998
53.268051,-9.72472399999998
53.2816619999999,-9.67055699999992
53.281944,-9.664446
53.279999,-9.66083300000003
53.2519380000001,-9.64194499999996
53.2269440000001,-9.64861299999995
53.222221,-9.65638899999993
---
53.9977720000001,-9.94055600000002
53.991386,-9.93611099999993
53.9505540000001,-9.92388899999997
53.945831,-9.92388899999997
53.923882,-9.92611099999993
53.8866650000001,-9.940834
53.8833310000001,-9.94333499999999
53.878326,-9.95055599999995
53.8766630000001,-9.95500199999998
53.8758320000001,-9.96138999999994
53.87944,-9.978613
53.909439,-10.055557
53.919716,-10.06139
53.923332,-10.062778
53.9277730000001,-10.062778
53.9597170000001,-10.1522239999999
53.9608309999999,-10.174168
53.9686050000001,-10.2641679999999
53.9749980000001,-10.268612
53.9777760000001,-10.2655559999999
54.0083310000001,-10.1966669999999
54.008888,-10.1894449999999
54.009163,-10.1588899999999
54.0016630000001,-10.125
54,-10.119522
54.02166,-10.0691679999999
54.022499,-10.063057
54.0219420000001,-9.97416700000002
54.0208280000001,-9.96805599999993
54.0186080000001,-9.96416900000003
---
54.9438860000001,-8.44333499999993
54.945274,-8.448891
54.947777,-8.45250099999998
54.9508289999999,-8.454723
54.9549939999999,-8.45389
54.957771,-8.45055600000001
54.9574970000001,-8.44416799999993
54.955276,-8.43861199999992
54.951942,-8.43639000000002
54.948326,-8.43500099999994
54.944443,-8.43694499999992
---
54.9638820000001,-8.52666899999997
54.965828,-8.55305700000002
54.9666600000001,-8.558334
54.9697190000001,-8.56222300000002
54.972771,-8.56444499999992
54.988884,-8.56361199999992
55.0083310000001,-8.55027999999993
55.0119400000001,-8.54694599999993
55.015831,-8.538612
55.0155490000001,-8.53083399999997
55.0138850000001,-8.52694500000001
54.9974980000001,-8.493334
54.9947200000001,-8.49055699999997
54.97583,-8.48444599999999
54.971382,-8.48555599999992
54.9699940000001,-8.48944499999999
54.9641650000001,-8.51861200000002
---
54.8825,-7.44388999999995
54.8577730000001,-7.458056
54.829933,-7.48283900000001
54.762772,-7.55333399999995
54.710548,-7.73916699999995
54.7311100000001,-7.81916699999999
54.7344440000001,-7.82444500000003
54.7355500000001,-7.82972199999995
54.733604,-7.84305599999999
54.7022170000001,-7.92527899999999
54.6988830000001,-7.92750099999995
54.6711040000001,-7.91388899999993
54.6644440000001,-7.90638899999993
54.6347200000001,-7.855278
54.633049,-7.849445
54.6269380000001,-7.77749999999998
54.5944440000001,-7.75222300000002
54.553886,-7.83361100000002
54.5322190000001,-7.95083399999993
54.507217,-8.04694599999993
54.4638790000001,-8.17166599999996
54.44194,-8.15944499999995
54.438606,-8.15666799999997
54.3727720000001,-8.06555600000002
54.366386,-8.05583399999995
54.361382,-8.04527899999999
54.3572160000001,-8.03027900000001
54.2994380000001,-7.94138899999996
54.294167,-7.90027799999996
54.289162,-7.87805600000002
54.285828,-7.87555600000002
54.282494,-7.87472200000002
54.2530520000001,-7.86944499999993
54.23111,-7.86916699999995
54.2241590000001,-7.86749999999995
54.218048,-7.86194499999993
54.212219,-7.85138899999998
54.1991650000001,-7.82055599999995
54.1991650000001,-7.81555599999996
54.200272,-7.74777799999998
54.2024990000001,-7.70249999999999
54.2024990000001,-7.69694499999997
54.1697160000001,-7.62777799999998
54.1663820000001,-7.62444499999998
54.163055,-7.62305599999996
54.1555480000001,-7.624167
54.1488880000001,-7.62361099999998
54.1461110000001,-7.620001
54.142494,-7.61000100000001
54.1269380000001,-7.55944499999993
54.113052,-7.33027800000002
54.1124950000001,-7.313334
54.1219410000001,-7.28694499999995
54.1249920000001,-7.28083399999997
54.2252730000001,-7.14583399999992
54.252495,-7.14138899999995
54.255829,-7.14250099999992
54.2588880000001,-7.14499999999993
54.289162,-7.17555600000003
54.336662,-7.16083299999997
54.409996,-7.05833299999995
54.417221,-7.03638899999993
54.41777,-7.03083400000003
54.4169390000001,-7.02527799999996
54.4016650000001,-6.974445
54.3791660000001,-6.92694499999999
54.373604,-6.91722299999992
54.345276,-6.87611199999992
54.338882,-6.87000099999995
54.2919390000001,-6.85055599999998
54.2874980000001,-6.85166700000002
54.1836089999999,-6.73472299999992
54.065277,-6.65555599999993
54.0452730000001,-6.63250099999999
54.039162,-6.625
54.0372159999999,-6.620001
54.042221,-6.60805599999992
54.044441,-6.60583399999996
54.0508270000001,-6.56749999999994
54.058327,-6.44749999999999
54.099442,-6.36583399999995
54.102493,-6.36611199999999
54.105553,-6.36527799999999
54.1086040000001,-6.36361099999999
54.1116640000001,-6.36000100000001
54.114166,-6.35500000000002
54.115555,-6.34972299999993
54.115555,-6.33888899999994
54.1086040000001,-6.288611
54.107216,-6.27861100000001
54.1049960000001,-6.27249999999992
54.1019440000001,-6.26750099999992
54.099831,-6.26697499999995
54.0977710000001,-6.27083399999992
54.093605,-6.26972299999994
54.0747150000001,-6.24083400000001
54.036942,-6.17055599999998
54.030548,-6.15833400000002
54.0286100000001,-6.14527799999996
54.0313869999999,-6.13388900000001
54.0297160000001,-6.12861199999998
54.0027770000001,-6.10527799999994
53.9994430000001,-6.10333299999996
53.9958270000001,-6.10305599999998
53.992218,-6.10499999999996
53.9891660000001,-6.10833399999996
53.982773,-6.120833
53.9749980000001,-6.13805599999995
53.972221,-6.14861199999996
53.972221,-6.15500100000003
53.972771,-6.16250000000002
53.987778,-6.22805599999992
54.00444,-6.288611
54.009438,-6.31194499999992
54.0130540000001,-6.33027799999996
54.014442,-6.34416700000003
54.0138850000001,-6.35055599999993
54.012215,-6.35555599999992
54.009438,-6.35888999999997
53.9536060000001,-6.38083399999994
53.94944,-6.38194499999992
53.9172209999999,-6.38083399999994
53.909439,-6.37944499999992
53.8997190000001,-6.37361099999998
53.888054,-6.36222299999997
53.8808289999999,-6.35166700000002
53.8763890000001,-6.34500000000003
53.871941,-6.33694499999996
53.8691640000001,-6.32555600000001
53.863884,-6.28972199999998
53.8336110000001,-6.255
53.782776,-6.24000100000001
53.754166,-6.24694499999998
53.728249,-6.25096599999995
53.7194440000001,-6.25111199999998
53.6811980000001,-6.24112700000001
53.6713870000001,-6.23638899999992
53.6355510000001,-6.21416799999997
53.5902710000001,-6.14916699999998
53.588333,-6.14444399999996
53.5858310000001,-6.12388900000002
53.583054,-6.10138899999998
53.5636060000001,-6.08111200000002
53.548332,-6.07749999999993
53.539993,-6.07694500000002
53.525833,-6.07777800000002
53.5224990000001,-6.07888899999995
53.386108,-6.14972299999994
53.382774,-6.15916700000002
53.3538819999999,-6.22472299999993
53.351662,-6.22444499999995
53.342216,-6.22083399999997
53.3074950000001,-6.18027799999999
53.252495,-6.11055599999997
53.113884,-6.03555599999993
53.10611,-6.03361099999995
52.945,-6.01305600000001
52.865829,-6.06944499999997
52.8399960000001,-6.10749999999996
52.8322220000001,-6.11750000000001
52.8288880000001,-6.120001
52.801666,-6.13750099999999
52.7874980000001,-6.14527799999996
52.77916,-6.14833399999998
52.7661060000001,-6.15055599999994
52.7383270000001,-6.14777899999996
52.6958310000001,-6.19111199999992
52.6894380000001,-6.19666699999993
52.667496,-6.21416799999997
52.660271,-6.21805599999999
52.643326,-6.22222199999999
52.6299970000001,-6.22277799999995
52.6186070000001,-6.22027799999995
52.611938,-6.21666699999997
52.606384,-6.21111199999996
52.60305,-6.20916699999998
52.5805510000001,-6.20111200000002
52.564163,-6.20000099999999
52.5552750000001,-6.20027800000003
52.5477750000001,-6.20333399999998
52.5383300000001,-6.21111199999996
52.5172200000001,-6.23027799999994
52.502777,-6.24472200000002
52.392776,-6.36194499999999
52.3761060000001,-6.45972299999994
52.377777,-6.46666699999992
52.374443,-6.47499999999997
52.3561100000001,-6.49888900000002
52.3519440000001,-6.49749999999995
52.285828,-6.41166699999997
52.284164,-6.40833399999997
52.2772220000001,-6.38194499999992
52.2511060000001,-6.33361099999996
52.248886,-6.329722
52.2402730000001,-6.32166699999999
52.237221,-6.31944499999992
52.22583,-6.32527799999997
52.219162,-6.329722
52.18055,-6.35777899999999
52.1774980000001,-6.36111199999999
52.176666,-6.36638899999997
52.1761090000001,-6.37249999999995
52.176941,-6.38666699999993
52.1794430000001,-6.39833399999998
52.182495,-6.40027800000001
52.1930540000001,-6.46666699999992
52.1922150000001,-6.62277799999998
52.216942,-6.78944499999994
52.187218,-6.81833399999999
52.1719440000001,-6.82888899999995
52.169716,-6.83277799999996
52.163055,-6.87055599999997
52.166382,-6.90249999999998
52.203049,-6.91305599999993
52.2091600000001,-6.91638899999992
52.276665,-6.97944499999994
52.2827760000001,-6.99472200000002
52.282242,-6.99611899999996
52.2761080000001,-6.99888900000002
52.272499,-6.99805600000002
52.2698210000001,-6.99538200000001
52.2641600000001,-6.98889000000003
52.233604,-6.97388899999999
52.2219390000001,-6.97055599999999
52.168053,-6.97416699999997
52.1408310000001,-6.998334
52.1361079999999,-7.00527899999997
52.1327739999999,-7.03638899999993
52.1288830000001,-7.10083400000002
52.1305540000001,-7.10583400000002
52.1341630000001,-7.10694499999994
52.150276,-7.16027800000001
52.1341630000001,-7.36889000000002
52.126106,-7.435
52.100273,-7.578889
52.06472,-7.62027799999998
52.063049,-7.60194499999994
52.059166,-7.56749999999994
52.0563890000001,-7.54805599999997
52.0530549999999,-7.54611199999999
52.048882,-7.54555599999998
51.99472,-7.58499999999998
51.991661,-7.58833399999997
51.9388890000001,-7.71277799999996
51.9377749999999,-7.725278
51.941666,-7.81194499999998
51.942772,-7.81777899999997
51.9444430000001,-7.82361100000003
51.9483260000001,-7.83166699999992
51.9767990000001,-7.85134499999998
51.9611050000001,-7.85138899999998
51.9483260000001,-7.85166699999996
51.940277,-7.85388899999998
51.8902740000001,-7.88916699999999
51.8347170000001,-8.01833299999993
51.810829,-8.08666799999997
51.7922210000001,-8.16638899999998
51.791664,-8.17222400000003
51.7958300000001,-8.23333399999996
51.8041080000001,-8.23899999999992
51.8051070000001,-8.24150099999997
51.8067700000001,-8.24383399999994
51.8114400000001,-8.24433299999993
51.8313830000001,-8.22666700000002
51.8336110000001,-8.22222299999999
51.8366620000001,-8.20694500000002
51.84861,-8.18111199999993
51.854439,-8.17555600000003
51.884438,-8.21055599999994
51.8894420000001,-8.28666700000002
51.89222,-8.365835
51.8927760000001,-8.38277799999997
51.8920590000001,-8.38592699999992
51.885277,-8.415279
51.883888,-8.42111199999999
51.880554,-8.42944499999999
51.8795240000001,-8.42831000000001
51.8780520000001,-8.42666799999995
51.8769380000001,-8.419445
51.8755489999999,-8.39944500000001
51.876389,-8.37194599999992
51.8755489999999,-8.35777899999994
51.873886,-8.34611100000001
51.871666,-8.34111200000001
51.866943,-8.334723
51.8203810000001,-8.30433399999993
51.8037190000001,-8.29700100000002
51.8012160000001,-8.297168
51.7608260000001,-8.29694599999999
51.7449950000001,-8.308334
51.738609,-8.31305699999996
51.7227710000001,-8.33972399999999
51.719444,-8.34888999999998
51.7063830000001,-8.417778
51.6652760000001,-8.52416799999992
51.6483310000001,-8.54138899999998
51.633888,-8.557501
51.5736080000001,-8.69416799999999
51.572495,-8.69916699999993
51.5761110000001,-8.73722299999997
51.567215,-8.88277799999997
51.559715,-8.98389099999991
51.54805,-9.11222299999997
51.5177760000001,-9.16361199999994
51.484161,-9.22611199999994
51.4805529999999,-9.23416699999996
51.470551,-9.35277899999994
51.4697190000001,-9.36666700000001
51.470833,-9.378334
51.53083,-9.45472299999994
51.509438,-9.63833399999999
51.4699940000001,-9.70361100000002
51.4672160000001,-9.70361100000002
51.4649960000001,-9.70749999999993
51.4619369999999,-9.71694599999995
51.451942,-9.76805699999994
51.4472200000001,-9.79805599999997
51.44622,-9.80751600000002
51.4455490000001,-9.81750099999999
51.4730530000001,-9.81666799999999
51.4902730000001,-9.80083499999995
51.5019380000001,-9.77472299999994
51.5255510000001,-9.71666699999997
51.5294420000001,-9.70250099999993
51.537773,-9.67972399999996
51.541382,-9.67055699999992
51.5488820000001,-9.65361199999995
51.5511089999999,-9.64972299999994
51.5897220000001,-9.59388899999999
51.609993,-9.59194600000001
51.579994,-9.68111199999998
51.5486070000001,-9.78527800000001
51.5427700000001,-9.80527899999993
51.539993,-9.82944499999996
51.5405500000001,-9.83611299999995
51.5419390000001,-9.84111199999995
51.5441670000001,-9.84472299999993
51.547775,-9.84472299999993
51.5838850000001,-9.77916699999992
51.5994420000001,-9.74527899999998
51.64222,-9.61300099999994
51.643723,-9.60700099999997
51.6583330000001,-9.55055600000003
51.6608280000001,-9.52527800000001
51.66333,-9.51500099999993
51.676384,-9.47055599999993
51.680832,-9.46138999999994
51.6880489999999,-9.45166799999998
51.690826,-9.45000099999999
51.712776,-9.44194599999992
51.7247160000001,-9.45166799999998
51.7500000000001,-9.53555699999998
51.719994,-9.54861299999993
51.7172160000001,-9.55139000000003
51.687996,-9.62694499999992
51.686829,-9.63011199999994
51.680164,-9.66077899999999
51.678829,-9.66711199999997
51.657776,-9.77749999999992
51.6538850000001,-9.80639100000002
51.6291660000001,-9.93027899999993
51.625549,-9.93027899999993
51.622215,-9.932501
51.6197200000001,-9.93555600000002
51.6138840000001,-9.94666699999999
51.595276,-10.025835
51.5930480000001,-10.0369449999999
51.5927730000001,-10.0436119999999
51.59333,-10.132502
51.612221,-10.130001
51.6436079999999,-10.060278
51.6777730000001,-9.98805599999997
51.7083280000001,-9.98083499999996
51.7105480000001,-9.99166699999995
51.712494,-9.99611299999992
51.7158279999999,-9.99805600000002
51.719444,-9.99666799999994
51.7291640000001,-9.97666700000002
51.7313840000001,-9.97194500000001
51.7577740000001,-9.90555599999999
51.800827,-9.77666900000003
51.864716,-9.59250100000003
51.8699950000001,-9.57916799999992
51.872215,-9.57750099999993
51.8736040000001,-9.58361200000002
51.8694380000001,-9.642223
51.8611069999999,-9.68833399999994
51.856384,-9.71000099999998
51.799438,-9.939167
51.7711110000001,-10.05139
51.7522200000001,-10.1019459999999
51.785828,-10.182779
51.812218,-10.172501
51.8205490000001,-10.174723
51.8241650000001,-10.17639
51.826942,-10.17889
51.8458330000001,-10.200279
51.847221,-10.205278
51.847771,-10.211945
51.845551,-10.2305559999999
51.8411100000001,-10.245279
51.8388820000001,-10.24889
51.782921,-10.338593
51.842773,-10.3538889999999
51.8788829999999,-10.371946
51.988052,-10.263613
51.99305,-10.249445
52.0255510000001,-10.12389
52.0308300000001,-10.101667
52.0333330000001,-10.091112
52.038605,-10.056946
52.0499950000001,-9.98666799999995
52.122772,-9.80111099999999
52.1486050000001,-9.75777799999997
52.150551,-9.76305599999995
52.152496,-9.81139000000002
52.1519390000001,-9.84416800000002
52.151382,-9.872501
52.150551,-9.88666699999993
52.144722,-9.94250099999999
52.1361079999999,-10.025002
52.131386,-10.05389
52.1236040000001,-10.093056
52.1072160000001,-10.184723
52.10833,-10.2750019999999
52.1133270000001,-10.330002
52.111664,-10.3658349999999
52.1038820000001,-10.3816679999999
52.0922160000001,-10.436668
52.092499,-10.444168
52.0938870000001,-10.449446
52.1019440000001,-10.465557
52.1074980000001,-10.470001
52.1291660000001,-10.473612
52.1455540000001,-10.474724
52.176666,-10.466946
52.1797180000001,-10.464724
52.18222,-10.4608349999999
52.229721,-10.359724
52.2674940000001,-10.2650009999999
52.271385,-10.250557
52.2811050000001,-10.204168
52.287498,-10.169445
52.287773,-10.162779
52.285828,-10.158335
52.2822190000001,-10.156946
52.2738879999999,-10.156946
52.270271,-10.1572229999999
52.2311100000001,-9.95194599999996
52.23027,-9.94583499999999
52.2299960000001,-9.92027899999994
52.2299960000001,-9.88388999999995
52.243332,-9.74694599999998
52.2447200000001,-9.740835
52.2477720000001,-9.74222400000002
52.2530520000001,-9.74944499999998
52.2641600000001,-9.76916699999992
52.2652740000001,-9.781946
52.264442,-9.78722399999998
52.286659,-9.83583499999997
52.3797150000001,-9.83972399999993
52.4427719999999,-9.76277899999997
52.512772,-9.68027899999998
52.5452730000001,-9.67555599999997
52.54805,-9.67388899999992
52.559715,-9.65555599999993
52.561943,-9.65166900000003
52.5691600000001,-9.62888900000002
52.570831,-9.61666699999995
52.5797200000001,-9.36861199999998
52.578331,-9.365002
52.575615,-9.36132399999997
52.569168,-9.35759200000001
52.571106,-9.33166699999998
52.584999,-9.22250199999996
52.630554,-8.98389099999991
52.6655499999999,-8.81833499999993
52.689995,-8.84888999999998
52.7236100000001,-8.94694500000003
52.730553,-9.02805699999999
52.7191620000001,-9.03333499999997
52.688606,-9.06555600000002
52.667221,-9.09083399999992
52.635277,-9.12916799999994
52.6227720000001,-9.14694599999996
52.6191640000001,-9.15555599999993
52.616661,-9.16694499999994
52.6158290000001,-9.17972399999996
52.613327,-9.24166700000001
52.616943,-9.48055599999992
52.6380540000001,-9.55416700000001
52.602219,-9.69416799999993
52.597771,-9.70166799999993
52.5949939999999,-9.704723
52.5913850000001,-9.70666699999992
52.5877760000001,-9.70666699999992
52.581665,-9.70138900000001
52.578049,-9.703056
52.576385,-9.70777900000002
52.560829,-9.79527899999999
52.5502780000001,-9.88611200000003
52.5499950000001,-9.90027800000001
52.5524980000001,-9.92639000000003
52.553604,-9.932501
52.5558320000001,-9.93639000000002
52.558884,-9.934168
52.570831,-9.91555599999998
52.572495,-9.91111199999995
52.588882,-9.84805699999993
52.590828,-9.82166699999999
52.593887,-9.81166799999994
52.6388850000001,-9.73500100000001
52.643326,-9.72750099999996
52.7458270000001,-9.565001
52.800552,-9.48583400000001
52.886383,-9.40555599999999
52.926666,-9.394724
52.9269410000001,-9.46083499999997
52.9274980000001,-9.46777900000001
52.9299930000001,-9.47138999999993
52.933052,-9.473612
52.936943,-9.47500000000002
52.940552,-9.47333300000003
53.1397170000001,-9.28083400000003
53.149437,-9.26666799999998
53.1502760000001,-9.26055699999995
53.1497190000001,-9.25361299999997
53.1430510000001,-9.23166799999996
53.1274950000001,-9.19722399999995
53.113884,-9.17361299999999
53.106941,-9.15416699999997
53.117218,-9.06944499999997
53.145592,-9.00147599999997
53.1572189999999,-9.03416799999997
53.1605530000001,-9.04333499999996
53.16333,-9.04611199999994
53.166664,-9.04361199999994
53.1674960000001,-9.03749999999997
53.16333,-8.981112
53.159164,-8.98083500000001
53.15583,-8.978613
53.1397170000001,-8.94416799999999
53.140549,-8.93805700000001
53.1433260000001,-8.93472300000002
53.2641600000001,-8.94111299999992
53.2672200000001,-8.96027899999996
53.27166,-9.03277800000001
53.27166,-9.04027899999994
53.2705540000001,-9.04639099999991
53.266937,-9.05527899999993
53.258049,-9.10055699999998
53.2483290000001,-9.16777799999994
53.2463839999999,-9.20222299999995
53.245552,-9.22972299999998
53.2447200000001,-9.30000099999995
53.2338869999999,-9.43889000000001
53.233055,-9.44611199999997
53.224716,-9.47750100000002
53.2230530000001,-9.49750099999994
53.2322160000001,-9.60805699999997
53.2361070000001,-9.61805700000002
53.2416610000001,-9.62389000000002
53.245277,-9.62527799999992
53.253609,-9.624168
53.299164,-9.61027899999993
53.3194430000001,-9.58833500000003
53.3186039999999,-9.58222399999994
53.319717,-9.57750099999993
53.322495,-9.57361199999997
53.335548,-9.55777899999998
53.339165,-9.55611199999998
53.3791659999999,-9.55500000000001
53.3833309999999,-9.563334
53.386108,-9.64805599999994
53.385826,-9.65500100000003
53.3816600000001,-9.663612
53.361382,-9.69972200000001
53.355553,-9.70361100000002
53.3427730000001,-9.70639
53.3363880000001,-9.71111300000001
53.311943,-9.74027799999993
53.3097150000001,-9.744167
53.294716,-9.77972399999999
53.2941670000001,-9.78666700000002
53.3147200000001,-9.90194500000001
53.317215,-9.90472399999999
53.3219379999999,-9.90444600000001
53.3507730000001,-9.88727999999998
53.353775,-9.88311199999998
53.3686070000001,-9.84361299999995
53.371384,-9.81889000000001
53.3749920000001,-9.80888900000002
53.3791659999999,-9.80027999999993
53.3866650000001,-9.789446
53.393051,-9.78472299999999
53.3966600000001,-9.786112
53.41333,-9.79722399999997
53.417221,-9.80611199999993
53.417221,-9.81361199999992
53.4091640000001,-9.88166799999993
53.393383,-9.921334
53.3885500000001,-9.92233499999998
53.3860510000001,-9.92333500000001
53.3843840000001,-9.92516799999999
53.3719410000001,-9.95916699999998
53.3719410000001,-9.96639099999993
53.378609,-10.013056
53.407776,-10.175835
53.4116590000001,-10.177223
53.540833,-10.201668
53.543884,-10.198612
53.5502780000001,-10.186111
53.600555,-10.0361119999999
53.605553,-10.000557
53.606384,-9.99444599999993
53.6108320000001,-9.87611199999998
53.596382,-9.79944599999999
53.5944440000001,-9.78888899999998
53.593887,-9.781113
53.5949940000001,-9.704723
53.5958330000001,-9.69916699999993
53.59861,-9.69527799999997
53.6025470000001,-9.69748099999998
53.6019439999999,-9.76388899999995
53.6024930000001,-9.77916699999992
53.604721,-9.79944599999999
53.6108320000001,-9.81972300000001
53.62722,-9.86277999999999
53.643326,-9.90472399999999
53.647499,-9.91305699999998
53.6505510000001,-9.91444599999994
53.6913830000001,-9.92444599999993
53.758606,-9.90638899999999
53.7624970000001,-9.89694600000001
53.76944,-9.851946
53.770271,-9.84638999999993
53.7841640000001,-9.68416799999994
53.7833330000001,-9.63444499999997
53.7808300000001,-9.63000099999999
53.779442,-9.62444499999992
53.7788850000001,-9.61000099999995
53.7844390000001,-9.58777800000001
53.795273,-9.56805599999996
53.799438,-9.56944499999997
53.800552,-9.58194500000002
53.8019409999999,-9.58805699999999
53.8119430000001,-9.61722400000002
53.814995,-9.62027899999993
53.8352740000001,-9.61416799999995
53.8377760000001,-9.61027899999993
53.8413850000001,-9.60166699999996
53.843048,-9.58916900000003
53.845833,-9.57805599999995
53.8597180000001,-9.56138999999996
53.8908310000001,-9.56638899999996
53.894722,-9.56777999999997
53.8966600000001,-9.69749999999993
53.8958280000001,-9.72555699999998
53.8944400000001,-9.76444599999996
53.893608,-9.77083399999992
53.891937,-9.77527800000001
53.8897170000001,-9.77916699999992
53.883606,-9.78500200000002
53.8791660000001,-9.79305599999998
53.871109,-9.81778000000003
53.866943,-9.84139099999993
53.8586040000001,-9.89666699999992
53.8574980000001,-9.91000199999996
53.8647160000001,-9.936668
53.866943,-9.94055600000002
53.8699950000001,-9.94277999999997
53.94944,-9.91277899999994
53.951385,-9.90833499999997
53.9536060000001,-9.896389
53.9514960000001,-9.864779
53.9514960000001,-9.86111199999999
53.941383,-9.81750099999999
53.9397200000001,-9.81194499999992
53.9366610000001,-9.80972300000002
53.928886,-9.80777899999993
53.9261090000001,-9.81111099999993
53.923332,-9.81249999999994
53.9136050000001,-9.80583399999995
53.910828,-9.80277799999999
53.909439,-9.79750099999995
53.9099960000001,-9.791945
53.914719,-9.78500200000002
53.9194410000001,-9.78472299999999
53.9419400000001,-9.787779
53.9488830000001,-9.79138899999998
53.979774,-9.82894499999992
53.9984400000001,-9.85327899999999
54.0608290000001,-9.935835
54.110832,-9.93861199999998
54.1238860000001,-9.92639000000003
54.180054,-9.94883399999998
54.1817170000001,-9.95066700000001
54.2188869999999,-10.0061109999999
54.2194440000001,-10.013056
54.2172160000001,-10.017223
54.1486050000001,-10.083612
54.125549,-10.0716669999999
54.0955510000001,-10.064445
54.09166,-10.064445
54.0886080000001,-10.066946
54.0863880000001,-10.078611
54.0863880000001,-10.08639
54.088882,-10.105835
54.09166,-10.116667
54.0963820000001,-10.1244449999999
54.099159,-10.127501
54.1119380000001,-10.128889
54.229996,-10.112223
54.2572170000001,-10.0816669999999
54.2694400000001,-10.064445
54.3008270000001,-10.00889
54.301384,-10.003056
54.3008270000001,-9.99777799999993
54.2608260000001,-9.88583399999993
54.2583310000001,-9.88416699999993
54.245552,-9.89416699999992
54.2336040000001,-9.90555599999999
54.221382,-9.92388899999997
54.2202760000001,-9.93000000000001
54.21833,-9.94250099999999
54.2186050000001,-9.95055599999995
54.2222209999999,-9.95888899999994
54.224998,-9.96277800000001
54.2313839999999,-9.96722399999993
54.23333,-9.97111100000001
54.235275,-9.97666700000002
54.2338870000001,-9.98277899999999
54.2302700000001,-9.98389099999997
54.2255550000001,-9.98305699999997
54.21833,-9.979445
54.213333,-9.97416700000002
54.210274,-9.96250199999992
54.20694,-9.92027899999994
54.20694,-9.898056
54.208054,-9.89277800000002
54.2105480000001,-9.88888899999995
54.2255550000001,-9.87111299999998
54.2694400000001,-9.851946
54.3113859999999,-9.84694499999995
54.315552,-9.84833300000003
54.319717,-9.84805699999993
54.3227770000001,-9.84638999999993
54.325554,-9.84333400000003
54.327774,-9.83861199999996
54.3338850000001,-9.80305700000002
54.334717,-9.79666699999996
54.328331,-9.75305600000002
54.325554,-9.74055700000002
54.3127750000001,-9.58722299999994
54.313049,-9.49750099999994
54.3169400000001,-9.33638999999999
54.2974930000001,-9.26583499999998
54.2747190000001,-9.21194500000001
54.2716599999999,-9.209723
54.2369380000001,-9.19805699999995
54.1777730000001,-9.15055699999999
54.1596830000001,-9.13177300000001
54.1719440000001,-9.13499999999999
54.2008290000001,-9.13139000000001
54.279716,-9.06055600000002
54.281944,-9.05639100000002
54.285553,-9.04750100000001
54.286942,-9.04138899999998
54.286659,-9.02638999999999
54.2836070000001,-8.93694499999992
54.2827760000001,-8.93027899999993
54.2802730000001,-8.91833499999996
54.2783280000001,-8.91388899999998
54.2633290000001,-8.74861099999993
54.2572170000001,-8.62000099999995
54.2730480000001,-8.47805599999992
54.2738880000001,-8.47166800000002
54.322495,-8.51111200000003
54.3261110000001,-8.51944500000002
54.329163,-8.52944600000001
54.3394390000001,-8.58388899999994
54.3397220000001,-8.59166699999992
54.338051,-8.604445
54.3330540000001,-8.62666699999994
54.331108,-8.647223
54.3377760000001,-8.66638899999992
54.34166,-8.66861199999994
54.345276,-8.66916800000001
54.3494420000001,-8.66833500000001
54.35527,-8.66166699999997
54.362221,-8.65111199999996
54.4474950000001,-8.43444599999992
54.461937,-8.39555699999994
54.467087,-8.38098499999995
54.469994,-8.34833299999997
54.473328,-8.28443899999996
54.5194400000001,-8.268057
54.524162,-8.26611099999997
54.5730510000001,-8.20111299999996
54.5913850000001,-8.16999999999996
54.6336060000001,-8.188334
54.6244430000001,-8.39055599999995
54.6133270000001,-8.55972300000002
54.6097179999999,-8.58444599999996
54.6177750000001,-8.62666699999994
54.6280520000001,-8.68000000000001
54.6422200000001,-8.70277800000002
54.6480480000001,-8.74861099999993
54.657494,-8.78833400000002
54.6597210000001,-8.79138899999992
54.691666,-8.80083500000001
54.6952740000001,-8.79972299999997
54.698051,-8.79639099999997
54.7252730000001,-8.74416699999995
54.729439,-8.73527899999993
54.7597200000001,-8.66916800000001
54.76944,-8.62361099999998
54.770554,-8.61805699999996
54.7844390000001,-8.53361100000001
54.784721,-8.52638999999999
54.7936100000001,-8.490835
54.8319400000001,-8.36861199999993
54.839439,-8.35388899999998
54.86972,-8.31583399999994
54.872772,-8.31416699999994
54.8763890000001,-8.31611299999997
54.9011080000001,-8.335556
54.9036100000001,-8.33916899999997
54.904999,-8.34555599999999
54.9052730000001,-8.35250099999996
54.9030530000001,-8.37194599999992
54.900551,-8.38333499999999
54.8922200000001,-8.38194499999997
54.88472,-8.37861299999997
54.8811039999999,-8.38139000000001
54.879997,-8.38611199999997
54.8827740000001,-8.39694600000001
54.896942,-8.43749999999994
54.9138870000001,-8.45666699999998
54.9211040000001,-8.45833399999998
54.9383319999999,-8.459723
54.9335399999999,-8.39999999999992
54.941982,-8.38511599999998
54.952869,-8.40288799999996
54.96664,-8.427325
54.9949950000001,-8.45777899999996
54.9986040000001,-8.45666699999998
55.108887,-8.31750099999994
55.141937,-8.181667
55.1816640000001,-8.02222299999994
55.216457,-7.98145299999999
55.196465,-7.94590799999992
55.177803,-7.899699
55.1991310000001,-7.87259499999999
55.22179,-7.85926599999999
55.243118,-7.79350699999998
55.2200130000001,-7.79617300000001
55.203129,-7.81438999999995
55.176472,-7.810835
55.183578,-7.770847
55.158699,-7.712197
55.145813,-7.70286599999997
55.1289290000001,-7.69664599999993
55.110733,-7.70211099999995
55.0980529999999,-7.70500099999998
55.0941620000001,-7.70388899999995
55.0930480000001,-7.69666699999999
55.0952760000001,-7.69333399999999
55.141937,-7.66777799999994
55.146385,-7.66749999999996
55.16777,-7.67666699999995
55.214165,-7.69861099999997
55.2188870000001,-7.70555599999994
55.2205510000001,-7.71111199999996
55.2197190000001,-7.71666699999992
55.21666,-7.72027800000001
55.2080539999999,-7.72166700000002
55.1947169999999,-7.72111100000001
55.173805,-7.71130799999992
55.171139,-7.71575100000001
55.179138,-7.73796699999997
55.1898,-7.75351799999999
55.2013510000001,-7.78817500000002
55.2120170000001,-7.79172899999992
55.2306790000001,-7.76506999999992
55.2457850000001,-7.73663399999992
55.26194,-7.69861099999997
55.271942,-7.66999999999996
55.274437,-7.65749999999997
55.2680510000001,-7.63638999999995
55.263054,-7.62861199999998
55.128052,-7.52861100000001
55.1205520000001,-7.52527800000001
55.1119380000001,-7.52611200000001
55.095833,-7.53055599999993
55.086662,-7.538611
55.0852740000001,-7.544445
55.0830540000001,-7.56361199999992
55.075554,-7.57500099999999
55.0611040000001,-7.59833300000003
55.0538860000001,-7.61666700000001
55.0383300000001,-7.63638999999995
54.955276,-7.68305600000002
54.9516599999999,-7.683333
54.948326,-7.68139000000002
54.9538880000001,-7.66333399999996
54.961105,-7.64416699999992
54.9822160000001,-7.60833400000001
55.0049970000001,-7.57583399999999
55.0122150000001,-7.56361199999992
55.028328,-7.52194500000002
55.029999,-7.51722199999995
55.0330510000001,-7.50666699999999
55.0394440000001,-7.47777799999994
55.0397190000001,-7.47138999999999
55.042496,-7.45999999999992
55.0474930000001,-7.45249999999993
55.053604,-7.44694500000003
55.0577769999999,-7.44611200000003
55.127777,-7.45416699999993
55.1355510000001,-7.45583299999993
55.179718,-7.51472299999995
55.186386,-7.52527800000001
55.194443,-7.54472299999998
55.2005540000001,-7.54972299999997
55.2041630000001,-7.55111099999999
55.208885,-7.55055599999997
55.2169420000001,-7.54750099999995
55.274437,-7.51194499999997
55.2902760000001,-7.391389
55.3336110000001,-7.354445
55.37722,-7.39888999999994
55.37944,-7.393889
55.3802720000001,-7.37944499999992
55.379715,-7.37388900000002
55.351944,-7.24083400000001
55.3338850000001,-7.190834
55.3294370000001,-7.18250099999995
55.2716600000001,-7.05194499999999
55.249443,-6.95611200000002
55.241104,-6.93861199999998
55.2358320000001,-6.931667
55.2197190000001,-6.935834
55.211662,-6.95361100000002
55.174438,-7.06722300000001
55.150833,-7.14416699999992
55.1458279999999,-7.15916699999997
55.131943,-7.18361199999993
55.121384,-7.19749999999999
55.070595,-7.25250699999992
55.0452730000001,-7.32638899999995
54.953331,-7.40638899999993
---
