46.966942,12.1361100000001
46.928055,12.1602760000001
46.909721,12.1813890000001
46.9061050000001,12.189722
46.888885,12.232222
46.84111,12.301666
46.7266619999999,12.378611
46.7155530000001,12.3888870000001
46.708328,12.3983330000001
46.702774,12.4102760000001
46.6908260000001,12.4405540000001
46.6823650000001,12.4861740000001
46.661659,12.554443
46.6588820000001,12.5902770000001
46.6597210000001,12.692499
46.6424940000001,12.728054
46.641106,12.732498
46.640274,12.7386090000001
46.641388,12.7433320000001
46.6444930000001,12.7479290000001
46.648331,12.7533320000001
46.6511080000001,12.76222
46.6508330000001,12.768888
46.644997,12.7877770000001
46.6322170000001,12.82361
46.6302720000001,12.827499
46.5619429999999,13.2575000000001
46.563049,13.4288880000001
46.556664,13.551943
46.5558320000001,13.558054
46.5480500000001,13.6111110000001
46.5266110000001,13.718655
46.5227740000001,13.7194440000001
46.51416,13.7188870000001
46.4927750000001,13.711111
46.4602740000001,13.698055
46.4533310000001,13.694721
46.4474950000001,13.689444
46.445549,13.685833
46.4497150000001,13.6577760000001
46.3847200000001,13.5113890000001
46.3463820000001,13.4408319999999
46.297218,13.383055
46.293053,13.383888
46.215828,13.4130550000001
46.213333,13.416111
46.2116620000001,13.420555
46.2113879999999,13.4258330000001
46.2161100000001,13.4508320000001
46.2177730000001,13.455
46.2294390000001,13.464998
46.2324980000001,13.485832
46.2313840000001,13.4911100000001
46.218048,13.550554
46.1874920000001,13.6577760000001
46.183052,13.6644440000001
46.1774980000001,13.669167
46.1733320000001,13.669167
46.170273,13.6669430000001
46.148605,13.650555
46.142494,13.645832
46.1052700000001,13.5936110000001
46.0905530000001,13.5686089999999
46.0874940000001,13.560276
46.086937,13.554998
46.0841600000001,13.5455550000001
46.079437,13.5388870000001
46.0633320000001,13.5219440000001
46.0133290000001,13.4794430000001
46.011108,13.4800000000001
45.990555,13.502777
45.9819410000001,13.516943
45.969162,13.538055
45.9674990000001,13.5425000000001
45.972771,13.560276
45.9744420000001,13.5641650000001
45.979164,13.5708330000001
45.9911040000001,13.580555
45.9924930000001,13.5847210000001
45.9936070000001,13.6019440000001
45.992218,13.626944
45.9911040000001,13.6322210000001
45.9886090000001,13.6349979999999
45.9852750000001,13.6366650000001
45.974716,13.6374989999999
45.9522170000001,13.635555
45.9436040000001,13.6338880000001
45.9113850000001,13.6186100000001
45.904716,13.6144430000001
45.9022220000001,13.611666
45.8922200000001,13.593332
45.8891600000001,13.5911100000001
45.885551,13.589167
45.8541640000001,13.5777760000001
45.8463819999999,13.5788880000001
45.8136060000001,13.595833
45.8108290000001,13.598055
45.80555,13.610554
45.7841640000001,13.6974980000001
45.7561040000001,13.7844430000001
45.7544400000001,13.788887
45.7502750000001,13.7963890000001
45.7177730000001,13.8352780000001
45.6402740000001,13.916943
45.637497,13.919167
45.633888,13.9186100000001
45.5891650000001,13.8636089999999
45.585274,13.8508320000001
45.5844420000001,13.827776
45.586388,13.802221
45.596107,13.716944
45.601105,13.7850000000001
45.60527,13.798054
45.6099930000001,13.804443
45.6136090000001,13.804722
45.6930540000001,13.737221
45.6955490000001,13.7341650000001
45.753609,13.656111
45.769165,13.6322210000001
45.7708279999999,13.627777
45.7819600000001,13.579473
45.787216,13.5499990000001
45.779442,13.5352760000001
45.774719,13.5288890000001
45.763611,13.5244430000001
45.7588880000001,13.5238880000001
45.7466660000001,13.5230540000001
45.7419430000001,13.522778
45.739166,13.523611
45.734718,13.530277
45.7247160000001,13.529165
45.709442,13.499443
45.678329,13.433611
45.676109,13.424166
45.6724930000001,13.3922210000001
45.67305,13.386389
45.676384,13.377499
45.679993,13.3766650000001
45.6802750000001,13.3813880000001
45.679443,13.38722
45.6805500000001,13.391943
45.6841660000001,13.406111
45.6861040000001,13.409443
45.6944430000001,13.4236110000001
45.6966630000001,13.4269430000001
45.7052760000001,13.42861
45.709442,13.428333
45.722221,13.4141650000001
45.7244420000001,13.4111100000001
45.7261050000001,13.406666
45.737442,13.367943
45.776939,13.2169440000001
45.778053,13.193333
45.7719420000001,13.131109
45.7708279999999,13.1263890000001
45.7655490000001,13.114443
45.7630540000001,13.1116660000001
45.7177730000001,13.072222
45.7147220000001,13.07
45.7099990000001,13.0694429999999
45.696106,13.073332
45.651665,13.0961090000001
45.637497,13.0894430000001
45.6355510000001,13.0861110000001
45.633888,13.0636099999999
45.6299970000001,13.0008320000001
45.618332,12.922499
45.595551,12.863888
45.5688860000001,12.798887
45.531105,12.7069440000001
45.5022200000001,12.6380540000001
45.494438,12.617222
45.4838870000001,12.5875
45.4322200000001,12.425278
45.4311070000001,12.420555
45.4319380000001,12.4147209999999
45.4352720000001,12.4130549999999
45.4391630000001,12.4127770000001
45.446938,12.4152770000001
45.4563830000001,12.4222219999999
45.4761050000001,12.437777
45.4836040000001,12.4480550000001
45.48555,12.451666
45.4877779999999,12.4563880000001
45.5002749999999,12.4849990000001
45.502777,12.5002770000001
45.503052,12.5022220000001
45.4969409999999,12.504999
45.49472,12.504166
45.492493,12.49472
45.4897160000001,12.4919429999999
45.4869380000001,12.492777
45.485275,12.497221
45.485275,12.509722
45.4863820000001,12.5144440000001
45.4897160000001,12.522499
45.538055,12.5774990000001
45.543884,12.5824990000001
45.546661,12.581388
45.5691600000001,12.501944
45.5691600000001,12.4966660000001
45.5658260000001,12.48
45.5330510000001,12.394444
45.478607,12.2927760000001
45.4680480000001,12.2813870000001
45.3138890000001,12.1583330000001
45.3050840000001,12.154682
45.294441,12.151943
45.2638850000001,12.16111
45.1974950000001,12.233332
45.056107,12.361944
45.0082360000001,12.4437040000001
44.985832,12.4844439999999
44.987221,12.4891660000001
44.988052,12.4963870000001
44.986938,12.5111100000001
44.983887,12.51861
44.981384,12.521666
44.9686050000001,12.5352760000001
44.9611050000001,12.539165
44.956383,12.5388870000001
44.867493,12.4891660000001
44.854164,12.481388
44.8447190000001,12.4747220000001
44.821938,12.4547210000001
44.8191600000001,12.4519440000001
44.8157420000001,12.446249
44.8141630000001,12.442221
44.851662,12.426388
44.8555530000001,12.427221
44.864998,12.433887
44.87944,12.4405540000001
44.8874969999999,12.4424990000001
44.894997,12.4405540000001
44.899437,12.433887
44.900551,12.4288880000001
44.9011080000001,12.4158330000001
44.899437,12.411943
44.872772,12.3913880000001
44.8697200000001,12.3891660000001
44.8655550000001,12.389444
44.7913820000001,12.3969440000001
44.803886,12.3561100000001
44.8422160000001,12.30722
44.842499,12.289721
44.840828,12.285555
44.8274990000001,12.2780550000001
44.7841640000001,12.2638870000001
44.7683260000001,12.2591649999999
44.7319409999999,12.2497220000001
44.7158280000001,12.245554
44.7019420000001,12.244444
44.6858290000001,12.246387
44.4761050000001,12.279999
44.4516600000001,12.288887
44.286942,12.3499980000001
44.2697220000001,12.3569430000001
44.246666,12.3683320000001
44.1958309999999,12.4155539999999
44.1827770000001,12.4291650000001
44.1677700000001,12.446388
44.1099930000001,12.51861
44.0886080000001,12.5458320000001
43.9911040000001,12.6816650000001
43.983887,12.6977770000001
43.976944,12.7205539999999
43.972221,12.740555
43.971001,12.753574
43.9702760000001,12.764721
43.9655530000001,12.810555
43.9644390000001,12.8155540000001
43.9613880000001,12.8241650000001
43.924721,12.9030550000001
43.8402710000001,13.0494440000001
43.8313830000001,13.0624979999999
43.786659,13.125555
43.754059,13.171183
43.7358320000001,13.193333
43.679443,13.288055
43.6713869999999,13.3025000000001
43.6491620000001,13.356667
43.6227720000001,13.426109
43.6102750000001,13.4680540000001
43.609718,13.479166
43.611938,13.487221
43.6047210000001,13.5466650000001
43.59861,13.5574990000001
43.57,13.5994430000001
43.553886,13.621666
43.551666,13.623888
43.539993,13.6258320000001
43.5363850000001,13.6241660000001
43.5305480000001,13.6197200000001
43.526665,13.6186100000001
43.5016630000001,13.62361
43.4911040000001,13.6274989999999
43.4816670000001,13.63361
43.350555,13.7116659999999
43.078331,13.848055
43.006386,13.8624990000001
42.973328,13.870832
42.9555510000001,13.8763890000001
42.942215,13.8825
42.9133299999999,13.897499
42.9013820000001,13.9055540000001
42.8447190000001,13.923611
42.8036040000001,13.939722
42.714165,13.985277
42.7080539999999,13.9891660000001
42.6699980000001,14.0166659999999
42.61972,14.058332
42.6002730000001,14.0749990000001
42.541107,14.130554
42.4824980000001,14.199999
42.2613830000001,14.5041659999999
42.2208329999999,14.5619430000001
42.2169420000001,14.5697210000001
42.204994,14.604721
42.1988830000001,14.628887
42.189163,14.6613879999999
42.1738820000001,14.712221
42.1719439999999,14.715555
42.165276,14.7186110000001
42.1611100000001,14.7186110000001
42.141937,14.7149980000001
42.1074980000001,14.7205540000001
42.1005549999999,14.7227760000001
42.0902710000001,14.7333320000001
42.0855480000001,14.739721
42.0777739999999,14.754721
42.0747830000001,14.7621820000001
42.045273,14.8249990000001
42.0402760000001,14.8375000000001
42.0216600000001,14.888887
42.0194400000001,14.8991659999999
42.015831,14.939722
42.0044400000001,14.996387
41.9877780000001,15.0238880000001
41.981941,15.0280550000001
41.9569400000001,15.0558320000001
41.948608,15.069721
41.9372180000001,15.0991650000001
41.928024,15.14192
41.9255520000001,15.153889
41.9233320000001,15.170832
41.905548,15.373055
41.9038850000001,15.3963870000001
41.9038850000001,15.413055
41.906387,15.4555550000001
41.909164,15.4972210000001
41.9236070000001,15.599998
41.9191670000001,15.6675000000001
41.9158330000001,15.675554
41.914162,15.6866659999999
41.916664,15.759998
41.917221,15.7705550000001
41.925278,15.8569430000001
41.935272,15.9136100000001
41.946663,16.013054
41.9472200000001,16.0180550000001
41.9463880000001,16.0302770000001
41.9438860000001,16.053886
41.9361040000001,16.0824969999999
41.914162,16.141941
41.912216,16.1452750000001
41.909164,16.147499
41.842773,16.187775
41.8272170000001,16.194721
41.8238830000001,16.19611
41.8011090000001,16.1958310000001
41.796661,16.1952739999999
41.781105,16.1899990000001
41.757774,16.164997
41.7405550000001,16.1388850000001
41.676941,16.0305520000001
41.6555480000001,15.9861110000001
41.650833,15.9744430000001
41.642776,15.9436090000001
41.638329,15.931944
41.63472,15.9247209999999
41.628052,15.9149990000001
41.616386,15.9
41.6102750000001,15.895277
41.5930480000001,15.891666
41.5838850000001,15.8902759999999
41.571106,15.889721
41.559441,15.8911090000001
41.536942,15.8955550000001
41.523605,15.90111
41.4936070000001,15.9199980000001
41.47805,15.9324990000001
41.4419400000001,15.9816670000001
41.4374920000001,15.9883330000001
41.418884,16.0330539999999
41.407494,16.076111
41.4019390000001,16.0944440000001
41.3655550000001,16.1922190000001
41.2522200000001,16.491943
41.1913830000001,16.657776
41.1547160000001,16.788887
41.08194,17.049721
41.0313870000001,17.1797220000001
41.027771,17.1877749999999
40.9894410000001,17.2549969999999
40.973053,17.282776
40.96666,17.292774
40.9597170000001,17.3019410000001
40.9427720000001,17.3219410000001
40.829994,17.4719430000001
40.827774,17.4752770000001
40.819717,17.496387
40.7308270000001,17.7611079999999
40.6786040000001,17.937222
40.6444400000001,18.011665
40.641663,18.013611
40.612221,18.026108
40.5797200000001,18.0363880000001
40.5758290000001,18.035275
40.5569380000001,18.038609
40.5536040000001,18.039719
40.524994,18.081665
40.4944380000001,18.1274989999999
40.410828,18.274719
40.289719,18.423611
40.2872160000001,18.4261090000001
40.264999,18.4408300000001
40.2311099999999,18.4597210000001
40.1366650000001,18.512218
40.132774,18.512775
40.1072160000001,18.514999
40.09861,18.5138850000001
40.0452730000001,18.479721
40.039993,18.4744420000001
40.035828,18.467777
40.029716,18.447498
40.026382,18.4402769999999
39.995827,18.4197200000001
39.992218,18.417774
39.936104,18.3994410000001
39.9138870000001,18.394997
39.909721,18.3947219999999
39.903053,18.3972209999999
39.8969420000001,18.401108
39.8933260000001,18.4016649999999
39.8180540000001,18.3913879999999
39.8144380000001,18.390831
39.8005520000001,18.378052
39.79583,18.372498
39.7919390000001,18.349442
39.804993,18.331387
39.8072200000001,18.328053
39.81916,18.306942
39.8208310000001,18.3030550000001
39.8316650000001,18.265831
39.8330540000001,18.2486079999999
39.8333280000001,18.226944
39.8374940000001,18.199444
39.8461070000001,18.179165
39.8477710000001,18.1752780000001
39.856667,18.15583
39.900833,18.0852780000001
39.9049990000001,18.0788880000001
39.9283290000001,18.0491640000001
39.9336089999999,18.043888
39.944443,18.035
39.9941640000001,17.99472
39.9980550000001,17.994164
40.001106,17.9966660000001
40.0019380000001,18.000832
39.999161,18.0099980000001
39.9999999999999,18.014442
40.0055540000001,18.0197220000001
40.0136109999999,18.0222210000001
40.0177760000001,18.0222210000001
40.094162,18.015553
40.097771,18.0149989999999
40.106667,18.0091630000001
40.254997,17.9063869999999
40.283607,17.8591650000001
40.285271,17.855274
40.2944410000001,17.785
40.2966610000001,17.762775
40.303886,17.678886
40.304161,17.668053
40.3033290000001,17.6363870000001
40.299721,17.549999
40.2969440000001,17.5094410000001
40.2980500000001,17.5041660000001
40.330551,17.3927760000001
40.407219,17.2044410000001
40.4102710000001,17.202499
40.4147190000001,17.203053
40.4177700000001,17.2052760000001
40.454994,17.2458310000001
40.473328,17.268055
40.4697190000001,17.2899970000001
40.471107,17.310276
40.4747160000001,17.3174970000001
40.480553,17.3219410000001
40.491386,17.3261110000001
40.4944380000001,17.3241650000001
40.497498,17.3155520000001
40.498329,17.310276
40.5208280000001,17.089722
40.5211110000001,17.0788880000001
40.5199970000001,17.0688860000001
40.5152739999999,17.0469440000001
40.5063860000001,17.0177760000001
40.4988860000001,16.998333
40.4708329999999,16.9472200000001
40.4647220000001,16.9372220000001
40.4555510000001,16.924999
40.4455490000001,16.9136090000001
40.4052730000001,16.8741650000001
40.3903500000001,16.8637960000001
40.3186040000001,16.7974970000001
40.304161,16.785553
40.252777,16.7524989999999
40.2369380000001,16.746944
40.2324980000001,16.746387
40.216385,16.7416650000001
40.208611,16.738609
40.1527710000001,16.695274
40.1413880000001,16.6808320000001
40.118301,16.64135
40.1158290000001,16.6372180000001
40.1038820000001,16.6227760000001
40.09861,16.6172220000001
40.0872190000001,16.6077770000001
40.0794370000001,16.604721
40.0455549999999,16.599163
40.0416640000001,16.59972
40.0013890000001,16.6080549999999
39.991104,16.611385
39.898048,16.5633320000001
39.8719410000001,16.536663
39.8238830000001,16.500275
39.8208310000001,16.498055
39.8063890000001,16.4916650000001
39.79361,16.4886090000001
39.779999,16.4866640000001
39.7674940000001,16.4866640000001
39.7491610000001,16.490555
39.665833,16.5280529999999
39.6599960000001,16.531944
39.650276,16.5430530000001
39.644722,16.5541650000001
39.641663,16.562775
39.629715,16.596943
39.622772,16.6263890000001
39.617218,16.7413860000001
39.5686040000001,16.8236080000001
39.492775,16.963055
39.4661100000001,17.0341639999999
39.4027710000001,17.139999
39.389999,17.1511080000001
39.370827,17.1386110000001
39.3602750000001,17.1333310000001
39.3188860000001,17.116943
39.3102720000001,17.114998
39.263054,17.1088869999999
39.102493,17.116108
39.094994,17.117222
39.058052,17.1388850000001
39.0494380000001,17.144722
39.0441670000001,17.1497190000001
39.0338820000001,17.1666640000001
38.997772,17.1691670000001
38.963333,17.1691670000001
38.9194410000001,17.1269420000001
38.8952710000001,17.1036110000001
38.9083329999999,17.101109
38.913055,17.095276
38.914719,17.091389
38.9386060000001,16.9783330000001
38.939438,16.9733310000001
38.93972,16.9624980000001
38.937775,16.9433329999999
38.935829,16.929443
38.9186100000001,16.8414270000001
38.9155500000001,16.828331
38.875549,16.730831
38.821938,16.621109
38.8133320000001,16.608887
38.8008270000001,16.5949970000001
38.7797160000001,16.573608
38.7424930000001,16.549999
38.722496,16.538887
38.711937,16.5338859999999
38.703331,16.531944
38.6999970000001,16.533333
38.648605,16.548885
38.602776,16.5616649999999
38.554161,16.5700000000001
38.5202710000001,16.5749969999999
38.4546360000001,16.5766640000001
38.4424970000001,16.5761110000001
38.4313890000001,16.5713880000001
38.425278,16.566944
38.3916630000001,16.5327760000001
38.3769379999999,16.5155530000001
38.358055,16.490555
38.3463820000001,16.4705540000001
38.336937,16.4488870000001
38.32444,16.414165
38.3111040000001,16.3644410000001
38.30722,16.352497
38.299721,16.333885
38.2961040000001,16.326942
38.13916,16.1655540000001
38.1330490000001,16.1611100000001
38.1263890000001,16.158333
38.114441,16.154999
38.077499,16.1452750000001
38.0608290000001,16.1413880000001
38.047775,16.1388850000001
38.0352710000001,16.1388850000001
38.0263820000001,16.1377750000001
38.0152740000001,16.1333310000001
37.979721,16.1166650000001
37.9708330000001,16.1102750000001
37.946106,16.0877760000001
37.9283290000001,16.068886
37.9241640000001,16.0624960000001
37.922218,16.0488849999999
37.918884,15.996111
37.922493,15.9472220000001
37.9277730000001,15.9227770000001
37.9261090000001,15.866665
37.919167,15.794722
37.9169390000001,15.781111
37.9169390000001,15.7758329999999
37.9208300000001,15.7561090000001
37.9311070000001,15.720276
37.9522170000001,15.675278
37.9563830000001,15.668888
37.961388,15.6636100000001
37.992218,15.640276
37.998055,15.6363890000001
38.0116650000001,15.6316660000001
38.0163880000001,15.632221
38.0630490000001,15.6452770000001
38.175552,15.6372200000001
38.191383,15.6294440000001
38.1980510000001,15.626665
38.2063830000001,15.626665
38.224159,15.6283320000001
38.228607,15.628887
38.2322160000001,15.6305540000001
38.240273,15.654444
38.256386,15.706944
38.255272,15.72361
38.256386,15.733055
38.258606,15.7416650000001
38.2661059999999,15.760277
38.2805480000001,15.7930550000001
38.282494,15.796389
38.2952730000001,15.809721
38.309715,15.820833
38.4519420000001,15.8955550000001
38.4727710000001,15.9061110000001
38.5180360000001,15.92063
38.5324939999999,15.924166
38.5413820000001,15.925278
38.550552,15.9199980000001
38.576111,15.8947220000001
38.59333,15.876944
38.61055,15.851665
38.614998,15.8394430000001
38.620552,15.8283330000001
38.623886,15.8272210000001
38.628326,15.827776
38.6391600000001,15.8327770000001
38.648331,15.839167
38.65583,15.847221
38.6624980000001,15.856388
38.7208330000001,15.9824980000001
38.722496,15.986387
38.7238850000001,16.0236090000001
38.72361,16.045277
38.7208330000001,16.067497
38.717216,16.0880550000001
38.711662,16.0991630000001
38.710831,16.104164
38.7155530000001,16.1291660000001
38.7408290000001,16.171944
38.744995,16.178608
38.7474980000001,16.18111
38.769165,16.195
38.7938839999999,16.2066650000001
38.8016660000001,16.209442
38.8297200000001,16.217499
38.8430480000001,16.2199970000001
38.8686069999999,16.2211070000001
38.910828,16.2225
38.922493,16.2211070000001
38.925278,16.219166
38.926941,16.216389
38.9319380000001,16.1941640000001
38.945274,16.1622200000001
38.951111,16.1519430000001
39.0194400000001,16.101109
39.0261080000001,16.098331
39.1291660000001,16.064163
39.179718,16.0569420000001
39.1927720000001,16.057499
39.224998,16.05611
39.256386,16.0533330000001
39.330276,16.038055
39.3449940000001,16.0344430000001
39.351105,16.0313870000001
39.436661,15.9883330000001
39.4519420000001,15.979721
39.454994,15.9777770000001
39.5105510000001,15.9336110000001
39.522499,15.919722
39.533882,15.903889
39.6099930000001,15.853054
39.6777730000001,15.8088870000001
39.6808320000001,15.8069439999999
39.7055510000001,15.8002779999999
39.7094420000001,15.7994440000001
39.792496,15.787498
39.8499980000001,15.782221
39.8586040000001,15.7838880000001
39.866661,15.783054
39.8761060000001,15.7783319999999
39.918884,15.7549990000001
39.927216,15.7483330000001
39.95694,15.728888
39.979721,15.712221
40.03083,15.666666
40.0352710000001,15.660831
40.0429310000001,15.642258
40.059715,15.625555
40.0694430000001,15.6119440000001
40.0736080000001,15.5883330000001
40.0752720000001,15.577776
40.076385,15.565832
40.075829,15.555555
40.073326,15.5197220000001
40.0713880000001,15.51111
40.067772,15.5041660000001
40.02861,15.4586110000001
39.9949950000001,15.423054
39.990273,15.4169430000001
39.990273,15.412777
39.996941,15.3652760000001
39.997772,15.3597220000001
39.999443,15.355833
40.009438,15.33861
40.0313870000001,15.3130550000001
40.0672149999999,15.270277
40.076385,15.258333
40.155548,15.1458320000001
40.1658330000001,15.1288870000001
40.1713870000001,15.117498
40.17305,15.1069430000001
40.1724930000001,15.0966660000001
40.195549,15.0124990000001
40.234161,14.941944
40.2711110000001,14.927221
40.3413850000001,14.964167
40.35527,14.987778
40.35833,14.989721
40.3666610000001,14.991943
40.3755490000001,14.993055
40.3922200000001,14.992777
40.399162,14.9905550000001
40.445831,14.9644430000001
40.5516660000001,14.9038890000001
40.565826,14.892776
40.6233290000001,14.8394430000001
40.6311039999999,14.8319440000001
40.635826,14.8258320000001
40.672218,14.7769430000001
40.673882,14.7727780000001
40.675552,14.76222
40.6763840000001,14.74472
40.639336,14.687167
40.649437,14.6286109999999
40.645828,14.6216659999999
40.611755,14.5755280000001
40.61972,14.5047210000001
40.617008,14.4553530000001
40.599998,14.4019430000001
40.573009,14.327296
40.5946810000001,14.326639
40.61832,14.339117
40.627777,14.3544429999999
40.626663,14.359165
40.626663,14.3644430000001
40.6283260000001,14.373888
40.633606,14.3847220000001
40.642494,14.3972210000001
40.6955490000001,14.469999
40.7008290000001,14.475555
40.7041630000001,14.477221
40.708885,14.4774990000001
40.712494,14.476944
40.715828,14.4752770000001
40.7219390000001,14.4719430000001
40.7427750000001,14.458055
40.7530520000001,14.4474980000001
40.8233260000001,14.3174989999999
40.829163,14.306389
40.836937,14.2855549999999
40.84166,14.2666660000001
40.8411100000001,14.261665
40.827774,14.22611
40.821106,14.2169440000001
40.811943,14.2105540000001
40.806938,14.1669429999999
40.8219379999999,14.0738890000001
40.8602750000001,14.047222
40.864166,14.046389
40.8980480000001,14.0305540000001
40.904442,14.0269430000001
40.9197160000001,14.0177760000001
40.9561080000001,13.994444
40.9705510000001,13.9838889999999
41.0780490000001,13.9
41.152496,13.8372210000001
41.1897200000001,13.802221
41.196938,13.7938879999999
41.2111050000001,13.775833
41.234741,13.7376540000001
41.247498,13.7197210000001
41.2513890000001,13.7130550000001
41.252777,13.7080549999999
41.2594380000001,13.647221
41.259995,13.641109
41.2577740000001,13.6208320000001
41.254166,13.608055
41.2388839999999,13.5686089999999
41.237221,13.564999
41.295555,13.294167
41.295555,13.2769430000001
41.2947160000001,13.2666660000001
41.2824940000001,13.2111110000001
41.2688830000001,13.169998
41.2591630000001,13.1469440000001
41.2488860000001,13.124722
41.2377780000001,13.108889
41.255272,13.031944
41.2649989999999,13.0272220000001
41.292221,13.0097220000001
41.3036040000001,13.00111
41.3224950000001,12.983889
41.3302760000001,12.9761100000001
41.3530500000001,12.951944
41.370277,12.93222
41.383606,12.913055
41.3955540000001,12.892221
41.4099960000001,12.855
41.4591600000001,12.671665
41.4594420000001,12.6600000000001
41.456383,12.6463870000001
41.507217,12.576111
41.567772,12.5177760000001
41.607216,12.471943
41.6241610000001,12.4519440000001
41.6311040000001,12.442221
41.6916660000001,12.3569430000001
41.6972200000001,12.3458330000001
41.782494,12.217222
41.7936099999999,12.214443
41.812218,12.2097210000001
41.8216630000001,12.204443
41.8649980000001,12.179722
41.871109,12.175833
41.885277,12.164721
41.898888,12.1522220000001
41.91861,12.1297210000001
41.927498,12.1169430000001
41.9858320000001,12.0211110000001
42.0338820000001,11.9194429999999
42.038055,11.9055540000001
42.038605,11.8930550000001
42.0369420000001,11.8774989999999
42.0311050000001,11.8622210000001
42.0286100000001,11.8386100000001
42.028328,11.8330550000001
42.029442,11.828333
42.034721,11.8230550000001
42.057495,11.8049980000001
42.1325000000001,11.745832
42.1497190000001,11.739166
42.1557080000001,11.7368849999999
42.1602710000001,11.7355539999999
42.18222,11.725555
42.2244420000001,11.703888
42.2924960000001,11.635277
42.297218,11.629444
42.3016660000001,11.623055
42.3427730000001,11.5341660000001
42.3574980000001,11.4974989999999
42.374176,11.4513170000001
42.4002760000001,11.387499
42.404999,11.374722
42.406662,11.364443
42.418327,11.264999
42.418884,11.2594430000001
42.4174960000001,11.2316670000001
42.4136050000001,11.206944
42.409996,11.2050000000001
42.3944400000001,11.2013870000001
42.387215,11.202221
42.367493,11.184721
42.3649980000001,11.181944
42.3633270000001,11.1783330000001
42.3647160000001,11.1738870000001
42.3897170000001,11.1066670000001
42.3930510000001,11.098888
42.3955540000001,11.0961090000001
42.4077760000001,11.088055
42.428886,11.083332
42.431664,11.085833
42.441383,11.097776
42.444717,11.1052760000001
42.4433290000001,11.1141660000001
42.440277,11.1224990000001
42.439438,11.1330550000001
42.439163,11.1547219999999
42.4422150000001,11.163055
42.4474949999999,11.1683330000001
42.453606,11.172499
42.47583,11.1808320000001
42.4938890000001,11.186943
42.50222,11.1888890000001
42.5063860000001,11.1897220000001
42.5141600000001,11.1883319999999
42.5272220000001,11.1816650000001
42.554993,11.1580539999999
42.632217,11.0802760000001
42.7188870000001,10.9738880000001
42.729996,10.957499
42.743332,10.9316650000001
42.7483290000001,10.919443
42.7588880000001,10.8894440000001
42.7669369999999,10.862499
42.824715,10.7644440000001
42.8358310000001,10.7686100000001
42.8480530000001,10.7713870000001
42.887497,10.779444
42.8955539999999,10.7780550000001
42.902496,10.7752760000001
42.9105530000001,10.7677760000001
42.9244380000001,10.742777
42.9280550000001,10.7349990000001
42.931107,10.726387
42.9447170000001,10.687777
42.9483260000001,10.6736110000001
42.957497,10.5888880000001
43.0447160000001,10.5313870000001
43.0608290000001,10.535276
43.1233290000001,10.5408330000001
43.1458280000001,10.5427760000001
43.1544420000001,10.5425000000001
43.1808320000001,10.5383320000001
43.22361,10.5302770000001
43.2491610000001,10.522221
43.265831,10.5144440000001
43.398048,10.4227770000001
43.441109,10.38361
43.4505540000001,10.3716660000001
43.4586110000001,10.357498
43.468048,10.332222
43.4752730000001,10.323055
43.4786070000001,10.3213880000001
43.5336070000001,10.2983320000001
43.5405500000001,10.295555
43.54805,10.293333
43.5913010000001,10.287607
43.6891630000001,10.2763880000001
43.6983260000001,10.2769430000001
43.714439,10.2769430000001
43.7349930000001,10.275
43.751663,10.273333
43.7924960000001,10.2686100000001
43.799721,10.2663880000001
43.8433300000001,10.252222
43.8744430000001,10.2391660000001
43.8836060000001,10.2333320000001
43.8980480000001,10.2219430000001
43.911942,10.2094440000001
43.944717,10.1794430000001
44.0000000000001,10.11611
44.0075000000001,10.1074980000001
44.0186079999999,10.090832
44.0299990000001,10.0686090000001
44.03611,10.0508330000001
44.044174,10.0273340000001
44.0538790000001,9.98360600000007
44.1147160000001,9.71499600000004
44.1408310000001,9.66110999999995
44.2852710000001,9.37277599999993
44.307777,9.34027700000001
44.311661,9.33277700000014
44.3463820000001,9.23361
44.3474960000001,9.22861100000011
44.425552,8.81555400000002
44.429443,8.76110999999992
44.4291610000001,8.74888800000014
44.4283290000001,8.74361000000005
44.425278,8.735277
44.388329,8.63999899999993
44.324715,8.49888800000002
44.3205490000001,8.49166500000013
44.287773,8.44944399999997
44.276939,8.43888900000007
44.2727740000001,8.43805499999996
44.2677760000001,8.44388799999996
44.2644420000001,8.44555500000007
44.260277,8.44610999999998
44.25666,8.44472099999996
44.190277,8.41527700000006
44.1783290000001,8.39944299999996
44.1752780000001,8.39110900000003
44.1586070000001,8.33222200000006
44.156105,8.31027600000004
44.150833,8.29250000000008
44.1455540000001,8.28027700000001
44.1361080000001,8.26777600000003
44.1033330000001,8.23666600000007
44.0974959999999,8.23194300000011
43.9944380000001,8.15805399999999
43.986938,8.15527700000013
43.978333,8.15444400000013
43.9713820000001,8.15749899999992
43.9655530000001,8.16194300000012
43.9588850000001,8.1655540000001
43.9552760000001,8.1655540000001
43.893051,8.06777799999998
43.846382,7.94888899999995
43.8399960000001,7.91388799999999
43.815277,7.77277800000013
43.797218,7.74083300000001
43.795273,7.73694400000011
43.779716,7.67527800000005
43.77916,7.669444
43.779716,7.65861000000012
43.7888870000001,7.61388900000003
43.791664,7.59222199999999
43.791664,7.57972100000001
43.790833,7.57444400000003
43.782043,7.53193500000003
43.7886050000001,7.52805499999999
43.821106,7.5125000000001
43.8494420000001,7.49860999999993
43.8622209999999,7.49333299999995
43.8694380000001,7.49222200000003
43.8777770000001,7.49333299999995
43.88166,7.49500000000006
43.8869400000001,7.50111099999992
43.9647220000001,7.59833199999997
44.005272,7.65722200000005
44.0083309999999,7.66000000000003
44.0722200000001,7.70416599999999
44.079437,7.70833299999998
44.0913090000001,7.70904500000012
44.122772,7.66888799999998
44.131104,7.66166600000003
44.137215,7.65833300000008
44.144722,7.65777700000012
44.1708300000001,7.66222199999999
44.180275,7.61472099999997
44.156105,7.52027699999996
44.1386110000001,7.46638900000011
44.1266630000001,7.42305500000003
44.1255490000001,7.41888800000004
44.131104,7.35333300000013
44.1319430000001,7.34833200000003
44.246941,7.03138799999999
44.284164,6.9763880000001
44.373604,6.87888800000007
44.376663,6.87694399999998
44.5177760000001,6.85361100000011
44.540833,6.85277700000006
44.6647190000001,6.95083300000005
44.6847150000001,6.9705550000001
44.6916660000001,6.980277
44.74472,7.02833299999998
44.8313830000001,7.03166600000009
44.8486100000001,7.00999900000005
44.852776,7.00277700000004
44.862778,6.97388800000004
44.865829,6.96444400000001
44.8699950000001,6.94833299999999
44.8713840000001,6.93638800000002
44.8619380000001,6.91777700000006
44.859161,6.90444400000001
44.860275,6.89222100000012
44.8666610000001,6.85777800000011
44.874161,6.84083299999998
44.9055480000001,6.77527700000013
44.917221,6.75111100000009
44.9194409999999,6.7469440000001
45.0399930000001,6.66166600000003
45.110138,6.61975999999999
45.113884,6.62166600000012
45.1194379999999,6.62722200000013
45.124001,6.63412099999999
45.1261060000001,6.63777700000003
45.143883,6.67583300000001
45.1477740000001,6.68888900000007
45.1502760000001,6.69749899999994
45.1683269999999,6.76083299999999
45.168053,6.77194400000002
45.1563870000001,6.81638800000013
45.1497190000001,6.82694400000008
45.179443,6.93944400000009
45.2230530000001,7.06472200000007
45.2549970000001,7.12499900000012
45.257774,7.12777700000009
45.2622150000001,7.129167
45.3774950000001,7.15861000000001
45.4305499999999,7.14694400000008
45.47686,7.089159
45.5161060000001,7.00277700000004
45.5183260000001,6.99944399999998
45.533333,6.98972099999997
45.5969390000001,6.96944400000001
45.721939,6.81416600000011
45.7277760000001,6.80972200000014
45.7344440000001,6.80777699999999
45.78067,6.79897000000011
45.7966610000001,6.79972199999997
45.827217,6.80722100000014
45.8313830000001,6.80888800000002
45.839165,6.81860999999992
45.855827,6.86972100000008
45.85611,6.874999
45.850273,6.89611100000013
45.849442,6.90805499999999
45.8522190000001,6.92222199999998
45.85833,6.94388900000001
45.868889,6.97305500000004
45.8722150000001,6.98083300000002
45.8769380000001,6.98749900000001
45.885551,6.99666599999995
45.9319380000001,7.03805399999999
45.909164,7.06277799999998
45.896942,7.07777700000003
45.8874970000001,7.09111000000013
45.883606,7.09944400000006
45.882217,7.10500000000008
45.8808290000001,7.11749900000007
45.8791660000001,7.18305500000008
45.8791660000001,7.18861100000004
45.882217,7.19694399999992
45.898048,7.23027699999994
45.9219440000001,7.29111100000006
45.9230499999999,7.29555500000009
45.923882,7.30027800000005
45.9205550000001,7.33888800000005
45.914719,7.37888800000013
45.9161070000001,7.3933320000001
45.9294430000001,7.42972200000008
45.9411090000001,7.45805499999994
45.9816670000001,7.53666600000014
45.9811100000001,7.64749900000004
45.9799960000001,7.65305500000005
45.9433290000001,7.70916700000009
45.93222,7.74333300000006
45.9236070000001,7.78388899999999
45.918755,7.84829999999994
45.9190520000001,7.85574200000002
45.948326,7.86638799999997
45.972496,7.87666600000006
45.9777760000001,7.88194399999992
45.9911040000001,7.90249899999998
45.9941640000001,7.91111100000006
45.9941640000001,7.95000000000005
45.996941,7.97305499999999
46.00222,7.99805500000014
46.0083310000001,8.00861000000003
46.0133290000001,8.01472100000007
46.149437,8.14888800000011
46.153053,8.15027600000002
46.1766660000001,8.1588880000001
46.1808320000001,8.15944300000001
46.188889,8.15833300000003
46.2197190000001,8.14388799999995
46.2261050000001,8.13999900000005
46.4197160000001,8.29999900000001
46.4224930000001,8.30277599999994
46.4247210000001,8.3061100000001
46.4499969999999,8.35722199999998
46.453606,8.36527600000005
46.463051,8.43027699999999
46.4633330000001,8.43638800000008
46.461937,8.44749800000005
46.4599990000001,8.45166599999993
46.4522170000001,8.45999900000004
46.444443,8.46166600000009
46.37722,8.46611000000007
46.36805,8.46583200000003
46.3341600000001,8.45833199999993
46.323326,8.44749800000005
46.3172149999999,8.44333300000005
46.2952730000001,8.43499900000006
46.291107,8.43416600000006
46.2486040000001,8.44444300000004
46.245827,8.44555500000007
46.23333,8.46055400000012
46.122215,8.61388799999992
46.1202770000001,8.61777699999999
46.101387,8.69194400000004
46.1008300000001,8.70111099999997
46.102493,8.71499800000004
46.105553,8.72361000000012
46.1085890000001,8.72885500000012
46.121109,8.74722100000008
46.100555,8.81833300000005
46.096664,8.82611100000003
46.0894390000001,8.83527800000002
46.0819400000001,8.84416600000003
46.0791630000001,8.84666600000008
46.0724950000001,8.85055499999999
46.0611040000001,8.85333299999996
46.056938,8.85249900000008
46.054443,8.84999800000008
46.0361100000001,8.82361000000009
46.031662,8.81694400000009
45.9886090000001,8.81305500000002
45.9841610000001,8.82666599999999
45.9558260000001,8.89555500000006
45.949715,8.89999999999998
45.9008330000001,8.92666600000007
45.8769380000001,8.93638799999997
45.872772,8.93666600000006
45.868889,8.93611000000004
45.8452760000001,8.95111100000014
45.829437,8.998333
45.837776,9.03666499999991
45.8955540000001,9.083887
45.899162,9.08555400000006
45.9019390000001,9.08555400000006
45.9124980000001,9.081388
45.915833,9.07944300000003
45.9241640000001,9.06666600000011
45.931664,9.03194400000012
45.935829,9.02500000000003
45.9441600000001,9.01749999999998
45.9733280000001,8.99666600000012
45.976944,8.99805500000008
46.022499,9.01666600000004
46.0572200000001,9.03583100000003
46.121109,9.0833320000001
46.160271,9.13222100000007
46.168049,9.14443900000003
46.1716610000001,9.15860900000007
46.176941,9.17722099999997
46.179161,9.18055500000014
46.1866610000001,9.18944399999998
46.2305530000001,9.23860900000005
46.2367100000001,9.24340999999993
46.2924960000001,9.27666700000009
46.323051,9.29194300000012
46.32666,9.29333300000002
46.348885,9.29749900000013
46.35305,9.296944
46.4199980000001,9.28222100000005
46.4233320000001,9.280554
46.428329,9.27277799999996
46.4313890000001,9.25694300000004
46.433327,9.25305400000013
46.440277,9.25000000000006
46.4480510000001,9.24972200000013
46.4877780000001,9.27361099999996
46.4958270000001,9.28194400000007
46.5002750000001,9.28888700000005
46.503883,9.296944
46.5047149999999,9.30222100000003
46.508606,9.36083200000007
46.5075,9.37277599999993
46.4724960000001,9.4550000000001
46.4266660000001,9.45027700000009
46.387772,9.45666499999999
46.3847200000001,9.45861100000008
46.319717,9.52138700000012
46.3069380000001,9.54249999999996
46.30555,9.54722200000003
46.2969440000001,9.58194400000008
46.2919390000001,9.62472200000013
46.297218,9.69694300000009
46.298332,9.70833200000004
46.3027730000001,9.71499800000004
46.3422090000001,9.770555
46.3583300000001,9.81305499999996
46.3697200000001,9.85277699999995
46.383049,9.90499900000003
46.3833310000001,9.91111000000012
46.3799970000001,9.94388800000002
46.3791660000001,9.9499990000001
46.361938,9.98472200000003
46.357773,9.99194300000011
46.354439,9.99360999999999
46.3466640000001,9.99138800000003
46.334717,9.98194300000011
46.331383,9.98249800000002
46.2916640000001,9.99499900000001
46.2280499999999,10.05722
46.2227710000001,10.0630550000001
46.2211070000001,10.0666660000001
46.2202760000001,10.072777
46.2205509999999,10.0786090000001
46.2272190000001,10.1299990000001
46.2288820000001,10.1338880000001
46.23333,10.1408330000001
46.25444,10.1697219999999
46.2572170000001,10.172499
46.2683259999999,10.1763879999999
46.2724990000001,10.1772209999999
46.3902740000001,10.153889
46.4233320000001,10.0927770000001
46.424164,10.0886100000001
46.4324950000001,10.067221
46.4383320000001,10.055555
46.4430540000001,10.0491660000001
46.4458310000001,10.0466650000001
46.4491650000001,10.044998
46.4533310000001,10.0444430000001
46.4980550000001,10.0441670000001
46.507217,10.044722
46.5399929999999,10.050278
46.543053,10.0525
46.6113819999999,10.119165
46.6322170000001,10.18111
46.639999,10.2333320000001
46.6388850000001,10.2386090000001
46.6366650000001,10.2416650000001
46.6222150000001,10.253611
46.6180500000001,10.2541660000001
46.613884,10.2530540000001
46.5994420000001,10.2469439999999
46.5911100000001,10.245277
46.587219,10.245554
46.583885,10.247499
46.5558320000001,10.3016660000001
46.553886,10.305555
46.549438,10.3372210000001
46.5391619999999,10.44972
46.542503,10.4575310000001
46.546387,10.4652770000001
46.551666,10.4711090000001
46.5624920000001,10.4755549999999
46.590553,10.485277
46.5947190000001,10.4861110000001
46.615273,10.486666
46.619438,10.486387
46.6358260000001,10.470833
46.7630540000001,10.447498
46.871353,10.4712350000001
46.8669429999999,10.4744430000001
46.8644410000001,10.4777770000001
46.8552700000001,10.497776
46.8486100000001,10.560833
46.849159,10.566387
46.8577730000001,10.599722
46.868889,10.6425000000001
46.8719409999999,10.6513880000001
46.874718,10.6669430000001
46.874718,10.679443
46.8736040000001,10.6847210000001
46.872215,10.689444
46.8388820000001,10.7580550000001
46.83416,10.7644440000001
46.8263850000001,10.766109
46.822777,10.7644440000001
46.801384,10.791666
46.7869420000001,10.834166
46.7711110000001,10.887777
46.772499,11.014721
46.7741620000001,11.018888
46.821938,11.070276
46.824997,11.072498
46.8816600000001,11.096666
46.8852770000001,11.098055
46.8944400000001,11.098888
46.904999,11.094721
46.909164,11.094444
46.9124980000001,11.096666
46.914993,11.0994430000001
46.9249950000001,11.111666
46.9299930000001,11.1180550000001
46.962219,11.164444
46.9666600000001,11.171389
46.970276,11.1863880000001
47.0141600000001,11.4838890000001
47.0130540000001,11.6152759999999
47.012497,11.628611
46.9986040000001,11.7066650000001
46.9941640000001,11.7136100000001
46.9799960000001,11.725832
46.9777760000001,11.7363869999999
46.9774930000001,11.7558330000001
46.9788820000001,11.766666
47.0594409999999,12.075277
47.0848120000001,12.1401310000001
47.0944440000001,12.183054
47.0947189999999,12.1891650000001
47.088333,12.221666
47.086662,12.2261100000001
47.0808260000001,12.23111
47.07222,12.230833
47.063049,12.223888
47.039162,12.204443
47.0338820000001,12.19861
47.029999,12.1899990000001
47.0288850000001,12.185276
47.0244370000001,12.1527770000001
47.0208280000001,12.138332
47.0191649999999,12.1341650000001
47.0133290000001,12.128887
47.0097200000001,12.1272220000001
47.0016630000001,12.127777
---
43.8955540000001,12.4647220000001
43.8972170000001,12.4744430000001
43.90583,12.4877779999999
43.9147190000001,12.494999
43.9233320000001,12.4963870000001
43.9391630000001,12.510555
43.9433290000001,12.511665
43.982773,12.5102770000001
43.986938,12.5099980000001
43.9886090000001,12.5055540000001
43.989166,12.492777
43.986938,12.471666
43.984718,12.4625000000001
43.981667,12.4538880000001
43.9797210000001,12.4505540000001
43.957954,12.4157980000001
43.954994,12.408888
43.9483260000001,12.4049990000001
43.9266660000001,12.403889
43.9136580000001,12.4078220000001
43.906105,12.4122219999999
43.9047160000001,12.416388
43.896111,12.4591659999999
---
41.9014260246992,12.4566601709538
41.9079890333912,12.4516533395805
41.9031175217849,12.4450903308886
---
45.4186100000001,12.4258330000001
45.4152760000001,12.427221
45.4141620000001,12.421944
45.419754,12.3782879999999
45.4161070000001,12.373888
45.3847200000001,12.345276
45.372498,12.336111
45.3594440000001,12.328333
45.355827,12.326666
45.3438870000001,12.3236100000001
45.350555,12.316387
45.4158330000001,12.360832
45.424164,12.3683320000001
45.4280550000001,12.3733329999999
45.429718,12.379444
45.430832,12.390554
45.429718,12.402222
45.420555,12.422777
---
43.0044400000001,9.81611100000003
43.005272,9.81361000000004
43.00972,9.8069440000001
43.0124970000001,9.80444300000011
43.0222170000001,9.79916600000007
43.032776,9.795277
43.0602720000001,9.80277599999999
43.063889,9.80416500000001
43.0774990000001,9.82305500000012
43.0774990000001,9.82805400000001
43.0755540000001,9.83166500000004
43.072777,9.83416600000004
43.0524980000001,9.85138700000005
43.0374980000001,9.84638799999999
43.0344390000001,9.84416599999997
---
42.721664,10.4311099999999
42.7133329999999,10.429443
42.710831,10.426943
42.708885,10.4230540000001
42.708611,10.4186100000001
42.7591630000001,10.354721
42.7633290000001,10.348055
42.764999,10.343611
42.765549,10.338055
42.75972,10.2997210000001
42.7463840000001,10.234722
42.735275,10.209166
42.7294390000001,10.160276
42.729721,10.149166
42.7316670000001,10.139166
42.7372210000001,10.1274989999999
42.741943,10.1216659999999
42.7474980000001,10.116943
42.765274,10.1041660000001
42.7724990000001,10.1019440000001
42.7805480000001,10.1005550000001
42.789162,10.101387
42.797218,10.108055
42.801666,10.114721
42.806389,10.1266650000001
42.810829,10.144999
42.8136060000001,10.1827770000001
42.8091660000001,10.2086110000001
42.8024980000001,10.2183320000001
42.797218,10.22361
42.793327,10.2311100000001
42.7922209999999,10.235832
42.801941,10.3494430000001
42.803055,10.353888
42.8080520000001,10.359722
42.825829,10.376944
42.8288880000001,10.379166
42.8524930000001,10.391666
42.859718,10.394444
42.8688890000001,10.4069440000001
42.870277,10.4113880000001
42.870552,10.416943
42.8572160000001,10.4361099999999
42.854721,10.4391650000001
42.851105,10.4402769999999
42.8444440000001,10.441111
---
42.5713880000001,10.083332
42.5749970000001,10.0752770000001
42.5919420000001,10.069443
42.615555,10.0797210000001
42.618889,10.0819440000001
42.617775,10.0875
42.6149980000001,10.0897219999999
42.593605,10.1016650000001
42.583611,10.098888
42.5797200000001,10.0972210000001
42.57222,10.088333
---
42.323608,10.9122220000001
42.3269420000001,10.9041650000001
42.355827,10.8688890000001
42.3586040000001,10.8663880000001
42.365829,10.8644430000001
42.388054,10.8777770000001
42.388885,10.8813880000001
42.38694,10.8919430000001
42.385551,10.896111
42.3716660000001,10.9119430000001
42.368889,10.9144440000001
42.339439,10.928055
42.335831,10.926388
42.3277740000001,10.91861
42.325272,10.9158330000001
---
42.31694,10.305555
42.3177720000001,10.2949980000001
42.3200000000001,10.2919430000001
42.3230510000001,10.2897210000001
42.3266600000001,10.28861
42.3388820000001,10.28861
42.3430480000001,10.2894440000001
42.349998,10.2930550000001
42.351662,10.296944
42.352493,10.3019430000001
42.349159,10.315277
42.345833,10.323055
42.34333,10.3261110000001
42.328331,10.3283330000001
42.3247150000001,10.3283330000001
42.3174970000001,10.3166660000001
---
41.1177750000001,9.56249800000012
40.9891660000001,9.63388800000001
40.929718,9.51444400000014
40.922218,9.50444399999998
40.918053,9.50361099999998
40.9152760000001,9.505833
40.91333,9.50944300000009
40.9124980000001,9.52694300000013
40.913055,9.56638700000002
40.921104,9.61277800000011
40.852493,9.65916600000008
40.682495,9.74694400000004
40.6677700000001,9.75110999999993
40.6594390000001,9.75194400000004
40.6552730000001,9.75110999999993
40.6386110000001,9.74249800000007
40.629997,9.74277700000005
40.599159,9.74944300000004
40.595833,9.75110999999993
40.5483320000001,9.795277
40.5408330000001,9.80333300000007
40.537498,9.8069440000001
40.5355530000001,9.814165
40.531662,9.82110999999998
40.529442,9.82416499999994
40.526108,9.82583200000005
40.5216600000001,9.82555400000012
40.46833,9.80944399999999
40.442497,9.80027800000011
40.394722,9.77194399999996
40.3866650000001,9.76444400000008
40.3822170000001,9.75805500000013
40.3788830000001,9.75083200000006
40.3763890000001,9.74222200000014
40.369438,9.72749900000002
40.3586040000001,9.71138800000011
40.3494420000001,9.69971999999996
40.3083270000001,9.65722100000005
40.2822190000001,9.63694399999991
40.2627720000001,9.62583199999995
40.2555540000001,9.62305500000008
40.2513890000001,9.62249900000006
40.2377780000001,9.62194399999999
40.1997150000001,9.62333299999995
40.186661,9.62999899999994
40.1449970000001,9.65222199999999
40.1333310000001,9.66138800000004
40.1069410000001,9.69249900000005
40.097496,9.70416599999999
40.0405500000001,9.71361000000013
39.9352720000001,9.69500000000005
39.8088840000001,9.67472099999992
39.7794420000001,9.67055500000004
39.756943,9.67027699999994
39.7491610000001,9.67166500000002
39.7416610000001,9.67388700000004
39.7386090000001,9.67555399999992
39.73027,9.67638800000003
39.7127760000001,9.67555399999992
39.5491640000001,9.65166700000009
39.486382,9.64222100000012
39.4302750000001,9.63083300000005
39.332771,9.60027700000012
39.2305530000001,9.56805400000013
39.226387,9.56722100000013
39.1972200000001,9.56388900000013
39.193054,9.564165
39.1847149999999,9.57694400000008
39.1819380000001,9.5791660000001
39.1786040000001,9.57944300000008
39.1505510000001,9.56916600000011
39.144165,9.56527700000004
39.137215,9.55666500000012
39.1183320000001,9.52166599999993
39.12442,9.44263600000011
39.140831,9.4105550000001
39.1569440000001,9.39222100000001
39.1591640000001,9.38944400000008
39.177498,9.36610999999994
39.19416,9.34249900000003
39.205826,9.321665
39.2138820000001,9.29527700000011
39.266388,9.01833200000004
39.264999,9.01416599999999
39.2627720000001,9.01111000000009
39.258606,9.01055499999995
39.126389,9.01333200000005
39.101662,9.01610900000014
39.0830540000001,9.02083199999998
39.076385,9.02416599999992
39.0449980000001,9.04333300000008
38.9880519999999,9.00694300000009
38.90583,8.90694400000007
38.899437,8.89722100000006
38.879166,8.85916500000008
38.8774950000001,8.85555499999998
38.8769380000001,8.85027700000006
38.878052,8.83972199999999
38.923607,8.71527700000007
38.919998,8.70805500000006
38.890274,8.64638700000006
38.9186100000001,8.61583300000012
39.0099950000001,8.56638700000002
39.049995,8.55138799999997
39.060551,8.5097760000001
39.061386,8.50744200000008
39.062218,8.50144400000011
39.061718,8.4986100000001
39.060715,8.49644399999994
39.042885,8.47727600000007
39.041214,8.47577700000005
39.039383,8.47477700000007
39.0227170000001,8.47010999999992
39.009438,8.44916499999994
38.9927980000001,8.45118500000012
38.9883270000001,8.44999900000005
38.9697190000001,8.44194400000004
38.9597170000001,8.43110999999999
38.9572220000001,8.41111000000006
38.9586110000001,8.40694399999995
38.961105,8.40416500000009
39.0249939999999,8.36194400000005
39.035553,8.35805499999998
39.0719380000001,8.3463880000001
39.075554,8.34527600000013
39.0905530000001,8.3497220000001
39.1083300000001,8.35666700000007
39.111382,8.35833200000002
39.112778,8.36249899999996
39.107773,8.42444399999999
39.106384,8.42722100000009
39.092499,8.44472099999996
39.084717,8.45222100000007
39.0961610000001,8.45099900000002
39.0909960000001,8.45266500000002
39.086826,8.45433200000008
39.085995,8.45533299999994
39.085331,8.46099899999996
39.0869980000001,8.46250000000003
39.0956610000001,8.46900000000011
39.0976640000001,8.4686650000001
39.117496,8.45916600000004
39.160271,8.43444399999999
39.1658330000001,8.42972200000008
39.2005540000001,8.39694399999996
39.2261050000001,8.36610999999999
39.268883,8.42416600000013
39.277771,8.43027699999999
39.289162,8.43361099999998
39.293884,8.43361099999998
39.301666,8.4319440000001
39.339439,8.41861000000011
39.340828,8.41472100000004
39.340553,8.3974990000001
39.341942,8.3933320000001
39.350555,8.38694400000003
39.3711090000001,8.37194400000004
39.3747180000001,8.37111100000004
39.44722,8.39194300000008
39.4936070000001,8.41305500000004
39.628052,8.44944399999997
39.6352770000001,8.44722200000012
39.6394420000001,8.44666500000005
39.6819380000001,8.44333300000005
39.75666,8.44277799999998
39.7597200000001,8.44444300000004
39.761383,8.44805500000012
39.7622149999999,8.45305400000007
39.761383,8.45777700000002
39.759438,8.46111100000002
39.75444,8.46638900000011
39.7219390000001,8.49000000000001
39.725555,8.50444399999998
39.75222,8.52361100000013
39.7794420000001,8.54194300000012
39.8166660000001,8.55166600000007
39.844994,8.55722000000009
39.854164,8.55749900000006
39.8661040000001,8.55666499999995
39.872498,8.55305500000009
39.878052,8.54861100000005
39.898048,8.52694300000013
39.9049990000001,8.51805499999995
39.908051,8.50972200000007
39.913055,8.47055400000011
39.91333,8.45861100000013
39.911385,8.45499999999993
39.9027710000001,8.44222100000007
39.897499,8.43749800000006
39.891663,8.42249900000002
39.8966600000001,8.39861100000007
39.898888,8.39583199999998
39.9024959999999,8.394722
39.9072190000001,8.394722
39.9461060000001,8.39861100000007
39.9986040000001,8.40749900000003
40.014999,8.41027599999995
40.143326,8.46444300000002
40.226662,8.46166600000009
40.321388,8.45722200000012
40.492775,8.36722200000014
40.58416,8.30638900000008
40.589165,8.30110900000005
40.592499,8.29333300000008
40.615555,8.20138700000001
40.616386,8.19055400000002
40.598328,8.17222200000009
40.592499,8.16777600000006
40.5888820000001,8.16666600000008
40.5847170000001,8.16722099999998
40.5805510000001,8.16638799999998
40.566109,8.16138799999999
40.562775,8.15944300000001
40.5783309999999,8.15027600000002
40.5816649999999,8.14833300000004
40.5922160000001,8.14444400000014
40.604996,8.14333199999999
40.6216660000001,8.14361000000002
40.6241610000001,8.14611100000002
40.6325,8.1597210000001
40.6363830000001,8.17833299999995
40.6922150000001,8.17222200000009
40.721382,8.14972100000011
40.7441640000001,8.14888800000011
40.913605,8.192499
40.9413829999999,8.22833300000002
40.937492,8.22749900000014
40.933327,8.22805400000004
40.911385,8.23138800000004
40.908051,8.23305500000009
40.864441,8.27805499999999
40.855553,8.29083300000013
40.8480529999999,8.30499800000013
40.846664,8.309166
40.8361050000001,8.3563880000001
40.8219379999999,8.45749899999993
40.8202740000001,8.48000000000008
40.8236080000001,8.50527800000009
40.831383,8.54305500000009
40.839996,8.57972100000001
40.846664,8.60083200000003
40.848328,8.60472099999993
40.8527760000001,8.61083200000002
40.861382,8.61777699999999
40.875549,8.623333
40.881943,8.62722200000007
40.8899990000001,8.63472199999995
40.8936079999999,8.64222100000012
40.896385,8.65055500000011
40.910271,8.69222100000002
40.9144439999999,8.71055400000006
40.91555,8.74027600000011
40.9149930000001,8.75166500000006
40.912216,8.7666660000001
40.9149930000001,8.77527600000002
40.9219440000001,8.78999900000014
40.934441,8.8102760000001
40.9597170000001,8.843887
40.9705510000001,8.8538880000001
40.976387,8.85833200000008
40.9974980000001,8.87277600000004
41.0013890000001,8.87416600000012
41.1211090000001,9.01083199999999
41.1227720000001,9.01444400000008
41.129715,9.040277
41.130554,9.04388799999998
41.130829,9.04944399999999
41.1299970000001,9.05416499999995
41.1916660000001,9.16083100000009
41.236382,9.16000000000008
41.238327,9.16249799999997
41.2458270000001,9.17555400000003
41.2547150000001,9.23305500000009
41.14666,9.51333199999999
---
41.055275,8.33055499999995
41.0547180000001,8.32805399999995
41.0591660000001,8.3094440000001
41.0616610000001,8.28833199999997
41.0602720000001,8.28388799999999
41.0547180000001,8.2675000000001
41.0302730000001,8.24083300000007
40.9861070000001,8.24471999999997
40.9863820000001,8.22416499999997
40.992493,8.21527699999996
41.0044399999999,8.21416699999997
41.0427700000001,8.23083300000013
41.0999980000001,8.28833199999997
41.117218,8.31416500000012
41.121384,8.32111000000009
41.120277,8.32472000000001
41.0949940000001,8.34527600000013
41.0916600000001,8.3472210000001
41.0880510000001,8.34694300000001
41.066109,8.34055500000011
41.0624920000001,8.33916700000003
---
40.882217,12.960278
40.8830490000001,12.9550000000001
40.8855510000001,12.952221
40.8883289999999,12.949999
40.8958280000001,12.9458329999999
40.8991620000001,12.9441660000001
40.906387,12.94611
40.91777,12.9502770000001
40.9194410000001,12.953333
40.927216,12.969999
40.9313890000001,12.988054
40.897499,12.975555
40.8947220000001,12.9741650000001
40.883888,12.9641670000001
---
40.69194,13.891666
40.701111,13.8636089999999
40.7049940000001,13.8566670000001
40.7105480000001,13.8519440000001
40.734718,13.853888
40.757774,13.8661099999999
40.761108,13.879166
40.760277,13.884443
40.7438890000001,13.9433330000001
40.742493,13.9480550000001
40.7402730000001,13.950832
40.737778,13.9536090000001
40.730553,13.9583320000001
40.7186050000001,13.9649980000001
40.714439,13.9649980000001
40.7013850000001,13.9513870000001
---
40.554993,14.241388
40.5555499999999,14.2463870000001
40.5574950000001,14.249722
40.5597149999999,14.258333
40.557777,14.261665
40.5555499999999,14.261944
40.551109,14.2566660000001
40.54805,14.2547210000001
40.5441670000001,14.2536110000001
40.542496,14.250832
40.546944,14.24472
40.5477750000001,14.2394430000001
40.545555,14.230833
40.5408330000001,14.219444
40.5358280000001,14.202499
40.5366590000001,14.1972220000001
40.5399930000001,14.195555
40.5530550000001,14.197777
40.5572200000001,14.198889
40.560272,14.200832
40.560555,14.2105540000001
---
39.0927730000001,8.28722199999999
39.0936050000001,8.27666700000009
39.1036070000001,8.25388699999996
39.105827,8.25111000000004
39.141937,8.22110900000007
39.145554,8.21999900000003
39.1619420000001,8.22138800000005
39.164719,8.22388799999993
39.172218,8.24360999999999
39.189995,8.30277599999994
39.187492,8.30444300000005
39.144165,8.30666500000001
39.132217,8.30638900000008
39.1152730000001,8.30555500000003
39.1072160000001,8.30416500000013
39.095276,8.29555500000004
39.0936050000001,8.29222100000004
---
38.770554,15.208332
38.780548,15.1913870000001
38.787498,15.1891650000001
38.79055,15.190277
38.808052,15.209444
38.810555,15.2122210000001
38.811661,15.216389
38.8111040000001,15.2274990000001
38.806107,15.239166
38.8036040000001,15.2419430000001
38.7994380000001,15.2419430000001
38.7808300000001,15.229721
38.778328,15.2269440000001
38.77166,15.2177770000001
38.770554,15.2136100000001
---
38.6888890000001,13.158609
38.6897200000001,13.1547220000001
38.6919400000001,13.151943
38.695831,13.152222
38.7144390000001,13.162222
38.7163850000001,13.165277
38.7197190000001,13.1727770000001
38.721107,13.1811099999999
38.7194440000001,13.184999
38.713882,13.195555
38.7113880000001,13.1983320000001
38.7072220000001,13.19861
38.7047200000001,13.1958330000001
38.6936040000001,13.180832
38.691666,13.1777759999999
38.690277,13.1733320000001
---
38.5297160000001,14.8647209999999
38.531387,14.854166
38.5402760000001,14.8352780000001
38.5586089999999,14.796944
38.56472,14.79361
38.5677719999999,14.794722
38.5813830000001,14.8038880000001
38.58194,14.808611
38.579437,14.864166
38.5780490000001,14.86861
38.572777,14.873333
38.5691600000001,14.8738880000001
38.564438,14.873333
38.531387,14.8683320000001
---
38.4450000000001,14.9505540000001
38.46611,14.912222
38.470833,14.9061110000001
38.4761050000001,14.9016670000001
38.486382,14.8980540000001
38.4902730000001,14.898611
38.5094380000001,14.9038890000001
38.5147170000001,14.9091660000001
38.516663,14.912222
38.5183260000001,14.9161110000001
38.519997,14.923887
38.5216600000001,14.957499
38.5202710000001,14.9619430000001
38.517494,14.9638880000001
38.510551,14.9661100000001
38.452499,14.9630550000001
38.4491650000001,14.9622209999999
38.44722,14.959166
38.4455490000001,14.955276
---
38.3641660000001,14.9836100000001
38.3658290000001,14.979721
38.3799970000001,14.9561100000001
38.381943,14.953054
38.3994370000001,14.941111
38.4030529999999,14.9402770000001
38.418327,14.945555
38.431107,14.958887
38.431938,14.9625
38.4302750000001,14.966389
38.395271,14.9966659999999
38.3791660000001,15.0041660000001
38.3749920000001,15.0041660000001
38.3688890000001,14.9999999999999
38.3652730000001,14.993055
38.3641660000001,14.988888
---
38.0894390000001,15.5094429999999
38.078888,15.504721
38.0758290000001,15.5024990000001
38.0702739999999,15.497776
38.0008320000001,15.4277760000001
37.9466630000001,15.371387
37.941109,15.3666650000001
37.785271,15.2352769999999
37.764442,15.219721
37.7113880000001,15.2180540000001
37.7069400000001,15.217499
37.6513820000001,15.2008319999999
37.5755540000001,15.1780550000001
37.5633319999999,15.169722
37.5602720000001,15.1675
37.548607,15.1569440000001
37.546104,15.1544440000001
37.539444,15.1455550000001
37.5194400000001,15.1186099999999
37.4986040000001,15.098331
37.49305,15.0936110000001
37.4899980000001,15.0913890000001
37.4794390000001,15.0866659999999
37.4630510000001,15.0858329999999
37.3580400000001,15.0911100000001
37.3497160000001,15.091944
37.3427730000001,15.093887
37.183884,15.186943
37.157494,15.203888
37.1261060000001,15.2294430000001
37.1236040000001,15.2319429999999
37.1116640000001,15.251665
37.1102749999999,15.256109
37.1086040000001,15.2661090000001
37.108055,15.293055
37.106667,15.297499
37.102219,15.3033330000001
37.0955510000001,15.3058320000001
37.0430530000001,15.316111
37.008888,15.3166660000001
36.981667,15.2622200000001
36.955276,15.214167
36.9352720000001,15.1802770000001
36.916382,15.1527770000001
36.9102710000001,15.148611
36.839996,15.1102770000001
36.799721,15.0947210000001
36.783607,15.0955540000001
36.7797160000001,15.096388
36.7558290000001,15.104443
36.7455520000001,15.113888
36.736382,15.1191650000001
36.685272,15.1358320000001
36.677773,15.13611
36.6666639999999,15.131943
36.6538850000001,15.097221
36.6497189999999,15.0858329999999
36.649162,15.0813880000001
36.6822200000001,15.0491660000001
36.6916660000001,15.0383320000001
36.69722,15.027777
36.6999970000001,15.0194440000001
36.7249980000001,14.900833
36.726662,14.890833
36.728333,14.8680550000001
36.7277760000001,14.8583320000001
36.714996,14.8138890000001
36.704437,14.779165
36.718605,14.721388
36.780273,14.55361
36.830826,14.460554
36.837494,14.4577770000001
36.8733290000001,14.4411109999999
36.902496,14.421944
36.914162,14.4141650000001
36.919716,14.410276
36.942497,14.3938879999999
36.9663850000001,14.3736100000001
36.983864,14.3536849999999
36.9947200000001,14.340555
37.0369420000001,14.283888
37.04805,14.2688880000001
37.0622180000001,14.2458320000001
37.0963820000001,14.1536100000001
37.101662,14.136389
37.108887,14.109722
37.110832,14.0938870000001
37.1102749999999,13.998055
37.1003490000001,13.955755
37.094719,13.9349990000001
37.094719,13.9297220000001
37.0977710000001,13.8947219999999
37.1011050000001,13.8805540000001
37.157776,13.738333
37.18972,13.673054
37.19194,13.6699980000001
37.1991650000001,13.6619430000001
37.2063830000001,13.6552770000001
37.212219,13.651388
37.2199940000001,13.6438880000001
37.2724990000001,13.571665
37.27916,13.5619429999999
37.283333,13.5433330000001
37.2872160000001,13.505278
37.324165,13.412777
37.361107,13.3299999999999
37.3899990000001,13.27861
37.3947220000001,13.273333
37.4047160000001,13.2688880000001
37.421944,13.2566660000001
37.4552760000001,13.218332
37.4877779999999,13.166666
37.491104,13.158888
37.49305,13.1491660000001
37.49305,13.085833
37.5369420000001,12.99
37.546104,12.9800000000001
37.5524980000001,12.9708330000001
37.5622180000001,12.9536090000001
37.5724949999999,12.9252780000001
37.573608,12.9205550000001
37.5799940000001,12.8025
37.5780490000001,12.7830540000001
37.5730510000001,12.756109
37.567772,12.734999
37.564438,12.7225
37.5561070000001,12.688332
37.554161,12.6744440000001
37.55555,12.6652770000001
37.558609,12.6574990000001
37.5624920000001,12.6508329999999
37.6588820000001,12.514166
37.699165,12.468332
37.7891620000001,12.4247209999999
37.796104,12.4222219999999
37.7999950000001,12.422777
37.8052750000001,12.4266660000001
37.809715,12.435555
37.808052,12.4394440000001
37.8061070000001,12.4416660000001
37.8111040000001,12.452499
37.815826,12.458055
37.8224950000001,12.461666
37.8633270000001,12.4783330000001
37.8724980000001,12.478888
37.876106,12.4780540000001
37.879166,12.47611
37.9161070000001,12.466389
38.0097200000001,12.505278
38.0205539999999,12.514999
38.0597150000001,12.5563890000001
38.061386,12.5599990000001
38.1397170000001,12.73361
38.068886,12.821665
38.0302730000001,12.8758320000001
38.0244370000001,12.892221
38.023331,12.8966660000001
38.0230480000001,12.906666
38.0238880000001,12.916666
38.0258329999999,12.9305550000001
38.0327760000001,12.955555
38.0588840000001,13.019165
38.074715,13.055832
38.0786059999999,13.0627769999999
38.0863880000001,13.0702759999999
38.0894390000001,13.0724980000001
38.098053,13.0736099999999
38.121384,13.0641650000001
38.1272200000001,13.0599989999999
38.131943,13.0547220000001
38.135277,13.053333
38.138611,13.0541650000001
38.178886,13.0916650000001
38.1852720000001,13.100832
38.1869430000001,13.1044430000001
38.21833,13.316666
38.21666,13.3205550000001
38.1883320000001,13.3569430000001
38.185555,13.358889
38.166664,13.3688890000001
38.1538850000001,13.375277
38.149719,13.375277
38.140831,13.3686099999999
38.1286090000001,13.362778
38.124718,13.3636090000001
38.1161040000001,13.36972
38.1136090000001,13.372499
38.107498,13.3825000000001
37.9766620000001,13.7113880000001
37.971382,13.7524990000001
37.970551,13.768888
37.972221,13.791111
37.978737,13.8209860000001
37.998055,13.886665
38.0063860000001,13.9102760000001
38.0099950000001,13.916943
38.012497,13.9194430000001
38.0277710000001,13.9408320000001
38.0313870000001,13.947777
38.035828,14.0138870000001
38.0227740000001,14.132776
38.0122149999999,14.242777
38.0122149999999,14.311943
38.018051,14.3655549999999
38.0186080000001,14.370277
38.0427700000001,14.519444
38.07222,14.6330550000001
38.0733260000001,14.6372200000001
38.0766600000001,14.6438880000001
38.086937,14.659721
38.154442,14.7847210000001
38.170555,14.874443
38.159721,14.9636100000001
38.1547160000001,14.975277
38.1216660000001,15.074999
38.1208270000001,15.0866659999999
38.1216660000001,15.090832
38.125832,15.1024990000001
38.145554,15.150833
38.2072220000001,15.301666
38.2905500000001,15.5072210000001
38.2952730000001,15.523611
38.2974930000001,15.5402770000001
38.296387,15.551388
38.2716600000001,15.6480539999999
38.2702709999999,15.652498
38.266937,15.6538889999999
38.263885,15.651667
38.260963,15.6443479999999
38.2513890000001,15.6127779999999
38.2500000000001,15.603611
38.245277,15.5872210000001
38.2397160000001,15.5772210000001
38.2338870000001,15.572498
38.2280500000001,15.568054
38.2102740000001,15.559999
38.13694,15.528889
---
37.944717,12.0772210000001
37.9538880000001,12.0472220000001
37.956108,12.0438880000001
37.983604,12.029165
37.986938,12.029999
37.9891660000001,12.059166
37.9866640000001,12.060555
37.953606,12.0738890000001
---
37.9055480000001,12.349443
37.916664,12.2925000000001
37.919167,12.2838880000001
37.9327770000001,12.272221
37.9363860000001,12.2713870000001
37.9388890000001,12.2738880000001
37.939163,12.2791650000001
37.939438,12.3127770000001
37.9355550000001,12.3344440000001
37.9344410000001,12.3391669999999
37.9230499999999,12.3647210000001
37.9197159999999,12.3663880000001
37.9122160000001,12.3638880000001
37.9077760000001,12.357777
37.906105,12.354166
---
36.7374950000001,12.0005550000001
36.7386090000001,11.993055
36.740555,11.987221
36.7613830000001,11.9536090000001
36.793884,11.9263879999999
36.804161,11.9227770000001
36.816383,11.9216650000001
36.821938,11.9236110000001
36.82972,11.9308320000001
36.833054,11.9349990000001
36.8355480000001,11.940277
36.8366620000001,11.947222
36.8369370000001,11.954721
36.836105,11.9622210000001
36.830276,11.9966660000001
36.825272,12.0075000000001
36.7969440000001,12.0483320000001
36.7936100000001,12.0505540000001
36.7711110000001,12.055555
36.761665,12.0541650000001
36.7569430000001,12.051388
36.753052,12.047777
36.747215,12.0383320000001
36.7422179999999,12.0277770000001
36.738327,12.015833
---
