17.864166,-77.147507
17.860275,-77.150284
17.77972,-77.193893
17.761108,-77.147232
17.761387,-77.142227
17.757774,-77.138626
17.732498,-77.126953
17.727497,-77.12529
17.722775,-77.124725
17.714165,-77.130005
17.708332,-77.138336
17.701385,-77.152512
17.697777,-77.162781
17.696663,-77.168625
17.698055,-77.18251
17.713608,-77.217514
17.718887,-77.226959
17.728333,-77.238617
17.821663,-77.349167
17.851879,-77.395905
17.859722,-77.412231
17.856667,-77.450562
17.855,-77.455841
17.839722,-77.482513
17.837776,-77.487503
17.836666,-77.493347
17.836666,-77.507233
17.839996,-77.518616
17.859474,-77.566391
17.854443,-77.609726
17.847221,-77.719727
17.84861,-77.733337
17.851387,-77.737793
17.885555,-77.789459
17.888332,-77.793625
17.891941,-77.797226
17.937775,-77.820007
17.987778,-77.835007
18.002499,-77.840836
18.010555,-77.846954
18.013332,-77.85112
18.022499,-77.870834
18.022778,-77.878067
18.021111,-77.904175
18.026108,-77.936401
18.02861,-77.948624
18.031666,-77.952789
18.054749,-77.961319
18.061108,-77.963898
18.069443,-77.969177
18.086388,-77.980011
18.182777,-78.041946
18.186943,-78.044724
18.196388,-78.057236
18.201385,-78.074173
18.202499,-78.101959
18.203053,-78.128616
18.199718,-78.194458
18.19722,-78.20639
18.189999,-78.226959
18.188889,-78.232788
18.190277,-78.238617
18.194443,-78.254181
18.217777,-78.336395
18.220276,-78.3414
18.234722,-78.362228
18.241943,-78.369446
18.25111,-78.373901
18.258053,-78.373901
18.262775,-78.372787
18.266666,-78.371124
18.274719,-78.365005
18.298611,-78.342514
18.335278,-78.345566
18.35722,-78.341675
18.362499,-78.339737
18.365833,-78.336121
18.450832,-78.213898
18.451942,-78.208069
18.452499,-78.023895
18.451385,-78.015015
18.441383,-78.000015
18.496109,-77.936111
18.509163,-77.920837
18.519722,-77.882507
18.522499,-77.864456
18.521664,-77.849731
18.505016,-77.73584
18.489441,-77.700012
18.486385,-77.688614
18.479164,-77.640015
18.483055,-77.615845
18.484165,-77.611679
18.488609,-77.601959
18.488888,-77.595566
18.489441,-77.564178
18.489166,-77.558334
18.478886,-77.484177
18.477219,-77.478622
18.469219,-77.466766
18.46611,-77.460846
18.456665,-77.407791
18.451664,-77.343338
18.453609,-77.339737
18.458332,-77.323334
18.458611,-77.316956
18.452774,-77.250565
18.451664,-77.243896
18.434166,-77.181671
18.428055,-77.166122
18.422222,-77.157791
18.407219,-77.136673
18.406925,-77.067932
18.410831,-77.056122
18.412498,-77.043625
18.411388,-77.037231
18.394444,-76.945282
18.374722,-76.896118
18.344997,-76.854446
18.302776,-76.805557
18.276386,-76.790283
18.272221,-76.787506
18.26833,-76.782791
18.263332,-76.724167
18.263885,-76.718903
18.266483,-76.7034
18.235832,-76.65918
18.223053,-76.640289
18.19722,-76.551392
18.192776,-76.53334
18.180553,-76.458618
18.167774,-76.386124
18.166111,-76.380569
18.159721,-76.365005
18.149719,-76.341675
18.078053,-76.292511
18.050552,-76.2789
18.041386,-76.274445
17.995758,-76.258102
17.941387,-76.234177
17.904163,-76.221115
17.879719,-76.265289
17.865555,-76.306671
17.855553,-76.350571
17.856941,-76.53418
17.860832,-76.591125
17.861664,-76.597504
17.866386,-76.607513
17.873608,-76.613892
17.929253,-76.6577
17.937496,-76.693619
17.948887,-76.724731
17.953053,-76.727509
17.959164,-76.73584
17.963055,-76.746399
17.966686,-76.800606
17.976665,-76.811401
17.98333,-76.819168
17.987221,-76.829727
17.986942,-76.836121
17.982594,-76.847778
17.888611,-76.894455
17.851944,-76.914459
17.843887,-76.920837
17.840832,-76.924454
17.838333,-76.929169
17.829441,-76.948334
17.829166,-76.954727
17.844719,-77.00528
17.886944,-77.03418
17.889721,-77.038345
17.893887,-77.048889
17.895275,-77.054733
17.899441,-77.080292
17.895554,-77.101669
17.891941,-77.111954
17.878887,-77.131958
---
