49.1772160000001,-2.02111099999996
49.1724930000001,-2.04138899999992
49.1677700000001,-2.06694499999998
49.181107,-2.08916699999992
49.1958310000001,-2.12277799999993
49.1986079999999,-2.13305600000001
49.19944,-2.14611099999996
49.1986079999999,-2.15222299999994
49.1944429999999,-2.16000000000003
49.1913830000001,-2.16222199999993
49.1841659999999,-2.18194499999998
49.180832,-2.20527800000002
49.1897200000001,-2.22638899999993
49.249443,-2.2475
49.253052,-2.24722199999997
49.2580490000001,-2.24055600000003
49.2591630000001,-2.23555599999992
49.2594380000001,-2.22916700000002
49.2611080000001,-2.15416699999992
49.243889,-2.04138899999992
49.242775,-2.03555599999993
49.2349930000001,-2.01944399999996
49.232498,-2.01611099999997
49.228333,-2.01583299999999
49.214165,-2.01499999999999
---
