29.368332,34.959999
29.37722,34.960274
29.395832,34.961388
29.448887,34.966942
29.471386,34.97361
29.477497,34.977219
29.489719,34.989441
29.519165,35.002777
29.526108,35.005272
29.532497,35.00444
29.535,35.00222
29.545753,34.97998
29.57,34.977493
29.577015,34.974625
29.640831,35.007217
29.858887,35.075554
29.876663,35.076111
29.885277,35.073326
29.898052,35.07222
29.92083,35.07222
29.953609,35.073051
30.043888,35.101662
30.051666,35.104439
30.05611,35.106941
30.062496,35.112221
30.077499,35.125275
30.094166,35.143883
30.109444,35.156944
30.118889,35.162216
30.126389,35.164719
30.151665,35.166939
30.319443,35.161385
30.415279,35.15609
30.444164,35.158607
30.594719,35.206108
30.621944,35.219719
30.681942,35.255554
30.759163,35.292496
30.791111,35.299995
30.886944,35.337776
30.918053,35.354721
30.924164,35.361107
30.928661,35.368134
30.942017,35.390976
30.947216,35.396378
30.955818,35.402214
31.09972,35.454994
31.121109,35.462219
31.149441,35.462219
31.158333,35.459442
31.170555,35.454163
31.200275,35.432777
31.225277,35.411385
31.351387,35.452499
31.400833,35.471107
31.411942,35.473885
31.427776,35.476387
31.449165,35.478607
31.497322,35.478195
31.529442,35.479164
31.562222,35.482773
31.603886,35.489716
31.641666,35.498055
31.711666,35.526108
31.73494,35.538673
31.761703,35.554985
31.766106,35.555824
31.828331,35.548882
31.929718,35.535545
31.995274,35.526382
31.997215,35.523605
31.998886,35.522774
32.000832,35.522217
32.041107,35.516388
32.203049,35.558609
32.211388,35.568329
32.222221,35.572495
32.225548,35.573296
32.36969,35.562233
32.383606,35.559715
32.388321,35.557251
32.394196,35.552567
32.404999,35.546944
32.645828,35.571938
32.676132,35.609764
32.680275,35.615829
32.686096,35.627762
32.687218,35.631935
32.685272,35.648888
32.707222,35.681107
32.708328,35.682777
32.71611,35.698051
32.748886,35.763321
32.744164,35.79361
32.721664,35.928886
32.718887,35.933609
32.66333,36.003326
32.613609,36.025833
32.543327,36.079994
32.527771,36.125832
32.518227,36.165604
32.533333,36.197495
32.459717,36.314438
32.433052,36.346664
32.381943,36.400276
32.375832,36.486938
32.375549,36.488609
32.363052,36.516106
32.349159,36.643051
32.336662,36.724159
32.313606,36.837776
32.34166,36.866386
32.50029,37.153275
32.687218,37.493889
32.688881,37.495667
32.68972,37.498604
32.758331,37.624992
32.937492,37.958885
33.128738,38.318924
33.241104,38.533562
33.327499,38.697495
33.377594,38.794701
32.501511,39.08601
32.477661,38.986019
32.30405,39.043652
32.355541,39.259998
32.236382,39.301109
32.154942,39.196743
32.057777,39.07222
32.005554,39.004997
31.879166,38.488327
31.754051,37.986664
31.748333,37.963882
31.684666,37.709496
31.624996,37.471939
31.55616,37.202202
31.505554,37.005272
31.217224,37.294991
31.023052,37.489998
30.951088,37.561089
30.504166,38.001389
30.336388,37.667496
30.00222,37.502777
29.98558,37.410095
29.918053,37.034439
29.864719,36.743607
29.502777,36.500549
29.336529,36.272728
29.188889,36.07
29.272499,35.541107
29.326942,35.187218
29.360832,34.961388
---
