-2.13999999999999,41.097496
-2.13999999999999,41.090828
-2.13333399999999,41.0605550000001
-2.14888899999994,41.0161060000001
-2.17833399999995,41.0002749999999
-2.203056,40.9974980000001
-2.20249999999999,40.9913860000001
-2.20027800000003,40.9872210000001
-2.17833399999995,40.952217
-2.17361099999999,40.950272
-2.16666700000002,40.9494400000001
-2.10916699999996,40.9727710000001
-2.09083399999997,40.988609
-2.08805599999999,40.9927750000001
-2.04416700000002,41.0638890000001
-2.04138899999992,41.0749970000001
-2.03750000000002,41.0913850000001
-2.03750000000002,41.0983280000001
-2.03888899999993,41.1024930000001
-2.05250000000001,41.1291660000001
-2.07444500000003,41.15583
-2.080556,41.162773
-2.084723,41.1655500000001
-2.09499999999997,41.1688840000001
-2.10111099999995,41.169441
-2.10583399999996,41.167496
-2.11194499999993,41.1599959999999
-2.12444399999993,41.1380540000001
---
4.52111100000013,35.9511110000001
4.44708000000003,36.0452960000001
4.44799900000004,36.2111660000001
4.439166,36.27166
4.44166699999994,36.4336090000001
4.44666600000005,36.647499
4.4336110000001,36.6663820000001
4.43384000000003,36.7121509999999
4.43472199999997,36.887772
4.37555500000013,37.0397189999999
4.33416699999992,37.095833
4.32916600000004,37.102493
4.28638799999999,37.130272
4.19444400000009,37.2805480000001
3.72861100000011,37.998055
3.69805500000001,38.0336070000001
3.65194400000001,38.056107
3.61166600000001,38.121109
3.60888899999998,38.3238830000001
3.59944400000006,38.4480510000001
3.62694400000009,38.5169370000001
3.60166600000008,38.621941
3.56722200000013,38.729439
3.54333300000013,38.8099980000001
3.51388900000001,38.913605
3.51861100000008,38.9563830000001
3.52888899999994,39.0461040000001
3.53444400000006,39.084717
3.5108330000001,39.1299969999999
3.478611,39.196938
3.47138899999999,39.248886
3.47527700000001,39.294998
3.47649900000005,39.2961350000001
3.50000000000011,39.3180540000001
3.501667,39.3241650000001
3.501667,39.3288880000001
3.50000000000011,39.335274
3.49861099999993,39.338608
3.49361099999993,39.341942
3.46916599999992,39.3313830000001
3.46000000000004,39.4224930000001
3.46249999999992,39.450829
3.45527700000002,39.4980550000001
3.44500000000005,39.5011060000001
3.42722199999992,39.4991610000001
3.41805600000004,39.504997
3.41222199999999,39.513611
3.40638899999999,39.524437
3.40666599999997,39.5602720000001
3.50083300000011,39.594994
3.67833299999995,39.7827760000001
3.86944399999999,39.866661
3.92858400000006,39.9999999999999
4.02249899999998,40.1824950000001
4.09888799999999,40.388611
4.12305500000008,40.3988880000001
4.228611,40.672218
4.28797500000002,40.7837680000001
4.23472200000009,40.8536070000001
4.21666600000003,40.876938
4.10861100000011,41.0094379999999
4.06833299999994,41.043884
4.05499900000001,41.051666
4.04999900000001,41.0533290000001
4.03749900000014,41.059715
4.02499999999998,41.067497
3.99638800000014,41.0936050000001
3.98277800000005,41.1074980000001
3.96916600000003,41.121941
3.96277800000013,41.1291660000001
3.95416600000004,41.141106
3.94583299999999,41.1605530000001
3.94250000000005,41.1713870000001
3.94055500000007,41.190552
3.94111100000009,41.273888
3.94916600000005,41.465828
3.94944400000014,41.472221
3.95194400000003,41.4763870000001
3.96194400000002,41.486938
3.96444400000013,41.4911040000001
3.96611100000001,41.4961089999999
3.97555499999999,41.5322190000001
3.97666600000008,41.537498
3.98916600000013,41.611382
4.00055500000013,41.722771
3.99972200000013,41.7288820000001
3.98527799999994,41.777496
3.97861100000006,41.784721
3.96250000000003,41.7958300000001
3.95861100000013,41.8058320000001
3.94944400000014,41.831383
3.94777800000014,41.836937
3.94750000000005,41.8436050000001
3.94916600000005,41.84861
3.96611100000001,41.8855510000001
3.97361100000006,41.8983310000001
3.98032200000006,41.9051670000001
3.96425700000009,41.896439
3.82472200000001,41.7977749999999
3.16750000000008,41.3369370000001
3.11833300000001,41.286385
2.84111099999996,40.996109
2.82995599999998,40.9865950000001
2.71666599999998,40.988609
2.30929900000012,40.988609
1.31395900000007,40.988609
0,40.988609
-0.866110999999989,40.9983290000001
-1.06805599999996,41.1538850000001
-1.36472199999992,41.381386
-1.59222199999999,41.5552750000001
-1.674868,41.558159
-1.68249999999995,41.5449980000001
-1.69638900000001,41.5313869999999
-1.75277799999998,41.478333
-1.78361100000001,41.454994
-1.80749999999995,41.4377750000001
-1.828056,41.4341660000001
-1.85250000000002,41.4144440000001
-1.95805599999994,41.3152770000001
-1.97027800000001,41.280273
-1.97277800000001,41.2008290000001
-1.981945,41.105553
-2.03416700000002,40.9916610000001
-2.01916699999998,40.8916630000001
-2.12277799999993,40.9105530000001
-2.21249999999998,40.9450000000001
-2.22777799999994,40.96666
-2.23388899999992,40.974159
-2.2525,40.983055
-2.26194500000003,40.98111
-2.29888899999997,40.9636080000001
-2.30638900000002,40.957497
-2.313334,40.9491650000001
-2.32055600000001,40.929443
-2.32055600000001,40.9183270000001
-2.31638900000002,40.9094390000001
-2.3075,40.9074940000001
-2.30083399999995,40.9144439999999
-2.29583399999996,40.923882
-2.28083399999997,40.927498
-2.22583300000002,40.8947220000001
-2.22583300000002,40.885277
-2.23611099999999,40.8549960000001
-2.248333,40.839165
-2.29388899999998,40.787498
-2.30694499999993,40.784164
-2.32527799999997,40.783333
-2.33555599999994,40.7852710000001
-2.35555599999998,40.806389
-2.35916700000001,40.815277
-2.36611099999999,40.82222
-2.37777799999992,40.825554
-2.38861100000003,40.8227770000001
-2.39666699999998,40.817215
-2.40416699999997,40.810272
-2.55000000000001,40.638054
-2.55472199999997,40.629166
-2.55666699999995,40.6166610000001
-2.55388899999997,40.5919420000001
-2.54694499999999,40.5722200000001
-2.53638899999993,40.5552750000001
-2.52749999999998,40.5380549999999
-2.52527799999996,40.5277710000001
-2.53527800000001,40.485832
-2.55416700000001,40.4219439999999
-2.56888899999996,40.3822170000001
-2.59388899999999,40.338608
-2.60972299999992,40.3119429999999
-2.63,40.2780530000001
-2.66333300000002,40.2366640000001
-2.67888900000003,40.225555
-2.74305599999997,40.1894380000001
-2.773889,40.172775
-2.78611099999995,40.1699980000001
-2.89361099999996,40.1644440000001
-2.92305599999992,40.1655499999999
-2.94249999999994,40.1669390000001
-2.98305599999998,40.177498
-3.08083299999998,40.1577760000001
-3.18138900000002,40.1191640000001
-3.19305600000001,40.1186070000001
-3.20527799999996,40.120552
-3.21638899999994,40.12944
-3.226111,40.134163
-3.25833399999993,40.1283260000001
-3.26861100000002,40.1247180000001
-3.27749999999998,40.120552
-3.28555599999999,40.1149980000001
-3.29861099999994,40.100555
-3.31527799999998,40.0627750000001
-3.34055599999999,40.025276
-3.375834,39.974159
-3.46694500000001,39.9349980000001
-3.62,39.871384
-3.64194500000002,39.8705520000001
-3.67416699999995,39.872215
-3.69555600000001,39.8674930000001
-3.79888899999992,39.8363880000001
-3.81888899999996,39.8291630000001
-3.87555600000002,39.8055500000001
-3.92138899999998,39.7838819999999
-3.93027799999999,39.7794420000001
-4.01694500000002,39.721107
-4.04972299999997,39.6988830000001
-4.05666699999995,39.6919400000001
-4.05388900000003,39.6827770000001
-4.09222299999993,39.671661
-4.417778,39.5255510000001
-4.63055600000001,39.4066619999999
-4.63722200000001,39.398331
-4.63999999999999,39.3258289999999
-4.606945,39.309715
-4.59722199999993,39.300827
-4.61194499999999,39.2558290000001
-4.66961799999996,39.2030260000001
-4.63944500000002,39.1616590000001
-4.54999999999995,39.037773
-4.32249999999993,38.721107
-4.253334,38.624443
-4.15500099999997,38.4866640000001
-4.10583400000002,38.417496
-3.70055599999995,37.851387
-3.65111100000001,37.783051
-3.64972299999999,37.781662
-3.61777799999999,37.765831
-3.61277799999999,37.7638850000001
-3.57861099999997,37.7563860000001
-3.55611099999993,37.7513890000001
-3.545278,37.748604
-3.53138899999993,37.7411040000001
-3.52611100000001,37.7336040000001
-3.51249999999999,37.686386
-3.51111099999997,37.6444400000001
-3.51249999999999,37.626106
-3.51027799999997,37.6213839999999
-3.504167,37.6136090000001
-3.45027800000003,37.5999980000001
-3.43083300000001,37.5994420000001
-3.418612,37.60083
-3.40555599999993,37.6074980000001
-3.39749999999998,37.6130519999999
-3.316667,37.690552
-3.31194399999998,37.719994
-3.26749999999993,37.7124940000001
-3.186667,37.698051
-3.05138899999997,37.6752779999999
-2.995833,37.6027760000001
-2.94916699999993,37.522499
-2.94111199999998,37.5080490000001
-2.935,37.494438
-2.90694499999995,37.425278
-2.82555599999995,37.27861
-2.79445299999998,37.22258
-2.77888899999999,37.1958310000001
-2.49694499999993,36.685272
-2.29833399999995,36.325554
-2.19999999999999,36.1533280000001
-2.133083,36.0332790000001
-2.04833400000001,35.880829
-1.935833,35.678329
-1.707222,35.2688830000001
-1.398889,34.7172160000001
-1.27777800000001,34.500275
-1.22722199999998,34.409721
-1.03916699999996,34.0755540000001
-1.00138899999996,34.0205540000001
-1.00083399999994,34.0169370000001
-1.00111099999998,33.9483260000001
-1.00194499999998,33.9211040000001
-1.00111099999998,33.9202730000001
-0.953056000000004,33.9233320000001
-0.452777999999967,33.91861
-0.278610999999955,33.9499969999999
-0.264999999999986,33.9533310000001
-0.134166999999934,33.9761050000001
-0.100833000000023,33.966385
-0.0481399999999894,33.950485
0,33.9368360000001
0.048610999999994,33.92305
0.0824999999999818,33.912498
0.103055999999924,33.9072190000001
0.205077000000131,33.9818119999999
0.301667000000009,34.0536040000001
0.387778000000083,34.1063839999999
0.604444000000115,34.159164
0.60861100000011,34.161659
0.616389000000083,34.1744380000001
0.631110999999976,34.208328
0.634722000000124,34.2186050000001
0.639444000000026,34.248604
0.641111000000137,34.260826
0.643889000000115,34.264717
0.650833000000034,34.2722170000001
0.658056000000101,34.2788850000001
0.82194400000003,34.410828
0.871943999999928,34.4422150000001
0.951944000000083,34.477219
0.966388999999992,34.483055
0.97750000000002,34.4852750000001
0.990556000000083,34.4858320000001
0.996110999999985,34.4841610000001
1.00833299999999,34.4824980000001
1.01500000000004,34.4824980000001
1.02722199999999,34.48333
1.03833300000008,34.4858320000001
1.04805499999998,34.489716
1.07638900000006,34.5019380000001
1.08527799999996,34.50666
1.09777800000001,34.5144420000001
1.11389500000007,34.5255510000001
1.09267700000004,34.575546
1.1450000000001,34.592499
1.15305500000011,34.5977710000001
1.15888899999999,34.605827
1.20583299999998,34.6852720000001
1.20805499999994,34.689995
1.21277800000013,34.7061080000001
1.21416699999992,34.7397160000001
1.21694400000001,34.7647170000001
1.22194400000001,34.801666
1.22555499999999,34.8116610000001
1.23138900000009,34.819717
1.23555499999998,34.822495
1.25138900000002,34.8274990000001
1.26305500000001,34.8291629999999
1.27527800000007,34.830276
1.28888900000004,34.82972
1.30111099999999,34.8280490000001
1.31194399999998,34.825272
1.31944400000003,34.8188860000001
1.3325000000001,34.8047180000001
1.33750000000009,34.8027730000001
1.39361100000008,34.7922210000001
1.39855100000005,34.795685
1.41888900000009,34.8436050000001
1.42388900000009,34.852219
1.43222200000014,34.8574980000001
1.43722200000013,34.8594440000001
1.45361100000008,34.863052
1.46527799999996,34.864716
1.50361099999998,34.8733290000001
1.50861099999997,34.875275
1.52638900000011,34.883049
1.53527800000001,34.887497
1.54777800000005,34.8955539999999
1.55833300000012,34.9052730000001
1.56277800000004,34.9147190000001
1.56305600000007,34.921661
1.56611100000009,34.9394380000001
1.57166599999999,34.9474950000001
1.57888900000006,34.953888
1.5955560000001,34.9644390000001
1.66861100000011,34.999443
1.67194400000005,35.0000000000001
1.89527800000002,35.0097200000001
2.08500000000004,34.9944380000001
2.22388899999999,34.94194
2.27777800000013,34.9191670000001
2.35722199999992,34.887772
2.378333,34.8811040000001
2.38972200000012,34.8788829999999
2.40277800000001,34.8791660000001
2.40805499999999,34.880554
2.41305499999999,34.8822169999999
2.52111100000002,34.909439
2.59166599999992,34.847771
2.60388899999998,34.8391650000001
2.67611099999999,34.794998
2.68472199999997,34.789993
2.69083300000005,34.789162
2.710556,34.789444
2.78111100000012,34.7836070000001
2.79805499999998,34.779716
2.84527700000007,34.7594379999999
2.85333300000013,34.7536089999999
2.85583300000002,34.749718
2.87805499999996,34.7122190000001
2.86583300000001,34.688889
2.86305500000003,34.684715
2.86083300000001,34.6799930000001
2.859444,34.673882
2.85972200000009,34.66777
2.86111100000011,34.662216
2.86361099999999,34.658051
2.93138900000002,34.596664
2.93944399999998,34.5908280000001
2.94472200000007,34.5894390000001
3.00722200000001,34.582497
3.07749999999993,34.5738830000001
3.08833300000009,34.570831
3.10250000000008,34.5641630000001
3.11111100000005,34.5591660000001
3.1225,34.5502779999999
3.13249999999999,34.5397190000001
3.14472199999994,34.511383
3.14583300000004,34.506104
3.24555500000008,34.4538880000001
3.38222200000001,34.40416
3.3883330000001,34.403328
3.47722199999998,34.4002760000001
3.48250000000007,34.401665
3.48666599999996,34.40416
3.49027800000005,34.407494
3.49611100000004,34.429161
3.50111100000004,34.437775
3.50694400000003,34.4458310000001
3.51027800000003,34.4491650000001
3.51444400000008,34.4516599999999
3.52416700000003,34.455551
3.53555499999993,34.4574970000001
3.61444400000005,34.4649960000001
3.64638899999994,34.4661100000001
3.666111,34.4649960000001
3.67138900000009,34.463333
3.67472199999997,34.459999
3.73166700000002,34.3816600000001
3.73805500000009,34.3611070000001
3.77916600000009,34.222221
3.84000000000003,34.184715
3.94361099999998,34.128609
3.95999999999992,34.1280520000001
4.09722100000005,34.0880510000001
4.17361099999999,34.063049
4.18555500000002,34.0547180000001
4.19555500000001,34.044167
4.20416599999999,34.032494
4.21194399999996,34.019997
4.22277700000012,33.9966660000001
4.32055500000007,34.096107
4.59666600000003,34.3741610000001
4.60968200000002,34.3881910000001
4.61055499999992,34.407776
4.61111100000011,34.4822160000001
4.61222200000003,34.7130510000001
4.61249900000001,34.7738880000001
4.61222200000003,34.8213880000001
4.61277799999999,34.9502719999999
4.61388900000009,35.146942
4.61673500000001,35.5088810000001
4.61666600000001,35.5469440000001
4.6169440000001,35.5808260000001
4.61774300000013,35.6084520000001
4.61722200000003,35.641937
4.61749900000001,35.6758270000001
4.61805500000003,35.6961060000001
4.61918300000008,35.699234
4.6177770000001,35.7097170000001
4.61972100000003,35.8997190000001
4.622499,35.940552
---
