42.175232,80.246094
42.091896,80.281097
42.079681,80.283325
42.069122,80.280823
42.059677,80.276382
42.048843,80.262497
42.042458,80.251389
42.036621,80.238876
42.032455,80.223038
42.029121,80.204712
42.026619,80.179703
42.025787,80.139709
42.034683,80.062195
42.036346,80.025269
42.034126,79.977203
42.024956,79.923599
42.019951,79.896378
42.01635,79.879425
42.010513,79.866928
41.995789,79.848877
41.988289,79.839981
41.975784,79.829712
41.971062,79.827484
41.961067,79.823883
41.955513,79.823883
41.929398,79.818329
41.924675,79.816086
41.915787,79.810257
41.902733,79.801376
41.896622,79.795532
41.893013,79.791092
41.887177,79.778595
41.883293,79.761658
41.881622,79.74498
41.881897,79.722214
41.884399,79.701096
41.885231,79.686371
41.884399,79.66304
41.882172,79.654984
41.831345,79.526657
41.792175,79.34082
41.71994,79.147217
41.682449,79.059418
41.641617,78.958603
41.564949,78.767212
41.561333,78.74942
41.554115,78.726929
41.543007,78.695526
41.531891,78.670822
41.463837,78.531097
41.396057,78.401093
41.389671,78.389984
41.37883,78.375534
41.366341,78.36554
41.355782,78.363602
41.350227,78.363602
41.32412,78.373596
41.312447,78.3797
41.299118,78.38443
41.288559,78.382202
41.283836,78.379974
41.275505,78.373596
41.272171,78.368042
41.26786,78.357697
41.258286,78.334717
41.248833,78.318054
41.245499,78.312485
41.238556,78.302475
41.231613,78.292755
41.227722,78.288315
41.197998,78.265274
41.175507,78.252213
41.165131,78.246231
41.147728,78.238312
41.14328,78.234985
41.116058,78.206375
41.101341,78.188873
41.07412,78.146942
41.064392,78.130539
41.040787,78.080826
41.039948,78.064987
41.041618,78.058594
41.043839,78.05304
41.050499,78.04332
41.055504,78.031937
41.057167,78.025543
41.060226,77.997757
41.070503,77.870529
41.069397,77.854706
41.068283,77.846649
41.063835,77.8311
41.061058,77.824432
41.040787,77.780273
41.001892,77.684708
40.98661,77.543594
40.986061,77.505829
40.991058,77.486923
40.995781,77.475815
40.999115,77.470825
41.001617,77.465271
41.012726,77.436371
41.024666,77.385544
41.025505,77.378586
41.028,77.3461
41.028,77.338593
41.025215,77.321381
41.007721,77.283051
41.004944,77.265823
41.015221,77.144989
41.016052,77.138046
41.017441,77.131927
41.027161,77.109146
41.043556,77.084152
41.046051,77.078598
41.04744,77.07222
41.04911,77.058319
41.050217,77.029434
41.049942,77.021652
41.047997,77.005264
41.027435,76.921371
41.021049,76.897217
41.014107,76.873871
41.011055,76.867477
40.956886,76.796936
40.949104,76.788315
40.940773,76.781937
40.744942,76.649719
40.740219,76.647491
40.73494,76.646652
40.711884,76.647491
40.705772,76.649155
40.688545,76.649719
40.622993,76.645264
40.617714,76.64444
40.612717,76.642487
40.608551,76.639435
40.60466,76.634995
40.601608,76.6297
40.595772,76.616379
40.583,76.593597
40.572166,76.579712
40.568275,76.575546
40.556328,76.563873
40.539383,76.551086
40.526329,76.541656
40.513,76.533325
40.503555,76.52832
40.493828,76.524429
40.467712,76.519989
40.462997,76.517761
40.458549,76.514709
40.446327,76.504166
40.442436,76.5
40.431053,76.486923
40.409103,76.458328
40.399109,76.4422
40.35022,76.345825
40.348549,76.338593
40.35022,76.332489
40.354111,76.328049
40.359108,76.324432
40.364944,76.321381
40.384666,76.314987
40.403824,76.223602
40.398277,76.099426
40.395775,76.068054
40.388832,76.045258
40.369934,75.988876
40.363274,75.978043
40.35022,75.968872
40.340775,75.964706
40.319389,75.949142
40.315491,75.944977
40.305496,75.928864
40.301331,75.90387
40.301048,75.896378
40.29689,75.710266
40.29911,75.697205
40.309105,75.689697
40.314941,75.686646
40.334938,75.678864
40.373825,75.665817
40.527718,75.6297
40.534111,75.628311
40.539665,75.628036
40.550217,75.6297
40.566887,75.629974
40.572716,75.6297
40.591324,75.625534
40.597992,75.622757
40.621048,75.609985
40.636055,75.598602
40.639938,75.594437
40.643272,75.589157
40.647995,75.578049
40.646889,75.569717
40.629662,75.530823
40.608833,75.486374
40.531609,75.347763
40.52494,75.336929
40.517998,75.326385
40.482437,75.277481
40.452721,75.238586
40.449379,75.233047
40.446884,75.22554
40.447433,75.073318
40.447716,75.058868
40.456604,75.021103
40.465775,74.991089
40.470215,74.979431
40.477432,74.962494
40.491608,74.936096
40.504387,74.915817
40.513,74.899994
40.517715,74.888596
40.520775,74.876083
40.521324,74.869141
40.519386,74.86026
40.516052,74.85498
40.512161,74.850815
40.503975,74.845016
40.463554,74.83194
40.407982,74.826096
40.396599,74.840271
40.388542,74.849991
40.365211,74.877197
40.357155,74.886108
40.352158,74.889984
40.346321,74.893326
40.340767,74.8936
40.335762,74.891663
40.327713,74.88443
40.324654,74.877762
40.323547,74.869705
40.323822,74.855545
40.326042,74.842209
40.328819,74.829712
40.335205,74.812195
40.344933,74.760544
40.344376,74.745529
40.34243,74.736923
40.339653,74.730545
40.336594,74.724152
40.267151,74.608032
40.26049,74.597488
40.252991,74.588043
40.222984,74.5522
40.188263,74.514709
40.139374,74.4422
40.125763,74.420822
40.119377,74.409149
40.107712,74.383606
40.099655,74.362198
40.096039,74.346375
40.092705,74.32222
40.091873,74.299713
40.09243,74.292755
40.09465,74.287201
40.107986,74.266663
40.112709,74.255554
40.116325,74.243317
40.117432,74.229706
40.117149,74.222214
40.113823,74.198029
40.109657,74.180542
40.070213,74.031372
40.067711,74.02388
40.061317,74.012207
40.046043,73.994431
40.037987,73.987488
39.825768,73.850266
39.81076,73.845825
39.805489,73.844986
39.778816,73.842758
39.762436,73.84166
39.755768,73.844437
39.748543,73.853867
39.741875,73.870819
39.7341,73.902481
39.725204,73.910812
39.719376,73.913879
39.692703,73.924698
39.603821,73.954712
39.59771,73.9561
39.593262,73.953323
39.489098,73.867752
39.481316,73.859711
39.47493,73.848038
39.472702,73.83194
39.467987,73.785812
39.454826,73.655685
39.460762,73.65416
39.473259,73.531937
39.473259,73.517487
39.469925,73.491364
39.441872,73.369705
39.436874,73.366379
39.430763,73.365265
39.412987,73.363037
39.40715,73.363037
39.401321,73.36026
39.394653,73.343872
39.358269,73.185532
39.355766,73.173309
39.353264,73.15387
39.361603,72.866379
39.362434,72.858322
39.370483,72.809143
39.372154,72.800812
39.377983,72.777481
39.397713,72.688873
39.401871,72.664154
39.400764,72.650543
39.396599,72.639435
39.384933,72.626923
39.367989,72.604156
39.363823,72.593048
39.349655,72.484421
39.352715,72.453323
39.358543,72.429977
39.359375,72.422211
39.358543,72.415817
39.340485,72.353317
39.336319,72.342209
39.319382,72.32666
39.314369,72.323318
39.296036,72.316086
39.277145,72.312195
39.257149,72.306366
39.197693,72.265549
39.194359,72.261108
39.191856,72.255829
39.191856,72.248596
39.194916,72.243317
39.274635,72.139709
39.341309,72.101654
39.355202,72.094986
39.36409,72.089706
39.37159,72.082214
39.374641,72.07666
39.375481,72.06192
39.35186,71.979156
39.344078,71.963608
39.326859,71.933868
39.306564,71.899429
39.291016,71.868317
39.286568,71.857208
39.284904,71.851379
39.274612,71.787201
39.275452,71.779434
39.277946,71.773041
39.281006,71.767761
39.288231,71.759155
39.308784,71.742752
39.327118,71.733871
39.337395,71.731369
39.343506,71.732208
39.354622,71.738037
39.367119,71.74971
39.385742,71.771103
39.391022,71.774429
39.403236,71.776093
39.414627,71.775818
39.419632,71.774704
39.448799,71.764435
39.458252,71.759995
39.462135,71.756653
39.465195,71.751389
39.466026,71.736374
39.464073,71.723312
39.458801,71.705826
39.453239,71.681091
39.450188,71.654434
39.448509,71.60498
39.449905,71.589157
39.454346,71.563873
39.461014,71.54248
39.464066,71.537201
39.471565,71.529434
39.48407,71.519714
39.493233,71.515274
39.498787,71.514999
39.504906,71.515823
39.510735,71.518326
39.521019,71.524704
39.537964,71.540268
39.545464,71.548599
39.550461,71.551926
39.556572,71.554428
39.562134,71.554428
39.567139,71.55304
39.576027,71.547485
39.583527,71.539978
39.604362,71.514709
39.615196,71.492752
39.620193,71.479706
39.6213,71.473038
39.6063,71.406372
39.569626,71.326385
39.533218,71.196091
39.514877,71.108032
39.510429,71.097214
39.496529,71.079163
39.488197,71.071381
39.477074,71.065811
39.453468,71.055817
39.425407,71.043594
39.420403,71.040268
39.411781,71.032761
39.408447,71.02832
39.403168,71.010818
39.40094,70.997757
39.40094,70.99054
39.410934,70.848602
39.425377,70.7211
39.489265,70.694702
39.50705,70.672668
39.518158,70.671646
39.543999,70.664993
39.548447,70.662766
39.561218,70.652771
39.577065,70.638321
39.580673,70.633881
39.584282,70.620819
39.607056,70.507492
39.60817,70.491928
39.605103,70.472214
39.582039,70.356094
39.551506,70.301926
39.577385,70.237488
39.584366,70.181366
39.554436,69.966095
39.536942,69.85054
39.537498,69.842758
39.542221,69.829987
39.548332,69.818878
39.56221,69.801086
39.568604,69.791092
39.576385,69.772766
39.58194,69.750275
39.587769,69.708038
39.58638,69.672211
39.582214,69.609146
39.57888,69.589706
39.576942,69.583878
39.573326,69.579437
39.564713,69.57193
39.554161,69.558868
39.546104,69.543594
39.540276,69.526093
39.536942,69.506653
39.516937,69.340546
39.518051,69.33194
39.523323,69.319992
39.530273,69.311096
39.539436,69.306091
39.55471,69.301926
39.566101,69.301086
39.593048,69.307755
39.605553,69.311646
39.630272,69.314148
39.659714,69.314148
39.681664,69.311371
39.691933,69.308594
39.700546,69.302765
39.708046,69.294708
39.7286,69.267761
39.736382,69.258881
39.740273,69.255554
39.749435,69.250549
39.75444,69.249146
39.760277,69.248871
39.766388,69.24942
39.798607,69.257217
39.838326,69.267761
39.887215,69.284988
39.991104,69.328049
39.994713,69.332489
39.996384,69.338318
39.994156,69.344986
39.991104,69.35054
39.951935,69.398041
39.939987,69.408325
39.935265,69.410812
39.924713,69.412766
39.909431,69.416931
39.904709,69.419434
39.901932,69.424988
39.90416,69.438034
39.92083,69.498322
39.928329,69.521652
39.931938,69.526093
39.93721,69.52916
39.943321,69.529709
39.950272,69.520828
39.956657,69.510818
39.968597,69.500275
40.030548,69.484421
40.03611,69.483871
40.054161,69.489151
40.065269,69.494705
40.080551,69.503876
40.127213,69.536926
40.131378,69.540817
40.129715,69.548325
40.113052,69.561371
40.109436,69.565811
40.107216,69.57222
40.107498,69.579437
40.111938,69.60582
40.118881,69.636932
40.132767,69.692474
40.170273,69.817764
40.218407,70
40.218872,70.007767
40.218315,70.015823
40.216377,70.024155
40.207764,70.052475
40.135193,70.279709
40.129913,70.291656
40.123795,70.302765
40.120186,70.307205
40.116302,70.310532
40.102409,70.317764
40.093796,70.323608
40.087685,70.335541
40.082962,70.348602
40.081291,70.354431
40.070183,70.426651
40.057686,70.508606
40.05574,70.516098
40.046021,70.542206
40.035469,70.555542
40.031296,70.558868
40.026299,70.560257
40.019356,70.558319
40.009346,70.5522
39.996567,70.540817
39.99379,70.535538
39.988235,70.517761
39.987122,70.511383
39.984627,70.506104
39.973503,70.492477
39.964897,70.484711
39.936272,70.467209
39.929611,70.465546
39.924889,70.468048
39.920998,70.471375
39.910439,70.484711
39.907387,70.489975
39.90683,70.498032
39.907936,70.50444
39.958237,70.603043
39.970451,70.622482
39.980736,70.635818
39.989349,70.6436
40.004631,70.653046
40.010468,70.655548
40.036865,70.661652
40.047699,70.660263
40.057968,70.657486
40.091591,70.656097
40.098534,70.657761
40.103539,70.661102
40.109093,70.678589
40.171318,70.886108
40.168831,70.918045
40.169106,70.925262
40.172997,70.951385
40.176605,70.963318
40.181053,70.974426
40.186325,70.984985
40.189934,70.989426
40.202438,70.993866
40.215218,70.996368
40.227158,70.996933
40.232155,70.995819
40.239937,70.990814
40.244843,70.98204
40.262444,70.99054
40.267715,70.993866
40.270218,70.999146
40.277435,71.064148
40.277718,71.071655
40.277992,71.094147
40.277435,71.13916
40.287163,71.246643
40.309937,71.299149
40.30188,71.389984
40.275215,71.464432
40.272163,71.469711
40.267998,71.473038
40.259666,71.477203
40.244934,71.48027
40.240486,71.482483
40.23632,71.485809
40.232704,71.490265
40.223816,71.505554
40.215485,71.524155
40.147156,71.701935
40.145767,71.710541
40.149376,71.722214
40.171875,71.777481
40.17688,71.78804
40.183815,71.797211
40.191315,71.805817
40.199936,71.813873
40.250488,71.903595
40.266327,72.043869
40.334373,72.012772
40.430771,72.11026
40.433823,72.113876
40.46022,72.173599
40.463829,72.185532
40.464943,72.20694
40.464546,72.227051
40.465492,72.258041
40.462433,72.282486
40.458824,72.286652
40.452713,72.285812
40.44854,72.281662
40.445763,72.276382
40.431877,72.287766
40.40937,72.345261
40.392708,72.393875
40.386879,72.41748
40.388824,72.423599
40.404648,72.432755
40.433815,72.446365
40.452988,72.453049
40.464378,72.453049
40.477707,72.445251
40.486046,72.438583
40.489655,72.434418
40.498825,72.418045
40.507164,72.399719
40.521049,72.381088
40.531326,72.37886
40.592995,72.369431
40.598549,72.369431
40.60466,72.370255
40.614929,72.385468
40.616882,72.396103
40.617157,72.40332
40.61586,72.409515
40.527435,72.579712
40.521317,72.590546
40.518539,72.597214
40.513268,72.621918
40.51355,72.636383
40.516876,72.648605
40.521873,72.659149
40.528542,72.668594
40.532707,72.672485
40.537994,72.675812
40.543274,72.677475
40.584938,72.710541
40.671326,72.799713
40.67466,72.804428
40.677162,72.809708
40.688828,72.851929
40.693268,72.878036
40.712715,72.943588
40.771324,73.0961
40.778824,73.112198
40.799667,73.147217
40.817162,73.170258
40.822998,73.173035
40.832161,73.168869
40.844101,73.158035
40.84716,73.152481
40.868271,73.049149
40.867714,72.899429
40.869102,72.72554
40.870491,72.702209
40.879105,72.659988
40.885216,72.631653
40.889381,72.623596
40.89772,72.617203
40.906883,72.612762
40.92244,72.609146
40.926888,72.606934
40.931053,72.603592
40.953827,72.579712
41.015221,72.506104
41.018272,72.500549
41.040222,72.395264
41.032158,72.319153
41.006592,72.19548
41.0355,72.211105
41.041328,72.213608
41.047997,72.21582
41.054108,72.21666
41.059937,72.21666
41.183273,72.188034
41.192436,72.183594
41.196045,72.179153
41.199112,72.173599
41.201614,72.166931
41.204948,72.149429
41.204666,72.142212
41.201889,72.121918
41.196892,72.111099
41.193558,72.106369
41.186607,71.922211
41.187447,71.914154
41.189384,71.906372
41.194389,71.893326
41.197998,71.888885
41.203278,71.887772
41.243004,71.889435
41.249115,71.890274
41.268555,71.895264
41.281059,71.897217
41.302444,71.89444
41.328835,71.889435
41.333282,71.887207
41.353836,71.870255
41.362167,71.863312
41.553276,71.69693
41.556335,71.69136
41.557724,71.68248
41.557167,71.652771
41.556335,71.646103
41.553001,71.641373
41.507454,71.620529
41.500786,71.618317
41.490501,71.620819
41.477997,71.631088
41.471054,71.640274
41.468002,71.645828
41.460777,71.654709
41.451614,71.659424
41.440781,71.660812
41.428833,71.659988
41.422722,71.659149
41.403275,71.65416
41.391335,71.64888
41.33606,71.619705
41.331062,71.616379
41.319115,71.603592
41.312447,71.593323
41.303001,71.578598
41.300499,71.573318
41.299393,71.559143
41.300781,71.550262
41.30217,71.54332
41.307167,71.529984
41.317169,71.503601
41.319115,71.500549
41.346336,71.46138
41.352448,71.450272
41.353836,71.44165
41.348831,71.438034
41.335503,71.434418
41.329674,71.434418
41.257454,71.439148
41.230225,71.4422
41.195778,71.4422
41.149117,71.440811
41.137169,71.439972
41.124664,71.435532
41.120224,71.431366
41.118553,71.418045
41.119942,71.409424
41.125504,71.397217
41.191887,71.257492
41.194946,71.251938
41.196335,71.243317
41.195221,71.229156
41.192444,71.216385
41.189941,71.211105
41.182167,71.202484
41.161057,71.156937
41.20356,70.988312
41.250504,70.813309
41.321342,70.790817
41.340508,70.794434
41.352455,70.794144
41.35746,70.792755
41.380508,70.780823
41.393845,70.772491
41.402451,70.766663
41.463287,70.719986
41.467171,70.71666
41.474258,70.707748
41.476341,70.699707
41.478287,70.682755
41.476341,70.669434
41.474396,70.663315
41.463844,70.641937
41.454399,70.626373
41.447174,70.609711
41.440788,70.592484
41.421898,70.540268
41.416344,70.522217
41.410507,70.496643
41.411064,70.481094
41.41217,70.474152
41.453285,70.440262
41.465233,70.429703
41.473007,70.421646
41.482452,70.405823
41.496902,70.376648
41.501625,70.363312
41.505516,70.347763
41.510788,70.323318
41.514961,70.296936
41.515511,70.288589
41.514679,70.266388
41.515793,70.219711
41.516899,70.210815
41.518845,70.203049
41.524956,70.19165
41.52829,70.187195
41.536346,70.180267
41.547188,70.178314
41.553017,70.17804
41.577469,70.181091
41.587746,70.187485
41.594688,70.19664
41.602753,70.212769
41.61219,70.242752
41.617744,70.261108
41.624962,70.285263
41.633301,70.308594
41.71302,70.469986
41.719955,70.479156
41.727737,70.487762
41.736351,70.495529
41.747185,70.501389
41.754135,70.503326
41.78302,70.514999
41.788017,70.518326
41.796631,70.526093
41.803574,70.535538
41.904961,70.685257
41.910515,70.696091
41.91246,70.709717
41.912735,70.747757
41.911903,70.755829
41.913574,70.785263
41.920799,70.832764
41.922462,70.838882
41.92524,70.844147
41.929405,70.848328
41.934402,70.851379
41.941345,70.853317
41.953575,70.85498
41.969406,70.852203
41.974129,70.849716
41.985237,70.849152
42.016357,70.853317
42.023018,70.855255
42.032181,70.862488
42.036629,70.866653
42.039963,70.871094
42.043579,70.883331
42.046631,70.90387
42.044685,70.920822
42.04052,70.936646
42.038574,70.953598
42.040802,70.974991
42.044411,70.986923
42.141907,71.222488
42.170242,71.25972
42.178848,71.267761
42.18885,71.274429
42.195511,71.276382
42.204132,71.276093
42.204193,71.275055
42.204681,71.267761
42.206627,71.259995
42.214127,71.2397
42.222458,71.223602
42.249687,71.172485
42.271072,71.132751
42.274132,71.127197
42.281075,71.118042
42.284134,71.112198
42.297745,71.080551
42.302742,71.067215
42.30468,71.059143
42.305237,71.051086
42.301628,71.038589
42.296356,71.027771
42.265518,70.98526
42.258575,70.975815
42.254669,70.97081
42.25441,70.962494
42.260521,70.929428
42.264412,70.913879
42.266907,70.906937
42.303024,70.874146
42.307472,70.871918
42.313026,70.873306
42.323303,70.883881
42.353302,70.923309
42.361084,70.932205
42.388306,70.962494
42.393303,70.96582
42.40358,70.963043
42.410797,70.953873
42.415802,70.952484
42.427467,70.954987
42.433304,70.957489
42.573586,71.031097
42.58136,71.039978
42.586632,71.050812
42.590248,71.063309
42.626076,71.169708
42.636917,71.16832
42.681641,71.165268
42.686913,71.166931
42.691353,71.171097
42.694687,71.175812
42.75914,71.275269
42.804138,71.424698
42.793587,71.487762
42.789413,71.510269
42.765251,71.574158
42.763306,71.58194
42.763588,71.597214
42.767189,71.609711
42.779968,71.637207
42.783585,71.641937
42.792198,71.657761
42.815247,71.707489
42.82164,71.72554
42.823586,71.747208
42.826363,71.82193
42.827469,71.898041
42.817474,71.957489
42.809135,71.989151
42.773575,72.171646
42.774963,72.272491
42.773575,72.296936
42.753853,72.353317
42.716629,72.458038
42.685516,72.621368
42.659958,72.740265
42.656067,72.757217
42.6483,72.777206
42.645241,72.783051
42.638016,72.791931
42.61718,72.808868
42.603294,72.815811
42.598015,72.81694
42.593575,72.819153
42.580521,72.828049
42.576912,72.832764
42.570801,72.843872
42.561348,72.864426
42.554131,72.883881
42.548302,72.9086
42.53968,72.952209
42.538849,72.968048
42.550507,73.019989
42.560783,73.148605
42.559952,73.156647
42.514679,73.320831
42.512459,73.328598
42.509399,73.334152
42.505791,73.338593
42.495506,73.34082
42.471336,73.337494
42.453011,73.334152
42.447174,73.334152
42.442177,73.335266
42.432732,73.339706
42.429123,73.344147
42.427734,73.351089
42.404671,73.507217
42.408005,73.519714
42.410507,73.525269
42.413841,73.529984
42.418846,73.5336
42.429398,73.534424
42.434395,73.533325
42.43856,73.529984
42.444801,73.522522
42.453842,73.513321
42.503845,73.473312
42.533295,73.451096
42.551895,73.442474
42.571625,73.435806
42.581902,73.433594
42.592728,73.43248
42.621063,73.43248
42.633842,73.435806
42.70385,73.458603
42.710518,73.460815
42.721069,73.467484
42.746071,73.493042
42.751076,73.496643
42.794128,73.522766
42.799965,73.525818
42.813293,73.530273
42.830246,73.530273
42.841072,73.529434
42.930244,73.539978
43.038574,73.583878
43.041908,73.588882
43.067741,73.650543
43.084961,73.713043
43.104408,73.789703
43.117737,73.901932
43.122734,73.913315
43.129959,73.92276
43.1483,73.938583
43.188011,74.059418
43.204132,74.222214
43.207184,74.234985
43.211349,74.239426
43.216629,74.241089
43.216904,74.293594
43.205521,74.3461
43.195511,74.391663
43.132736,74.56694
43.129684,74.57222
43.121628,74.581375
43.095795,74.608032
43.081078,74.61998
43.044128,74.668594
43.001358,74.735535
42.998299,74.740814
42.993576,74.752777
42.990799,74.773315
42.990517,74.788315
42.993294,74.820541
42.992188,74.834991
42.988571,74.85498
42.984406,74.87442
42.979126,74.893326
42.915504,75.06694
42.868843,75.183868
42.855232,75.243317
42.853287,75.317764
42.835228,75.555252
42.834122,75.569443
42.83107,75.582489
42.82579,75.601379
42.821899,75.613602
42.818565,75.618866
42.816345,75.624695
42.814674,75.631088
42.807457,75.664429
42.806984,75.678284
42.85051,75.747208
42.855232,75.751099
42.876617,75.764999
42.893845,75.774704
42.919121,75.785538
42.935692,75.790604
42.940506,75.802475
42.945229,75.844711
42.946899,75.895538
42.946617,75.910812
42.941895,76.11554
42.936897,76.240265
42.92662,76.316376
42.924957,76.323318
42.92218,76.329987
42.910233,76.377472
42.899399,76.424149
42.90023,76.616928
42.916626,76.724152
42.920792,76.743317
42.946899,76.81192
42.958008,76.826385
42.969948,76.839981
42.979675,76.847763
42.981895,76.853592
42.996346,76.976929
42.995232,76.984985
42.969673,77.1297
42.965508,77.147491
42.958847,77.158035
42.918152,77.208191
42.916344,77.268326
42.920792,77.407211
42.921341,77.535538
42.91523,77.659988
42.91523,77.677765
42.91523,77.714706
42.914673,77.729706
42.897453,77.936371
42.892731,77.952774
42.88607,77.965546
42.872452,77.986649
42.867172,77.999146
42.85746,78.093872
42.857178,78.101654
42.859955,78.114426
42.864403,78.126083
42.868843,78.152481
42.870789,78.180542
42.887466,78.444977
42.887466,78.459427
42.885239,78.512207
42.884132,78.520538
42.879402,78.536926
42.827179,78.670258
42.759682,79.027771
42.760239,79.034988
42.764122,79.054153
42.766068,79.059982
42.785515,79.106934
42.787735,79.112762
42.792732,79.138596
42.797455,79.171921
42.797737,79.178864
42.795792,79.194702
42.792732,79.201096
42.788849,79.204987
42.784683,79.208038
42.779678,79.209717
42.774124,79.209152
42.76107,79.203049
42.755234,79.201385
42.743568,79.198868
42.726616,79.19693
42.716064,79.198029
42.706619,79.201385
42.679123,79.215271
42.658844,79.233047
42.63607,79.25943
42.62912,79.269989
42.619949,79.289154
42.614677,79.304153
42.61496,79.31694
42.613846,79.332214
42.610237,79.349152
42.607735,79.356644
42.596901,79.368042
42.566345,79.388046
42.533295,79.40387
42.518845,79.408875
42.500237,79.416931
42.495789,79.419708
42.487175,79.425262
42.479393,79.433319
42.472176,79.443863
42.465508,79.469711
42.458847,79.510269
42.454956,79.541656
42.453011,79.57193
42.453842,79.585815
42.457733,79.611923
42.466064,79.664429
42.469673,79.683594
42.471893,79.689423
42.473007,79.695816
42.47467,79.709152
42.474121,79.716934
42.441338,79.919434
42.43412,79.952774
42.431343,79.960266
42.303566,80.113602
42.2994,80.117477
42.248566,80.155548
42.22773,80.168869
42.219673,80.176651
42.209122,80.1922
42.20079,80.214432
42.19622,80.234024
---
