14.639999,107.473038
14.595276,107.347488
14.531111,107.253601
14.497219,107.234154
14.438887,107.169144
14.405277,107.121094
14.402498,107.115807
14.303053,106.853592
14.30472,106.846939
14.335831,106.808594
14.346109,106.798317
14.388887,106.765266
14.40942,106.752617
14.434998,106.703323
14.464998,106.629967
14.466942,106.627762
14.509443,106.600807
14.596109,106.543053
14.598724,106.540741
14.598906,106.531693
14.595831,106.522491
14.566942,106.478043
14.56361,106.473038
14.559164,106.469147
14.508055,106.431374
14.485554,106.432213
14.464443,106.416656
14.458054,106.410812
14.456387,106.408333
14.453331,106.399147
14.444721,106.3311
14.452221,106.314148
14.457499,106.307213
14.461943,106.303307
14.481366,106.290283
14.494442,106.256378
14.494442,106.253883
14.49333,106.251099
14.490553,106.24971
14.480276,106.247482
14.469164,106.246643
14.449999,106.247482
14.446386,106.246933
14.414999,106.239967
14.41222,106.238876
14.384722,106.224991
14.380276,106.221367
14.376942,106.216377
14.363609,106.180267
14.363331,106.172211
14.364164,106.168869
14.372219,106.156647
14.37833,106.141937
14.378609,106.138321
14.381386,106.101929
14.381386,106.097763
14.373053,106.004707
14.369719,105.99971
14.36722,105.998032
14.361387,105.996094
14.347219,105.993874
14.336109,105.994713
14.327221,105.997757
14.242775,106.031372
14.237219,106.033867
14.22472,106.041656
14.135277,106.119431
14.085554,106.163597
14.077221,106.171654
14.071665,106.174149
14.06472,106.175537
14.053331,106.175262
14.044722,106.171921
13.945831,106.111099
13.929998,106.056641
13.926664,105.947197
13.932842,105.910278
13.950554,105.888603
14.016943,105.808029
14.026388,105.796944
14.039442,105.789978
14.061943,105.788307
14.078886,105.785263
14.081387,105.7836
14.083054,105.781097
14.110929,105.733261
14.168325,105.559128
14.135832,105.497208
14.134443,105.494713
14.115274,105.439697
14.105276,105.380814
14.106108,105.373306
14.109442,105.364151
14.176109,105.284988
14.178055,105.282761
14.182775,105.27916
14.284443,105.209991
14.290833,105.208328
14.294998,105.208328
14.349648,105.210602
14.34222,105.223038
14.341942,105.226646
14.343054,105.229713
14.369442,105.297493
14.40472,105.370529
14.450554,105.444427
14.503887,105.493317
14.531111,105.515266
14.55722,105.533867
14.563332,105.536102
14.577776,105.537773
14.604164,105.536926
14.611109,105.535812
14.648054,105.52832
14.805832,105.512497
14.809443,105.513046
14.82111,105.517487
14.82583,105.520828
14.858608,105.545258
14.883053,105.566383
14.911665,105.577209
15.000555,105.590553
15.070276,105.524429
15.098886,105.474991
15.103609,105.471649
15.113331,105.469147
15.124998,105.468872
15.174721,105.474701
15.394444,105.531662
15.396111,105.54248
15.405832,105.565811
15.414999,105.5811
15.418888,105.585541
15.433054,105.599991
15.43668,105.600327
15.471109,105.606369
15.576664,105.628036
15.594721,105.63443
15.63361,105.63916
15.645277,105.639427
15.659721,105.637772
15.67861,105.632477
15.713886,105.609154
15.724442,105.600807
15.728054,105.596367
15.748886,105.55748
15.765554,105.510818
15.767498,105.504707
15.766666,105.497208
15.763332,105.488312
15.760277,105.483047
15.757221,105.469437
15.756943,105.449142
15.760555,105.440811
15.770832,105.430267
15.80722,105.401093
15.828054,105.389427
15.918888,105.346367
15.921944,105.345543
15.929998,105.345543
15.933332,105.346367
15.973331,105.371368
15.983332,105.377762
15.989441,105.383881
15.993053,105.388603
15.993887,105.391937
16.000465,105.429749
16.003052,105.429153
16.011944,105.421654
16.013885,105.419708
16.017498,105.414993
16.019444,105.408867
16.038609,105.308594
16.043888,105.276382
16.046387,105.245247
16.049164,105.227203
16.051388,105.213318
16.056385,105.188873
16.092495,105.084427
16.097496,105.076927
16.114998,105.05748
16.128609,105.046654
16.137218,105.043053
16.166386,105.031662
16.181385,105.026382
16.188049,105.024986
16.219715,105.025543
16.233604,105.023041
16.251663,105.012497
16.276943,104.992477
16.287594,104.978851
16.299721,104.961929
16.34222,104.914146
16.350273,104.905823
16.517498,104.752777
16.528332,104.747208
16.534443,104.745529
16.558609,104.742203
16.573887,104.743042
16.636383,104.753052
16.654995,104.758881
16.660553,104.761383
16.683331,104.766937
16.693886,104.7686
16.704994,104.76944
16.721107,104.76915
16.728329,104.768333
16.75333,104.760818
16.910275,104.745529
16.946716,104.742416
16.969162,104.739967
16.977219,104.739967
17.006943,104.740807
17.014442,104.741364
17.031666,104.744141
17.04361,104.748596
17.091106,104.774429
17.133331,104.797493
17.152775,104.802467
17.190273,104.809143
17.242493,104.814423
17.28611,104.813599
17.361385,104.809418
17.381939,104.805542
17.401661,104.796654
17.414719,104.789429
17.50333,104.718323
17.523331,104.699142
17.52972,104.69136
17.537777,104.678589
17.555553,104.646103
17.558331,104.640549
17.561386,104.631363
17.64333,104.467758
17.655273,104.454987
17.703884,104.41748
17.723606,104.40416
17.728607,104.401382
17.73666,104.396942
17.826385,104.335541
17.841106,104.293869
17.849998,104.277771
17.858608,104.270264
17.871384,104.262497
17.887634,104.256996
17.937218,104.239433
17.982494,104.219437
17.988049,104.216927
18.003052,104.207207
18.015003,104.195534
18.104717,104.103317
18.114162,104.100273
18.139717,104.093323
18.153049,104.090553
18.199718,104.07193
18.234718,104.049423
18.24194,104.044434
18.321663,103.985527
18.324997,103.980553
18.329441,103.972488
18.331387,103.966087
18.331387,103.957489
18.328884,103.942467
18.326385,103.936371
18.319996,103.926376
18.311108,103.842484
18.337776,103.75943
18.385273,103.626373
18.389164,103.618042
18.393887,103.606087
18.421661,103.507767
18.434441,103.41748
18.434994,103.397217
18.431107,103.371368
18.421108,103.305252
18.416939,103.296944
18.407219,103.281662
18.397217,103.271103
18.372498,103.246368
18.362774,103.2397
18.353886,103.236366
18.346664,103.236649
18.340832,103.238586
18.338329,103.240257
18.330276,103.248871
18.274998,103.256653
18.165272,103.140823
18.153606,103.127762
18.143887,103.112762
18.123026,103.06942
18.036663,103.071663
18.024956,103.067207
18.01704,103.063133
18.007221,103.056374
17.998329,103.048866
17.99416,103.044983
17.988327,103.038307
17.980549,103.025269
17.978607,103.0186
17.978882,103.014709
17.981937,103.00499
17.995548,102.985527
17.998329,102.97998
18.005833,102.962486
18.007221,102.95166
18.004719,102.94136
17.974716,102.858597
17.962494,102.84137
17.883053,102.730553
17.819996,102.683594
17.882217,102.609154
17.887775,102.611649
17.894718,102.612762
17.918606,102.612762
17.939995,102.609711
17.950272,102.603592
17.95694,102.593872
17.970551,102.549149
17.972771,102.539146
17.973606,102.531662
17.973049,102.514999
17.970551,102.472488
17.979996,102.42804
17.983883,102.419434
18.044998,102.30304
18.050274,102.295258
18.087776,102.257767
18.138329,102.213318
18.188049,102.181091
18.193886,102.178864
18.198605,102.171097
18.203884,102.159714
18.206104,102.15387
18.208328,102.1436
18.20945,102.108223
18.214983,102.089394
18.208328,102.070831
18.197216,102.052757
18.186108,102.042763
18.127495,101.99942
18.03944,101.914146
18.034164,101.907211
18.03083,101.897774
18.029999,101.890266
18.030277,101.882202
18.034443,101.86998
18.044163,101.850807
18.06694,101.79332
18.06694,101.789146
18.063332,101.779984
18.056942,101.774147
18.042221,101.76416
18.034443,101.75972
17.972771,101.741653
17.90583,101.689148
17.89222,101.643883
17.88694,101.628311
17.863609,101.579712
17.85944,101.575821
17.853607,101.573608
17.813835,101.559708
17.802498,101.578049
17.798607,101.582207
17.793888,101.585823
17.790554,101.585823
17.785831,101.582489
17.744438,101.506943
17.742493,101.487488
17.657219,101.35582
17.624718,101.309708
17.531353,101.227173
17.462215,101.164993
17.459995,101.162773
17.459717,101.158867
17.461105,101.152206
17.495827,101.079163
17.498051,101.07666
17.50972,101.068047
17.538052,101.038589
17.544441,101.02832
17.560555,100.991089
17.562496,100.984711
17.565552,100.963043
17.564346,100.941307
17.563885,100.930817
17.56472,100.9272
17.567219,100.921371
17.570831,100.916656
17.575275,100.912773
17.581108,100.910538
17.596386,100.910263
17.602497,100.912201
17.619164,100.924149
17.643608,100.949417
17.65583,100.957489
17.71944,100.987488
17.72916,100.9897
17.73666,100.989151
17.74305,100.987488
17.750145,100.98439
17.761108,100.980553
17.764999,100.980553
17.806107,100.9897
17.890274,101.021103
17.89555,101.02388
17.899719,101.028053
17.906384,101.042213
17.910828,101.054428
17.918327,101.07193
17.924995,101.08194
17.935272,101.092484
17.953606,101.111099
17.960552,101.116379
18.022499,101.143333
18.087219,101.170822
18.175274,101.176651
18.342495,101.160263
18.347496,101.14888
18.371941,101.098877
18.374996,101.093872
18.376942,101.09166
18.387657,101.086693
18.415829,101.060257
18.421383,101.057747
18.428329,101.056374
18.439716,101.056374
18.446384,101.058029
18.451939,101.060532
18.513885,101.100273
18.518055,101.104431
18.521111,101.109993
18.521942,101.113312
18.540554,101.147217
18.557499,101.176651
18.562775,101.183594
18.635273,101.239433
18.639996,101.242752
18.68055,101.267487
18.686939,101.268883
18.690273,101.268051
18.741383,101.236923
18.868885,101.24971
18.889717,101.251938
18.895828,101.253883
18.903885,101.258041
18.971939,101.297493
18.979717,101.302467
18.996384,101.318604
19.0075,101.336647
19.011387,101.34082
19.016388,101.344147
19.038609,101.354431
19.046108,101.354713
19.054165,101.350273
19.092773,101.305817
19.106106,101.289978
19.353886,101.202477
19.364719,101.201103
19.384441,101.201103
19.452774,101.209152
19.459438,101.210541
19.461941,101.211929
19.466106,101.216377
19.468605,101.222214
19.470829,101.236923
19.471382,101.257767
19.473606,101.26416
19.475273,101.266663
19.477219,101.268883
19.517776,101.284988
19.521385,101.285263
19.525276,101.285263
19.558609,101.281662
19.562218,101.281097
19.570831,101.277771
19.57333,101.275818
19.582775,101.264709
19.588608,101.253883
19.593887,101.234154
19.596405,101.219353
19.59333,101.212769
19.590275,101.086113
19.605274,101.063599
19.618607,101.035812
19.619717,101.028587
19.621384,100.960823
19.621384,100.956383
19.619717,100.912201
19.598331,100.883881
19.577496,100.867477
19.559998,100.852203
19.520554,100.813599
19.48555,100.778053
19.48444,100.775269
19.48555,100.772217
19.487495,100.769989
19.504997,100.758614
19.509163,100.754707
19.512497,100.74942
19.533607,100.699997
19.551662,100.651932
19.552219,100.648041
19.551662,100.639977
19.546944,100.623596
19.541943,100.61554
19.534443,100.610527
19.493973,100.584953
19.49305,100.582764
19.49305,100.578323
19.494717,100.57193
19.518887,100.516388
19.526665,100.503601
19.537777,100.4897
19.541943,100.485809
19.54472,100.484421
19.627773,100.445534
19.738556,100.407562
19.743607,100.405823
19.754444,100.40416
19.764442,100.406097
19.779163,100.416382
19.814999,100.446091
19.85944,100.486099
19.868053,100.498322
19.876663,100.506104
19.881939,100.509163
19.887497,100.511383
20.011387,100.549149
20.023888,100.552757
20.083054,100.569717
20.100273,100.57222
20.157768,100.58046
20.162468,100.574829
20.144718,100.526932
20.144161,100.52388
20.144997,100.520538
20.149441,100.512772
20.185272,100.46138
20.190887,100.454353
20.233051,100.421921
20.243328,100.415543
20.304165,100.389427
20.312775,100.385818
20.329998,100.382477
20.344162,100.376083
20.365543,100.359909
20.382217,100.343323
20.388607,100.332764
20.390831,100.32666
20.393051,100.316383
20.393608,100.308594
20.392773,100.287491
20.390831,100.271927
20.389164,100.265266
20.385273,100.256378
20.379162,100.25
20.356663,100.227203
20.295551,100.168053
20.28833,100.16304
20.309441,100.105263
20.348606,100.09137
20.368328,100.107758
20.383053,100.117477
20.399719,100.125259
20.402775,100.126083
20.489437,100.141373
20.54472,100.149429
20.620552,100.170258
20.635273,100.175262
20.689438,100.20694
20.696663,100.211929
20.745548,100.253883
20.752499,100.263611
20.771664,100.290543
20.821941,100.361366
20.826942,100.368874
20.827774,100.372208
20.828053,100.38443
20.818329,100.44165
20.813053,100.462196
20.805832,100.496933
20.803886,100.520264
20.805275,100.531937
20.810555,100.5522
20.813885,100.561653
20.820553,100.576103
20.833885,100.604713
20.840454,100.617867
20.856663,100.636383
20.863052,100.642212
20.870552,100.647217
20.87722,100.648331
20.883331,100.646103
20.887478,100.642059
20.891541,100.633614
20.889996,100.617752
20.887218,100.603317
20.88055,100.584427
20.872772,100.566673
20.868607,100.549713
20.86694,100.53804
20.868607,100.531372
20.871109,100.525543
20.879162,100.516663
20.887775,100.513321
20.94944,100.519989
20.954441,100.521378
21.025276,100.545532
21.026943,100.548027
21.031109,100.560806
21.033054,100.580551
21.036385,100.598877
21.040833,100.606934
21.051662,100.621368
21.057774,100.627762
21.128052,100.671921
21.178608,100.698593
21.181385,100.699997
21.19194,100.701393
21.222218,100.702477
21.232773,100.703873
21.295277,100.718048
21.307709,100.722603
21.314137,100.73172
21.314137,100.736473
21.302776,100.766663
21.299999,100.776657
21.298332,100.787491
21.298332,100.808594
21.300831,100.827766
21.302498,100.834717
21.306107,100.843597
21.31361,100.857208
21.319717,100.867752
21.395828,100.997482
21.400829,101.005257
21.464439,101.099716
21.466385,101.101929
21.490829,101.127197
21.530552,101.161652
21.533333,101.162773
21.537498,101.162773
21.544163,101.161377
21.572636,101.148239
21.558887,101.184708
21.376106,101.265266
21.372772,101.264427
21.333332,101.247208
21.256386,101.234421
21.252777,101.234154
21.249439,101.234993
21.212494,101.251663
21.208328,101.255547
21.180275,101.281937
21.176105,101.290268
21.175552,101.29776
21.188049,101.336647
21.189438,101.339706
21.21944,101.380814
21.222771,101.385818
21.225273,101.391663
21.245827,101.503052
21.247772,101.51416
21.247494,101.568604
21.246941,101.572487
21.234718,101.608871
21.198883,101.673309
21.193886,101.680817
21.174995,101.703323
21.139492,101.732559
21.142494,101.781097
21.142773,101.784714
21.144161,101.787201
21.148605,101.790817
21.216106,101.845261
21.239536,101.849518
21.249161,101.851379
21.251942,101.850273
21.256386,101.8461
21.284164,101.811371
21.286942,101.801651
21.289997,101.779427
21.292221,101.76915
21.29472,101.763046
21.311386,101.742752
21.316387,101.739151
21.349998,101.741089
21.365551,101.745529
21.453327,101.760536
21.496662,101.767487
21.650829,101.783051
21.656105,101.780273
21.724438,101.752487
21.739716,101.752213
21.834442,101.765266
21.933331,101.67276
21.965549,101.631653
21.96944,101.627197
21.971939,101.625526
21.974716,101.624153
22.20916,101.574432
22.27972,101.624977
22.281666,101.626923
22.379162,101.680542
22.382217,101.679703
22.390274,101.675262
22.401939,101.666382
22.409996,101.661926
22.413052,101.661926
22.440273,101.669983
22.446384,101.671921
22.472218,101.69136
22.496941,101.738037
22.498604,101.74498
22.5,101.759956
22.500832,101.768883
22.500832,101.777481
22.498051,101.787773
22.489437,101.799988
22.436108,101.919983
22.438606,101.930542
22.454163,102.023613
22.455273,102.030823
22.454994,102.034714
22.437496,102.10582
22.433884,102.1147
22.430275,102.119431
22.396286,102.140747
22.388329,102.151093
22.381107,102.156372
22.335552,102.180817
22.332775,102.181931
22.319996,102.178864
22.316109,102.178864
22.309441,102.180267
22.300552,102.183868
22.29583,102.187759
22.242493,102.238312
22.217773,102.267487
22.214161,102.272217
22.214718,102.279709
22.216938,102.290268
22.216385,102.294144
22.213882,102.299988
22.208607,102.307747
22.20166,102.31749
22.120552,102.419434
22.110828,102.426086
22.06694,102.448029
21.971382,102.498032
21.962215,102.505547
21.950829,102.51915
21.944717,102.534149
21.940552,102.555252
21.938328,102.578598
21.935272,102.592484
21.931385,102.601089
21.925552,102.607758
21.856106,102.646103
21.849998,102.648331
21.790554,102.661377
21.783054,102.661926
21.760555,102.660538
21.738605,102.654427
21.731106,102.65387
21.662495,102.671097
21.659718,102.672493
21.65583,102.676651
21.656105,102.680542
21.66555,102.743317
21.668884,102.752777
21.674164,102.759987
21.718327,102.861366
21.748882,102.964996
21.748051,102.968323
21.74416,102.972763
21.739437,102.976089
21.725826,102.983322
21.710552,102.988586
21.707218,102.988876
21.606941,102.990807
21.575275,102.988586
21.57333,102.986366
21.560829,102.974152
21.550274,102.963882
21.52861,102.944427
21.468884,102.892212
21.463329,102.88916
21.432774,102.874977
21.429996,102.875526
21.428883,102.878593
21.440273,102.904984
21.381939,102.904709
21.254997,102.883041
21.249439,102.89415
21.23444,102.916656
21.232494,102.918869
21.226105,102.920532
21.222496,102.920258
21.168053,102.914436
21.167496,102.927757
21.166107,102.934982
21.163052,102.940262
21.156662,102.946091
21.053886,103.037491
21.038052,103.046654
20.955551,103.088043
20.901386,103.113312
20.89555,103.11554
20.890831,103.119141
20.886662,103.123306
20.846664,103.170532
20.843609,103.175812
20.842773,103.179153
20.842495,103.183037
20.844196,103.189087
20.830276,103.218597
20.805553,103.335274
20.802139,103.360207
20.793888,103.424988
20.741104,103.603867
20.739437,103.606934
20.720829,103.634163
20.714996,103.640549
20.683884,103.671654
20.679161,103.674988
20.66444,103.680542
20.659439,103.684143
20.657219,103.689972
20.657219,103.693588
20.668327,103.735809
20.669994,103.738312
20.672771,103.7397
20.737217,103.771378
20.784443,103.77887
20.852497,103.856644
20.971939,104.092484
20.977219,104.10498
20.977219,104.109154
20.943329,104.194427
20.928883,104.23027
20.898884,104.298317
20.889717,104.314148
20.881386,104.32666
20.872772,104.334717
20.861664,104.339981
20.854443,104.34082
20.847218,104.339981
20.844162,104.34082
20.834442,104.348038
20.778332,104.409416
20.713608,104.499153
20.710827,104.504707
20.674995,104.582207
20.670273,104.594147
20.66555,104.610527
20.664719,104.618317
20.664719,104.631088
20.663609,104.638321
20.660275,104.6436
20.655273,104.646652
20.651108,104.646652
20.636383,104.641098
20.618612,104.629974
20.590275,104.60054
20.51722,104.516098
20.504444,104.454437
20.462494,104.383614
20.460552,104.381363
20.45055,104.37915
20.444717,104.381927
20.438606,104.388603
20.431938,104.39888
20.424164,104.420532
20.407497,104.514427
20.406662,104.526382
20.408886,104.537201
20.412495,104.550262
20.416939,104.558319
20.418606,104.565262
20.419716,104.602478
20.416664,104.616089
20.413883,104.621643
20.345551,104.70694
20.337498,104.711113
20.313053,104.714996
20.228607,104.831673
20.225552,104.845261
20.223049,104.851379
20.185551,104.934982
20.181385,104.943588
20.098331,104.984711
20.01083,104.981087
20.004997,104.979156
20,104.97554
19.988407,104.962723
19.973328,104.899429
19.938885,104.842209
19.896385,104.793587
19.887497,104.785812
19.874165,104.77887
19.867496,104.779984
19.864998,104.781662
19.861385,104.786926
19.860554,104.794708
19.861385,104.8022
19.863884,104.812477
19.864998,104.823883
19.864719,104.83194
19.861942,104.837769
19.853329,104.8461
19.847775,104.848602
19.837776,104.850807
19.794163,104.837769
19.788887,104.834717
19.783333,104.827766
19.756943,104.770264
19.749718,104.722763
19.749439,104.718597
19.746384,104.713318
19.70916,104.680267
19.706661,104.678307
19.688606,104.667763
19.685829,104.666656
19.654442,104.656372
19.641384,104.653587
19.62722,104.651382
19.615551,104.644989
19.611942,104.640266
19.605553,104.568878
19.604717,104.523041
19.606106,104.516098
19.64444,104.451103
19.646107,104.448593
19.667774,104.424698
19.67194,104.420822
19.704441,104.246094
19.704163,104.225807
19.702217,104.215271
19.688049,104.160263
19.686939,104.157211
19.681671,104.149994
19.668053,104.147774
19.663052,104.14415
19.659996,104.13916
19.659439,104.135269
19.660553,104.098328
19.662216,104.09137
19.667217,104.079987
19.682774,104.058319
19.694523,104.040413
19.692944,104.037247
19.672405,104.021187
19.665829,104.021652
19.620274,104.038879
19.599442,104.050537
19.573608,104.069717
19.569443,104.074158
19.568054,104.07666
19.565552,104.095261
19.561943,104.099991
19.559719,104.101646
19.556385,104.102478
19.531666,104.106087
19.513611,104.10582
19.478607,104.103867
19.417496,104.052757
19.419441,104.046371
19.419994,104.03804
19.416939,104.02832
19.39555,103.978592
19.388607,103.964706
19.319996,103.879967
19.315552,103.876373
19.308887,103.874977
19.29361,103.879433
19.229717,103.998596
19.229717,104.001938
19.23666,104.011932
19.237495,104.015266
19.239994,104.046654
19.239994,104.059418
19.237217,104.069153
19.19305,104.171097
19.188049,104.17804
19.151386,104.224152
19.14555,104.226646
19.141663,104.226646
19.111324,104.220757
19.113331,104.265549
19.113052,104.273613
19.110554,104.283867
19.106663,104.292213
18.976662,104.526382
18.967773,104.534149
18.941662,104.549149
18.914719,104.563026
18.904716,104.569443
18.900551,104.573318
18.891941,104.58638
18.836941,104.672211
18.797218,104.741364
18.795277,104.747757
18.74416,104.935257
18.720829,105.029984
18.696663,105.105553
18.673328,105.146103
18.647774,105.186653
18.642494,105.193863
18.62833,105.196091
18.609999,105.194138
18.604443,105.156937
18.601662,105.151382
18.59444,105.146378
18.525555,105.117477
18.50972,105.113037
18.473606,105.104431
18.466938,105.103317
18.451385,105.103592
18.438328,105.106934
18.431107,105.112198
18.334442,105.183319
18.254444,105.258614
18.250553,105.275543
18.247215,105.291656
18.246941,105.294434
18.255276,105.302467
18.260555,105.309708
18.261665,105.312759
18.261665,105.316093
18.259998,105.318604
18.255833,105.322487
18.246384,105.325272
18.239162,105.326393
18.196678,105.32193
18.186108,105.332207
18.168884,105.356087
18.167496,105.358597
18.149998,105.3936
18.150551,105.396652
18.159996,105.403587
18.169716,105.406097
18.168327,105.50444
18.048607,105.582207
17.987503,105.627243
17.814442,105.681931
17.674995,105.750549
17.669994,105.753883
17.668327,105.756378
17.653328,105.795532
17.64444,105.824707
17.641941,105.830551
17.637218,105.838043
17.618607,105.860809
17.586941,105.890549
17.58194,105.893883
17.529163,105.931931
17.426105,106.021378
17.406662,106.039146
17.361664,106.084717
17.35194,106.095543
17.304718,106.151382
17.261665,106.211647
17.247215,106.238876
17.245548,106.245529
17.245548,106.25
17.247494,106.260269
17.169163,106.34082
17.06472,106.420532
17.011368,106.434196
17.003609,106.436096
16.991383,106.439972
16.987495,106.444427
16.966385,106.513611
16.965549,106.516663
16.965549,106.520264
16.971939,106.530273
16.996941,106.561096
16.938049,106.555252
16.894718,106.555252
16.882774,106.555252
16.689995,106.558594
16.677494,106.560257
16.671108,106.56192
16.64222,106.575272
16.460552,106.683868
16.45805,106.685532
16.439716,106.702209
16.419441,106.750816
16.419163,106.754707
16.421383,106.760536
16.43055,106.780273
16.434441,106.784714
16.473049,106.813873
16.506664,106.829163
16.526386,106.838043
16.529163,106.839432
16.535553,106.845261
16.53833,106.850807
16.541107,106.860527
16.539997,106.872208
16.53611,106.880539
16.530277,106.887207
16.517776,106.895264
16.337219,106.983871
16.299721,106.987198
16.30722,107.008614
16.307499,107.012497
16.306385,107.030548
16.300819,107.093887
16.263332,107.147217
16.233086,107.148613
16.210827,107.151093
16.200829,107.153053
16.187775,107.161102
16.179718,107.169144
16.160828,107.19165
16.056942,107.334152
16.055275,107.341087
16.062775,107.362488
16.067497,107.382477
16.082218,107.453323
16.082497,107.460541
16.078609,107.464706
16.02734,107.475304
16.023888,107.476379
16.021111,107.475273
16.003887,107.463608
15.923054,107.405548
15.913887,107.398331
15.857498,107.262772
15.856386,107.25972
15.855831,107.256104
15.864164,107.243591
15.866665,107.237762
15.866941,107.233871
15.866665,107.226089
15.865274,107.219437
15.863609,107.212486
15.859997,107.203873
15.856108,107.199707
15.804443,107.177757
15.794998,107.174988
15.784164,107.175537
15.777777,107.176933
15.769165,107.180542
15.761665,107.185532
15.647778,107.263046
15.556387,107.361099
15.503332,107.420258
15.46833,107.517487
15.383888,107.596367
15.28861,107.684708
15.270832,107.695251
15.23472,107.684708
15.22648,107.68158
15.205276,107.670258
15.128054,107.640549
15.064999,107.616379
15.06222,107.615257
15.046944,107.589432
15.044165,107.584152
15.035825,107.473312
15.025,107.467758
15.021387,107.468323
14.979998,107.476379
14.973608,107.478043
14.966108,107.482758
14.91972,107.538879
14.918055,107.541367
14.847498,107.551651
14.724442,107.549423
14.708618,107.5466
---
