27.839443,9.954166
27.853054,9.957499
27.86861,9.954166
27.993332,9.901388
28.131943,9.842499
28.159721,9.830555
28.242496,9.794722
28.256664,9.789721
28.270554,9.790277
28.325554,9.798332
28.407776,9.812222
28.571941,9.838055
28.630436,9.846834
28.708885,9.859444
28.768055,9.867498
28.80611,9.871666
28.839996,9.873055
28.859165,9.873333
28.949997,9.869444
28.993053,9.865276
29.066109,9.85611
29.089722,9.852221
29.11861,9.847221
29.16,9.839722
29.19833,9.829721
29.427776,9.766388
29.433331,9.764721
29.454166,9.757221
29.521385,9.724998
29.611664,9.680832
29.649166,9.66111
29.691109,9.638054
29.789165,9.578888
29.806942,9.566666
29.827774,9.551388
29.965832,9.449165
30.003889,9.413609
30.021664,9.402222
30.0425,9.385832
30.063332,9.362499
30.076664,9.345554
30.096664,9.322777
30.105274,9.314999
30.122498,9.303888
30.131943,9.318888
30.162498,9.382776
30.222775,9.511389
30.23439,9.537113
30.278053,9.637499
30.315956,9.735136
30.342499,9.83111
30.338055,9.850277
30.337776,9.858055
30.34111,9.869999
30.347775,9.882496
30.354164,9.891109
30.361664,9.897778
30.461388,9.982222
30.588055,10.083611
30.726109,10.210278
30.730831,10.21361
30.750553,10.223055
30.86972,10.277498
30.906666,10.290554
30.914165,10.290833
31.074444,10.265276
31.079166,10.263887
31.191109,10.223055
31.20472,10.218054
31.315319,10.169847
31.422497,10.123333
31.488888,10.1325
31.500553,10.134443
31.509998,10.139444
31.694164,10.287222
31.713055,10.306389
31.719719,10.314444
31.722221,10.319443
31.729443,10.342222
31.73111,10.356667
31.730553,10.379999
31.728886,10.395277
31.727219,10.409721
31.724163,10.423332
31.721107,10.436943
31.719997,10.451387
31.720276,10.466665
31.722221,10.472221
31.732777,10.491943
31.741386,10.504999
31.761387,10.530832
31.856388,10.613609
31.866108,10.61861
31.962498,10.69861
31.963055,10.706665
31.96611,10.718054
32.019997,10.807777
32.029999,10.820276
32.041382,10.830555
32.092499,10.859722
32.118332,10.871111
32.1325,10.878054
32.13916,10.8825
32.199715,11.029165
32.246384,11.144165
32.261665,11.181931
32.319443,11.325832
32.35305,11.414721
32.389999,11.483332
32.409401,11.515881
32.424995,11.546389
32.431664,11.555555
32.442215,11.567499
32.464996,11.580555
32.476662,11.582777
32.490829,11.583332
32.496384,11.582777
32.512497,11.576944
32.53611,11.564999
32.540276,11.562777
32.553604,11.552776
32.567497,11.536943
32.57972,11.519722
32.582771,11.514166
32.598885,11.494444
32.617218,11.474998
32.627777,11.470554
32.644165,11.466389
32.657776,11.466944
32.863884,11.477221
32.942909,11.4837
33.034996,11.491665
33.051941,11.496387
33.073608,11.503887
33.076004,11.505602
33.095787,11.514738
33.109161,11.519165
33.125916,11.522175
33.14666,11.525
33.171135,11.526081
33.119995,11.602221
33.114166,11.611666
33.103882,11.6325
33.099442,11.64361
33.085548,11.740833
33.079994,11.784721
33.079994,11.792776
33.084442,11.795277
33.088051,11.797222
33.067215,11.871944
33.064995,11.877777
33.060555,11.888887
33.050278,11.908054
33.003883,11.992222
32.983604,12.025555
32.95166,12.077776
32.900551,12.173887
32.848053,12.27611
32.840553,12.291943
32.834999,12.310555
32.8284,12.343943
32.825554,12.36611
32.80722,12.517221
32.800827,12.559444
32.794716,12.74111
32.796631,12.771872
32.799438,12.813889
32.80555,12.853888
32.813332,12.9
32.818054,12.918055
32.842773,13.000832
32.848457,13.015425
32.871941,13.091944
32.87944,13.115276
32.887772,13.129444
32.894722,13.13722
32.902771,13.144165
32.907776,13.154444
32.911385,13.165833
32.917221,13.20611
32.919167,13.243055
32.91861,13.259165
32.904442,13.334999
32.899719,13.354166
32.892776,13.370832
32.848328,13.467499
32.82222,13.519722
32.808052,13.543888
32.797218,13.572498
32.793884,13.585554
32.789719,13.605555
32.787773,13.619999
32.788055,13.642776
32.791382,13.722776
32.794716,13.742498
32.798332,13.754166
32.799721,13.768055
32.799721,13.783609
32.778328,13.892776
32.773331,13.912777
32.766029,13.929985
32.758049,13.944443
32.750549,13.959999
32.736664,13.993332
32.729439,14.018055
32.72583,14.038887
32.723885,14.079443
32.717773,14.15
32.715828,14.164444
32.712494,14.177221
32.703888,14.200277
32.63694,14.310276
32.628052,14.324165
32.562492,14.409166
32.551384,14.420555
32.533051,14.438591
32.52916,14.442499
32.523331,14.451944
32.520828,14.457499
32.512215,14.480276
32.508888,14.493055
32.503052,14.545555
32.492493,14.617777
32.489716,14.631388
32.48111,14.654165
32.449303,14.725035
32.446106,14.790554
32.437218,14.934999
32.409721,15.128611
32.398605,15.165833
32.391663,15.18222
32.382774,15.196388
32.326111,15.268888
32.318054,15.275555
32.305832,15.285276
32.167221,15.366943
32.156662,15.369999
32.150551,15.370554
32.143608,15.369999
32.038055,15.359999
32.021839,15.354948
31.995831,15.351944
31.96833,15.357777
31.952221,15.362221
31.910275,15.375277
31.895554,15.381388
31.856941,15.398611
31.664165,15.485277
31.655552,15.490833
31.495552,15.614443
31.484722,15.625555
31.436108,15.68111
31.429443,15.689444
31.420555,15.703333
31.393887,15.746944
31.385555,15.761665
31.338886,15.863888
31.324718,15.896387
31.294167,15.967777
31.28833,15.985832
31.261944,16.08083
31.255829,16.11578
31.241386,16.182777
31.233887,16.22472
31.23111,16.246944
31.230274,16.262775
31.218609,16.500275
31.217777,16.523609
31.221386,16.56472
31.225555,16.598053
31.227219,16.656109
31.228054,16.70583
31.224442,16.73222
31.219166,16.75972
31.184998,16.922775
31.181942,16.936386
31.165833,16.992496
31.155552,17.022221
31.144165,17.049999
31.138054,17.067776
31.126663,17.113331
31.121944,17.133053
31.094719,17.269997
31.082775,17.363609
31.081665,17.370831
31.069443,17.397778
31.063889,17.407497
31.054722,17.421108
31.047222,17.428333
31.040554,17.436665
31.031387,17.450275
31.026386,17.460831
31.020275,17.478886
31.016666,17.5
31.004997,17.57111
30.996944,17.604164
30.923054,17.808331
30.874996,17.885277
30.871109,17.888885
30.863888,17.896385
30.85833,17.906109
30.853333,17.916943
30.84972,17.929443
30.81472,18.05722
30.785,18.170277
30.781387,18.182777
30.776386,18.193333
30.765274,18.213886
30.758331,18.221943
30.746666,18.232777
30.734722,18.242775
30.7225,18.251942
30.674164,18.298885
30.627499,18.358887
30.608887,18.385555
30.463886,18.5975
30.396942,18.713055
30.366665,18.788887
30.358055,18.794441
30.349163,18.808609
30.298885,18.905277
30.288887,18.926388
30.279442,18.948608
30.273331,18.966389
30.266941,19.001389
30.264999,19.025276
30.263885,19.163055
30.266941,19.21833
30.286388,19.316109
30.294167,19.344997
30.417221,19.617775
30.503883,19.746109
30.513329,19.759163
30.524437,19.770832
30.63166,19.871387
30.803608,20.022221
30.81583,20.032497
30.846386,20.054722
30.855274,20.060555
30.943333,20.108887
30.963055,20.119164
30.979164,20.125832
31.007774,20.134998
31.054996,20.148888
31.066944,20.151943
31.086666,20.154999
31.149998,20.155552
31.186874,20.1483
31.210278,20.14333
31.297497,20.105553
31.319443,20.09222
31.338886,20.075275
31.346386,20.067219
31.348888,20.061943
31.352776,20.049442
31.355274,20.044167
31.358887,20.040554
31.377777,20.030552
31.401386,20.019722
31.482491,19.982777
31.516102,19.96833
31.531101,19.962776
31.562767,19.954441
31.573322,19.951664
31.704994,19.924442
31.727215,19.92083
31.738884,19.91972
31.757496,19.919441
31.823326,19.924164
31.957775,19.941944
31.969166,19.945553
31.984997,19.952499
32.079163,20.009163
32.147499,20.053886
32.156662,20.059998
32.169441,20.069721
32.184715,20.084442
32.409164,20.337219
32.553329,20.553333
32.560913,20.567627
32.611382,20.704166
32.684715,20.871109
32.697495,20.889164
32.708054,20.908607
32.720833,20.933887
32.728333,20.948887
32.737495,20.969444
32.772774,21.062496
32.775833,21.074165
32.776665,21.08083
32.777496,21.123608
32.772774,21.179443
32.771111,21.233055
32.770271,21.285275
32.773331,21.326664
32.778328,21.372498
32.783333,21.389164
32.796661,21.427776
32.812492,21.464165
32.82,21.479164
32.83194,21.497219
32.846939,21.512218
32.851662,21.515274
32.866661,21.530552
32.873329,21.538887
32.933609,21.621387
32.935829,21.634163
32.944443,21.713886
32.9338,21.734035
32.928329,21.745277
32.918327,21.776665
32.914993,21.789997
32.903328,21.846664
32.901665,21.862778
32.902222,21.884163
32.904999,21.947498
32.908607,21.980831
32.914276,22.003979
32.910828,22.068054
32.884438,22.196941
32.881104,22.317776
32.87944,22.34111
32.876663,22.355553
32.869438,22.372498
32.866661,22.377777
32.835831,22.424164
32.785553,22.513332
32.78083,22.524998
32.781387,22.531666
32.783051,22.537498
32.784996,22.550278
32.784996,22.564999
32.782776,22.579998
32.725555,22.804996
32.712494,22.832497
32.706383,22.84222
32.693329,22.868889
32.679993,22.904442
32.672493,22.930275
32.671104,22.937496
32.669167,22.961109
32.674438,22.989441
32.673607,22.997776
32.671661,23.003887
32.6325,23.112499
32.626663,23.122219
32.622215,23.124722
32.616104,23.124722
32.605553,23.119999
32.595833,23.114441
32.591385,23.111111
32.588333,23.106667
32.580826,23.098888
32.575554,23.096664
32.338882,23.081387
32.332771,23.081387
32.328331,23.083885
32.321106,23.091942
32.31916,23.098053
32.310272,23.130833
32.302216,23.165554
32.300278,23.171944
32.278885,23.204441
32.275551,23.208885
32.267776,23.215832
32.259163,23.221107
32.216225,23.247196
32.207222,23.279999
32.186661,23.450275
32.18222,23.490555
32.181664,23.564442
32.183327,23.63472
32.183327,23.64222
32.176384,23.710278
32.174721,23.726387
32.17305,23.73333
32.155273,23.799999
32.114716,23.945831
32.11055,23.958332
32.098328,23.986385
32.092499,23.996109
32.087494,23.998608
32.084442,23.993889
32.079994,23.983608
32.071106,23.971664
32.067497,23.967777
32.049995,23.987778
32.047218,23.993053
32.011665,24.063889
32.004166,24.080555
32.001106,24.094719
32,24.117496
31.985275,24.543053
31.989166,24.568054
31.998608,24.609722
32.000832,24.614998
32.021385,24.646664
32.025551,24.657219
32.026939,24.663055
32.026939,24.727497
32.026108,24.735554
32.02166,24.747776
32.005554,24.779442
32.003609,24.785553
31.992496,24.84222
31.98,24.913609
31.969997,24.973888
31.963055,24.991386
31.949165,25.00861
31.93222,25.029442
31.924442,25.03611
31.918888,25.036942
31.900833,25.031387
31.889721,25.026943
31.863888,25.022778
31.851387,25.022221
31.841389,25.025555
31.790554,25.068886
31.766666,25.089443
31.73111,25.119164
31.726665,25.121666
31.68222,25.146664
31.672775,25.150833
31.667774,25.152496
31.65583,25.152775
31.646942,25.151665
31.646111,25.148052
31.634441,25.129719
31.614719,25.104443
31.608055,25.096107
31.589722,25.076664
31.581665,25.069721
31.572777,25.063332
31.562222,25.058331
31.525276,25.048054
31.519997,25.047222
31.48111,25.009163
31.445274,24.962776
31.406109,24.897778
31.399441,24.889442
31.383888,24.874722
31.374996,24.868332
31.362221,24.864719
31.161942,24.868889
31.156387,24.869442
31.034443,24.904442
31.014999,24.911663
30.883053,24.971386
30.874443,24.975555
30.865555,24.980553
30.838886,24.995552
30.802498,25.015274
30.793053,25.018608
30.787498,25.019165
30.773888,25.016941
30.63472,24.976944
30.521664,24.932777
30.511108,24.928608
30.506107,24.926109
30.491108,24.917221
30.427498,24.876389
30.406109,24.859997
30.392776,24.848888
30.363888,24.818607
30.303886,24.771942
30.233887,24.726944
30.218052,24.719444
30.188889,24.709999
30.16861,24.706665
30.149719,24.706944
30.140274,24.710278
30.13583,24.712776
30.11972,24.726109
30.034164,24.769165
29.950554,24.808331
29.941109,24.812222
29.916386,24.82111
29.886665,24.831387
29.876663,24.834721
29.865276,24.836109
29.852219,24.835552
29.846107,24.834442
29.828053,24.829166
29.816944,24.824997
29.585831,24.88472
29.524441,24.876389
29.511944,24.87611
29.506386,24.877499
29.491108,24.88361
29.462219,24.897221
29.432777,24.911663
29.248886,24.997776
28.956944,24.999443
28.277775,25.001942
28.124996,25.002499
28.000195,25.001942
27.898888,25.00222
27.760277,25.001942
27.666325,25.001228
27.607777,25.001663
27.427498,25.000832
27.080555,25
26.999443,25.000156
26.941666,25.000553
26.719719,25.000275
26.567219,25
26.483887,24.999165
25.970833,24.998333
25.442776,24.997498
24.99472,24.996944
24.786663,24.997219
24.343052,24.998055
24.023888,24.999443
23.580276,25.000275
22.286665,25.001406
22.046665,25.001942
21.999695,25.001423
21.010296,25.001131
19.999119,25.000832
19.999443,24.982498
20.000275,24.763611
20,24.634441
19.999165,24.577221
19.996944,24.45583
20.000553,24.154442
20.00222,24.043331
20.00222,24.011108
20.001942,24.000832
19.988888,24.000275
19.906387,24.000275
19.521111,24.000832
19.507221,24.00111
19.499065,24.002747
19.789444,23.456665
20.017776,23.020554
20.379997,22.321388
20.656109,21.781666
20.856667,21.384998
20.860832,21.378887
21.072498,20.959442
21.3475,20.408333
21.611664,19.873886
21.893887,19.298054
22.03828,18.999722
22.150276,18.76833
22.344444,18.363609
22.5,18.036638
22.666252,17.687183
22.68092,17.656326
22.998333,16.980274
23.292221,16.346107
23.450554,16.000832
23.153332,15.335278
23.062222,15.132776
23.000591,14.997889
22.980553,14.957499
22.934444,14.865
22.91111,14.818333
22.747219,14.494999
22.708054,14.418055
22.675831,14.356667
22.614166,14.234999
22.883331,13.909166
23.127499,13.612778
23.139442,13.595554
23.158886,13.563889
23.16861,13.543888
23.195553,13.473331
23.199444,13.461943
23.214722,13.417221
23.21611,13.411388
23.219719,13.390276
23.229164,13.345833
23.281109,13.109444
23.329998,12.887777
23.393887,12.591389
23.419167,12.473055
23.434166,12.398888
23.446663,12.339443
23.459164,12.280277
23.515831,12.013332
23.522305,11.986475
23.647499,11.918888
23.941666,11.757221
24,11.726017
24.302498,11.558887
24.327515,11.469559
24.336941,11.439444
24.362499,11.349998
24.383053,11.275276
24.429722,11.110832
24.457829,11.012894
24.472363,10.969688
24.520275,10.832499
24.550552,10.756943
24.567219,10.715277
24.550278,10.668055
24.515553,10.576666
24.478054,10.48
24.478054,10.422222
24.488609,10.406944
24.566666,10.303333
24.605831,10.252222
24.66,10.24
24.702221,10.230833
24.71611,10.227499
24.75111,10.218332
24.774998,10.174166
24.795635,10.134769
24.838055,10.054443
24.867775,10.050833
24.936386,10.049721
25.005276,10.047777
25.087498,10.045277
25.279442,10.039165
25.321388,10.037498
25.337498,10.026667
25.365555,10.005554
25.560833,9.85611
25.644722,9.791666
26.048885,9.479443
26.104721,9.435276
26.153332,9.398333
26.170555,9.393888
26.182777,9.393055
26.194721,9.396111
26.204998,9.400276
26.270275,9.442221
26.357498,9.499443
26.429722,9.668888
26.468609,9.762777
26.514164,9.871666
26.609997,9.899166
26.673332,9.916943
26.695553,9.895832
26.777496,9.912777
26.804722,9.919722
26.859722,9.930555
26.870831,9.916388
26.878609,9.900276
26.908607,9.848331
27.005276,9.829166
27.056389,9.818054
27.097775,9.802776
27.25,9.745277
27.25972,9.741943
27.311665,9.734444
27.316944,9.733889
27.323887,9.734999
27.439163,9.776388
27.537777,9.819166
27.603054,9.86861
27.607498,9.875832
27.621109,9.881109
27.648609,9.890276
27.824444,9.948332
---
