47.243889,9.566387
47.150551,9.622776
47.130554,9.633888
47.103607,9.63611
47.094994,9.634998
47.086388,9.627222
47.070274,9.610277
47.065826,9.603611
47.063835,9.598635
47.07,9.544722
47.07,9.538055
47.06472,9.506388
47.061104,9.485277
47.057457,9.474637
47.092499,9.510277
47.100273,9.512499
47.109444,9.512777
47.121666,9.511389
47.139999,9.505554
47.15361,9.49861
47.16555,9.489721
47.179718,9.484444
47.192215,9.484165
47.200272,9.485832
47.215271,9.491388
47.231384,9.502222
47.274544,9.533569
---
