-12.0963899999999,34.7261050000001
-12.0930559999999,34.7163850000001
-12.087502,34.708885
-12.082779,34.7061080000001
-12.078335,34.70472
-12.044168,34.7163850000001
-12.032778,34.7238850000001
-12.031946,34.726662
-12.036667,34.7486040000001
-12.039446,34.752777
-12.044168,34.754715
-12.079723,34.7480550000001
-12.084167,34.7472150000001
-12.088335,34.744438
-12.0936129999999,34.7369380000001
-12.0955559999999,34.732216
---
-12.037224,34.6183320000001
-12.011946,34.6027760000001
-12.007223,34.6047210000001
-12.004446,34.608887
-12.003056,34.6136090000001
-12.003056,34.61972
-12.005835,34.6238860000001
-12.012501,34.6299969999999
-12.0180569999999,34.6313860000001
-12.0238899999999,34.6313860000001
-12.0291669999999,34.6299969999999
-12.033335,34.6272200000001
-12.036667,34.6238860000001
---
-9.50916699999993,33.1924970000001
-9.50722300000001,33.2047200000001
-9.50500099999994,33.2088850000001
-9.49222399999996,33.2547150000001
-9.48416700000001,33.3019409999999
-9.48416700000001,33.308884
-9.48555599999997,33.3144380000001
-9.49027799999999,33.3224950000001
-9.53805699999992,33.393883
-9.54555699999992,33.4008330000001
-9.54972299999991,33.40361
-9.57138999999995,33.4144440000001
-9.58555599999994,33.421387
-9.60305599999998,33.423882
-9.60777899999999,33.4261090000001
-9.61194599999993,33.428886
-9.61583499999995,33.4377750000001
-9.62194599999992,33.4844440000001
-9.62250099999994,33.4961090000001
-9.62194599999992,33.508888
-9.61527799999993,33.5294420000001
-9.61250099999995,33.5336070000001
-9.59500100000002,33.5494380000001
-9.58472299999994,33.578888
-9.58277900000002,33.7558289999999
-9.58750199999992,33.769997
-9.65972299999993,33.871384
-9.68416799999994,33.9002760000001
-9.70581199999998,33.91803
-9.70765899999992,33.9196090000001
-9.69278000000003,33.9394380000001
-9.68611099999998,33.946106
-9.67333400000001,33.9530490000001
-9.62861299999992,33.958611
-9.61055599999997,33.9599990000001
-9.59833300000003,33.9605480000001
-9.58750199999992,33.958611
-9.57944500000002,33.9530490000001
-9.57611300000002,33.9497150000001
-9.57055699999995,33.9483260000001
-9.55722200000002,33.9483260000001
-9.54639099999991,33.950272
-9.52666899999997,33.957222
-9.48944499999999,33.997498
-9.48750100000001,34.0024950000001
-9.48472399999997,34.013329
-9.48277899999999,34.039444
-9.48472399999997,34.0436100000001
-9.50777799999992,34.0744399999999
-9.57117499999993,34.13636
-9.603613,34.176384
-9.627501,34.2058260000001
-9.73277899999994,34.325272
-9.745001,34.3333280000001
-9.75027799999998,34.3347170000001
-9.81166799999994,34.373886
-9.88138999999995,34.426666
-9.95138899999995,34.482773
-9.96305699999994,34.4963839999999
-9.97500000000002,34.504715
-10.010834,34.5224989999999
-10.020279,34.526665
-10.0405559999999,34.5336070000001
-10.05139,34.5361100000001
-10.346668,34.5733260000001
-10.367779,34.5691600000001
-10.396667,34.565552
-10.4094449999999,34.565552
-10.516668,34.575829
-10.534466,34.5802229999999
-10.5388889999999,34.5808260000001
-10.5616679999999,34.584999
-10.6069449999999,34.621109
-10.641945,34.649994
-10.6458339999999,34.6527710000001
-10.6547239999999,34.6569440000001
-10.673613,34.658882
-10.7288889999999,34.663055
-10.761112,34.663055
-10.890278,34.649994
-10.921946,34.643051
-10.931391,34.6397170000001
-10.9516679999999,34.6272200000001
-10.979168,34.600555
-10.983891,34.59861
-11.016668,34.5930480000001
-11.0222229999999,34.592499
-11.028334,34.5938870000001
-11.105001,34.6136090000001
-11.1094459999999,34.6149980000001
-11.123611,34.6219410000001
-11.131111,34.6280520000001
-11.13389,34.632217
-11.137779,34.641106
-11.145279,34.653328
-11.196945,34.707497
-11.201113,34.7102740000001
-11.3313899999999,34.7994380000001
-11.3322239999999,34.80555
-11.354168,34.859718
-11.360279,34.867218
-11.383057,34.8905490000001
-11.477222,34.9555510000001
-11.486668,34.959717
-11.50889,34.9644390000001
-11.572111,34.9667279999999
-11.5724999999999,34.9577709999999
-11.573891,34.8905490000001
-11.575834,34.703331
-11.575834,34.6261060000001
-11.580557,34.6238860000001
-11.585279,34.623329
-11.6019459999999,34.625275
-11.606668,34.6272200000001
-11.622778,34.6313860000001
-11.628889,34.632217
-11.667223,34.6341630000001
-11.691946,34.633606
-11.714169,34.62944
-11.7491679999999,34.619164
-11.763889,34.614441
-11.772501,34.6102750000001
-11.7811129999999,34.6061100000001
-11.869722,34.5541610000001
-11.87389,34.551384
-11.923334,34.514999
-11.975557,34.4752730000001
-11.9830569999999,34.4697190000001
-11.9911119999999,34.4641650000001
-12.080833,34.410828
-12.123056,34.3874970000001
-12.1366669999999,34.381386
-12.155834,34.3752750000001
-12.177502,34.371109
-12.194723,34.368889
-12.2188889999999,34.3677750000001
-12.235556,34.371109
-12.2464219999999,34.3732910000001
-12.319445,34.407494
-12.410278,34.424438
-12.503334,34.444443
-12.519445,34.4491650000001
-12.56889,34.465553
-12.589169,34.4730530000001
-12.601667,34.4799960000001
-12.6258339999999,34.495827
-12.6391679999999,34.5019380000001
-12.649168,34.506104
-12.658611,34.509438
-12.714724,34.5238880000001
-12.75889,34.529999
-12.782778,34.5327760000001
-12.841667,34.534164
-12.917223,34.5383300000001
-12.9358349999999,34.5397190000001
-12.960556,34.5416640000001
-13.0133339999999,34.549164
-13.0461119999999,34.556107
-13.2888889999999,34.563049
-13.299723,34.563049
-13.31889,34.563049
-13.336945,34.5649950000001
-13.342224,34.566383
-13.365002,34.5772170000001
-13.382223,34.5861050000001
-13.496389,34.658051
-13.496946,34.8308260000001
-13.506313,34.8659900000001
-13.522501,34.8994370000001
-13.686111,35.0952760000001
-13.796112,35.1711040000001
-13.8444459999999,35.2055510000001
-14.155834,35.490829
-14.1916679999999,35.5049970000001
-14.251112,35.529999
-14.269445,35.544716
-14.6027789999999,35.821388
-14.651148,35.872459
-14.656113,35.87722
-14.668612,35.87722
-14.6997759999999,35.8775020000001
-14.774029,35.878609
-14.8849999999999,35.881104
-14.885557,35.9241640000001
-14.902224,35.9177700000001
-15.0197239999999,35.8680499999999
-15.1777779999999,35.800278
-15.195557,35.804443
-15.324121,35.8401950000001
-15.3725009999999,35.8538820000001
-15.419445,35.867218
-15.453611,35.8644410000001
-15.458357,35.863121
-15.476389,35.862495
-15.855001,35.831665
-16.007778,35.8174970000001
-16.019447,35.814438
-16.047501,35.7991640000001
-16.0552789999999,35.794167
-16.0624999999999,35.7869420000001
-16.070557,35.774162
-16.110558,35.709442
-16.1644479999999,35.5402759999999
-16.1375009999999,35.4949950000001
-16.133614,35.4916610000001
-16.1300009999999,35.4805530000001
-16.12389,35.448608
-16.1216699999999,35.4358290000001
-16.1216699999999,35.429443
-16.124447,35.4116589999999
-16.129448,35.4027710000001
-16.220837,35.296661
-16.224724,35.293327
-16.233891,35.28833
-16.304447,35.2741620000001
-16.4005579999999,35.2549970000001
-16.458614,35.2516630000001
-16.4738919999999,35.245277
-16.4802779999999,35.2374950000001
-16.506668,35.193886
-16.5461119999999,35.141937
-16.553375,35.1353000000001
-16.599167,35.156105
-16.621113,35.1686100000001
-16.627224,35.1769410000001
-16.633892,35.1908260000001
-16.641392,35.213333
-16.645557,35.22361
-16.648613,35.2277760000001
-16.677223,35.255829
-16.7047229999999,35.2780529999999
-16.8091699999999,35.3022160000001
-16.8677789999999,35.289162
-16.9663929999999,35.2827760000001
-17.015278,35.296661
-17.06139,35.308052
-17.098057,35.306938
-17.105003,35.3063890000001
-17.1150019999999,35.3019410000001
-17.134266,35.2900540000001
-17.135281,35.2719420000001
-17.130558,35.1272200000001
-17.1291689999999,35.09166
-17.1249999999999,35.083885
-17.038059,35.0549930000001
-17.027225,35.0524980000001
-17.020279,35.0533290000001
-17.010281,35.057777
-17.003613,35.0641630000001
-16.997501,35.072777
-16.987782,35.09166
-16.977779,35.1088870000001
-16.9672239999999,35.126106
-16.960003,35.1333310000001
-16.951946,35.1391600000001
-16.941669,35.143608
-16.9283369999999,35.1452709999999
-16.8411139999999,35.1463850000001
-16.831112,35.143883
-16.822781,35.1374970000001
-16.816948,35.128326
-16.816113,35.1155550000001
-16.823059,35.0822220000001
-16.824722,35.0700000000001
-16.823891,35.049438
-16.820278,35.038055
-16.8158339999999,35.0274960000001
-16.81028,35.0183260000001
-16.797779,35.0022200000001
-16.790836,34.99472
-16.625278,34.8444440000001
-16.617779,34.837494
-16.546391,34.767494
-16.508057,34.719994
-16.453613,34.659996
-16.379448,34.594162
-16.333614,34.578888
-16.3238909999999,34.575554
-16.315834,34.57
-16.308613,34.562218
-16.303059,34.553886
-16.2988889999999,34.543327
-16.295834,34.5313870000001
-16.293613,34.518608
-16.292503,34.50444
-16.294445,34.492218
-16.2947239999999,34.4730530000001
-16.2902789999999,34.462494
-16.284168,34.4541630000001
-16.2772249999999,34.4472200000001
-16.269447,34.440277
-16.261112,34.434715
-16.205002,34.4105530000001
-16.193336,34.4086070000001
-16.138058,34.4063870000001
-16.1258349999999,34.4086070000001
-16.097504,34.4249950000001
-16.08667,34.4286040000001
-16.074448,34.4297180000001
-16.063614,34.4277730000001
-16.05389,34.423882
-16.046391,34.4174960000001
-15.96139,34.3349990000001
-15.954445,34.3280490000001
-15.9474999999999,34.3197170000001
-15.941946,34.310555
-15.931946,34.291664
-15.927502,34.2811050000001
-15.921946,34.2719420000001
-15.9163889999999,34.263611
-15.908611,34.258888
-15.899168,34.255554
-15.888889,34.25444
-15.837778,34.2511060000001
-15.798334,34.262772
-15.7875,34.2708280000001
-15.7775,34.280273
-15.759445,34.3005519999999
-15.743612,34.3241650000001
-15.736668,34.346939
-15.714169,34.375832
-15.666389,34.4186100000001
-15.655001,34.424721
-15.6441669999999,34.4283290000001
-15.611668,34.4383319999999
-15.547501,34.4433290000001
-15.526945,34.438049
-15.5172229999999,34.433884
-15.506945,34.4277730000001
-15.496668,34.425278
-15.475,34.4319380000001
-15.464169,34.4366610000001
-15.347223,34.5238880000001
-15.337778,34.533333
-15.3338889999999,34.543327
-15.3341669999999,34.556107
-15.321945,34.566383
-15.282778,34.5897220000001
-15.253056,34.59333
-15.2330569999999,34.590271
-15.223738,34.5867920000001
-15.2163909999999,34.577774
-15.206667,34.573051
-15.117779,34.5636059999999
-15.0658339999999,34.5661090000001
-15.056391,34.5683290000001
-14.96389,34.588882
-14.7663899999999,34.561943
-14.615557,34.541107
-14.592779,34.532219
-14.5716669999999,34.5222170000001
-14.554167,34.5019380000001
-14.546946,34.4902730000001
-14.5377789999999,34.4783330000001
-14.5288909999999,34.4686050000001
-14.519167,34.4605480000001
-14.4961129999999,34.446106
-14.4616679999999,34.426941
-14.429724,34.410828
-14.397223,34.388885
-14.389446,34.379166
-14.386391,34.3686069999999
-14.385557,34.358887
-14.44389,34.12944
-14.489445,33.8924940000001
-14.517778,33.7772220000001
-14.5330559999999,33.696388
-14.5397219999999,33.633331
-14.431667,33.531944
-14.32139,33.434998
-14.212778,33.349442
-14.205002,33.34333
-14.1480559999999,33.3036040000001
-14.137501,33.3011090000001
-14.0361119999999,33.257774
-14.012566,33.222229
-14.0061109999999,33.213333
-13.9991679999999,33.2058260000001
-13.991667,33.19944
-13.973612,33.1899950000001
-13.9361109999999,33.174164
-13.927223,33.169441
-13.922224,33.161659
-13.9763889999999,33.0836110000001
-13.985834,33.0741650000001
-13.934723,32.9899980000001
-13.820002,32.8991620000001
-13.709723,32.8327710000001
-13.698612,32.828888
-13.640556,32.785828
-13.636946,32.7761080000001
-13.641945,32.7541660000001
-13.63139,32.709999
-13.6225009999999,32.68972
-13.6161119999999,32.6799930000001
-13.60639,32.678886
-13.575279,32.6874920000001
-13.565001,32.6905520000001
-13.561945,32.701942
-13.56389,32.753326
-13.5444449999999,32.8052750000001
-13.538057,32.82222
-13.528612,32.831665
-13.4302789999999,32.896385
-13.3949999999999,32.9161070000001
-13.383612,32.9213869999999
-13.229168,32.977493
-13.146389,32.987221
-13.134724,32.985275
-13.0963899999999,32.9863820000001
-13.0369449999999,32.9927750000001
-13.002224,33.002777
-12.981112,33.0102770000001
-12.962778,33.0205540000001
-12.9411129999999,33.028885
-12.917223,33.0344390000001
-12.910278,33.0352710000001
-12.898613,33.034164
-12.8888889999999,33.03083
-12.880556,33.025551
-12.875,33.016388
-12.86389,32.9836040000001
-12.8580569999999,32.973328
-12.850557,32.9677730000001
-12.84,32.9647220000001
-12.768612,32.959442
-12.761667,32.9602740000001
-12.750834,32.964165
-12.6038889999999,33.046387
-12.589169,33.0636060000001
-12.5813899999999,33.07444
-12.580833,33.137772
-12.581667,33.1497190000001
-12.5847229999999,33.159439
-12.5938889999999,33.1691670000001
-12.585835,33.238052
-12.543335,33.3572160000001
-12.5375,33.370827
-12.4444449999999,33.4783330000001
-12.434723,33.4808270000001
-12.412779,33.4763870000001
-12.386112,33.5052720000001
-12.377808,33.528664
-12.368891,33.537773
-12.3594459999999,33.54583
-12.348612,33.5474930000001
-12.33889,33.546944
-12.327778,33.544441
-12.313612,33.4936070000001
-12.310835,33.483604
-12.3166679999999,33.4708330000001
-12.33639,33.4366610000001
-12.341391,33.4155500000001
-12.342501,33.404999
-12.3416669999999,33.3944400000001
-12.338612,33.38472
-12.3316669999999,33.374443
-12.3208349999999,33.3633270000001
-12.309723,33.3552700000001
-12.144445,33.2733310000001
-12.13139,33.2711110000001
-12.121946,33.270554
-12.0711119999999,33.274437
-12.0594459999999,33.278328
-12.049168,33.283607
-12.016945,33.3052750000001
-12.00139,33.312775
-11.9911119999999,33.315826
-11.8972229999999,33.3322220000001
-11.744722,33.330826
-11.618334,33.3255540000001
-11.607779,33.323608
-11.58639,33.3136060000001
-11.578611,33.303886
-11.570557,33.2844390000001
-11.569723,33.2733310000001
-11.57139,33.26194
-11.520279,33.2541659999999
-11.4238889999999,33.2433320000001
-11.4130569999999,33.244164
-11.403334,33.247215
-11.4038909999999,33.2633289999999
-11.368057,33.293053
-11.3002799999999,33.339439
-11.2155569999999,33.3911059999999
-11.19389,33.4008330000001
-11.17,33.409164
-11.156389,33.411659
-11.113056,33.384438
-11.093334,33.3611070000001
-11.082224,33.3508299999999
-11.072224,33.3436050000001
-10.897501,33.2502750000001
-10.8866669999999,33.250549
-10.87639,33.253609
-10.866112,33.2588880000001
-10.856112,33.2688830000001
-10.81389,33.344162
-10.7986129999999,33.396942
-10.803057,33.4177700000001
-10.807222,33.447777
-10.805557,33.4591600000001
-10.800835,33.4683300000001
-10.775557,33.5108260000001
-10.749445,33.540276
-10.73778,33.543327
-10.7261119999999,33.542221
-10.71389,33.5452730000001
-10.705833,33.550278
-10.647779,33.6047209999999
-10.621113,33.6377720000001
-10.603334,33.673607
-10.589169,33.6872180000001
-10.581112,33.693054
-10.572224,33.698883
-10.561857,33.7022780000001
-10.548613,33.6874920000001
-10.5007419999999,33.646561
-10.392502,33.5674970000001
-10.345835,33.5474930000001
-10.3355559999999,33.5441670000001
-10.323057,33.5438840000001
-10.296391,33.54583
-10.271112,33.5505520000001
-10.25139,33.559441
-10.238335,33.5611040000001
-10.2272219999999,33.559441
-10.220278,33.554718
-10.206112,33.5338819999999
-10.165279,33.4616619999999
-10.076113,33.333611
-10.06778,33.3241650000001
-10.056112,33.3230510000001
-9.99361199999998,33.330826
-9.93305600000002,33.359444
-9.81111099999993,33.3224950000001
-9.79888899999997,33.302498
-9.73138999999992,33.2386090000001
-9.71111300000001,33.226662
-9.69944600000002,33.222496
-9.68972399999996,33.2213820000001
-9.68000000000001,33.2244420000001
-9.67277899999999,33.2344440000001
-9.66805599999992,33.2352750000001
-9.65555599999993,33.234161
-9.63416699999999,33.229164
-9.60250099999996,33.2069400000001
-9.59805699999998,33.1349950000001
-9.62499999999994,33.1091610000001
-9.63166799999999,33.0722200000001
-9.63139000000001,33.0247190000001
-9.63127300000002,33.012878
-9.62480399999998,33.0041280000001
-9.61889300000001,32.996132
-9.48277899999999,32.9483260000001
-9.47194500000001,32.9458310000001
-9.45583299999998,32.943604
-9.41583399999996,32.9394380000001
-9.40507700000001,32.9403990000001
-9.40361200000001,32.9402770000001
-9.39611200000002,32.946388
-9.38416699999993,32.9677730000001
-9.373335,32.997772
-9.38000099999999,33.004715
-9.39499999999993,33.0169370000001
-9.40450399999992,33.0218510000001
-9.41336100000001,33.0264280000001
-9.42472299999997,33.0374980000001
-9.49027799999999,33.1258320000001
-9.49277899999998,33.12944
-9.49416699999995,33.1347200000001
---
