-0.690832999999998,73.17276
-0.68805599999996,73.161377
-0.683888999999965,73.1563720000001
-0.681667000000004,73.1633150000001
-0.681110999999987,73.167755
-0.681667000000004,73.1719210000001
-0.685833000000002,73.1769260000001
-0.689721999999961,73.1763760000001
---
-0.685277999999983,73.1924740000001
-0.684721999999965,73.1883090000001
-0.680833000000007,73.1883090000001
-0.667221999999924,73.2019350000001
-0.668888999999922,73.2052610000001
-0.671110999999939,73.204437
-0.675277999999992,73.2052610000001
-0.680833000000007,73.2013850000001
---
-0.668888999999922,73.1252590000001
-0.659167000000025,73.1205290000001
-0.656110999999953,73.119431
-0.653332999999975,73.1213680000001
-0.654721999999992,73.12442
-0.656110999999953,73.12442
-0.664721999999927,73.129974
-0.668888999999922,73.12915
---
-0.649721999999997,73.2280430000001
-0.64833299999998,73.2249910000001
-0.639722000000006,73.2244260000001
-0.632499999999936,73.226089
-0.619721999999967,73.2316590000001
-0.61749999999995,73.2338710000001
-0.61694399999999,73.2380370000001
-0.617777999999987,73.2422030000001
-0.620277999999985,73.2444310000001
-0.623332999999946,73.243591
-0.625556000000017,73.240265
-0.630277999999919,73.23526
-0.635556000000008,73.2322080000001
-0.648055999999997,73.2308199999999
---
-0.644166999999982,73.1172030000001
-0.643332999999984,73.113602
-0.606667000000016,73.0908200000001
-0.600278000000003,73.088043
-0.592221999999936,73.087204
-0.58527799999996,73.089432
-0.582499999999982,73.09137
-0.581388999999945,73.0944370000001
-0.581388999999945,73.0991520000001
-0.583054999999945,73.101929
-0.58638899999994,73.1033170000001
-0.602778000000001,73.0991520000001
-0.619999999999948,73.1094210000001
-0.635832999999934,73.1163790000001
---
-0.611943999999994,73.245819
-0.610555999999974,73.2427520000001
-0.607777999999996,73.2408139999999
-0.597778000000005,73.2366489999999
-0.594721999999933,73.2358090000001
-0.58555599999994,73.2358090000001
-0.582221999999945,73.2371980000001
-0.578610999999967,73.2427520000001
-0.576110999999969,73.2491459999999
-0.578610999999967,73.2508240000001
-0.588611000000014,73.246933
-0.605277999999998,73.248032
---
-0.307777999999985,73.4477540000001
-0.306388999999967,73.444702
-0.289444000000003,73.4297030000001
-0.286388999999929,73.428314
-0.283888999999931,73.4305420000001
-0.283610999999951,73.435257
-0.283888999999931,73.439148
-0.285277999999948,73.4424740000001
-0.288055999999926,73.4441380000001
-0.299443999999994,73.44693
---
0.211111000000074,73.1033170000001
0.213333000000034,73.1002660000001
0.221667000000025,73.094986
0.224722000000043,73.093872
0.228056000000038,73.095535
0.229444000000115,73.0991520000001
0.228889000000038,73.1033170000001
0.218889000000047,73.1080319999999
0.214722000000052,73.1088710000001
0.211944000000074,73.106934
---
0.229722000000038,73.211655
0.230833000000075,73.2077640000001
0.23361100000011,73.20665
0.240000000000066,73.209152
0.241110999999989,73.2133180000001
0.241110999999989,73.217484
0.239167000000066,73.2202610000001
0.235556000000088,73.2191470000001
0.230833000000075,73.214706
---
0.256666999999936,73.0430450000001
0.25777800000003,73.039429
0.261389000000008,73.034424
0.268611000000021,73.0322110000001
0.272778000000017,73.0330510000001
0.271944000000076,73.0358120000001
0.269999999999982,73.0369260000001
0.262222000000008,73.0430450000001
0.25944400000003,73.0449830000001
---
0.275832999999977,73.3708190000001
0.277221999999995,73.367752
0.28138899999999,73.367203
0.284443999999951,73.3685909999999
0.289167000000134,73.373306
0.290833000000134,73.3758090000001
0.291944000000058,73.3797
0.288610999999946,73.380814
0.285278000000062,73.379425
0.279999999999973,73.3758090000001
---
0.377777999999921,73.508881
0.383889000000011,73.5047150000001
0.387499999999989,73.5047150000001
0.390556000000061,73.5061040000001
0.392499999999984,73.508881
0.391110999999967,73.512207
0.387778000000083,73.513611
0.381944000000033,73.5138850000001
0.378332999999998,73.5130460000001
---
0.485000000000014,72.9422000000001
0.485554999999977,72.938034
0.492500000000121,72.935806
0.496944000000099,72.935806
0.499722000000077,72.937195
0.496389000000022,72.9410860000001
0.488611000000049,72.943039
---
0.496667000000116,73.4969330000001
0.496944000000099,73.4930420000001
0.504722000000072,73.4866490000001
0.508055000000013,73.487762
0.508055000000013,73.4922030000001
0.503889000000072,73.4972079999999
0.499722000000077,73.4980319999999
---
1.78083300000003,73.3710940000001
1.78250000000014,73.3638760000001
1.78444400000001,73.361099
1.788611,73.361374
1.79111100000011,73.3652650000001
1.793611,73.3674770000001
1.79527800000011,73.3702549999999
1.79527800000011,73.374695
1.79083300000002,73.379425
1.78388899999993,73.377197
1.78166700000014,73.374695
---
1.79305500000004,73.3952640000001
1.793611,73.3916630000001
1.80361099999999,73.3958280000001
1.80638899999997,73.397766
1.80638899999997,73.4005430000001
1.80722199999997,73.404434
1.80583300000001,73.4077610000001
1.80250000000007,73.409149
1.79888900000009,73.408035
1.79666700000007,73.4055480000001
1.79388900000009,73.399155
---
1.83027800000002,73.2897030000001
1.83027800000002,73.2944340000001
1.82611100000003,73.299423
1.82138900000012,73.299423
1.81916600000005,73.2972109999999
1.81833300000005,73.2933200000001
1.82305500000012,73.2844239999999
1.82666700000004,73.283325
1.83027800000002,73.2844239999999
1.83194400000002,73.287201
---
1.82166599999994,73.4983220000001
1.82305500000012,73.49498
1.82666700000004,73.496094
1.83222200000012,73.4997100000001
1.84527799999995,73.5138850000001
1.84722200000004,73.5166630000001
1.84277700000001,73.5183260000001
1.83638900000011,73.5158230000001
1.8308330000001,73.511932
1.82666700000004,73.506943
---
1.88499999999999,73.245529
1.88611100000008,73.2419280000001
1.89416600000004,73.2427520000001
1.89666700000004,73.2449800000001
1.89833300000004,73.247757
1.89694400000002,73.2510990000001
1.89250000000004,73.2519380000001
1.88916600000005,73.250549
---
1.88777800000014,73.5449830000001
1.88916600000005,73.541931
1.89194400000002,73.5399780000001
1.89611100000002,73.5408170000001
1.93722200000002,73.549713
1.93611099999993,73.5533140000001
1.93250000000012,73.5533140000001
1.91972199999998,73.554153
1.89999999999992,73.5510860000001
1.89638900000011,73.549988
---
1.962222,73.5510860000001
1.96416600000003,73.5483250000001
1.97500000000014,73.5455320000001
1.97833300000002,73.5472110000001
1.97638800000004,73.5502619999999
1.97333300000003,73.5522000000001
1.96499999999998,73.5530400000001
---
1.981111,73.318054
1.98250000000002,73.3146970000001
1.98638800000003,73.3138730000001
1.98916600000001,73.3152620000001
1.99138900000008,73.3174900000001
1.99555499999997,73.3224950000001
1.99472199999997,73.326096
1.99000000000007,73.3266600000001
1.98500000000007,73.3230440000001
---
2.09166600000003,73.5638730000001
2.09305500000005,73.560532
2.09611000000001,73.5591430000001
2.09944400000001,73.560532
2.10999999999996,73.567764
2.11277700000005,73.579437
2.11305499999997,73.5836030000001
2.11305499999997,73.5880430000001
2.11083299999996,73.590271
2.10750000000007,73.5888820000001
---
2.18916600000006,73.1205290000001
2.18972200000007,73.116653
2.19388799999996,73.1116490000001
2.19694400000003,73.1102600000001
2.19944400000014,73.112488
2.19972100000012,73.11554
2.19694400000003,73.1219180000001
2.19472200000007,73.12442
2.19055500000007,73.1238710000001
---
2.31249999999994,72.9283140000001
2.3225000000001,72.919983
2.32666599999999,72.9205319999999
2.32888800000001,72.9227600000001
2.3275000000001,72.9263760000001
2.32527700000003,72.929153
2.31833300000011,72.931366
2.31444400000004,72.930817
---
2.38138799999996,73.3652650000001
2.38222200000007,73.361923
2.43388800000014,73.349716
2.4375,73.348877
2.44083300000011,73.350266
2.44000000000011,73.3538670000001
2.43722200000013,73.354431
2.42305499999998,73.363602
2.40972099999999,73.3685909999999
2.40555500000011,73.3688660000001
2.38861100000003,73.367203
2.38444400000003,73.366653
---
2.49083300000001,73.31694
2.49194400000005,73.313599
2.49805500000014,73.3105320000001
2.50166700000005,73.3097080000001
2.50472200000002,73.311096
2.50583299999994,73.3149869999999
2.49666599999995,73.320267
2.49249900000001,73.319717
---
2.68138799999997,72.8713680000001
2.68277699999999,72.868591
2.684999,72.866379
2.68888800000008,72.8649900000001
2.69611000000003,72.866379
2.69749900000005,72.869705
2.69416599999994,72.8727569999999
2.68472100000008,72.877472
2.68138799999997,72.876083
---
2.73444399999994,73.0208280000001
2.73694400000005,73.0188750000001
2.74166600000012,73.0224909999999
2.74749900000012,73.0308229999999
2.74749900000012,73.0349879999999
2.74333300000001,73.034424
2.73611100000005,73.0280460000001
2.73444399999994,73.025269
---
2.76861000000014,73.355255
2.76916599999998,73.3516540000001
2.77083300000004,73.348877
2.77500000000003,73.3480380000001
2.77916599999992,73.3474880000001
2.78194400000012,73.349426
2.78055500000011,73.3527680000001
2.77833299999992,73.353592
2.77555500000011,73.35582
2.77166600000004,73.356644
---
2.94388800000002,73.0119320000001
2.94416600000011,73.0077670000001
2.94694400000009,73.005829
2.95055500000007,73.0066530000001
2.95333300000004,73.008606
2.95472200000006,73.0122070000001
2.95388799999995,73.0155490000001
2.95166599999999,73.0177610000001
2.94694400000009,73.0177610000001
---
2.94777700000009,73.5763850000001
2.95055500000007,73.5744320000001
2.96611100000001,73.5822140000001
2.96749899999992,73.585541
2.96444400000013,73.5869290000001
2.96166599999998,73.586105
2.95750000000004,73.584991
2.95166599999999,73.5819400000001
2.94888800000001,73.579987
---
3.10166599999997,72.9780430000001
3.10249899999997,72.974991
3.10472200000004,72.972763
3.10805499999998,72.973877
3.11027800000005,72.9780430000001
3.11083300000013,72.9827579999999
3.10833300000007,72.984985
3.104444,72.984985
3.10194400000006,72.9822080000001
---
3.36638799999997,73.5838780000001
3.36805500000008,73.5813749999999
3.37222099999997,73.5816649999999
3.37444400000004,73.5836030000001
3.37638800000013,73.5869290000001
3.37694399999998,73.59082
3.37277699999999,73.59137
3.36777699999999,73.5872039999999
---
3.44638799999996,73.748596
3.45111100000014,73.747757
3.45249900000005,73.751389
3.45000000000005,73.7536010000001
3.44638799999996,73.753326
---
3.50916599999999,72.790817
3.51111100000003,72.7880400000001
3.51388900000001,72.789703
3.51694399999997,72.793869
3.51694399999997,72.798599
3.51555500000001,72.8016510000001
3.51333299999999,72.804153
3.51027800000003,72.8027650000001
---
3.53694400000012,72.9116520000001
3.53777700000012,72.9080349999999
3.54194400000011,72.9086
3.54472200000009,72.9102630000001
3.55888799999997,72.923599
3.55972099999997,72.9272000000001
3.5569440000001,72.929153
3.55194400000011,72.9285890000001
3.54416700000002,72.9227600000001
---
3.71277700000007,72.6941380000001
3.71472200000005,72.6913600000001
3.72055500000005,72.687759
3.72472099999993,72.687759
3.72694400000006,72.692749
3.72611000000012,72.6966400000001
3.72416600000003,72.699417
3.72055500000005,72.7002720000001
3.71694400000007,72.699417
3.71416600000009,72.6974790000001
---
3.93000000000001,73.4677580000001
3.93222200000002,73.465546
3.9377770000001,73.4691470000001
3.94,73.471375
3.94222199999996,73.4774780000001
3.94055500000007,73.4802700000001
3.93722199999996,73.478867
3.93305500000002,73.4738770000001
---
3.99499900000012,72.7055510000001
3.99777699999993,72.699142
4.000833,72.6977540000001
4.00277700000009,72.700546
4.00333300000011,72.7033230000001
4.00361100000003,72.707764
4.00194400000009,72.7105410000001
3.99833300000012,72.7113800000001
3.99555500000014,72.7097170000001
---
4.09083299999998,73.5102690000001
4.09138800000005,73.5061040000001
4.09361099999995,73.5038760000001
4.09638800000005,73.501938
4.09999900000008,73.501099
4.10472099999998,73.500549
4.10694299999994,73.5030520000001
4.10583200000002,73.506653
4.10361000000006,73.5083310000001
4.10083200000008,73.510818
4.09777700000006,73.512207
4.09361099999995,73.512207
---
4.16277700000006,73.495255
4.16777700000006,73.4910890000001
4.17138800000009,73.4902650000001
4.17499900000007,73.4910890000001
4.17833199999995,73.497482
4.17916600000007,73.501663
4.17861000000005,73.505264
4.17638800000003,73.507492
4.17222100000009,73.508606
4.16583299999996,73.506378
4.16416500000003,73.5036010000001
---
4.17638800000003,73.51915
4.17694400000005,73.5149990000001
4.17916600000007,73.512772
4.18222100000003,73.5113830000001
4.18638700000014,73.5116580000001
4.19555400000013,73.5163880000001
4.197498,73.51915
4.19138700000013,73.5186
---
4.26638800000001,72.963043
4.26722100000001,72.967209
4.26722100000001,72.9758150000001
4.26555500000001,72.978592
4.26166599999993,72.9777680000001
4.26055500000001,72.9744259999999
4.26222100000001,72.962494
4.26444400000014,72.960266
4.26861000000002,72.9597170000001
---
4.87555400000014,72.9674840000001
4.879999,72.967758
4.89805500000006,72.9702609999999
4.89972100000006,72.972488
4.90111100000013,72.9802700000001
4.895555,72.979431
4.87777599999993,72.9697110000001
---
5.27194399999996,73.569443
5.273889,73.5666660000001
5.27749900000009,73.56694
5.28694300000006,73.589706
5.28611000000006,73.593323
5.28277699999995,73.5938720000001
5.27833299999998,73.5941470000001
5.27360999999996,73.589706
---
5.36111000000005,73.3160860000001
5.36527599999994,73.3149869999999
5.36694300000005,73.318054
5.36833200000001,73.323318
5.36916500000001,73.3274840000001
5.36888800000003,73.3311
5.36666600000001,73.3336029999999
5.36388800000003,73.331665
5.36111000000005,73.320267
---
5.38166500000011,73.63472
5.38333300000011,73.631927
5.38694400000009,73.631088
5.39110999999997,73.6305390000001
5.39972099999994,73.631088
5.40749899999992,73.6297000000001
5.41361000000001,73.626648
5.41805500000009,73.621918
5.42083300000007,73.6202550000001
5.41861,73.6297000000001
5.41527700000012,73.6358180000001
5.41277700000001,73.6374970000001
5.40861000000001,73.6385960000001
5.40111100000001,73.6372070000001
5.39444400000014,73.63472
5.38555500000007,73.6352689999999
---
5.70694400000002,73.3822020000001
5.70805500000012,73.378586
5.71222100000006,73.378036
5.73860999999999,73.386383
5.74194300000005,73.387772
5.74083199999995,73.3916630000001
5.73777699999999,73.3930510000001
5.72861,73.3927610000001
5.72499900000003,73.391937
5.70972200000006,73.384155
---
5.75805500000001,72.984985
5.75888800000001,72.981659
5.76166599999999,72.9799800000001
5.76527699999997,72.979156
5.768888,72.9799800000001
5.77166599999998,72.981659
5.77083299999998,72.9869229999999
5.76749899999999,72.9885860000001
5.76111000000003,72.991364
---
5.82583199999993,73.4324800000001
5.82722200000001,73.4297030000001
5.8308320000001,73.4308169999999
5.84833199999997,73.445526
5.85055399999999,73.4477540000001
5.84916600000008,73.4510960000001
5.84444300000007,73.4510960000001
5.84083299999998,73.4499970000001
5.83722100000011,73.4491420000001
5.832222,73.4449770000001
5.82722200000001,73.4363710000001
---
5.84666599999997,72.9685969999999
5.84749899999997,72.9649960000001
5.86083200000002,72.9597170000001
5.86499900000001,72.9594270000001
5.86777700000005,72.961105
5.86444400000011,72.9638820000001
5.86138800000003,72.9658200000001
5.85444399999994,72.968048
5.85083200000008,72.9688720000001
---
5.90083199999992,73.4299770000001
5.90166600000003,73.426376
5.90361000000013,73.423599
5.90722199999999,73.422211
5.91166600000003,73.422211
5.91277700000012,73.425262
5.9113880000001,73.4294280000001
5.90583199999992,73.433594
5.90222200000005,73.433044
---
5.95444400000008,73.3947140000001
5.96666600000003,73.379425
5.97138799999993,73.379425
5.97305500000004,73.3822020000001
5.97249900000003,73.386383
5.97027700000007,73.389984
5.96860999999996,73.393326
5.96305500000005,73.396942
5.95527700000008,73.398331
---
5.95361000000003,72.931366
5.95499899999999,72.9283140000001
5.95777699999996,72.9263760000001
5.96916599999997,72.9241490000001
5.97194400000012,72.9260860000001
5.97333200000003,72.929153
5.97138799999993,72.931931
5.96916599999997,72.931931
5.96083300000009,72.9333189999999
---
6.17527700000011,73.2686
6.1811100000001,73.265274
6.18527599999999,73.264435
6.19166600000005,73.2669370000001
6.19305399999996,73.269989
6.18944299999998,73.271103
6.18527599999999,73.270538
---
6.22694400000006,73.2438660000001
6.22749899999997,73.2397
6.22916600000008,73.2369230000001
6.231943,73.23526
6.23610999999994,73.234711
6.23972099999997,73.2419280000001
6.23888799999997,73.245819
6.23666600000013,73.248032
6.231943,73.248032
---
6.31472100000013,73.202484
6.31610999999998,73.1994170000001
6.32083300000011,73.1902620000001
6.32472100000012,73.190811
6.3266660000001,73.1935880000001
6.3274990000001,73.1972050000001
6.3274990000001,73.2016600000001
6.32472100000012,73.2041630000001
6.32166600000011,73.204987
6.31749899999994,73.204437
---
6.42749900000007,73.0474850000001
6.42777600000005,73.0433200000001
6.42999900000012,73.0408169999999
6.43333200000006,73.039429
6.44055500000013,73.040543
6.444165,73.041367
6.44527600000009,73.045258
6.441666,73.0491489999999
6.437499,73.050262
6.42916600000012,73.050262
---
6.65611000000007,73.0633090000001
6.65749900000003,73.0599820000001
6.66555499999993,73.0613710000001
6.67194400000011,73.064148
6.672776,73.0680540000001
6.66805500000004,73.069717
6.66138799999993,73.0674900000001
---
6.69638700000013,73.0969390000001
6.69722100000007,73.0933230000001
6.71388800000011,73.0997160000001
6.71555499999999,73.1024780000001
6.71333299999998,73.1047060000001
6.70999900000004,73.106094
6.69916499999994,73.1033170000001
6.69694299999998,73.1010890000001
---
6.72527700000006,73.1341550000001
6.72611000000006,73.1305390000001
6.72916600000013,73.12915
6.73388800000004,73.12915
6.73694300000005,73.1305390000001
6.77999999999992,73.156937
6.78416499999992,73.161926
6.7822220000001,73.164703
6.77444400000013,73.1633150000001
6.75750000000005,73.1572110000001
6.74472100000003,73.1513820000001
6.73388800000004,73.143875
6.72638799999999,73.136932
---
6.83055500000006,73.181931
6.83111100000008,73.1991420000001
6.82888800000001,73.2016600000001
6.82360999999992,73.197479
6.81916600000011,73.1883090000001
6.81860999999992,73.1841430000001
6.81999999999999,73.180817
6.82277699999992,73.178589
6.82972100000001,73.1766510000001
6.8333330000001,73.1777650000001
6.8325000000001,73.1813660000001
---
6.88222099999996,73.202209
6.88249900000005,73.198029
6.88499899999994,73.195526
6.88944300000014,73.195526
6.893055,73.2016600000001
6.89777800000002,73.2063750000001
6.90722199999999,73.209991
6.9113880000001,73.209427
6.91749899999996,73.2063750000001
6.92138800000004,73.205826
6.92499900000007,73.2072140000001
6.92638800000003,73.209991
6.92472099999998,73.212769
6.91861000000006,73.2141570000001
6.90555500000011,73.214996
6.89777800000002,73.2141570000001
6.89083300000004,73.2119290000001
6.88527700000003,73.208038
6.88361100000003,73.2052610000001
---
6.94611000000009,73.195251
6.94805400000001,73.1924740000001
6.95111099999997,73.19165
6.95527700000008,73.191086
6.9713880000001,73.19165
6.97861000000012,73.1935880000001
6.97861000000012,73.197754
6.9713880000001,73.1985930000001
6.95166600000005,73.1994170000001
6.947498,73.198868
---
7.01027800000003,72.9833220000001
7.0116660000001,72.9799800000001
7.02416599999998,72.974152
7.02722200000005,72.972763
7.02944400000007,72.974991
7.02777699999996,72.9799800000001
7.01944400000008,72.986099
7.01527700000008,72.9869229999999
7.01222100000001,72.985535
---
7.08027700000014,72.91304
7.08222200000012,72.9102630000001
7.09305500000011,72.9027710000001
7.09527700000007,72.9052580000001
7.09638799999999,72.908875
7.09499900000003,72.911926
7.09277700000001,72.91304
7.08583299999992,72.9158170000001
7.08166599999993,72.9160920000001
---
