19.6013870000001,-16.4325029999999
19.6038860000001,-16.4369469999999
19.6177749999999,-16.451389
19.622219,-16.453892
19.6941639999999,-16.461113
19.6997180000001,-16.460003
19.8022190000001,-16.41917
19.810555,-16.413891
19.862499,-16.3552779999999
19.8655550000001,-16.350834
19.8663860000001,-16.344448
19.863888,-16.339725
19.8599970000001,-16.33667
19.853886,-16.335556
19.801388,-16.344723
19.7902760000001,-16.347225
19.7361110000001,-16.360558
19.730553,-16.3619459999999
19.68111,-16.38028
19.652496,-16.39278
19.638332,-16.399445
19.6258320000001,-16.407501
19.618053,-16.413891
19.6036110000001,-16.4275019999999
---
25.9144440000001,-6.30416699999995
25.9044420000001,-6.286112
25.645554,-5.85777899999999
25.624722,-5.82194500000003
25.514788,-5.64166799999998
25.299999,-5.289445
25.0708309999999,-4.91888899999998
25.049721,-4.88361199999997
25.0058330000001,-4.81305599999996
25.0002749999999,-4.80611099999999
24.999443,-4.86666700000001
24.999443,-4.96666699999997
25.0000000000001,-5.76722199999995
24.999443,-6.13388900000001
24.999443,-6.29972299999997
25.0000000000001,-6.36694499999999
25.0000000000001,-6.50027799999992
24.9991650000001,-6.577223
24.6325,-6.53333400000002
24.562775,-6.52388999999994
24.4580540000001,-6.51111099999997
24.161388,-6.475278
23.878765,-6.44179800000001
23.2547190000001,-6.36694499999999
22.9902610000001,-6.33595800000001
22.906387,-6.32583399999999
22.855553,-6.31972300000001
22.6686100000001,-6.29888899999997
22.0391650000001,-6.22611099999995
21.88583,-6.20833399999998
21.596386,-6.17444499999999
21.4088859999999,-6.15305599999994
21.2211070000001,-6.13222300000001
20.9994430000001,-6.10722299999998
20.747219,-6.07749999999993
20.559444,-6.05527799999999
20.149166,-6.00666699999994
19.8663860000001,-5.97416700000002
19.7124980000001,-5.95666699999998
19.369999,-5.91833399999996
19.215832,-5.90111200000001
19.061665,-5.88444500000003
18.78722,-5.85388899999992
18.649998,-5.83777799999996
18.341389,-5.80333399999995
18.152496,-5.78277800000001
17.831108,-5.74777799999998
17.350277,-5.69444499999992
16.7486080000001,-5.62805600000002
16.507774,-5.60138899999998
16.3280530000001,-5.33499999999998
16.135277,-5.3725
16.066387,-5.38611100000003
15.894444,-5.42027899999994
15.567221,-5.48388999999997
15.515554,-5.49361099999999
15.4983710000001,-5.49504999999994
15.499443,-5.58361100000002
15.504444,-5.95888899999994
15.5027810000001,-6.30797899999993
15.503611,-6.31916699999999
15.504444,-6.42639000000003
15.5058330000001,-6.65861100000001
15.5072210000001,-7.01888899999994
15.5058330000001,-7.35833399999996
15.5049990000001,-7.50111199999998
15.5033320000001,-7.66222299999998
15.5008319999999,-8.00138999999996
15.50111,-8.04222299999998
15.5016649999999,-8.06000099999994
15.5008319999999,-8.50508699999995
15.501389,-8.51388899999995
15.50111,-8.58527899999996
15.4983329999999,-8.99638899999997
15.4983329999999,-9.03694499999995
15.498888,-9.09055699999993
15.4982170000001,-9.18466899999993
15.49861,-9.22638899999998
15.4997220000001,-9.33361199999996
15.56361,-9.33249999999998
15.668888,-9.31305700000001
15.68611,-9.31055599999996
15.7047210000001,-9.33805699999999
15.596943,-9.44250099999999
15.4788880000001,-9.415279
15.444721,-9.40833499999997
15.443888,-9.411112
15.43111,-9.66083300000003
15.429998,-9.69666699999993
15.409166,-9.73916800000001
15.4019430000001,-9.753334
15.3905540000001,-9.77027900000002
15.3855550000001,-9.77916699999992
15.378332,-9.79333499999996
15.3755550000001,-9.80499999999995
15.373888,-9.81778000000003
15.366943,-10.032778
15.366943,-10.060556
15.3686100000001,-10.086945
15.372776,-10.118057
15.408054,-10.212778
15.436943,-10.287224
15.4388890000001,-10.292223
15.441387,-10.3036119999999
15.4411110000001,-10.31778
15.437222,-10.470001
15.4338870000001,-10.5600009999999
15.43222,-10.565556
15.429165,-10.5841669999999
15.428055,-10.605001
15.430277,-10.6500019999999
15.431204,-10.667896
15.4330540000001,-10.682222
15.4389020000001,-10.716387
15.3799990000001,-10.7180559999999
15.3688890000001,-10.720835
15.345276,-10.7313899999999
15.3375,-10.73778
15.312777,-10.762222
15.3099990000001,-10.76639
15.20611,-10.8480569999999
15.113855,-10.8934839999999
15.1068740000001,-10.899637
15.1247220000001,-10.9144459999999
15.194443,-10.971111
15.2033330000001,-10.976667
15.223055,-10.985001
15.242777,-10.993057
15.3747220000001,-11.172501
15.3941649999999,-11.200001
15.4199980000001,-11.236946
15.431389,-11.253889
15.4555550000001,-11.286667
15.4749980000001,-11.302223
15.5244430000001,-11.3372229999999
15.5733320000001,-11.36389
15.5780540000001,-11.36639
15.626665,-11.409168
15.633333,-11.4163889999999
15.635832,-11.420834
15.638054,-11.426111
15.643332,-11.455278
15.6463870000001,-11.494167
15.6372200000001,-11.503056
15.5963880000001,-11.537779
15.548054,-11.595278
15.5430549999999,-11.604168
15.5263880000001,-11.6375009999999
15.5241660000001,-11.6422229999999
15.5449980000001,-11.711668
15.525833,-11.710835
15.5058330000001,-11.711113
15.50111,-11.7130569999999
15.4938890000001,-11.720278
15.482498,-11.736946
15.4788880000001,-11.740557
15.4741649999999,-11.7425
15.4386100000001,-11.7550009999999
15.3211099999999,-11.7952789999999
15.195276,-11.8322239999999
15.097221,-11.846668
15.0529120000001,-11.845564
15.048353,-11.843109
15.044117,-11.839857
15.042221,-11.8350009999999
15.043888,-11.829445
15.050833,-11.8225
15.053055,-11.817501
15.053888,-11.811111
15.0519430000001,-11.806112
15.0486110000001,-11.802502
15.032221,-11.797501
15.013054,-11.7955569999999
15.006943,-11.7961119999999
14.9249990000001,-11.815279
14.863054,-11.841391
14.8408320000001,-11.8669449999999
14.774166,-11.969723
14.7688879999999,-11.978889
14.725321,-12.0574839999999
14.7259580000001,-12.062445
14.735554,-12.087778
14.7436099999999,-12.100834
14.768332,-12.175001
14.7643850000001,-12.2448329999999
14.7858309999999,-12.283611
14.853054,-12.395834
14.90111,-12.445557
14.9049990000001,-12.448612
14.915277,-12.452501
14.9283330000001,-12.453611
14.9394440000001,-12.451113
14.9458330000001,-12.450556
14.951111,-12.452223
15.000277,-12.4736119999999
15.0049990000001,-12.4761119999999
15.0088880000001,-12.4788889999999
15.0155540000001,-12.4863889999999
15.0988880000001,-12.6266669999999
15.100832,-12.6319449999999
15.1058330000001,-12.654724
15.1047210000001,-12.668335
15.1024990000001,-12.673334
15.087912,-12.6859779999999
15.0977760000001,-12.7080569999999
15.1496520000001,-12.783442
15.208055,-12.849724
15.2513890000001,-12.889446
15.261665,-12.893333
15.2661090000001,-12.8905559999999
15.2688880000001,-12.8863909999999
15.267221,-12.874168
15.265276,-12.869446
15.2627770000001,-12.8577789999999
15.2636110000001,-12.851389
15.266666,-12.847223
15.270277,-12.843889
15.286943,-12.84
15.2922210000001,-12.84
15.298611,-12.841112
15.308054,-12.845835
15.322777,-12.8588909999999
15.326111,-12.8627799999999
15.337221,-12.879446
15.3516650000001,-12.907223
15.357222,-12.922501
15.363888,-12.929724
15.368055,-12.9325009999999
15.372776,-12.9350009999999
15.389166,-12.9400009999999
15.396111,-12.9402789999999
15.4941650000001,-12.955557
15.499443,-12.956945
15.503611,-12.960279
15.5061089999999,-12.9647239999999
15.5061089999999,-12.971668
15.5000000000001,-12.9872229999999
15.4808330000001,-13.047501
15.479443,-13.053057
15.479166,-13.060001
15.480276,-13.065834
15.4966660000001,-13.0916669999999
15.508606,-13.099934
15.5197220000001,-13.104445
15.525833,-13.103889
15.531387,-13.102501
15.6294440000001,-13.184723
15.6805550000001,-13.245834
15.929443,-13.324722
16.051666,-13.392778
16.0591660000001,-13.3980559999999
16.1322210000001,-13.520557
16.136108,-13.5730569999999
16.134998,-13.5866679999999
16.115833,-13.639723
16.10083,-13.660002
16.09861,-13.6647219999999
16.0975,-13.671112
16.098888,-13.676945
16.1247220000001,-13.706112
16.131943,-13.712778
16.1388850000001,-13.712778
16.1494410000001,-13.709723
16.1669430000001,-13.698891
16.171665,-13.697779
16.177219,-13.697779
16.181942,-13.700279
16.1847190000001,-13.704723
16.1849980000001,-13.711113
16.180553,-13.720835
16.1388850000001,-13.8091679999999
16.131664,-13.823057
16.230553,-13.966112
16.237221,-13.973333
16.295555,-13.985001
16.3016660000001,-13.984446
16.3066640000001,-13.9825
16.3577770000001,-14.029724
16.5386090000001,-14.213335
16.547775,-14.225
16.6325,-14.336945
16.638611,-14.345278
16.640831,-14.355278
16.6502760000001,-14.4161129999999
16.6374970000001,-14.4505559999999
16.6338880000001,-14.4541679999999
16.6316640000001,-14.4591669999999
16.626663,-14.4986109999999
16.6261100000001,-14.511391
16.6272200000001,-14.633612
16.6297190000001,-14.6380559999999
16.640553,-14.6413899999999
16.643887,-14.645
16.644444,-14.75639
16.6372180000001,-14.854723
16.6352770000001,-14.9069459999999
16.642776,-14.946667
16.645275,-14.951113
16.649998,-14.953611
16.6555520000001,-14.955278
16.6725540000001,-14.958094
16.679996,-14.9591669999999
16.6894419999999,-14.96389
16.6924970000001,-14.974724
16.693054,-14.981112
16.6913870000001,-14.9869459999999
16.685555,-14.9952789999999
16.681942,-14.99889
16.6741640000001,-15.003334
16.6694410000001,-15.003889
16.6547200000001,-15.009724
16.6419410000001,-15.017778
16.635555,-15.0255569999999
16.6080549999999,-15.088335
16.5597190000001,-15.232779
16.558887,-15.239168
16.5616649999999,-15.355001
16.5794409999999,-15.441389
16.5566640000001,-15.51
16.513332,-15.576389
16.4811100000001,-15.6702789999999
16.479443,-15.683334
16.4788860000001,-15.690556
16.479443,-15.696945
16.482777,-15.714445
16.488888,-15.7483349999999
16.5016630000001,-15.8230569999999
16.5116650000001,-15.882223
16.5130540000001,-15.894445
16.512497,-15.907501
16.506943,-15.9238889999999
16.4899980000001,-15.9855559999999
16.480274,-16.048889
16.4808310000001,-16.0525019999999
16.4852750000001,-16.060558
16.4886090000001,-16.0644449999999
16.5188870000001,-16.097504
16.523609,-16.0997239999999
16.5297200000001,-16.0994449999999
16.534443,-16.100281
16.543331,-16.105835
16.5497210000001,-16.113335
16.5516660000001,-16.118336
16.5527760000001,-16.1241679999999
16.5519410000001,-16.145836
16.5197220000001,-16.280834
16.514442,-16.2897219999999
16.503609,-16.300003
16.494442,-16.304726
16.4586110000001,-16.3208349999999
16.4538880000001,-16.322781
16.3838880000001,-16.344448
16.3783299999999,-16.345837
16.322777,-16.357502
16.2788890000001,-16.365837
16.268608,-16.369167
16.2277760000001,-16.383057
16.2199970000001,-16.387779
16.2166630000001,-16.390835
16.210552,-16.399445
16.2066650000001,-16.410004
16.094166,-16.506947
16.060249,-16.527679
16.0958330000001,-16.529167
16.3016660000001,-16.537224
16.3219410000001,-16.530281
16.3352780000001,-16.523056
16.373886,-16.506947
16.4033320000001,-16.495556
16.4661100000001,-16.4769479999999
16.4822200000001,-16.4727779999999
16.5052760000001,-16.468891
16.529999,-16.467224
16.549999,-16.468891
16.603054,-16.4694479999999
16.61972,-16.465836
16.679722,-16.444447
16.7633319999999,-16.411114
16.7827760000001,-16.403336
16.9372220000001,-16.340279
17.001663,-16.301113
17.025833,-16.283337
17.0377770000001,-16.274723
17.0547220000001,-16.263889
17.063889,-16.259167
17.198055,-16.200836
17.2366640000001,-16.184723
17.3522190000001,-16.136948
17.3619420000001,-16.133057
17.487499,-16.095837
17.5083310000001,-16.0897249999999
17.5897220000001,-16.069447
17.6113849999999,-16.0641669999999
17.7280540000001,-16.039448
17.741108,-16.039448
17.926109,-16.037224
18.080555,-16.028614
18.161388,-16.035278
18.1736110000001,-16.037224
18.190552,-16.041668
18.19611,-16.043335
18.1999970000001,-16.046669
18.2355540000001,-16.051392
18.363052,-16.063057
18.36972,-16.063335
18.382221,-16.0624999999999
18.404442,-16.0577809999999
18.422497,-16.055557
18.434719,-16.0577809999999
18.4637530000001,-16.0648
18.491943,-16.071945
18.518887,-16.080559
18.534443,-16.0863909999999
18.5788879999999,-16.105835
18.689999,-16.144447
18.7555540000001,-16.150558
18.870831,-16.1713909999999
18.9130550000001,-16.179169
18.939442,-16.188057
19.0027200000001,-16.219242
19.0433310000001,-16.232224
19.094444,-16.2577779999999
19.1111110000001,-16.269447
19.127777,-16.2813909999999
19.2024989999999,-16.347504
19.205555,-16.351112
19.2163890000001,-16.368336
19.2554020000001,-16.4630619999999
19.3363880000001,-16.499168
19.352219,-16.5116689999999
19.3694420000001,-16.463058
19.36972,-16.456112
19.3716660000001,-16.4427799999999
19.3922200000001,-16.382778
19.395275,-16.378613
19.422497,-16.349445
19.437496,-16.335556
19.467499,-16.309448
19.52972,-16.284168
19.536388,-16.2844469999999
19.5419430000001,-16.2861139999999
19.5452770000001,-16.290001
19.532221,-16.351891
19.5280550000001,-16.360723
19.526386,-16.363224
19.4858320000001,-16.42028
19.475277,-16.430557
19.4647219999999,-16.433891
19.4530530000001,-16.4325029999999
19.4469410000001,-16.431393
19.4438860000001,-16.42778
19.437496,-16.428059
19.408886,-16.440556
19.406666,-16.445557
19.4072190000001,-16.464447
19.4105530000001,-16.468334
19.415833,-16.4686129999999
19.4427760000001,-16.468891
19.454441,-16.468891
19.536388,-16.427223
19.5596660000001,-16.40539
19.5738319999999,-16.3852229999999
19.5779969999999,-16.3810579999999
19.629444,-16.337223
19.6380540000001,-16.3316689999999
19.7911110000001,-16.233612
19.7966650000001,-16.232502
19.8872180000001,-16.2433359999999
20.0008320000001,-16.216667
20.2230530000001,-16.1963919999999
20.2291640000001,-16.1972239999999
20.2858310000001,-16.23278
20.2897190000001,-16.236115
20.2927740000001,-16.245556
20.3774990000001,-16.314167
20.432777,-16.337223
20.5261080000001,-16.377781
20.603054,-16.415836
20.669441,-16.452225
20.7249980000001,-16.493057
20.726944,-16.498337
20.7366640000001,-16.525558
20.7330550000001,-16.529167
20.728054,-16.531391
20.7047200000001,-16.534447
20.627499,-16.53278
20.5755540000001,-16.530003
20.564163,-16.539722
20.5605550000001,-16.543335
20.5638890000001,-16.547226
20.5899960000001,-16.577503
20.6108320000001,-16.5997239999999
20.661388,-16.648335
21.1136090000001,-16.889168
21.137775,-16.9005579999999
21.1472210000001,-16.905834
21.1583330000001,-16.915836
21.1616630000001,-16.919724
21.1605530000001,-16.926113
21.153332,-16.933056
21.0655520000001,-16.987782
21.017498,-17.001392
21.015924,-16.996946
21.012497,-16.993893
20.97472,-16.995556
20.8447190000001,-17.02528
20.7830540000001,-17.044724
20.7640950000001,-17.05233
20.892498,-17.0755579999999
20.9055520000001,-17.0755579999999
20.9208300000001,-17.070278
20.9744420000001,-17.049168
21.0041660000001,-17.038059
21.128052,-16.995003
21.300552,-16.960556
21.334999,-16.954445
21.338333,-16.953056
21.339722,-16.604725
21.339722,-16.146114
21.3388860000001,-16.01778
21.338608,-15.892223
21.338284,-15.741997
21.337498,-15.2255569999999
21.3363880000001,-15.00528
21.338608,-14.687223
21.3405530000001,-14.467224
21.341667,-14.303474
21.3422200000001,-14.285278
21.3424989999999,-13.908335
21.3399959999999,-13.376945
21.3380550000001,-12.999723
21.4233320000001,-13.0050009999999
21.7977750000001,-13.031389
22.0338860000001,-13.0477789999999
22.085831,-13.05139
22.20472,-13.059168
22.3238870000001,-13.066389
22.49361,-13.077501
22.5000000000001,-13.0780999999999
22.520275,-13.080002
22.5708310000001,-13.094168
22.7575000000001,-13.150278
22.8091659999999,-13.13389
22.8930550000001,-13.105278
22.9627760000001,-13.0494459999999
23.0247190000001,-12.9983349999999
23.1824990000001,-12.7450009999999
23.250832,-12.6366669999999
23.2761689999999,-12.5974289999999
23.2913860000001,-12.57139
23.318607,-12.365835
23.380554,-12.23139
23.4297220000001,-12.0988899999999
23.4544410000001,-12.000278
23.7997210000001,-12.000834
23.999996,-12.00028
24.333054,-12.000834
24.3997190000001,-12
24.766109,-12.000834
24.799721,-12
24.866386,-12
25.1999970000001,-12.000834
25.232777,-12
25.2997209999999,-12
25.6324999999999,-12.000834
25.6661110000001,-12
25.733055,-12
26.0000000000001,-12.000557
26.0000000000001,-11.700556
25.999443,-11.2666679999999
25.999443,-10.733334
25.999443,-10.5002779999999
25.9981990000001,-10.134123
25.997959,-10.000311
25.999722,-9.96666699999992
26.0000000000001,-9.90000199999997
26.0002750000001,-9.70055600000001
26.0002750000001,-9.63389000000001
26.0002750000001,-9.56722299999996
25.999443,-9.40000199999992
26.0002750000001,-8.66694499999994
26.0663870000001,-8.66638899999992
26.1333310000001,-8.66666800000002
26.3997190000001,-8.66722299999992
26.833054,-8.66722299999992
26.9663889999999,-8.66722299999992
27.2904590000001,-8.66678999999999
27.278889,-8.64416699999998
27.0274960000001,-8.20444499999996
26.9863850000001,-8.13111099999998
26.743889,-7.71194499999996
26.734165,-7.69361099999998
26.479721,-7.25833399999993
26.448608,-7.203889
26.3208310000001,-6.98694499999993
26.192497,-6.77111100000002
26.1291660000001,-6.662778
---
