-26.061111,32.9491650000001
-26.059448,32.9061050000001
-26.056946,32.901108
-26.052502,32.898605
-26.040836,32.895271
-26.004723,32.9074940000001
-26.000557,32.910271
-25.9933359999999,32.9258270000001
-25.974445,32.9758300000001
-25.972778,32.9805530000001
-25.977501,32.983055
-25.983612,32.9827730000001
-25.9991679999999,32.977776
-26.023891,32.9688870000001
-26.0394479999999,32.9630510000001
-26.054447,32.9572220000001
-26.058613,32.954437
---
-21.787502,35.452217
-21.787224,35.445549
-21.783337,35.435555
-21.776112,35.428055
-21.766113,35.423607
-21.759445,35.4227750000001
-21.727501,35.424438
-21.6552809999999,35.4358290000001
-21.535835,35.4699940000001
-21.531391,35.472771
-21.523891,35.4794390000001
-21.524723,35.48555
-21.5286139999999,35.488884
-21.543335,35.4961090000001
-21.5494459999999,35.4974980000001
-21.5813899999999,35.4972150000001
-21.658337,35.4947200000001
-21.685001,35.4883270000001
---
-16.417778,39.8861080000001
-16.415279,39.849442
-16.411114,39.838882
-16.4080579999999,39.834717
-16.4038929999999,39.8319400000001
-16.363056,39.8108290000001
-16.358334,39.810272
-16.3280559999999,39.8122180000001
-16.3216669999999,39.8133320000001
-16.3125,39.8180540000001
-16.291668,39.8330540000001
-16.2886119999999,39.836937
-16.278057,39.861382
-16.276947,39.8672179999999
-16.273056,39.8947220000001
-16.272781,39.9013820000001
-16.273613,39.906387
-16.276112,39.91111
-16.2797239999999,39.914719
-16.2861139999999,39.9149930000001
-16.411392,39.904442
-16.413334,39.9013820000001
---
-11.039446,40.5063860000001
-11.036112,40.516937
-11.027779,40.528328
-11.019445,40.5274960000001
-11.009445,40.5297160000001
-11.008612,40.5394440000001
-11.016945,40.557777
-11.026112,40.5688860000001
-11.036945,40.5708310000001
-11.066389,40.561661
-11.176668,40.498604
-11.2186129999999,40.4674989999999
-11.281389,40.417221
-11.31778,40.387772
-11.397223,40.473328
-11.4055559999999,40.4788820000001
-11.4163889999999,40.4811100000001
-11.518612,40.453049
-11.5255569999999,40.44944
-11.574722,40.428886
-11.649723,40.4241640000001
-11.736946,40.446106
-11.81139,40.4713820000001
-11.957224,40.505554
-12.316389,40.514717
-12.430279,40.5124970000001
-12.4377779999999,40.5075000000001
-12.498611,40.4727710000001
-12.50889,40.4713820000001
-12.513613,40.4797210000001
-12.517778,40.489441
-12.5241679999999,40.5083310000001
-12.5533349999999,40.5588840000001
-12.704445,40.605827
-12.713335,40.616386
-12.7499999999999,40.644997
-12.760834,40.6469420000001
-12.773335,40.6461110000001
-12.7813889999999,40.6419370000001
-12.889168,40.516106
-12.880835,40.511108
-12.884167,40.4766619999999
-12.9030569999999,40.449715
-12.9316669999999,40.4186099999999
-12.9391669999999,40.413055
-12.961945,40.4099960000001
-12.9727779999999,40.412773
-12.980278,40.418327
-13.01639,40.4611050000001
-13.0274999999999,40.489716
-13.0233349999999,40.498329
-13.011946,40.5083310000001
-13.0016669999999,40.5133290000001
-12.990557,40.5119399999999
-12.981668,40.5063860000001
-12.955002,40.5183260000001
-12.959446,40.584442
-12.964445,40.5930480000001
-12.973333,40.5972210000001
-12.9855559999999,40.596939
-13.202778,40.571938
-13.312223,40.5394440000001
-13.329445,40.5597149999999
-13.36389,40.589996
-13.374723,40.59111
-13.385,40.5883330000001
-13.476112,40.541939
-13.515278,40.525833
-13.5275,40.54583
-13.534168,40.551384
-13.567223,40.5788880000001
-13.5858349999999,40.582222
-13.588612,40.571663
-13.635557,40.5411070000001
-13.645279,40.537498
-13.687778,40.5477750000001
-13.8900009999999,40.599998
-13.899445,40.602776
-13.907778,40.60833
-13.9244459999999,40.6252750000001
-13.940834,40.6344380000001
-13.951668,40.637215
-14.016945,40.6499940000001
-14.02639,40.649437
-14.0708349999999,40.6427760000001
-14.125557,40.6227719999999
-14.135834,40.6141660000001
-14.141111,40.6055530000001
-14.1480559999999,40.5849990000001
-14.156668,40.554718
-14.163334,40.534996
-14.171667,40.530548
-14.208057,40.559441
-14.245834,40.5986100000001
-14.235834,40.6191640000001
-14.217224,40.6263890000001
-14.1974999999999,40.649162
-14.1902789999999,40.668884
-14.1841679999999,40.6941600000001
-14.182222,40.703606
-14.198057,40.720276
-14.206112,40.7252730000001
-14.2747229999999,40.7447200000001
-14.3430559999999,40.7286070000001
-14.36389,40.6897200000001
-14.3675,40.68055
-14.367224,40.669167
-14.40139,40.643608
-14.484724,40.6361080000001
-14.4877799999999,40.6705550000001
-14.435835,40.6899950000001
-14.4277779999999,40.7083280000001
-14.405556,40.7663880000001
-14.403612,40.776939
-14.402779,40.7905500000001
-14.404167,40.801109
-14.407778,40.8116610000001
-14.4152789999999,40.816666
-14.431667,40.825554
-14.453611,40.8305510000001
-14.465279,40.8316650000001
-14.697779,40.8461070000001
-14.734167,40.8452760000001
-14.781113,40.832222
-14.8111109999999,40.82
-14.885279,40.7341610000001
-14.892778,40.722771
-14.928335,40.7472149999999
-14.938057,40.7541660000001
-14.978334,40.770271
-15.0783349999999,40.708885
-15.085279,40.6988830000001
-15.1152779999999,40.6074980000001
-15.122778,40.573608
-15.119722,40.543884
-15.12389,40.534721
-15.132778,40.5288850000001
-15.180557,40.514442
-15.187223,40.514442
-15.194168,40.53833
-15.202778,40.5780490000001
-15.1944449999999,40.5830540000001
-15.1841679999999,40.5872190000001
-15.168612,40.600273
-15.161112,40.6066670000001
-15.155001,40.6149980000001
-15.155001,40.6272200000001
-15.160557,40.6363830000001
-15.1866679999999,40.665833
-15.19639,40.6708300000001
-15.249723,40.684715
-15.2599999999999,40.683884
-15.289167,40.6716609999999
-15.479723,40.587776
-15.49889,40.5783309999999
-15.521946,40.559166
-15.534168,40.5433270000001
-15.574722,40.4799960000001
-15.5963899999999,40.446106
-15.6077789999999,40.429718
-15.6458339999999,40.4102710000001
-15.690834,40.3836060000001
-15.698891,40.378609
-15.723333,40.360275
-15.744446,40.338608
-15.8338889999999,40.24472
-15.9400009999999,40.125549
-15.967501,40.1302719999999
-15.985834,40.136383
-15.9925,40.1358260000001
-16.002781,40.132217
-16.078892,40.1002730000001
-16.086945,40.0947190000001
-16.177223,40.0280530000001
-16.231945,39.9836040000001
-16.2375029999999,39.974998
-16.2408369999999,39.964439
-16.2433359999999,39.9394379999999
-16.2433359999999,39.9261090000001
-16.2425,39.91111
-16.238892,39.8997190000001
-16.236946,39.888611
-16.2416689999999,39.879166
-16.2819479999999,39.808052
-16.299446,39.7830509999999
-16.311668,39.7822190000001
-16.372501,39.8030550000001
-16.412781,39.8174970000001
-16.536945,39.698608
-16.5552789999999,39.6744380000001
-16.653336,39.5066600000001
-16.68528,39.4388890000001
-16.752224,39.3105550000001
-16.768333,39.2838820000001
-16.83139,39.1924970000001
-16.870422,39.1274950000001
-16.88139,39.1280520000001
-16.933056,39.1274950000001
-16.942501,39.122498
-16.9797249999999,39.102219
-16.9863889999999,39.0944440000001
-16.991669,39.085831
-17.0394479999999,38.8969420000001
-17.055836,38.8305510000001
-17.057781,38.818329
-17.070835,38.6861040000001
-17.099167,38.604721
-17.176392,38.391937
-17.1988909999999,38.3305510000001
-17.2294459999999,38.2497180000001
-17.250557,38.2147220000001
-17.258057,38.207497
-17.26667,38.202499
-17.27417,38.1958310000001
-17.279446,38.1866610000001
-17.315281,38.102219
-17.3186109999999,38.0908280000001
-17.329445,38.0416640000001
-17.33667,38.0072169999999
-17.33778,37.9944380000001
-17.345001,37.9608310000001
-17.353336,37.932495
-17.360558,37.911659
-17.376392,37.8722150000001
-17.385834,37.8530500000001
-17.4261129999999,37.781387
-17.525837,37.6091610000001
-17.6327779999999,37.416939
-17.748337,37.2286070000001
-17.752224,37.219162
-17.751392,37.2058260000001
-17.871948,37.0886080000001
-17.894726,37.0674970000001
-17.911392,37.0552750000001
-17.947781,37.0347209999999
-17.9563899999999,37.0288850000001
-17.989445,37.0041660000001
-18.001392,36.983887
-17.9563899999999,36.9205549999999
-17.950279,36.9136050000001
-17.939167,36.910828
-17.914722,36.909164
-17.903893,36.907219
-17.89389,36.9030530000001
-17.886112,36.8966600000001
-17.877224,36.876106
-17.874168,36.8641660000001
-17.87389,36.851387
-17.877224,36.8413850000001
-17.888615,36.823883
-17.897224,36.818054
-17.904724,36.820274
-17.9688909999999,36.891937
-18.029446,36.9522170000001
-18.051392,36.9733279999999
-18.062778,36.970276
-18.0722239999999,36.9649959999999
-18.1086119999999,36.943886
-18.172779,36.893608
-18.294445,36.7805480000001
-18.3086129999999,36.766663
-18.4538919999999,36.6124950000001
-18.555,36.5022200000001
-18.576946,36.479721
-18.674168,36.418884
-18.733334,36.398605
-18.7944449999999,36.3205490000001
-18.891392,36.2527770000001
-18.903893,36.1580510000001
-18.904446,36.13694
-18.903057,36.1319430000001
-18.899445,36.1283260000001
-18.893333,36.1269380000001
-18.8472249999999,36.1224980000001
-18.8347239999999,36.122772
-18.808754,36.131042
-18.804726,36.129715
-18.8011129999999,36.1261059999999
-18.8011129999999,36.121109
-18.803059,36.115273
-18.808334,36.1063840000001
-18.81778,36.0938870000001
-18.866112,36.059166
-18.926945,35.982773
-18.975002,35.8788830000001
-19.021389,35.811943
-19.0658339999999,35.7486040000001
-19.120281,35.671944
-19.123611,35.6688839999999
-19.1524999999999,35.6561050000001
-19.187225,35.6366650000001
-19.271389,35.5761110000001
-19.414448,35.4516600000001
-19.418613,35.447777
-19.428612,35.4374920000001
-19.49667,35.363052
-19.5608369999999,35.2916639999999
-19.716946,35.1122210000001
-19.857224,34.899162
-19.8636129999999,34.8822169999999
-19.859726,34.8536070000001
-19.857502,34.8480530000001
-19.854446,34.8436050000001
-19.851112,34.8399960000001
-19.842781,34.8344420000001
-19.8200039999999,34.8305510000001
-19.803337,34.82666
-19.78389,34.817497
-19.776112,34.811104
-19.769726,34.8047180000001
-19.619446,34.634438
-19.617779,34.619164
-19.6524999999999,34.6330490000001
-19.6719469999999,34.6413880000001
-19.733334,34.6769410000001
-19.743057,34.6883320000001
-19.746113,34.693329
-19.752781,34.715828
-19.7591669999999,34.7302700000001
-19.765556,34.738884
-19.772503,34.746109
-19.7927779999999,34.7602770000001
-19.8019449999999,34.7658310000001
-19.8200039999999,34.7749940000001
-19.8255579999999,34.7769390000001
-19.838058,34.777496
-19.8988909999999,34.764999
-19.936111,34.75972
-19.9702799999999,34.7549970000001
-20.033611,34.7505490000001
-20.039722,34.7505490000001
-20.069447,34.7524950000001
-20.180557,34.7594379999999
-20.379448,34.697777
-20.382778,34.6924970000001
-20.390556,34.6716610000001
-20.391945,34.6658330000001
-20.39167,34.658607
-20.5561139999999,34.737495
-20.5594479999999,34.741104
-20.65667,34.8711090000001
-20.693611,34.949715
-20.695835,34.954163
-20.699169,34.958328
-20.723335,34.9836040000001
-20.725281,34.9888839999999
-20.729446,34.991661
-20.7788929999999,35.0124970000001
-20.806946,35.0088880000001
-20.913059,35.0744400000001
-20.926945,35.109444
-20.930557,35.113884
-20.9352799999999,35.115829
-20.941669,35.115829
-20.951115,35.1111070000001
-20.957329,35.1029660000001
-20.971668,35.118332
-20.9772219999999,35.117493
-21.084167,35.0847170000001
-21.088337,35.08194
-21.0922239999999,35.078606
-21.097778,35.050278
-21.3241689999999,35.0791630000001
-21.4316669999999,35.1374970000001
-21.51667,35.183884
-21.55389,35.2116619999999
-21.564724,35.222221
-21.574169,35.2341610000001
-21.5858349999999,35.2441640000001
-21.59528,35.2494430000001
-21.64278,35.268051
-21.648335,35.2699970000001
-21.6605569999999,35.272499
-21.673615,35.2730480000001
-21.684723,35.2708280000001
-21.71167,35.263611
-21.8144449999999,35.275833
-21.821392,35.276665
-21.826668,35.2786100000001
-21.883614,35.3008270000001
-21.9933359999999,35.3299940000001
-22.074448,35.3374940000001
-22.100834,35.3383330000001
-22.106945,35.338051
-22.2252809999999,35.3280490000001
-22.242779,35.3258290000001
-22.3033369999999,35.3133320000001
-22.3177799999999,35.3063890000001
-22.327503,35.302773
-22.333336,35.3019410000001
-22.357502,35.300278
-22.398056,35.303329
-22.404167,35.304443
-22.409725,35.3066640000001
-22.418056,35.312492
-22.466114,35.3716660000001
-22.460003,35.397217
-22.414169,35.4094390000001
-22.3505589999999,35.391663
-22.3436129999999,35.3911060000001
-22.305,35.38916
-22.292503,35.3894420000001
-22.275558,35.3922200000001
-22.264446,35.3944400000001
-22.22139,35.4030530000001
-22.171112,35.4186100000001
-22.122223,35.4441600000001
-22.118336,35.4474950000001
-22.09417,35.4736100000001
-22.091114,35.477776
-22.092781,35.483055
-22.098335,35.491943
-22.107502,35.4972150000001
-22.232502,35.5452730000001
-22.390556,35.5427700000001
-22.414169,35.5405500000001
-22.452778,35.5336070000001
-22.472778,35.526382
-22.481392,35.521111
-22.4999999999999,35.514561
-22.511391,35.5105510000001
-22.5675009999999,35.492493
-22.573059,35.4913860000001
-22.626114,35.4858320000001
-22.632225,35.4858320000001
-22.834167,35.50444
-22.912502,35.5213850000001
-22.9180559999999,35.523331
-22.950279,35.5352710000001
-22.937778,35.579994
-22.931393,35.588608
-22.92778,35.591942
-22.922226,35.5930480000001
-22.916668,35.590828
-22.9111139999999,35.5822220000001
-22.9069479999999,35.583328
-22.9052809999999,35.5891649999999
-22.9069479999999,35.6013870000001
-22.912502,35.609993
-22.924168,35.6102750000001
-22.93417,35.6069410000001
-23.015278,35.563332
-23.037502,35.5511090000001
-23.046391,35.5458300000001
-23.0575029999999,35.535553
-23.065556,35.529716
-23.083057,35.5191650000001
-23.168892,35.481941
-23.17889,35.4783330000001
-23.197224,35.4769440000001
-23.2177809999999,35.4788820000001
-23.24139,35.4849930000001
-23.253891,35.487495
-23.260559,35.4880520000001
-23.273056,35.487778
-23.290558,35.4858320000001
-23.3069459999999,35.481941
-23.317501,35.479164
-23.341114,35.4686050000001
-23.380836,35.4541630000001
-23.4894449999999,35.421104
-23.515556,35.413605
-23.526947,35.4116589999999
-23.612225,35.4083330000001
-23.656113,35.4069440000001
-23.6952779999999,35.3477710000001
-23.905834,35.3383330000001
-23.9694479999999,35.3397220000001
-23.9533349999999,35.3602750000001
-23.8786129999999,35.43972
-23.8288919999999,35.4752730000001
-23.822502,35.4752730000001
-23.79417,35.48333
-23.791668,35.496666
-23.7922249999999,35.5172200000001
-23.793056,35.523331
-23.7961119999999,35.527496
-23.800282,35.53083
-23.805557,35.5327760000001
-23.8636129999999,35.542221
-23.8749999999999,35.539993
-23.890003,35.534721
-23.916115,35.5188830000001
-23.926113,35.515274
-23.966667,35.5016630000001
-24.041946,35.4836040000001
-24.047779,35.4827730000001
-24.0608369999999,35.483055
-24.073891,35.484444
-24.080002,35.4858320000001
-24.0938909999999,35.4938890000001
-24.099167,35.495827
-24.1052779999999,35.4972150000001
-24.110558,35.495277
-24.1694449999999,35.4561080000001
-24.244724,35.4047160000001
-24.266113,35.389999
-24.365837,35.309441
-24.391945,35.2852710000001
-24.404167,35.268051
-24.4080579999999,35.2638850000001
-24.41917,35.253609
-24.4836119999999,35.1963880000001
-24.496948,35.188332
-24.509167,35.189438
-24.5205569999999,35.1874920000001
-24.525558,35.1855550000001
-24.533611,35.1794430000001
-24.570004,35.143883
-24.588612,35.118332
-24.604168,35.0969390000001
-24.6158369999999,35.0788880000001
-24.6325039999999,35.050552
-24.654167,35.012215
-24.6744459999999,34.9713820000001
-24.7433359999999,34.8127750000001
-24.786114,34.6938860000001
-24.800003,34.6538850000001
-24.813892,34.6138840000001
-24.856056,34.4826050000001
-24.868336,34.443054
-24.89167,34.3741610000001
-24.911114,34.3330540000001
-24.917225,34.3244400000001
-24.926945,34.3038860000001
-24.946392,34.2458270000001
-24.986946,34.108055
-25.0199999999999,33.99472
-25.106113,33.73111
-25.111946,33.714165
-25.265003,33.365829
-25.3233339999999,33.2411040000001
-25.33139,33.234718
-25.338058,33.226944
-25.343334,33.217216
-25.381157,33.1318970000001
-25.394447,33.1094440000001
-25.430557,33.048607
-25.523056,32.9036100000001
-25.535004,32.886108
-25.541668,32.8780520000001
-25.60778,32.8138890000001
-25.61639,32.8083270000001
-25.683613,32.770271
-25.703613,32.762497
-25.7755579999999,32.738609
-25.804726,32.734444
-25.8083339999999,32.7347179999999
-25.806946,32.729996
-25.825836,32.704437
-25.84,32.697777
-25.852501,32.6972200000001
-25.859447,32.697777
-25.871113,32.696106
-25.881111,32.6922150000001
-25.8847239999999,32.689438
-25.899445,32.675278
-25.921391,32.6536100000001
-25.9316669999999,32.6422200000001
-25.9622229999999,32.6066670000001
-25.965279,32.6022190000001
-25.973614,32.588051
-25.975281,32.582222
-25.975559,32.576111
-26.031391,32.603882
-26.179447,32.7230530000001
-26.273613,32.8044429999999
-26.276947,32.808609
-26.293056,32.8374940000001
-26.289169,32.8488850000001
-26.2781699999999,32.871605
-26.2666699999999,32.8749920000001
-26.238892,32.869164
-26.214169,32.864166
-26.207226,32.8636090000001
-26.2016679999999,32.864716
-26.126667,32.8933260000001
-26.111668,32.8991620000001
-26.103889,32.905548
-26.085281,32.9402770000001
-26.0841669999999,32.9447170000001
-26.0838889999999,32.952499
-26.0899999999999,32.953606
-26.102501,32.9530490000001
-26.152779,32.943054
-26.198891,32.9369430000001
-26.2795029999999,32.929108
-26.353615,32.9277730000001
-26.715279,32.9024960000001
-26.8161129999999,32.882217
-26.822224,32.8816600000001
-26.847145,32.890427
-26.851669,32.7677760000001
-26.853615,32.688889
-26.859726,32.394997
-26.860279,32.348328
-26.851669,32.174995
-26.847778,32.156944
-26.846111,32.1513820000001
-26.839626,32.1334000000001
-26.796669,32.1325000000001
-26.505836,32.1291660000001
-26.492226,32.123055
-26.425003,32.0891650000001
-26.3933329999999,32.07222
-26.2613909999999,32.0611040000001
-26.1622239999999,32.10305
-26.148613,32.10083
-26.037224,32.074715
-25.9908369999999,31.998608
-25.95784,31.96851
-25.8141669999999,31.9194410000001
-25.672501,31.9816670000001
-25.67028,31.983055
-25.6158369999999,32.006104
-25.5369449999999,32.0049970000001
-25.518059,31.9883310000001
-25.5041689999999,31.9880520000001
-25.421112,31.991108
-25.346111,32.0099950000001
-25.110558,32.0166630000001
-25.035004,32.018608
-24.9250029999999,32.0113830000001
-24.800835,32.002495
-24.704445,31.995552
-24.459446,32.0161059999999
-24.432224,32.0075000000001
-24.310001,31.9652750000001
-24.303894,31.962498
-24.2676579999999,31.9417990000001
-24.1711159999999,31.88583
-24.143616,31.8841630000001
-23.964169,31.8772200000001
-23.950645,31.8773990000001
-23.9072229999999,31.844719
-23.856392,31.7697220000001
-23.748611,31.719997
-23.6802789999999,31.68861
-23.6391679999999,31.686108
-23.613613,31.683609
-23.573891,31.6511080000001
-23.547501,31.6283300000001
-23.534168,31.614719
-23.476669,31.5508310000001
-23.4172249999999,31.5374980000001
-23.306393,31.5458300000001
-23.235611,31.5541650000001
-23.220837,31.5572200000001
-23.1866679999999,31.561665
-23.050835,31.5161090000001
-22.4261129999999,31.3036080000001
-22.423552,31.302231
-22.414764,31.2975040000001
-22.409519,31.3060040000001
-22.379448,31.354721
-22.354168,31.39333
-22.340279,31.4074970000001
-22.054447,31.68861
-21.811111,31.926388
-21.322781,32.399437
-21.314018,32.408821
-21.3072169999999,32.416107
-21.3225019999999,32.460831
-21.327503,32.469994
-21.3444479999999,32.4888760000001
-21.321854,32.476231
-21.217781,32.4122160000001
-21.140556,32.362778
-21.130558,32.35833
-21.106113,32.376106
-20.992226,32.4808269999999
-20.914169,32.521385
-20.8594469999999,32.510277
-20.819447,32.5008320000001
-20.67889,32.484718
-20.661667,32.483604
-20.598614,32.50222
-20.555,32.5508270000001
-20.557224,32.665833
-20.3627819999999,32.8024980000001
-20.2786139999999,32.8716660000001
-20.269447,32.8761060000001
-20.236389,32.8833310000001
-20.225281,32.8855510000001
-20.166389,32.8924940000001
-20.124168,32.9041600000001
-20.0222239999999,32.9827730000001
-19.9433359999999,33.018883
-19.7802809999999,33.0594410000001
-19.687225,32.9847180000001
-19.617779,32.850555
-19.506111,32.8530500000001
-19.493893,32.850555
-19.483059,32.8469390000001
-19.478336,32.8444440000001
-19.47139,32.8372190000001
-19.469448,32.8322219999999
-19.470001,32.826385
-19.474724,32.816383
-19.475834,32.809998
-19.475834,32.7961040000001
-19.474167,32.7908330000001
-19.471668,32.7863850000001
-19.467781,32.7830510000001
-19.454723,32.7813870000001
-19.371391,32.7836070000001
-19.36639,32.7847210000001
-19.3627819999999,32.7883300000001
-19.359726,32.792496
-19.358612,32.7988820000001
-19.356392,32.803886
-19.352779,32.80722
-19.302502,32.840271
-19.27417,32.8549960000001
-19.112503,32.8847200000001
-19.100834,32.885826
-19.0952799999999,32.8841630000001
-19.03167,32.8447189999999
-19.0230559999999,32.839165
-19.01889,32.8294370000001
-19.018612,32.8227770000001
-19.02,32.7916640000001
-19.023335,32.7802730000001
-19.0255579999999,32.7672200000001
-19.025837,32.7397159999999
-19.023613,32.721107
-19.021946,32.7161100000001
-19.018612,32.712219
-19.0077779999999,32.7086110000001
-18.9513889999999,32.699715
-18.944447,32.6991650000001
-18.836945,32.701111
-18.82917,32.7072220000001
-18.788891,32.790276
-18.779167,32.817215
-18.7774999999999,32.8308260000001
-18.777779,32.8374940000001
-18.778893,32.84333
-18.787502,32.869164
-18.7911149999999,32.886108
-18.7911149999999,32.899994
-18.786392,32.909996
-18.780281,32.918053
-18.773056,32.924995
-18.7672229999999,32.9280550000001
-18.690281,32.9497150000001
-18.613335,32.9058300000001
-18.574448,32.8899990000001
-18.5683359999999,32.8888850000001
-18.5305559999999,32.8883290000001
-18.516113,32.909996
-18.511948,32.920555
-18.509445,32.9405520000001
-18.504723,32.9505540000001
-18.48278,32.993889
-18.480278,32.9986040000001
-18.463337,33.0172200000001
-18.456112,33.0238880000001
-18.352779,33.071388
-18.3488919999999,33.0730510000001
-18.344448,33.0705490000001
-18.328892,33.0502780000001
-18.3016699999999,33.019997
-18.259167,32.977493
-18.25528,32.974442
-18.246391,32.969444
-18.235836,32.96666
-18.226669,32.971939
-18.199448,32.9952769999999
-18.190281,33.000549
-18.1833339999999,33.0011059999999
-18.17778,33.0002749999999
-18.124725,32.988884
-18.119724,32.987221
-18.102222,32.9772190000001
-18.083057,32.96666
-18.073612,32.962494
-18.041668,32.9547200000001
-17.975002,32.9461060000001
-17.8838919999999,32.9516600000001
-17.877781,32.9530490000001
-17.823059,32.9680480000001
-17.818336,32.9705510000001
-17.81139,32.977776
-17.809723,32.983055
-17.8094479999999,32.996384
-17.745281,33.014999
-17.638615,33.0411070000001
-17.6200029999999,33.0436100000001
-17.602501,33.041664
-17.597504,33.039993
-17.5800019999999,33.029999
-17.576115,33.0269390000001
-17.563614,32.986664
-17.561111,32.9816670000001
-17.554726,32.9736100000001
-17.550282,32.9711070000001
-17.520836,32.9602740000001
-17.5058359999999,32.9552760000001
-17.500278,32.9541630000001
-17.4950029999999,32.9563830000001
-17.356483,33.0420300000001
-17.3444479999999,33.0411070000001
-17.337502,33.0338820000001
-17.324722,33.017494
-17.3141669999999,32.9983290000001
-17.3108369999999,32.9941640000001
-17.306393,32.9919429999999
-17.300835,32.990829
-17.265003,32.987808
-17.252224,32.988609
-17.227779,32.987221
-17.188335,32.98111
-17.177502,32.978607
-17.147503,32.96833
-17.0855559999999,32.9347149999999
-17.054726,32.9174960000001
-16.918613,32.8649980000001
-16.9000019999999,32.888611
-16.8930589999999,32.8958280000001
-16.874447,32.9127730000001
-16.859169,32.9266660000001
-16.842224,32.938606
-16.822781,32.9483260000001
-16.796947,32.95916
-16.77528,32.9669420000001
-16.758335,32.9722210000001
-16.7461129999999,32.974998
-16.7090529999999,32.98114
-16.7022249999999,32.9349980000001
-16.7025029999999,32.9286040000001
-16.7038919999999,32.9233320000001
-16.718334,32.7994380000001
-16.7180399999999,32.7674640000001
-16.693611,32.72805
-16.6191669999999,32.709999
-16.60778,32.7083280000001
-16.600834,32.701111
-16.545834,32.5799940000001
-16.478336,32.407219
-16.470001,32.377777
-16.463612,32.3536070000001
-16.4483339999999,32.293053
-16.440281,32.2547149999999
-16.438892,32.2402730000001
-16.4391669999999,32.220833
-16.441391,32.1561050000001
-16.447224,32.093887
-16.449169,32.075829
-16.449169,32.0627750000001
-16.447781,32.048332
-16.4352799999999,31.983055
-16.4233359999999,31.925552
-16.418335,31.9080540000001
-16.413334,31.906387
-16.395836,31.9047200000001
-16.3769449999999,31.904442
-16.370003,31.905277
-16.3594469999999,31.9027750000001
-16.355556,31.8994410000001
-16.260834,31.7822190000001
-16.2147249999999,31.7219430000001
-16.2063899999999,31.7083320000001
-16.198612,31.66222
-16.19278,31.583885
-16.192223,31.570274
-16.195278,31.559166
-16.1947249999999,31.553333
-16.18639,31.5108299999999
-16.1636119999999,31.428608
-16.1611139999999,31.423885
-16.146389,31.4008330000001
-16.0955579999999,31.344997
-16.0911139999999,31.3424990000001
-16.078056,31.3433300000001
-16.067501,31.340832
-16.032501,31.311943
-16.018612,31.276665
-15.994722,31.1572190000001
-15.994167,31.1436080000001
-15.995001,31.1374970000001
-16.015278,31.07111
-16.004448,30.8208310000001
-16.009167,30.422775
-16.001945,30.421944
-15.642143,30.417292
-15.631872,30.4157560000001
-15.5936129999999,30.396664
-15.478889,30.3880540000001
-15.344168,30.3644409999999
-15.3347229999999,30.360554
-15.326668,30.3550000000001
-15.3125,30.332775
-15.291389,30.3033330000001
-15.259724,30.273052
-15.2558349999999,30.269997
-15.2186129999999,30.2533300000001
-15.213612,30.2516630000001
-15.139446,30.227776
-15.096111,30.2191659999999
-14.9817159999999,30.2130170000001
-14.967779,30.3436090000001
-14.884724,30.5047190000001
-14.8758339999999,30.5277750000001
-14.8497239999999,30.602497
-14.778057,30.808052
-14.750557,30.91222
-14.7163909999999,31.0458300000001
-14.711668,31.0944440000001
-14.708334,31.116386
-14.667501,31.2966650000001
-14.663612,31.312775
-14.6252779999999,31.463333
-14.619722,31.484722
-14.614168,31.499443
-14.6088909999999,31.5080530000001
-14.594168,31.528053
-14.587223,31.535275
-14.579445,31.5483320000001
-14.5044459999999,31.6930540000001
-14.499723,31.7086110000001
-14.4950009999999,31.7308310000001
-14.486946,31.7824969999999
-14.480556,31.8097190000001
-14.472778,31.835552
-14.4655569999999,31.855553
-14.457779,31.8749960000001
-14.4236129999999,31.950832
-14.377224,32.0947190000001
-14.3430559999999,32.221939
-14.3397239999999,32.2386090000001
-14.317223,32.34333
-14.3083339999999,32.372772
-14.096668,32.9838870000001
-14.012566,33.222229
-14.0361119999999,33.257774
-14.137501,33.3011090000001
-14.1480559999999,33.3036040000001
-14.205002,33.34333
-14.212778,33.349442
-14.32139,33.434998
-14.431667,33.531944
-14.5397219999999,33.633331
-14.5330559999999,33.696388
-14.517778,33.7772220000001
-14.489445,33.8924940000001
-14.44389,34.12944
-14.385557,34.358887
-14.386391,34.3686069999999
-14.389446,34.379166
-14.397223,34.388885
-14.429724,34.410828
-14.4616679999999,34.426941
-14.4961129999999,34.446106
-14.519167,34.4605480000001
-14.5288909999999,34.4686050000001
-14.5377789999999,34.4783330000001
-14.546946,34.4902730000001
-14.554167,34.5019380000001
-14.5716669999999,34.5222170000001
-14.592779,34.532219
-14.615557,34.541107
-14.7663899999999,34.561943
-14.96389,34.588882
-15.056391,34.5683290000001
-15.0658339999999,34.5661090000001
-15.117779,34.5636059999999
-15.206667,34.573051
-15.2163909999999,34.577774
-15.223738,34.5867920000001
-15.2330569999999,34.590271
-15.253056,34.59333
-15.282778,34.5897220000001
-15.321945,34.566383
-15.3341669999999,34.556107
-15.3338889999999,34.543327
-15.337778,34.533333
-15.347223,34.5238880000001
-15.464169,34.4366610000001
-15.475,34.4319380000001
-15.496668,34.425278
-15.506945,34.4277730000001
-15.5172229999999,34.433884
-15.526945,34.438049
-15.547501,34.4433290000001
-15.611668,34.4383319999999
-15.6441669999999,34.4283290000001
-15.655001,34.424721
-15.666389,34.4186100000001
-15.714169,34.375832
-15.736668,34.346939
-15.743612,34.3241650000001
-15.759445,34.3005519999999
-15.7775,34.280273
-15.7875,34.2708280000001
-15.798334,34.262772
-15.837778,34.2511060000001
-15.888889,34.25444
-15.899168,34.255554
-15.908611,34.258888
-15.9163889999999,34.263611
-15.921946,34.2719420000001
-15.927502,34.2811050000001
-15.931946,34.291664
-15.941946,34.310555
-15.9474999999999,34.3197170000001
-15.954445,34.3280490000001
-15.96139,34.3349990000001
-16.046391,34.4174960000001
-16.05389,34.423882
-16.063614,34.4277730000001
-16.074448,34.4297180000001
-16.08667,34.4286040000001
-16.097504,34.4249950000001
-16.1258349999999,34.4086070000001
-16.138058,34.4063870000001
-16.193336,34.4086070000001
-16.205002,34.4105530000001
-16.261112,34.434715
-16.269447,34.440277
-16.2772249999999,34.4472200000001
-16.284168,34.4541630000001
-16.2902789999999,34.462494
-16.2947239999999,34.4730530000001
-16.294445,34.492218
-16.292503,34.50444
-16.293613,34.518608
-16.295834,34.5313870000001
-16.2988889999999,34.543327
-16.303059,34.553886
-16.308613,34.562218
-16.315834,34.57
-16.3238909999999,34.575554
-16.333614,34.578888
-16.379448,34.594162
-16.453613,34.659996
-16.508057,34.719994
-16.546391,34.767494
-16.617779,34.837494
-16.625278,34.8444440000001
-16.790836,34.99472
-16.797779,35.0022200000001
-16.81028,35.0183260000001
-16.8158339999999,35.0274960000001
-16.820278,35.038055
-16.823891,35.049438
-16.824722,35.0700000000001
-16.823059,35.0822220000001
-16.816113,35.1155550000001
-16.816948,35.128326
-16.822781,35.1374970000001
-16.831112,35.143883
-16.8411139999999,35.1463850000001
-16.9283369999999,35.1452709999999
-16.941669,35.143608
-16.951946,35.1391600000001
-16.960003,35.1333310000001
-16.9672239999999,35.126106
-16.977779,35.1088870000001
-16.987782,35.09166
-16.997501,35.072777
-17.003613,35.0641630000001
-17.010281,35.057777
-17.020279,35.0533290000001
-17.027225,35.0524980000001
-17.038059,35.0549930000001
-17.1249999999999,35.083885
-17.1291689999999,35.09166
-17.130558,35.1272200000001
-17.135281,35.2719420000001
-17.134266,35.2900540000001
-17.1150019999999,35.3019410000001
-17.105003,35.3063890000001
-17.098057,35.306938
-17.06139,35.308052
-17.015278,35.296661
-16.9663929999999,35.2827760000001
-16.8677789999999,35.289162
-16.8091699999999,35.3022160000001
-16.7047229999999,35.2780529999999
-16.677223,35.255829
-16.648613,35.2277760000001
-16.645557,35.22361
-16.641392,35.213333
-16.633892,35.1908260000001
-16.627224,35.1769410000001
-16.621113,35.1686100000001
-16.599167,35.156105
-16.553375,35.1353000000001
-16.5461119999999,35.141937
-16.506668,35.193886
-16.4802779999999,35.2374950000001
-16.4738919999999,35.245277
-16.458614,35.2516630000001
-16.4005579999999,35.2549970000001
-16.304447,35.2741620000001
-16.233891,35.28833
-16.224724,35.293327
-16.220837,35.296661
-16.129448,35.4027710000001
-16.124447,35.4116589999999
-16.1216699999999,35.429443
-16.1216699999999,35.4358290000001
-16.12389,35.448608
-16.1300009999999,35.4805530000001
-16.133614,35.4916610000001
-16.1375009999999,35.4949950000001
-16.1644479999999,35.5402759999999
-16.110558,35.709442
-16.070557,35.774162
-16.0624999999999,35.7869420000001
-16.0552789999999,35.794167
-16.047501,35.7991640000001
-16.019447,35.814438
-16.007778,35.8174970000001
-15.855001,35.831665
-15.476389,35.862495
-15.458357,35.863121
-15.453611,35.8644410000001
-15.419445,35.867218
-15.3725009999999,35.8538820000001
-15.324121,35.8401950000001
-15.195557,35.804443
-15.1777779999999,35.800278
-15.0197239999999,35.8680499999999
-14.902224,35.9177700000001
-14.885557,35.9241640000001
-14.8849999999999,35.881104
-14.774029,35.878609
-14.6997759999999,35.8775020000001
-14.668612,35.87722
-14.656113,35.87722
-14.651148,35.872459
-14.6027789999999,35.821388
-14.269445,35.544716
-14.251112,35.529999
-14.1916679999999,35.5049970000001
-14.155834,35.490829
-13.8444459999999,35.2055510000001
-13.796112,35.1711040000001
-13.686111,35.0952760000001
-13.522501,34.8994370000001
-13.506313,34.8659900000001
-13.496946,34.8308260000001
-13.496389,34.658051
-13.382223,34.5861050000001
-13.365002,34.5772170000001
-13.342224,34.566383
-13.336945,34.5649950000001
-13.31889,34.563049
-13.299723,34.563049
-13.2888889999999,34.563049
-13.0461119999999,34.556107
-13.0133339999999,34.549164
-12.960556,34.5416640000001
-12.9358349999999,34.5397190000001
-12.917223,34.5383300000001
-12.841667,34.534164
-12.782778,34.5327760000001
-12.75889,34.529999
-12.714724,34.5238880000001
-12.658611,34.509438
-12.649168,34.506104
-12.6391679999999,34.5019380000001
-12.6258339999999,34.495827
-12.601667,34.4799960000001
-12.589169,34.4730530000001
-12.56889,34.465553
-12.519445,34.4491650000001
-12.503334,34.444443
-12.410278,34.424438
-12.319445,34.407494
-12.2464219999999,34.3732910000001
-12.235556,34.371109
-12.2188889999999,34.3677750000001
-12.194723,34.368889
-12.177502,34.371109
-12.155834,34.3752750000001
-12.1366669999999,34.381386
-12.123056,34.3874970000001
-12.080833,34.410828
-11.9911119999999,34.4641650000001
-11.9830569999999,34.4697190000001
-11.975557,34.4752730000001
-11.923334,34.514999
-11.87389,34.551384
-11.869722,34.5541610000001
-11.7811129999999,34.6061100000001
-11.772501,34.6102750000001
-11.763889,34.614441
-11.7491679999999,34.619164
-11.714169,34.62944
-11.691946,34.633606
-11.667223,34.6341630000001
-11.628889,34.632217
-11.622778,34.6313860000001
-11.606668,34.6272200000001
-11.6019459999999,34.625275
-11.585279,34.623329
-11.580557,34.6238860000001
-11.575834,34.6261060000001
-11.575834,34.703331
-11.573891,34.8905490000001
-11.5724999999999,34.9577709999999
-11.572111,34.9667279999999
-11.573334,35.011108
-11.575834,35.2386090000001
-11.592779,35.434715
-11.5947229999999,35.439438
-11.6075,35.5702740000001
-11.606668,35.576385
-11.589445,35.6436080000001
-11.584723,35.6524960000001
-11.5583339999999,35.6724930000001
-11.483334,35.7333300000001
-11.420834,35.81694
-11.416668,35.8266600000001
-11.415279,35.83194
-11.4147219999999,35.838333
-11.430834,35.9333270000001
-11.434723,35.9430540000001
-11.577778,36.163055
-11.593889,36.173332
-11.6416679999999,36.178886
-11.645557,36.176666
-11.6625,36.173882
-11.6677779999999,36.173882
-11.672501,36.1752780000001
-11.704168,36.1855550000001
-11.706667,36.1897200000001
-11.709446,36.26722
-11.7075,36.2938840000001
-11.696112,36.342499
-11.683889,36.375549
-11.713335,36.5111079999999
-11.720835,36.5172200000001
-11.723612,36.520828
-11.740278,36.5502780000001
-11.7408349999999,36.55555
-11.740278,36.561943
-11.7147239999999,36.677773
-11.6819459999999,36.7249980000001
-11.663889,36.746109
-11.643612,36.7661060000001
-11.6175,36.7858280000001
-11.585835,36.8063890000001
-11.575834,36.8166660000001
-11.570557,36.824997
-11.5686109999999,36.82972
-11.5691679999999,36.8344420000001
-11.5913909999999,36.9977720000001
-11.6644459999999,37.108055
-11.669168,37.116104
-11.673334,37.125832
-11.6894449999999,37.188049
-11.690556,37.1936040000001
-11.702778,37.2677760000001
-11.722778,37.396385
-11.723612,37.4027710000001
-11.727329,37.462044
-11.7180559999999,37.4747160000001
-11.7147239999999,37.4780500000001
-11.6397229999999,37.597221
-11.6027789999999,37.6933290000001
-11.5611109999999,37.791939
-11.538334,37.815826
-11.534168,37.818054
-11.519445,37.8233260000001
-11.5147229999999,37.8247150000001
-11.509445,37.8247150000001
-11.496668,37.818054
-11.490002,37.811661
-11.4852789999999,37.809715
-11.480001,37.809715
-11.451113,37.81916
-11.3388899999999,37.861664
-11.326668,37.868607
-11.3044449999999,37.900276
-11.2911129999999,37.9274980000001
-11.285002,37.941383
-11.278921,37.962494
-11.262222,38.026939
-11.259445,38.0386050000001
-11.2563299999999,38.0966950000001
-11.285002,38.173607
-11.345001,38.3305510000001
-11.350834,38.3372190000001
-11.361668,38.35305
-11.3669449999999,38.361382
-11.377224,38.3777770000001
-11.395279,38.411942
-11.399168,38.421661
-11.4153119999999,38.4917070000001
-11.3725009999999,38.5338820000001
-11.342779,38.5711059999999
-11.2997229999999,38.6272200000001
-11.289167,38.6430510000001
-11.2811129999999,38.6552730000001
-11.2708339999999,38.6724930000001
-11.172224,38.8977740000001
-11.168056,38.913605
-11.165556,38.9313890000001
-11.1425019999999,39.128883
-11.141945,39.134438
-11.1425019999999,39.1405490000001
-11.154724,39.174164
-11.164167,39.191109
-11.172224,39.203606
-11.174168,39.2083280000001
-11.174723,39.2269440000001
-11.1736129999999,39.2391660000001
-11.170834,39.2569430000001
-11.168056,39.2680510000001
-11.158056,39.284996
-11.1466669999999,39.3002780000001
-11.135279,39.315277
-11.078056,39.3913880000001
-11,39.499443
-10.9952789999999,39.5083309999999
-10.9919449999999,39.5180510000001
-10.9886109999999,39.5277710000001
-10.946112,39.6638869999999
-10.945557,39.683884
-10.944723,39.6899950000001
-10.9433349999999,39.6955490000001
-10.9205569999999,39.766937
-10.907778,39.7880550000001
-10.895834,39.802498
-10.885557,39.811943
-10.871389,39.831108
-10.860834,39.846939
-10.848612,39.8683320000001
-10.831667,39.8983309999999
-10.815001,39.942215
-10.808889,39.9627760000001
-10.7791669999999,40.019722
-10.6775019999999,40.158882
-10.571945,40.3336110000001
-10.567223,40.342499
-10.5591679999999,40.354164
-10.540279,40.3813860000001
-10.503056,40.424721
-10.4958339999999,40.4308320000001
-10.478174,40.4368130000001
-10.471111,40.4477770000001
-10.479723,40.511383
-10.484167,40.5211110000001
-10.597223,40.569443
-10.6541669999999,40.584442
-10.6866679999999,40.5883330000001
-10.7911129999999,40.5030520000001
-10.799723,40.551384
-10.820002,40.596664
-10.827501,40.6077730000001
-10.8358349999999,40.617493
-10.847502,40.6169429999999
-10.857224,40.612495
-10.8675,40.6041640000001
-10.878889,40.575272
-10.895279,40.537498
-10.900557,40.5288850000001
-10.923334,40.512772
-10.931391,40.507774
-10.941113,40.503609
-10.9522229999999,40.501938
-10.96389,40.501389
-11.0180569999999,40.5008320000001
-11.031946,40.5008320000001
---
-12.037224,34.6183320000001
-12.036667,34.6238860000001
-12.033335,34.6272200000001
-12.0291669999999,34.6299969999999
-12.0238899999999,34.6313860000001
-12.0180569999999,34.6313860000001
-12.012501,34.6299969999999
-12.005835,34.6238860000001
-12.003056,34.61972
-12.003056,34.6136090000001
-12.004446,34.608887
-12.007223,34.6047210000001
-12.011946,34.6027760000001
---
-12.044168,34.7163850000001
-12.078335,34.70472
-12.082779,34.7061080000001
-12.087502,34.708885
-12.0930559999999,34.7163850000001
-12.0963899999999,34.7261050000001
-12.0955559999999,34.732216
-12.0936129999999,34.7369380000001
-12.088335,34.744438
-12.084167,34.7472150000001
-12.079723,34.7480550000001
-12.044168,34.754715
-12.039446,34.752777
-12.036667,34.7486040000001
-12.031946,34.726662
-12.032778,34.7238850000001
---
