12.210278,-68.1927799999999
12.2047210000001,-68.193069
12.113054,-68.2055659999999
12.0397209999999,-68.228897
12.0255550000001,-68.235565
12.0222210000001,-68.238892
12.0205550000001,-68.251114
12.022778,-68.255844
12.02611,-68.2591709999999
12.051388,-68.275284
12.0616660000001,-68.278625
12.102221,-68.285278
12.139999,-68.279175
12.146666,-68.279175
12.157776,-68.281403
12.1730540000001,-68.2866669999999
12.177776,-68.2886199999999
12.195276,-68.2986149999999
12.203054,-68.304733
12.2094440000001,-68.312225
12.2152770000001,-68.3280639999999
12.217499,-68.354736
12.216389,-68.3675079999999
12.216944,-68.3883359999999
12.2186110000001,-68.39418
12.220833,-68.398895
12.224165,-68.402237
12.2505550000001,-68.4169459999999
12.256943,-68.416122
12.2927760000001,-68.4044489999999
12.301666,-68.399445
12.304165,-68.395004
12.307499,-68.3841709999999
12.3069440000001,-68.369736
12.305277,-68.363892
12.224165,-68.199448
12.221109,-68.195282
---
12.1816650000001,-68.911957
12.183054,-68.8861239999999
12.182777,-68.878891
12.1788880000001,-68.861679
12.175278,-68.85112
12.1686100000001,-68.83667
12.1602760000001,-68.824173
12.0649989999999,-68.753067
12.0402770000001,-68.746948
12.0402770000001,-68.798889
12.043333,-68.816956
12.0472220000001,-68.8275149999999
12.0494440000001,-68.8322299999999
12.1124990000001,-68.96167
12.1180550000001,-68.969727
12.1883320000001,-69.0624999999999
12.273333,-69.134445
12.3113880000001,-69.15834
12.3663880000001,-69.1636199999999
12.383888,-69.146393
12.363333,-69.0977779999999
12.351944,-69.08139
12.34861,-69.0777889999999
12.331665,-69.06723
12.313055,-69.0583339999999
12.288887,-69.055557
12.269722,-69.047791
12.2563880000001,-69.040283
12.244444,-69.031403
12.24111,-69.0280609999999
12.2161100000001,-68.997223
12.2047210000001,-68.980835
12.198889,-68.965561
---
17.458054,-62.971947
17.4608310000001,-62.976669
17.464722,-62.979446
17.489719,-62.995285
17.4941640000001,-62.9975049999999
17.514442,-62.998062
17.5205539999999,-62.9966739999999
17.521942,-62.991112
17.5197220000001,-62.9858399999999
17.4936100000001,-62.942505
17.4902760000001,-62.938614
17.4858320000001,-62.936394
17.4744420000001,-62.940285
17.467777,-62.947784
17.4649960000001,-62.95195
17.4608310000001,-62.961113
---
