51.339165,3.86194400000005
51.339996,3.86722200000014
51.36972,3.96138900000011
51.374443,4.19805500000007
51.3738859999999,4.20527700000008
51.372498,4.21083300000004
51.3702770000001,4.21499899999998
51.3683320000001,4.21749999999997
51.350426,4.23889800000012
51.3405530000001,4.22833300000013
51.3302760000001,4.21499899999998
51.3005520000001,4.17305499999998
51.2941670000001,4.1613880000001
51.2788850000001,4.12777699999998
51.25222,4.06222200000008
51.2144390000001,3.95250000000004
51.2058260000001,3.90361100000007
51.2052760000001,3.89749999999998
51.2058260000001,3.89027700000008
51.216942,3.80638900000014
51.220276,3.79611100000005
51.2230530000001,3.79388900000004
51.2330550000001,3.79083299999996
51.237221,3.79083299999996
51.259438,3.79638899999998
51.2619399999999,3.79305600000004
51.2649990000001,3.78277700000007
51.29277,3.66916700000007
51.3041610000001,3.60805500000004
51.304718,3.60083300000008
51.3038860000001,3.59555499999999
51.28833,3.524722
51.2858280000001,3.52111099999996
51.281387,3.52027799999996
51.2774960000001,3.5208330000001
51.2741620000001,3.52249999999998
51.2630540000001,3.52444400000007
51.250549,3.52416700000003
51.248055,3.5208330000001
51.2433320000001,3.483611
51.241943,3.46583300000003
51.2424930000001,3.45194400000014
51.2444380000001,3.43916700000005
51.246109,3.434166
51.2686770000001,3.38832400000007
51.273605,3.38083300000005
51.276939,3.37944400000004
51.3099980000001,3.37361100000004
51.3738560000001,3.37086599999998
51.385551,3.40666599999997
51.4113850000001,3.51944400000008
51.4119420000001,3.53833300000014
51.409721,3.55027800000011
51.3816600000001,3.63972200000006
51.355827,3.72138899999993
51.349998,3.73500000000013
51.3486100000001,3.74055500000003
51.3452760000001,3.76416599999993
---
52.4124980000001,5.754167
52.413055,5.72083300000008
52.408051,5.69388900000007
52.388611,5.63888800000012
52.3797150000001,5.62444399999998
52.36972,5.61194400000011
52.3694380000001,5.57777699999997
52.36805,5.57305500000007
52.3636090000001,5.56500000000011
52.3519440000001,5.54611100000005
52.3474960000001,5.54499900000008
52.3438870000001,5.54555500000004
52.3258290000001,5.559166
52.32222,5.55972200000002
52.290276,5.53888799999999
52.283333,5.53416600000008
52.2813870000001,5.52972200000011
52.2780529999999,5.51694400000014
52.2641600000001,5.42861100000005
52.2641600000001,5.41583300000008
52.266937,5.40444400000013
52.2719420000001,5.39749899999998
52.287498,5.36972100000003
52.2941670000001,5.35777800000005
52.3091659999999,5.330555
52.317772,5.30555500000008
52.3258290000001,5.27860999999996
52.332497,5.24861000000004
52.339996,5.21194400000013
52.3394390000001,5.19277800000009
52.3386080000001,5.18722200000008
52.335548,5.17750000000001
52.334442,5.16583300000013
52.3352740000001,5.16083200000008
52.3372190000001,5.15611100000007
52.3394390000001,5.15194400000007
52.344719,5.14583300000004
52.3508300000001,5.14194400000014
52.380272,5.13555500000012
52.3827740000001,5.13777700000014
52.3937990000001,5.16819199999992
52.4055480000001,5.1811100000001
52.414719,5.20305500000006
52.4516600000001,5.29638900000003
52.484444,5.38194400000009
52.49332,5.41309600000011
52.509445,5.45117199999999
52.524216,5.45455800000002
52.5283280000001,5.45694400000008
52.548882,5.47805499999993
52.588333,5.57333299999999
52.601105,5.64361100000008
52.5705490000001,5.82722200000001
52.5683290000001,5.83138800000012
52.5611040000001,5.83944400000001
52.544167,5.85555599999998
52.5349960000001,5.86138800000003
52.522232,5.86292800000007
52.492493,5.85555599999998
52.4824980000001,5.84750000000008
52.463333,5.83111100000008
52.43055,5.79833300000001
52.4274980000001,5.795278
52.423607,5.78666600000014
52.4152760000001,5.76388800000001
---
52.615555,5.44860999999992
52.6072160000001,5.457222
52.5841600000001,5.47722100000004
52.5727770000001,5.48555500000003
52.568886,5.48611099999999
52.565277,5.48527700000011
52.560211,5.46455000000003
52.538258,5.44774200000006
52.5130500000001,5.44739800000002
52.5083960000001,5.439482
52.501411,5.42691000000002
52.4953580000001,5.40921500000002
52.4885220000001,5.37776500000001
52.457642,5.3044450000001
52.415268,5.19036199999999
52.4092140000001,5.18058400000012
52.404556,5.17406500000004
52.3972170000001,5.1680760000001
52.3929140000001,5.15776699999998
52.3831370000001,5.13401900000002
52.3862569999999,5.06719600000002
52.3887710000001,5.05933900000008
52.391285,5.05462400000005
52.394115,5.05179500000008
52.396629,5.05053799999996
52.400715,5.05273799999992
52.415245,5.08313199999998
52.436104,5.09333300000003
52.436386,5.09555500000005
52.441383,5.10305499999993
52.444443,5.10583300000013
52.469994,5.11138800000003
52.474159,5.11166600000007
52.4885330000001,5.10743299999996
52.497684,5.10421800000006
52.5051350000001,5.10049300000003
52.5470430000001,5.07162299999999
52.5661350000001,5.04834100000011
52.5726550000001,5.04554700000006
52.6052470000001,5.03576900000013
52.6131670000001,5.03344100000004
52.6192170000001,5.03250900000006
52.626202,5.03344100000004
52.633652,5.03949399999993
52.636913,5.046944
52.638309,5.05486000000002
52.637844,5.10142400000001
52.632256,5.1126000000001
52.626202,5.12051600000012
52.619682,5.12656900000002
52.615959,5.13588199999998
52.615959,5.14240100000006
52.6168900000001,5.14938599999999
52.6206170000001,5.16382099999993
52.633186,5.20107200000012
52.642967,5.22575099999995
52.650883,5.23972099999997
52.656471,5.247637
52.6620560000001,5.25275900000014
52.669041,5.25694900000008
52.6769600000001,5.25927800000005
52.6830100000001,5.26067499999999
52.691109,5.29638900000003
52.6905520000001,5.30222100000009
52.682777,5.32999999999993
52.668327,5.37833300000011
52.6661070000001,5.38222200000001
52.636383,5.42333300000001
---
52.9886090000001,4.75361100000003
52.989716,4.73860999999999
52.99305,4.727777
52.9977720000001,4.72055500000005
53.003883,4.71583299999998
53.020554,4.70833300000004
53.0358280000001,4.70666599999998
53.0444410000001,4.70805499999994
53.056107,4.71388799999994
53.066109,4.72166600000014
53.086105,4.74333299999995
53.1813890000001,4.85333300000008
53.185829,4.85972200000003
53.1883319999999,4.86888900000002
53.1863860000001,4.87916700000011
53.1841660000001,4.88333299999999
53.181664,4.8858330000001
53.1419370000001,4.91222200000004
53.0986100000001,4.91222200000004
53.0905530000001,4.90888899999993
53.08416,4.90333299999998
53.0569380000001,4.87666600000011
53.0391620000001,4.858611
53.006943,4.80472200000003
52.9988860000001,4.78749900000014
52.9902730000001,4.76472200000012
---
53.2108310000001,4.88972200000001
53.2119369999999,4.88305500000007
53.214439,4.879999
53.219162,4.88111000000009
53.222496,4.88333299999999
53.2308270000001,4.89305500000006
53.242493,4.91222200000004
53.2708280000001,4.96472199999999
53.283333,4.98944400000005
53.289162,5.00222200000002
53.292496,5.01166599999999
53.304718,5.05472200000014
53.3108290000001,5.07944399999997
53.3099980000001,5.09388799999994
53.308609,5.09972200000004
53.3066640000001,5.10472200000004
53.303329,5.10638800000004
53.299995,5.10388900000004
53.237778,4.95722200000012
---
53.3494420000001,5.20055499999995
53.3497160000001,5.18666600000012
53.352493,5.17499900000001
53.357773,5.16861099999994
53.361107,5.16722199999998
53.3649980000001,5.16666600000013
53.3738860000001,5.16888799999998
53.3774950000001,5.17111100000005
53.3811040000001,5.17999900000001
53.3938830000001,5.21805500000005
53.3966600000001,5.22805499999998
53.4494400000001,5.53972099999999
53.4519420000001,5.55666600000012
53.4527740000001,5.57472100000007
53.4508290000001,5.57972100000006
53.447777,5.58194399999996
53.4424970000001,5.57972100000006
53.4391630000001,5.5774990000001
53.4361040000001,5.57416599999999
53.4336090000001,5.57055500000001
53.4302750000001,5.56110999999993
53.3811040000001,5.35333299999996
53.3716660000001,5.31138800000008
53.3499980000001,5.21305500000005
---
53.3502730000001,6.90166700000009
53.324715,6.93972200000002
53.3213880000001,6.94527700000009
53.261108,7.07833300000004
53.256943,7.08861100000013
53.2538830000001,7.10111000000006
53.2402730000001,7.19027700000004
53.239716,7.20111100000008
53.240829,7.20527700000002
53.2428050000001,7.20836400000002
53.1761090000001,7.207222
53.015831,7.21166599999998
53.001938,7.21027800000007
52.9705510000001,7.20027700000003
52.964996,7.19777800000003
52.9572219999999,7.19333299999994
52.9341660000001,7.17972199999997
52.8888850000001,7.13305500000001
52.8369060000001,7.09106700000012
52.8244399999999,7.07694400000003
52.8149950000001,7.06972200000007
52.7991640000001,7.06694400000009
52.7858279999999,7.06555500000007
52.768608,7.06472200000007
52.7522200000001,7.06527699999998
52.7213820000001,7.06361099999998
52.663887,7.05888800000002
52.651939,7.05527699999999
52.6436080000001,7.05166600000001
52.6388850000001,7.04805500000003
52.6349950000001,7.04333300000013
52.632774,7.03583200000014
52.6325000000001,7.03083300000009
52.6325000000001,7.02500000000009
52.6388850000001,6.92027800000005
52.6405490000001,6.91694400000006
52.6449970000001,6.91305499999999
52.6505510000001,6.90555500000011
52.651939,6.90222199999999
52.653053,6.89472200000012
52.6541600000001,6.78166599999992
52.6522219999999,6.76805499999995
52.6491620000001,6.756666
52.62944,6.72083300000008
52.6267850000001,6.71892300000013
52.6211089999999,6.72611000000006
52.6161040000001,6.72944400000006
52.5672149999999,6.76083299999999
52.5647200000001,6.75944399999997
52.563332,6.75610999999998
52.5594410000001,6.72249999999997
52.5519410000001,6.69027699999998
52.5491640000001,6.68888900000007
52.4905550000001,6.70249899999993
52.4858320000001,6.705555
52.4627760000001,6.75333300000011
52.45916,6.76444400000014
52.434441,6.94611099999997
52.4349980000001,6.95083300000005
52.436386,6.95416599999999
52.443054,6.96583300000003
52.448608,6.97388800000004
52.459999,6.98388900000009
52.461105,6.98749900000001
52.4597170000001,6.99083299999995
52.398605,7.05888800000002
52.393608,7.0619440000001
52.385826,7.06555500000007
52.358887,7.07111100000003
52.3527760000001,7.06972200000007
52.337639,7.0581140000001
52.312775,7.03805500000004
52.2988820000001,7.03222200000005
52.286942,7.02888899999999
52.2802730000001,7.02805500000005
52.276939,7.02805500000005
52.2688830000001,7.03138799999999
52.237762,7.05309400000004
52.2316670000001,7.04222200000004
52.190277,6.96472199999994
52.1730499999999,6.90416600000009
52.171387,6.90111100000007
52.151382,6.8775
52.1486050000001,6.87611099999998
52.1391600000001,6.87472199999996
52.130272,6.87194399999999
52.1255490000001,6.86860999999999
52.120277,6.86055500000003
52.118332,6.85250000000002
52.1177750000001,6.84250000000003
52.114563,6.75942800000007
52.0766600000001,6.73638799999998
52.035271,6.72861100000006
52.010277,6.79444400000006
52.007217,6.80055499999997
51.9886090000001,6.82611100000008
51.977493,6.82999999999998
51.9713820000001,6.8308320000001
51.9655530000001,6.82888800000001
51.928055,6.78916600000002
51.9213870000001,6.77694400000001
51.906105,6.74638800000008
51.8980480000001,6.72444400000006
51.8977740000001,6.72055499999999
51.90361,6.70194400000003
51.9088820000001,6.69361000000004
51.9111100000001,6.69166700000005
51.914162,6.68555500000008
51.913887,6.67610999999999
51.896111,6.5947220000001
51.8744430000001,6.52749899999998
51.8536070000001,6.46277700000007
51.8480530000001,6.35111000000006
51.895271,6.18222100000003
51.8880540000001,6.12360999999999
51.8299939999999,6.00305499999996
51.807777,5.96249999999998
51.80555,5.96472199999999
51.7852710000001,5.98138799999992
51.7805480000001,5.98472200000009
51.7669370000001,5.98666600000001
51.763885,5.98583300000001
51.7602770000001,5.98083300000002
51.747528,5.95205299999998
51.7066649999999,6.02888899999999
51.6072160000001,6.09305500000011
51.604439,6.09416600000003
51.572495,6.13138900000001
51.5691600000001,6.13666599999999
51.5583270000001,6.15861000000007
51.516937,6.20222200000006
51.5099950000001,6.20749999999993
51.468887,6.22194400000006
51.465828,6.2222210000001
51.364716,6.22277700000006
51.3616640000001,6.2222210000001
51.2952730000001,6.143055
51.2424930000001,6.07888799999995
51.2402730000001,6.07638800000007
51.2180480000001,6.07222200000001
51.214996,6.07166599999999
51.211662,6.07138800000007
51.1899950000001,6.07472100000001
51.1811070000001,6.07666599999999
51.1758270000001,6.07944400000014
51.171661,6.08361100000013
51.168884,6.09027800000001
51.131104,6.09750000000003
51.08416,6.00305499999996
51.0624920000001,5.91027700000001
51.063889,5.90694400000012
51.063049,5.90249900000003
51.0480500000001,5.86694400000005
51.046104,5.86472099999992
51.0436100000001,5.86416600000001
51.018883,5.8694440000001
50.9727710000001,5.89166600000004
50.971939,5.90027700000002
50.9738850000001,5.90805499999999
50.982216,5.93250000000006
50.9849930000001,5.94472200000001
50.9849930000001,5.94888900000001
50.9802700000001,6.01750000000004
50.978333,6.025555
50.976662,6.02833299999998
50.9158330000001,6.08027700000014
50.9136050000001,6.08138800000006
50.873604,6.08472200000006
50.870552,6.08416699999998
50.854164,6.07166599999999
50.849716,6.06777799999998
50.8483280000001,6.06472200000007
50.847496,6.060833
50.8483280000001,6.05638900000002
50.851944,6.05166600000001
50.851944,6.04611099999994
50.847771,6.02611100000001
50.8416599999999,6.01388800000012
50.838608,6.01333300000005
50.802216,6.00805500000013
50.7572710000001,6.01179800000006
50.756104,5.92638899999997
50.7538830000001,5.89891800000004
50.7608260000001,5.87055500000002
50.7694400000001,5.79750000000001
50.7602769999999,5.74249900000007
50.759438,5.73722200000003
50.757774,5.69861000000009
50.760559,5.691911
50.774437,5.70138800000007
50.7819520000001,5.70556000000011
50.785828,5.70499999999993
50.8058320000001,5.70194400000003
50.808815,5.69394
50.8113860000001,5.68361099999998
50.822495,5.65555499999999
50.824715,5.65166699999997
50.839722,5.6408330000001
50.8466640000001,5.63805500000012
50.8502730000001,5.63750000000005
50.858887,5.63888800000012
50.863052,5.64055500000001
50.8769379999999,5.65000000000009
50.8802719999999,5.65749900000009
50.9599990000001,5.75805500000001
50.9899980000001,5.7641660000001
51.025833,5.77694400000007
51.114998,5.81805500000007
51.1394420000001,5.84833199999997
51.1422200000001,5.85138800000004
51.1483380000001,5.85511100000008
51.1511080000001,5.85500000000013
51.15638,5.84917100000013
51.1658330000001,5.83444400000002
51.1899950000001,5.754167
51.2036060000001,5.644722
51.2207109999999,5.56833400000011
51.2638850000001,5.55777700000004
51.2697220000001,5.55333300000007
51.272499,5.55027800000005
51.2911070000001,5.52083300000004
51.2944410000001,5.51083300000005
51.2952730000001,5.50444400000009
51.2961040000001,5.49722200000008
51.2949980000001,5.48583300000013
51.2869420000001,5.47555500000004
51.2827760000001,5.46777700000007
51.266937,5.41138800000004
51.266106,5.40611100000001
51.2655490000001,5.39999999999998
51.262215,5.32972100000012
51.2622830000001,5.23897399999998
51.304718,5.23888900000009
51.308327,5.23749899999996
51.310555,5.233611
51.3138890000001,5.22333200000003
51.3197170000001,5.20111100000014
51.3200000000001,5.19444400000009
51.31916,5.189166
51.3144380000001,5.16805600000004
51.315826,5.15499999999997
51.318604,5.143888
51.3208310000001,5.13999899999993
51.385826,5.083055
51.391663,5.07861000000008
51.3952710000001,5.07722200000001
51.3988880000001,5.07666599999999
51.403328,5.07777700000008
51.4069440000001,5.07999999999998
51.4127730000001,5.08583299999998
51.4152760000001,5.08944399999996
51.427216,5.10111000000012
51.43055,5.10333300000002
51.434998,5.10444400000011
51.446106,5.09611000000012
51.466942,5.08027699999997
51.4716640000001,5.0733330000001
51.486664,5.04138900000009
51.4872210000001,5.03555499999999
51.4811100000001,5.02361100000013
51.4755549999999,5.01694400000002
51.4716640000001,5.01527700000014
51.4541630000001,5.01277700000009
51.446388,5.00944399999997
51.437775,5
51.43055,4.98944400000005
51.409996,4.955555
51.401382,4.94027699999998
51.399437,4.93610999999999
51.3986050000001,4.92999900000007
51.414444,4.85305499999998
51.4299930000001,4.83277700000014
51.461388,4.8447220000001
51.4774930000001,4.84611000000001
51.4811100000001,4.8455550000001
51.492218,4.82583300000005
51.4994430000001,4.80694399999999
51.5030520000001,4.78833300000002
51.503609,4.78111100000007
51.5027770000001,4.7691660000001
51.496666,4.75722200000001
51.4694440000001,4.70555500000006
51.464439,4.69861000000009
51.4441600000001,4.67111099999994
51.4408260000001,4.66861100000006
51.433609,4.67083300000007
51.4308320000001,4.67305500000003
51.427757,4.67138799999998
51.423332,4.650555
51.4230500000001,4.644722
51.425827,4.54694400000005
51.426666,4.54194400000011
51.432495,4.53722199999999
51.43972,4.53527700000001
51.4438860000001,4.53527700000001
51.4524990000001,4.53805499999999
51.458885,4.54333300000008
51.4627760000001,4.54499900000008
51.474998,4.54999900000007
51.479439,4.55083299999995
51.4827730000001,4.54944399999999
51.4849930000001,4.54555500000009
51.48555,4.53972099999999
51.4808270000001,4.48666600000013
51.479439,4.48194400000006
51.4527739999999,4.39749899999998
51.450272,4.393888
51.416939,4.39666700000009
51.410828,4.40138800000005
51.398331,4.417777
51.378883,4.43638799999997
51.3752750000001,4.43777800000004
51.3644410000001,4.43166600000006
51.3619380000001,4.42805500000009
51.359161,4.41861100000011
51.3577730000001,4.40722199999993
51.3574980000001,4.38805500000001
51.3599930000001,4.35888899999998
51.3624950000001,4.34694400000001
51.3765950000001,4.27967400000011
51.375145,4.25236799999999
51.4049989999999,4.2024990000001
51.425827,4.05611000000005
51.434998,3.92888900000008
51.43055,3.92777799999999
51.426941,3.92555499999992
51.399994,3.90666600000009
51.394997,3.899722
51.3897170000001,3.82972199999995
51.389999,3.82305500000007
51.444443,3.57305500000012
51.454437,3.54333300000013
51.458054,3.53361100000006
51.521111,3.45249999999999
51.528885,3.44305500000007
51.5316620000001,3.44055500000002
51.535828,3.44083300000005
51.5419390000001,3.44638900000007
51.5469439999999,3.45333299999999
51.5533290000001,3.46500000000003
51.563332,3.48555500000009
51.57444,3.5108330000001
51.579994,3.523889
51.592216,3.55527699999999
51.597221,3.56888900000007
51.59861,3.58027700000014
51.6003070000001,3.69189899999992
51.606667,3.83277800000008
51.606667,3.83722200000005
51.6013870000001,3.86888900000008
51.599159,3.87277700000004
51.5844420000001,3.89333299999998
51.5786060000001,3.898056
51.568886,3.90361100000007
51.565277,3.90277800000007
51.5627750000001,3.89916700000009
51.546661,3.86527800000005
51.5540280000001,3.84353400000003
51.5491640000001,3.82055500000001
51.538662,3.86585000000014
51.5430490000001,3.88633700000008
51.5491640000001,3.92138900000003
51.5483320000001,3.92861099999999
51.5469439999999,3.93444399999999
51.525276,4.006666
51.512772,4.04027700000012
51.505554,4.05583300000006
51.4949950000001,4.06749900000005
51.4916610000001,4.06916599999994
51.469162,4.08194400000008
51.4513850000001,4.09583300000014
51.4436040000001,4.11111100000005
51.4383320000001,4.12555500000002
51.435829,4.14583300000004
51.435555,4.15222199999999
51.434715,4.23805499999997
51.435555,4.24333300000006
51.4386060000001,4.25277700000004
51.44397,4.26427899999999
51.445274,4.27722200000011
51.4466630000001,4.28194400000001
51.448608,4.28611099999995
51.4516600000001,4.28916600000014
51.4549940000001,4.29138900000004
51.4683300000001,4.29361100000006
51.47583,4.29222200000004
51.479164,4.29083300000008
51.4883270000001,4.28472100000005
51.5083310000001,4.26694400000002
51.5105510000001,4.26277700000003
51.518616,4.22963199999992
51.5163880000001,4.21527800000013
51.514999,4.20388800000006
51.53083,4.08277700000008
51.5794370000001,3.99555500000014
51.584717,3.99000000000007
51.588333,3.99083300000007
51.590828,3.99416600000012
51.5944440000001,4.00305500000002
51.6052700000001,4.041944
51.6102750000001,4.06222200000008
51.6124950000001,4.0791660000001
51.605553,4.16972200000009
51.60083,4.19027699999992
51.599159,4.19583300000011
51.5894780000001,4.20751000000007
51.589996,4.20861100000008
51.5944440000001,4.20944400000008
51.60083,4.20583199999999
51.606667,4.20111099999997
51.6124950000001,4.19638800000001
51.617043,4.18616700000007
51.6152730000001,4.16583299999996
51.614441,4.15388900000011
51.6149980000001,4.13972199999995
51.6161040000001,4.13472199999995
51.630272,4.11333300000001
51.63694,4.11055500000003
51.6509780000001,4.10614399999992
51.647774,4.10305499999998
51.642776,4.09610999999995
51.6383290000001,4.08861100000001
51.6325000000001,4.07611100000008
51.6297150000001,4.06638800000013
51.6197200000001,4.01972200000006
51.617775,4.00888800000001
51.614716,3.98000000000008
51.614441,3.96750000000003
51.633606,3.90388899999999
51.635277,3.89916700000009
51.674995,3.76194400000014
51.674675,3.71265599999998
51.6769410000001,3.70444400000002
51.6813890000001,3.69638900000001
51.6894380000001,3.68777800000004
51.6927720000001,3.68611099999993
51.696388,3.68555500000014
51.7097170000001,3.68750000000011
51.7136080000001,3.68916700000005
51.720833,3.69361100000003
51.728607,3.7033330000001
51.7338870000001,3.71416699999997
51.736664,3.72361100000012
51.746109,3.77777800000001
51.7466660000001,3.7838890000001
51.74472,3.8125
51.742287,3.82486000000006
51.743889,3.87861099999992
51.743889,3.88527800000003
51.7358320000001,3.95583299999993
51.7336040000001,3.96861100000007
51.728882,3.97583300000008
51.7099989999999,4.00444400000004
51.679443,4.06694399999998
51.6619420000001,4.10416600000002
51.67083,4.11277800000011
51.6733320000001,4.11611099999999
51.677216,4.1244440000001
51.6838839999999,4.15583300000003
51.68557,4.16775400000012
51.7066649999999,4.12722200000007
51.7513890000001,4.05972200000014
51.7580490000001,4.05666600000006
51.786659,4.03083299999997
51.789162,4.02777800000013
51.7936100000001,4.01972200000006
51.798882,4.00527800000009
51.8013840000001,3.99305500000003
51.8027730000001,3.98055600000004
51.801666,3.95583299999993
51.786369,3.874189
51.80722,3.86611100000005
51.810829,3.86527800000005
51.8149950000001,3.86555500000009
51.8186040000001,3.86777700000005
51.8238830000001,3.88083300000011
51.846382,3.98333299999996
51.847771,3.995
51.8466640000001,4.006666
51.842773,4.01555500000006
51.836105,4.02749899999998
51.8602750000001,4.06111000000004
51.967499,4.01666599999999
51.9777760000001,4.01194400000009
51.981667,4.01222100000007
51.984718,4.0149990000001
51.988052,4.02111100000008
51.9874950000001,4.0388880000001
51.986107,4.04444400000011
51.984718,4.05916599999995
51.983887,4.07999999999998
51.984161,4.09944399999995
51.9855499999999,4.11111100000005
51.989716,4.12555500000002
51.9958270000001,4.13805500000007
52.0024950000001,4.14944400000002
52.171661,4.36222200000009
52.177216,4.36860999999999
52.2058260000001,4.39999999999998
52.214722,4.40888900000004
52.2266620000001,4.42055500000004
52.236107,4.42888800000009
52.252495,4.44166699999994
52.3272170000001,4.49449399999997
52.360832,4.51777700000014
52.3922200000001,4.53888799999999
52.3997190000001,4.54277700000011
52.4197160000001,4.55110999999999
52.4491650000001,4.56805500000013
52.458054,4.57694400000003
52.461502,4.58443100000005
52.453125,4.65795800000006
52.427227,4.70684900000003
52.410198,4.84525200000007
52.390373,4.88598000000002
52.374157,4.90688399999993
52.373123,4.95240200000006
52.3611070000001,4.9919440000001
52.3302760000001,5.12694399999998
52.312492,5.23666599999996
52.311943,5.24916600000006
52.3105550000001,5.25472200000002
52.3016660000001,5.28944400000006
52.297775,5.29861099999999
52.29583,5.30250000000007
52.2758260000001,5.33044200000012
52.2755510000001,5.33777700000002
52.2711110000001,5.36388899999997
52.269165,5.37527800000009
52.264999,5.38388800000001
52.2519379999999,5.40749899999992
52.2491610000001,5.41750000000002
52.2486039999999,5.42444400000005
52.2491610000001,5.43055500000014
52.2641600000001,5.52388900000011
52.26722,5.53361000000007
52.274162,5.54416699999996
52.283333,5.55305499999997
52.2974930000001,5.56249900000012
52.3130490000001,5.57000000000011
52.3227769999999,5.57777699999997
52.327774,5.58499899999998
52.354164,5.62472200000008
52.356384,5.62944399999998
52.371384,5.67055499999992
52.377464,5.68748500000009
52.3827740000001,5.70277700000003
52.388329,5.72222099999999
52.3900910000001,5.73249099999993
52.3906250000001,5.73445900000007
52.3930510000001,5.74305500000003
52.398048,5.75638900000001
52.4019010000001,5.76666799999998
52.405273,5.77416600000004
52.426094,5.81026200000008
52.4291150000001,5.81477999999998
52.432556,5.81963800000011
52.4613879999999,5.84999900000008
52.4647219999999,5.85250000000008
52.509438,5.87805500000007
52.5234150000001,5.8724150000001
52.5680540000001,5.84750000000008
52.587494,5.84861099999995
52.6069110000001,5.85500000000013
52.606667,5.75888800000001
52.6072160000001,5.67888800000003
52.6083300000001,5.66472100000004
52.65583,5.60194400000012
52.6586070000001,5.59944400000001
52.662498,5.59888800000004
52.7408290000001,5.59527700000001
52.7536090000001,5.59722099999993
52.7577740000001,5.59916600000014
52.779442,5.61916600000006
52.8183290000001,5.65916600000014
52.8263850000001,5.66861100000006
52.830551,5.67694400000011
52.83802,5.71835199999998
52.8402710000001,5.71444400000013
52.85527,5.651388
52.8555529999999,5.6458330000001
52.8483280000001,5.59499899999997
52.8422160000001,5.58888800000005
52.838608,5.58666600000004
52.836105,5.58361100000008
52.83194,5.57472100000007
52.8308260000001,5.563333
52.851662,5.41861100000011
52.85305,5.41249900000008
52.8586040000001,5.39805499999994
52.8722150000001,5.37416600000012
52.877777,5.36860999999993
52.8872150000001,5.36333300000013
52.891106,5.36583300000001
52.8966599999999,5.3719440000001
52.9063870000001,5.39361100000013
52.9088820000001,5.40388900000005
52.912773,5.41277700000001
52.917221,5.41361000000001
52.94944,5.41861100000011
52.9644390000001,5.42055499999998
53.0288850000001,5.41138800000004
53.034996,5.40777700000001
53.070549,5.37555500000008
53.070274,5.36416600000013
53.0655520000001,5.33916700000009
53.0527730000001,5.30305500000003
53.0472179999999,5.28944400000006
53.035271,5.26305500000012
52.9953160000001,5.19831000000005
52.948051,5.10027700000012
52.8858260000001,5.09166599999998
52.8224950000001,5.12611099999998
52.7544400000001,5.19305500000007
52.756386,5.19722200000007
52.7575,5.20222200000006
52.7575,5.21611000000001
52.7561040000001,5.23083300000002
52.750832,5.27833299999998
52.746109,5.28611100000012
52.7408290000001,5.29055499999993
52.7377780000001,5.29250000000013
52.7311099999999,5.29555499999992
52.7069400000001,5.30416600000007
52.702774,5.30222100000009
52.6915890000001,5.25530500000013
52.6605530000001,5.24166599999995
52.6536100000001,5.230277
52.637772,5.19666600000005
52.628883,5.16777700000006
52.623886,5.147222
52.6227720000001,5.14194400000014
52.6227720000001,5.13499899999994
52.6261060000001,5.13305500000007
52.64222,5.10638800000004
52.644165,5.10138800000004
52.642776,5.05583300000006
52.641937,5.04999899999996
52.638611,5.04083300000008
52.634163,5.03333300000003
52.6266630000001,5.02888899999999
52.6197200000001,5.02805500000011
52.6158290000001,5.02861000000001
52.5738830000001,5.04249999999996
52.564163,5.047777
52.541382,5.06777800000003
52.5177760000001,5.087222
52.5075000000001,5.09194400000007
52.500275,5.09277700000007
52.4333270000001,5.09027800000007
52.4161070000001,5.07805500000001
52.40263,5.04636900000003
52.375832,5.02833300000003
52.3752750000001,5.02249899999993
52.375832,5.01638800000006
52.3861080000001,4.92138899999998
52.388329,4.90833300000014
52.415604,4.87552700000003
52.4256970000001,4.82578899999999
52.4410130000001,4.71315600000014
52.4658850000001,4.66846399999997
52.471664,4.5800000000001
52.4755550000001,4.57944400000008
52.4894410000001,4.58861100000007
52.513885,4.59833200000003
52.5966640000001,4.62222199999997
52.634163,4.63194400000003
52.6522219999999,4.63610999999997
52.6805500000001,4.63583299999993
52.751663,4.65416600000003
52.948051,4.73000000000008
52.9555510000001,4.73416600000002
52.960548,4.74138799999997
52.962494,4.74972200000013
52.9647220000001,4.77388900000005
52.9652710000001,4.79305600000004
52.9644390000001,4.79611100000005
52.9536060000001,4.8094440000001
52.942497,4.809999
52.939163,4.8075
52.934998,4.80583300000012
52.9274980000001,4.80694399999999
52.9241640000001,4.8086110000001
52.918327,4.813333
52.911942,4.82638799999995
52.908333,4.83611100000013
52.8999939999999,4.86249899999996
52.8972170000001,4.87249900000012
52.896111,4.88749999999999
52.8980480000001,4.90472199999994
52.902496,4.93250000000006
52.904999,4.94305500000013
52.9552760000001,5.08583299999998
52.963051,5.10305499999993
53.0030520000001,5.1802770000001
53.0055310000001,5.18420600000013
53.0324940000001,5.22444400000001
53.046944,5.24666599999995
53.051384,5.25472200000002
53.072777,5.30166600000001
53.079437,5.32722200000012
53.084442,5.36083300000007
53.09166,5.37861099999998
53.096664,5.38610999999997
53.099998,5.38861099999997
53.121384,5.40249899999998
53.140274,5.41111100000001
53.163055,5.416944
53.169998,5.41500000000008
53.1741640000001,5.41527700000012
53.2119369999999,5.44249900000005
53.226105,5.45861100000002
53.2308270000001,5.46610999999996
53.2880550000001,5.57333299999999
53.294716,5.58611100000013
53.3002779999999,5.59916600000014
53.382217,5.89083300000004
53.398888,5.98166700000013
53.4108280000001,6.09250000000003
53.413605,6.17250000000001
53.413887,6.18333200000006
53.41243,6.18728800000002
53.409996,6.19472199999996
53.401939,6.29694400000011
53.425278,6.45249899999999
53.4619370000001,6.69749899999994
53.4647220000001,6.72111000000007
53.465828,6.7419440000001
53.45916,6.77749899999992
53.4394380000001,6.85500000000013
53.4372180000001,6.86277800000011
53.4338839999999,6.86916600000001
53.4319380000001,6.87138799999997
53.422218,6.87083200000001
53.4161070000001,6.87166600000006
---
53.461662,5.72055499999999
53.4638820000001,5.80499900000001
53.4669420000001,5.85472200000004
53.4697190000001,5.90500000000003
53.4705510000001,5.93722200000013
53.4688870000001,5.95138800000001
53.46666,5.955555
53.462776,5.95611099999996
53.458611,5.94805500000012
53.438889,5.81138799999997
53.4386060000001,5.79833300000001
53.4405520000001,5.77722199999994
53.442215,5.77138800000006
53.44416,5.74860999999993
53.4424970000001,5.73722200000003
53.425278,5.68388800000002
53.426384,5.66249900000008
53.4291610000001,5.65000000000009
53.4358290000001,5.63777700000003
53.4416660000001,5.63305500000013
53.445549,5.63250000000005
53.4480510000001,5.63333300000005
53.4697190000001,5.65361000000001
53.4722210000001,5.65749900000009
53.473053,5.66305500000004
53.471664,5.66888800000004
53.4663850000001,5.67444400000005
53.462776,5.69916600000005
---
53.453606,6.13027799999992
53.4583280000001,6.12638900000002
53.471939,6.11638799999997
53.474998,6.11722200000008
53.4772190000001,6.11944400000004
53.4913860000001,6.13611000000003
53.4963840000001,6.14472200000006
53.4974980000001,6.14888900000005
53.499161,6.15805499999999
53.5113830000001,6.30333300000007
53.5111080000001,6.31472200000002
53.5080490000001,6.33249999999998
53.5049970000001,6.33944400000007
53.502777,6.34111000000007
53.5002749999999,6.34027799999996
53.4986040000001,6.33749999999998
53.484444,6.27249900000004
53.476387,6.23472200000003
53.474998,6.2255550000001
53.471664,6.16305499999993
53.4672160000001,6.15277799999996
53.453606,6.13499900000011
---
