-22.6941639999999,167.527771
-22.69389,167.520264
-22.6919439999999,167.508606
-22.6883319999999,167.508026
-22.668888,167.517487
-22.654999,167.528046
-22.651112,167.531372
-22.656109,167.547211
-22.663334,167.554138
-22.668331,167.556091
-22.674442,167.556641
-22.68,167.556091
-22.683887,167.55304
-22.690277,167.544983
-22.69389,167.534424
---
-22.673889,167.496338
-22.673611,167.488861
-22.666943,167.457184
-22.6647219999999,167.452179
-22.6463889999999,167.419128
-22.564167,167.419983
-22.558056,167.421082
-22.553333,167.423584
-22.549446,167.42691
-22.5430559999999,167.434692
-22.5411109999999,167.439972
-22.5402789999999,167.451904
-22.540836,167.459412
-22.558334,167.501373
-22.560558,167.506378
-22.563614,167.510803
-22.591946,167.539429
-22.595554,167.54303
-22.612499,167.553864
-22.6175,167.555542
-22.635834,167.552185
-22.641109,167.550537
-22.644444,167.546631
-22.6450899999999,167.519592
-22.654251,167.519257
-22.672222,167.501648
---
-22.46833,166.806641
-22.4638859999999,166.778595
-22.461109,166.774414
-22.456108,166.772491
-22.40889,166.777771
-22.404999,166.781097
-22.3966669999999,166.803864
-22.3949999999999,166.811646
-22.4008329999999,166.828308
-22.404999,166.839142
-22.408611,166.842743
-22.413334,166.843018
-22.433056,166.838867
-22.456108,166.823029
-22.460278,166.819977
-22.4633329999999,166.816071
---
-22.338612,171.304413
-22.334999,171.300812
-22.329723,171.301086
-22.327778,171.304962
-22.328613,171.311646
-22.33139,171.313873
---
-22.0797229999999,166.043854
-22.0766679999999,166.039703
-22.0722239999999,166.036926
-22.054722,166.027191
-22.049168,166.027466
-22.035557,166.04248
-22.0344469999999,166.045532
-22.036667,166.050537
-22.050556,166.052765
-22.079445,166.050537
---
-21.7074999999999,166.446075
-21.7038879999999,166.428589
-21.6991649999999,166.418579
-21.695553,166.415253
-21.691387,166.415527
-21.6875,166.432739
-21.68861,166.440796
-21.6974979999999,166.450531
-21.704445,166.450256
---
-21.463055,168.02832
-21.462776,168.034973
-21.455555,168.095245
-21.520557,168.128571
-21.613056,168.131073
-21.6191669999999,168.129944
-21.6311109999999,168.120239
-21.644444,168.08551
-21.6588899999999,168.046082
-21.660831,167.99469
-21.66,167.988281
-21.657501,167.983032
-21.648609,167.970245
-21.56889,167.883331
-21.4888879999999,167.84024
-21.406944,167.814972
-21.385834,167.808868
-21.381943,167.810516
-21.375557,167.832184
-21.375278,167.839142
-21.377499,167.933594
-21.387222,167.962463
-21.400276,167.962463
-21.410278,167.96637
-21.4344439999999,167.984131
-21.4424969999999,167.990234
-21.4461099999999,167.993835
-21.4519419999999,168.002197
---
-21.145279,167.831635
-21.1269449999999,167.808319
-21.119446,167.801361
-21.115276,167.798584
-21.109722,167.797485
-21.104168,167.799408
-21.100277,167.80246
-21.09861,167.807739
-21.098335,167.814423
-21.099998,167.820251
-21.1286129999999,167.84079
-21.1327779999999,167.843292
-21.1383319999999,167.844696
-21.14389,167.842743
---
-20.739998,166.418854
-20.7258299999999,166.38858
-20.723331,166.391937
-20.7199969999999,166.452454
-20.7197189999999,166.459137
-20.7230529999999,166.458313
-20.730831,166.451904
-20.734165,166.448029
---
-20.760281,167.283875
-20.765835,167.282196
-20.805,167.27887
-20.895279,167.276917
-20.9013899999999,167.277191
-20.9063869999999,167.279144
-20.933331,167.320251
-20.938053,167.330261
-20.938889,167.365509
-20.93972,167.372192
-20.9444429999999,167.382172
-20.948055,167.385803
-21.0536119999999,167.462463
-21.058056,167.46524
-21.064167,167.464142
-21.152779,167.423035
-21.157501,167.420532
-21.1777759999999,167.398041
-21.1788859999999,167.391937
-21.183056,167.368011
-21.183331,167.362732
-21.165554,167.329132
-21.0830569999999,167.156921
-21.080833,167.151917
-21.076111,167.141937
-21.07,167.133606
-21.059723,167.122192
-21.038612,167.1008
-21.031391,167.093842
-20.9972189999999,167.064972
-20.988609,167.059692
-20.9419439999999,167.051636
-20.921112,167.062469
-20.921387,167.07663
-20.913334,167.096924
-20.9066659999999,167.111359
-20.899166,167.125244
-20.889442,167.136932
-20.8552779999999,167.16803
-20.851391,167.171082
-20.823891,167.185516
-20.813889,167.189697
-20.806946,167.190247
-20.7963909999999,167.187195
-20.7922249999999,167.184418
-20.789169,167.180267
-20.776947,167.157471
-20.759167,167.111359
-20.757225,167.10553
-20.758614,167.092743
-20.765278,167.064423
-20.771389,167.049133
-20.773056,167.043854
-20.771667,167.039703
-20.767223,167.036926
-20.761112,167.038025
-20.7216639999999,167.049408
-20.718609,167.053314
-20.707775,167.071075
-20.706108,167.076355
-20.68,167.1922
-20.677498,167.21109
-20.681389,167.22995
-20.687778,167.245789
-20.717777,167.302185
-20.719444,167.304962
-20.7230529999999,167.308319
-20.728611,167.309418
-20.740833,167.30719
-20.745552,167.304688
-20.749722,167.301636
-20.754723,167.29248
-20.75639,167.287201
---
-20.43861,166.648315
-20.46722,166.654419
-20.465553,166.64859
-20.466942,166.636108
-20.4725,166.613586
-20.476387,166.610504
-20.5116689999999,166.588013
-20.524057,166.584122
-20.5594439999999,166.57608
-20.584999,166.57663
-20.5955539999999,166.579681
-20.599167,166.583038
-20.6022219999999,166.587463
-20.604446,166.592468
-20.603611,166.598297
-20.599998,166.608856
-20.596668,166.612732
-20.596668,166.625244
-20.601665,166.625793
-20.6063879999999,166.623291
-20.679722,166.58136
-20.686943,166.574402
-20.691944,166.565247
-20.7133329999999,166.515808
-20.7174989999999,166.505829
-20.717777,166.499115
-20.6811099999999,166.509155
-20.6499979999999,166.542206
-20.641945,166.548584
-20.632778,166.553589
-20.627224,166.555542
-20.594786,166.558624
-20.540154,166.559723
-20.503551,166.580475
-20.4913859999999,166.593842
-20.479721,166.596924
-20.4474979999999,166.601349
-20.436943,166.598297
-20.4088899999999,166.577179
-20.408611,166.57135
-20.410278,166.566071
-20.413612,166.562195
-20.413334,166.557739
-20.4083329999999,166.556091
-20.4022219999999,166.55719
-20.3997229999999,166.561646
-20.3980559999999,166.566925
-20.389721,166.594116
-20.388332,166.606628
-20.390835,166.611633
-20.406109,166.624664
---
-20.258614,164.285522
-20.2577779999999,164.280548
-20.248886,164.275269
-20.229164,164.268036
-20.22361,164.266937
-20.2197189999999,164.270264
-20.221943,164.275269
-20.2263869999999,164.277771
-20.249722,164.286926
-20.255558,164.288025
---
-20.1761089999999,163.943298
-20.175556,163.937469
-20.172222,163.926086
-20.16972,163.922485
-20.154446,163.909698
-20.149445,163.907745
-20.14389,163.906921
-20.1399989999999,163.910248
-20.1375009999999,163.914703
-20.143055,163.923859
-20.170555,163.943848
---
-20.3280559999999,164.328308
-20.324444,164.329407
-20.31889,164.328308
-20.2897219999999,164.316376
-20.275558,164.310242
-20.266945,164.304962
-20.2525019999999,164.298584
-20.240276,164.298035
-20.235554,164.300537
-20.234997,164.313873
-20.236111,164.320526
-20.242775,164.347198
-20.305836,164.506104
-20.3125,164.513611
-20.3627779999999,164.563019
-20.36639,164.566376
-20.375,164.571625
-20.4005549999999,164.579956
-20.404167,164.583588
-20.4449999999999,164.6586
-20.488331,164.740234
-20.5661129999999,164.819427
-20.570557,164.821899
-20.576111,164.823029
-20.590836,164.828583
-20.617779,164.8508
-20.621666,164.854401
-20.624443,164.858582
-20.722221,165.033875
-20.737778,165.062195
-20.7499999999999,165.102448
-20.7516669999999,165.108307
-20.753056,165.11496
-20.752781,165.121613
-20.7491649999999,165.132172
-20.748055,165.138031
-20.751392,165.157745
-20.765278,165.223297
-20.790001,165.245239
-20.793892,165.248566
-20.823612,165.261108
-20.8469469999999,165.25943
-20.853054,165.258331
-20.8586119999999,165.25943
-20.868057,165.263885
-21.055836,165.401093
-21.075001,165.41748
-21.0822219999999,165.424408
-21.099167,165.443024
-21.103889,165.461365
-21.109165,165.478577
-21.1349979999999,165.541931
-21.180832,165.603027
-21.2049979999999,165.611633
-21.210278,165.611359
-21.2113879999999,165.605225
-21.2080539999999,165.593567
-21.225277,165.594696
-21.255836,165.612457
-21.2797239999999,165.630798
-21.297222,165.713867
-21.302223,165.750549
-21.303333,165.757202
-21.3075029999999,165.768036
-21.406944,165.963867
-21.611111,166.233307
-21.641388,166.291351
-21.643612,166.296356
-21.6680559999999,166.337738
-21.727222,166.429962
-21.746666,166.453857
-21.776112,166.474976
-21.8436129999999,166.546936
-21.906944,166.61969
-21.986942,166.743561
-22.023335,166.840515
-22.026669,166.850525
-22.0361139999999,166.870789
-22.0899999999999,166.947479
-22.097221,166.954407
-22.2327769999999,167.028046
-22.280003,167.024139
-22.286114,167.023041
-22.310558,167.018585
-22.3166659999999,167.017212
-22.321388,167.014709
-22.34111,166.998566
-22.3974989999999,166.929413
-22.398888,166.916931
-22.3766669999999,166.921906
-22.371113,166.920807
-22.325832,166.874664
-22.298611,166.833588
-22.3011129999999,166.828857
-22.321388,166.820251
-22.326668,166.818298
-22.362499,166.815796
-22.369999,166.733582
-22.31139,166.683319
-22.3086129999999,166.679138
-22.280556,166.634155
-22.2336079999999,166.524994
-22.234165,166.518311
-22.237499,166.507751
-22.239998,166.503052
-22.243332,166.499115
-22.2472189999999,166.495789
-22.3166659999999,166.451904
-22.287502,166.43219
-22.18,166.381622
-22.1647219999999,166.283875
-22.143612,166.21637
-22.073055,166.151367
-22.03389,166.151917
-21.9655529999999,166.140259
-21.9613879999999,166.137482
-21.946388,166.116364
-21.91861,166.064697
-21.9327769999999,165.968018
-21.844444,165.830261
-21.776947,165.758026
-21.724442,165.722198
-21.730831,165.682465
-21.73333,165.619415
-21.713886,165.562195
-21.7016639999999,165.529694
-21.6949999999999,165.513885
-21.5863879999999,165.304413
-21.578613,165.290253
-21.570278,165.276917
-21.558056,165.259979
-21.466663,165.154694
-21.299725,164.945526
-21.268612,164.904144
-21.195,164.829681
-21.094444,164.800812
-21.083611,164.75
-21.081112,164.744965
-21.066113,164.717194
-21.053333,164.698303
-20.9408339999999,164.62384
-20.929722,164.591339
-20.923889,164.574677
-20.921944,164.569122
-20.896946,164.51416
-20.855835,164.463287
-20.780003,164.381897
-20.763615,164.388306
-20.688053,164.349701
-20.571667,164.251373
-20.560558,164.233032
-20.557503,164.228851
-20.536945,164.206909
-20.505558,164.173859
-20.501392,164.171356
-20.4316669999999,164.153595
-20.399445,164.147217
-20.398335,164.15332
-20.395832,164.15802
-20.388054,164.164429
-20.3711129999999,164.16803
-20.345554,164.167755
-20.340557,164.165802
-20.3233339999999,164.155548
-20.31889,164.152771
-20.155834,163.992188
-20.113613,163.982178
-20.107502,163.983307
-20.092499,163.987457
-20.087223,163.98941
-20.084724,163.993835
-20.087223,164.011383
-20.088612,164.018036
-20.1005549999999,164.034698
-20.1036109999999,164.038879
-20.119446,164.057465
-20.174168,164.117462
-20.265556,164.202454
-20.271667,164.210785
-20.277779,164.219421
-20.295834,164.252472
-20.327225,164.31665
---
-20.165833,164.230804
-20.164165,164.224976
-20.15472,164.198578
-20.1516649999999,164.194427
-20.1441649999999,164.187469
-20.121387,164.167206
-20.113335,164.161102
-20.108334,164.159424
-20.076111,164.159698
-20.069721,164.160797
-20.0652769999999,164.1633
-20.064724,164.168579
-20.115276,164.209686
-20.127499,164.218292
-20.151943,164.230255
-20.161945,164.234131
---
-20.085278,163.8172
-20.083332,163.811371
-20.0619469999999,163.790253
-20.0575029999999,163.78775
-20.0527799999999,163.787201
-20.047222,163.789154
-20.040836,163.796936
-20.036667,163.806915
-20.037781,163.813599
-20.040836,163.817749
-20.04528,163.820251
-20.050278,163.821899
-20.082779,163.821625
---
-20.083332,163.973297
-20.076389,163.953308
-20.074169,163.948303
-20.068058,163.939972
-20.012222,163.944977
-20.002224,163.949402
-20.001114,163.953857
-20.002781,163.959686
-20.006668,163.963013
-20.010834,163.96579
-20.049446,163.981903
-20.067501,163.984955
-20.073612,163.983582
-20.081669,163.977173
---
-19.7869449999999,163.66748
-19.765278,163.654419
-19.7608339999999,163.651917
-19.7105559999999,163.63443
-19.636665,163.616058
-19.630554,163.617188
-19.625832,163.61969
-19.626945,163.624969
-19.629166,163.629669
-19.632221,163.634155
-19.639721,163.640808
-19.690834,163.668304
-19.751392,163.695251
-19.766392,163.700806
-19.771946,163.700256
-19.776947,163.691071
-19.785835,163.671906
---
-19.6044459999999,163.6008
-19.6038889999999,163.593567
-19.6019439999999,163.587738
-19.573055,163.568024
-19.568058,163.566376
-19.5619469999999,163.567474
-19.5525019999999,163.572754
-19.549446,163.57663
-19.548889,163.580261
-19.583889,163.604126
-19.596111,163.612457
-19.600834,163.611359
-19.604168,163.607452
---
-19.345001,159.944122
-19.343613,159.934692
-19.3397219999999,159.931366
-19.3347239999999,159.929688
-19.323612,159.927765
-19.2508349999999,159.922211
-19.1844439999999,159.925537
-19.170834,159.92691
-19.125557,159.940521
-19.1169429999999,159.946625
-19.1144449999999,159.95108
-19.114723,159.954132
-19.124722,159.96579
-19.171665,159.978851
-19.308891,159.967468
-19.320278,159.964142
-19.325001,159.961639
-19.343334,159.949402
---
