18.660553,4.245555
18.866386,4.245832
19.072498,4.245277
19.146664,4.245277
19.167221,4.355833
19.195553,4.502222
19.269722,4.886944
19.35083,5.308611
19.396111,5.546944
19.416111,5.656944
19.440277,5.785277
19.44611,5.812499
19.576942,5.963611
19.59333,5.981667
19.871109,6.303333
20.017776,6.473888
20.164444,6.644722
20.408333,6.930277
20.852863,7.450807
20.853054,7.459999
20.860386,7.472147
20.960831,7.636666
20.970554,7.651388
21.015553,7.724999
21.1325,7.916666
21.213333,8.049444
21.535553,8.582499
21.615833,8.71611
21.785,8.99861
22.065186,9.469872
22.226391,9.742867
22.447777,10.120277
22.576477,10.340244
22.737778,10.616943
22.816387,10.752777
22.859997,10.828333
23.016941,11.100555
23.364166,11.707499
23.398052,11.768332
23.522305,11.986475
23.515831,12.013332
23.459164,12.280277
23.446663,12.339443
23.434166,12.398888
23.419167,12.473055
23.393887,12.591389
23.329998,12.887777
23.281109,13.109444
23.229164,13.345833
23.219719,13.390276
23.21611,13.411388
23.214722,13.417221
23.199444,13.461943
23.195553,13.473331
23.16861,13.543888
23.158886,13.563889
23.139442,13.595554
23.127499,13.612778
22.883331,13.909166
22.614166,14.234999
22.675831,14.356667
22.708054,14.418055
22.747219,14.494999
22.91111,14.818333
22.934444,14.865
22.980553,14.957499
23.000591,14.997889
22.959442,15.006943
22.751663,15.047777
22.202774,15.154461
21.998886,15.194721
21.82,15.197498
21.655277,15.199444
21.614166,15.199999
21.517776,15.201387
21.495831,15.202499
21.487778,15.216665
21.445274,15.284443
21.089722,15.533333
21.018608,15.583055
20.955276,15.627222
20.952221,15.618889
20.951111,15.612778
20.94611,15.603888
20.929996,15.584444
20.910275,15.568609
20.900833,15.56361
20.884441,15.558332
20.866108,15.554998
20.852497,15.554165
20.81583,15.55722
20.77972,15.568609
20.766388,15.575832
20.758888,15.582777
20.734997,15.60861
20.728611,15.61611
20.716663,15.633055
20.703888,15.656666
20.701111,15.668888
20.698887,15.673887
20.353054,15.996666
20.326385,15.981943
20.139721,15.873333
20.019997,15.804165
19.932499,15.753887
19.755276,15.730276
19.618889,15.713055
19.018887,15.634165
18.841663,15.610832
18.782219,15.602499
18.289719,15.574444
18.248886,15.573055
17.999454,15.558979
17.359997,15.523611
16.927776,15.490276
16.914165,15.489166
16.89809,15.485138
16.894444,15.482498
16.867775,15.456944
16.761108,15.354166
16.641388,15.238609
16.521385,15.122221
16.29472,14.904444
15.947777,14.572222
15.733889,14.368889
15.596943,14.271666
15.489166,14.195555
15.313889,14.072222
15.205832,13.997221
15.037777,13.859165
14.888887,13.786388
14.848055,13.767221
14.802221,13.77861
14.732777,13.794167
14.705555,13.759165
14.617498,13.681389
14.599443,13.684444
14.586388,13.684721
14.572498,13.684166
14.561666,13.680832
14.556944,13.67861
14.548611,13.672777
14.541943,13.665277
14.531666,13.647778
14.521666,13.629721
14.516262,13.615181
14.514999,13.554722
14.50861,13.540277
14.496944,13.517221
14.484444,13.49472
14.474998,13.482777
14.461111,13.468887
14.456388,13.466665
14.445276,13.463333
14.433054,13.461666
14.428055,13.462221
13.993265,13.562229
13.828609,13.600555
13.718338,13.62512
13.719999,13.347776
13.624722,13.255278
13.620832,13.252222
13.614443,13.251389
13.609722,13.253332
13.60611,13.256943
13.60111,13.258888
13.595833,13.25861
13.591665,13.255554
13.528332,13.204721
13.526388,13.19972
13.518888,13.125832
13.523054,13.093887
13.524721,13.08111
13.527222,13.076387
13.530554,13.072777
13.53611,13.074444
13.54361,13.08111
13.547777,13.078333
13.549166,13.072777
13.548611,13.066387
13.533609,13.016109
13.484444,12.899721
13.473331,12.87611
13.379444,12.771944
13.375555,12.768888
13.35111,12.75111
13.346943,12.748333
13.286943,12.646666
13.272778,12.608055
13.263611,12.589167
13.24472,12.573055
13.199444,12.536388
13.194721,12.534166
13.189999,12.533333
13.186943,12.537498
13.184721,12.549444
13.181665,12.55361
13.176388,12.552221
13.154999,12.545277
13.150276,12.542776
13.097776,12.491943
13.066111,12.459166
13.073028,12.429576
13.075277,12.36861
13.122221,12.175278
13.171389,12.007776
13.237499,11.890554
13.26861,11.829443
13.273054,11.819721
13.355276,11.531111
13.365833,11.491665
13.373333,11.463333
13.378887,11.426666
13.381109,11.3925
13.379444,11.33861
13.377222,11.278332
13.376389,11.25861
13.375277,11.238609
13.373055,11.213055
13.370832,11.194443
13.366388,11.17111
13.361666,11.126944
13.360277,11.100832
13.359722,11.066666
13.360277,11.038332
13.361944,11.011389
13.364166,10.977499
13.365833,10.957499
13.372499,10.906666
13.378332,10.883333
13.380554,10.878611
13.385277,10.8475
13.386944,10.834721
13.389166,10.794998
13.388611,10.749722
13.386389,10.724165
13.384443,10.705
13.374609,10.644665
13.357498,10.592222
13.339998,10.535276
13.318609,10.463888
13.314722,10.442499
13.309721,10.411943
13.304443,10.361666
13.300833,10.3375
13.280554,10.224998
13.272221,10.184444
13.269722,10.173054
13.259722,10.148333
13.252499,10.134722
13.172777,9.988054
13.153332,9.958611
13.138887,9.937777
13.133055,9.929998
13.075277,9.873055
12.871111,9.694166
12.802435,9.634932
12.804443,9.621944
12.816944,9.423887
12.829721,9.236666
12.841665,9.113054
12.844658,9.064855
12.846666,9.032499
12.846907,9.010983
12.845833,8.99861
12.846666,8.984999
12.896666,8.818609
12.943333,8.66361
12.948332,8.66
12.971109,8.648333
12.993889,8.636665
13.007221,8.628332
13.021944,8.615
13.028055,8.607222
13.060833,8.563055
13.066666,8.554443
13.074999,8.541943
13.076944,8.536943
13.083611,8.516388
13.085833,8.497499
13.083887,8.471109
13.08,8.454166
13.078054,8.449165
13.088333,8.408609
13.140554,8.348331
13.198332,8.287222
13.217596,8.251509
13.219166,8.235832
13.22361,8.22611
13.280554,8.141388
13.290833,8.130554
13.298611,8.124722
13.303055,8.123333
13.30361,8.122221
13.320833,8.04361
13.352777,7.815
13.099722,7.379722
13.106667,7.341944
13.125555,7.218888
13.042776,7.147499
12.995277,7.090555
12.995766,7.028064
12.996387,6.951111
12.997221,6.933332
13.108055,6.806389
13.149166,6.78361
13.166943,6.774722
13.343887,6.679166
13.346666,6.676666
13.450832,6.575277
13.605276,6.423055
13.625555,6.388611
13.683887,6.285
13.683887,6.282777
13.683332,6.238055
13.660831,6.133333
13.701387,5.997499
13.715277,5.961944
13.749443,5.874722
13.817778,5.700277
13.836666,5.657222
13.891499,5.548367
13.886944,5.526388
13.8475,5.365
13.845554,5.363333
13.794722,5.341944
13.752777,5.289166
13.746666,5.214999
13.733675,5
13.736387,4.923611
13.781387,4.885555
13.721964,4.625978
13.690277,4.487778
13.686943,4.469999
13.481388,4.247777
13.476944,4.1425
13.469999,4.143055
13.40111,4.1425
13.273586,4.140918
13.177221,4.139722
12.996387,4.105
12.951111,4.077222
12.748888,3.952777
12.717777,3.912222
12.528889,3.657777
12.445276,3.66111
12.249439,3.666115
12.215271,3.656393
12.107771,3.636947
12.009995,3.670833
11.999996,3.671317
11.975554,3.671666
11.919722,3.616944
11.825277,3.631667
11.812498,3.668611
11.801943,3.6725
11.749722,3.688333
11.693274,3.604459
11.730555,3.562222
11.734165,3.558888
11.738333,3.556111
11.743332,3.554166
11.774443,3.546111
11.817778,3.513333
11.825554,3.507222
11.835554,3.497777
11.853611,3.473611
11.855833,3.468889
11.895277,3.378055
11.894165,3.372222
11.886389,3.359444
11.884998,3.353611
11.883888,3.3275
11.886944,3.316389
11.889999,3.312222
11.910276,3.298055
11.951944,3.27
11.977776,3.261666
11.999998,3.259254
12.007479,3.257965
12.017174,3.253959
12.020784,3.250625
12.113289,3.162286
12.268585,3.010035
12.376379,2.872512
12.387213,2.856677
12.396658,2.83862
12.383883,2.785285
12.379993,2.775285
12.356104,2.725839
12.348883,2.712228
12.302771,2.665006
12.292496,2.61167
12.281107,2.535835
12.251663,2.394443
12.24972,2.389443
12.246943,2.385277
12.240274,2.378054
12.234997,2.376387
12.206663,2.376387
12.135275,2.387498
12.124165,2.389998
12.084442,2.403609
11.95722,2.401667
11.896152,2.397925
11.904013,2.392092
11.999996,2.320872
12.35722,2.058332
12.378885,2.07111
12.386108,2.077777
12.389997,2.087777
12.415552,2.161666
12.41972,2.22611
12.417219,2.244999
12.48111,2.256111
12.593611,2.220833
12.630833,2.200833
12.690832,2.146111
12.694443,2.1425
12.700277,2.134444
12.714722,2.106389
12.73111,1.988889
12.700554,1.928056
12.608889,1.871666
12.629999,1.578333
12.84252,1.322288
13.01111,1.117222
13.023888,1.011389
13.047222,0.989167
13.090567,0.989244
13.336666,0.990833
13.371666,0.991667
13.372776,1.011667
13.363609,1.043889
13.350555,1.073333
13.335278,1.107778
13.314165,1.176666
13.312777,1.182222
13.340277,1.265833
13.344206,1.275772
13.349957,1.285306
13.357777,1.279166
13.386665,1.252222
13.393055,1.244444
13.393888,1.238333
13.39361,1.231667
13.391109,1.220278
13.387777,1.209722
13.38722,1.203333
13.396387,1.170833
13.413332,1.123889
13.4625,1.031667
13.482222,1.016667
13.486944,1.014444
13.5,1.013333
13.506943,1.013611
13.522778,1.018889
13.528332,1.017778
13.537222,1.013055
13.563889,0.998055
13.568054,0.995278
13.668888,0.786389
13.684166,0.625
13.689999,0.616111
13.693333,0.6125
13.703888,0.602222
13.708055,0.599444
13.854166,0.515556
13.91361,0.465
14.121387,0.3525
14.126944,0.351389
14.138054,0.354444
14.142776,0.356667
14.154444,0.366111
14.17861,0.390833
14.182777,0.393889
14.240276,0.409444
14.245832,0.410833
14.254166,0.405278
14.283609,0.384722
14.362778,0.321111
14.367222,0.296389
14.425423,0.233029
14.464722,0.189444
14.523054,0.166667
14.700832,0.225278
14.752222,0.241389
14.835833,0.193333
14.848331,0.199444
14.860554,0.208333
14.867222,0.215556
14.871944,0.225
14.878611,0.232222
14.882776,0.235
14.887499,0.237222
14.915068,0.235048
14.950277,0.232222
15.002522,0.229992
14.997499,0.245556
14.988609,0.280833
14.975555,0.334167
14.960554,0.396667
14.978611,0.450556
15.000832,0.512222
14.967499,0.618611
14.955555,0.653889
14.942221,0.695
14.960833,0.731111
14.968611,0.778333
14.977499,0.938889
14.978611,0.974722
14.995277,0.994444
15.079443,1.085556
15.286665,1.3125
15.315277,1.884722
15.318888,1.974167
15.344999,2.510555
15.350555,2.628055
15.344721,2.86
15.341665,3.002778
15.341944,3.020833
15.410555,3.023056
15.4175,3.0225
15.433054,3.0325
15.392378,3.30705
15.361666,3.512222
15.358152,3.523981
15.398333,3.530833
15.429165,3.535555
15.51222,3.567222
15.65,3.7225
15.652777,3.726666
15.657221,3.736111
15.659443,3.747777
15.661388,3.772222
15.66111,3.786389
15.662777,3.812222
15.665277,3.823889
15.672777,3.844166
15.675554,3.848611
15.706665,3.881944
15.709166,3.885
15.727499,3.895
15.74861,3.902222
15.941944,3.950277
16.070274,3.980833
16.293888,4.069722
16.303333,4.074444
16.32333,4.089722
16.338055,4.103055
16.348053,4.114166
16.365833,4.138611
16.373608,4.151944
16.379997,4.166389
16.38361,4.176666
16.38472,4.1825
16.388611,4.192778
16.393887,4.200833
16.738052,4.2
16.755276,4.199166
16.820831,4.198889
16.914997,4.22111
16.99361,4.250278
16.994442,4.2525
17.292011,4.251111
17.476109,4.249722
17.648052,4.24861
17.998055,4.246666
18.645275,4.245
---
