14.105276,145.20636
14.1216640000001,145.175537
14.1238860000001,145.170532
14.1272200000001,145.153595
14.1263870000001,145.147217
14.114443,145.132172
14.114443,145.125244
14.117775,145.121887
14.122498,145.119965
14.1291639999999,145.119965
14.1344429999999,145.121338
14.1424980000001,145.126617
14.1458320000001,145.130249
14.1736090000001,145.183594
14.1949980000001,145.237183
14.1983320000001,145.25415
14.1983320000001,145.268036
14.1969430000001,145.280273
14.1949980000001,145.284973
14.186386,145.289703
14.1777760000001,145.289703
14.171665,145.288574
14.16222,145.284424
14.1583330000001,145.281647
---
14.827776,145.52887
14.829165,145.52359
14.8449970000001,145.526367
14.8483310000001,145.529694
14.850275,145.56192
14.848886,145.567474
14.8449970000001,145.570251
14.8397200000001,145.568848
14.833609,145.563873
14.8283310000001,145.535248
---
14.9080540000001,145.618835
14.913332,145.610504
14.9172210000001,145.607727
14.998608,145.574127
15.0033319999999,145.572205
15.0099979999999,145.572205
15.0349980000001,145.587189
15.0833319999999,145.626892
15.0838870000001,145.633026
15.081942,145.638031
15.0786090000001,145.641357
15.0694430000001,145.647491
15.064165,145.648865
14.9894410000001,145.661926
14.976664,145.66275
14.9655529999999,145.660522
14.919165,145.639984
14.911943,145.633881
14.9091640000001,145.629669
14.9080540000001,145.624115
---
15.0872190000001,145.73468
15.0880530000001,145.728302
15.097219,145.691345
15.098608,145.685791
15.101109,145.681915
15.105276,145.679138
15.116386,145.67691
15.142776,145.683868
15.1780550000001,145.695526
15.238886,145.731079
15.241386,145.735229
15.267221,145.790802
15.269165,145.795532
15.2677760000001,145.813293
15.265833,145.818024
15.261944,145.820801
15.257221,145.820251
15.244164,145.799713
15.2366640000001,145.793579
15.144165,145.738556
15.139442,145.736633
15.1336100000001,145.736084
---
16.3347210000001,145.648865
16.3380510000001,145.63858
16.3405529999999,145.63443
16.3486060000001,145.62912
16.3530499999999,145.626892
16.35833,145.625519
16.364998,145.625519
16.3702740000001,145.626892
16.376106,145.63443
16.377495,145.639984
16.378609,145.650269
16.368328,145.700256
16.363609,145.709137
16.355831,145.714691
16.3505520000001,145.716064
16.345829,145.714142
16.339996,145.70636
16.3361090000001,145.69693
16.3347210000001,145.655823
---
16.675552,145.789429
16.6788830000001,145.779144
16.6861079999999,145.773041
16.6908300000001,145.770813
16.696663,145.770264
16.7013850000001,145.772217
16.7052730000001,145.774994
16.707771,145.779144
16.7086070000001,145.785248
16.7072180000001,145.790802
16.7005500000001,145.801636
16.695274,145.80304
16.688885,145.80304
16.6841620000001,145.801086
16.680275,145.798309
---
17.2858310000001,145.855225
17.2891650000001,145.844971
17.2924960000001,145.841339
17.3008310000001,145.836639
17.3133320000001,145.837463
17.317219,145.84024
17.317219,145.846924
17.311386,145.861359
17.3041650000001,145.867462
17.298885,145.868835
17.293053,145.868286
17.28722,145.860779
---
17.5669399999999,145.854401
17.5683290000001,145.842194
17.57222,145.832458
17.5774960000001,145.824402
17.5827750000001,145.823029
17.589165,145.823029
17.59444,145.824402
17.598331,145.827179
17.6049960000001,145.833862
17.607498,145.838013
17.608887,145.843567
17.608887,145.849121
17.604164,145.858002
17.598331,145.865509
17.5897180000001,145.870239
17.5838850000001,145.870789
17.578053,145.870239
17.5736079999999,145.868286
17.567776,145.860779
---
18.041943,145.724121
18.0477750000001,145.716644
18.054443,145.716644
18.068054,145.721619
18.1708300000001,145.779144
18.175552,145.788025
18.172218,145.806641
18.1708300000001,145.81192
18.163052,145.824402
18.1519389999999,145.833313
18.1422200000001,145.836639
18.1299970000001,145.83609
18.125275,145.833862
18.1174960000001,145.828583
18.1141620000001,145.824982
18.0491640000001,145.74411
18.043888,145.736084
---
18.720829,145.673035
18.7213820000001,145.666656
18.725273,145.657196
18.731937,145.650269
18.740273,145.645538
18.7513890000001,145.643311
18.7636110000001,145.644135
18.784996,145.648865
18.799442,145.654419
18.807774,145.659149
18.810276,145.6633
18.811108,145.669434
18.809719,145.674988
18.8024980000001,145.688019
18.796108,145.694702
18.7805520000001,145.705811
18.773331,145.709137
18.7683300000001,145.71051
18.750832,145.709961
18.745548,145.708588
18.7372170000001,145.703857
18.727493,145.693573
18.7247160000001,145.689423
18.7213820000001,145.679138
---
19.6527750000001,145.398865
19.6547160000001,145.392761
19.659996,145.38443
19.6638830000001,145.381622
19.6733280000001,145.378296
19.6791610000001,145.378845
19.686382,145.384979
19.688885,145.38916
19.690273,145.394714
19.689716,145.400818
19.687496,145.405823
19.6849940000001,145.409698
19.677219,145.415253
19.672771,145.417206
19.6611060000001,145.417206
19.6572190000001,145.414703
19.6527750000001,145.405823
---
20.0097200000001,145.251099
20.009998,145.243835
20.011387,145.238861
20.0141640000001,145.233856
20.0219420000001,145.227448
20.0274960000001,145.225525
20.033607,145.225525
20.04361,145.230255
20.047775,145.233307
20.052219,145.242188
20.0508310000001,145.247742
20.039997,145.269989
20.036385,145.27359
20.023609,145.273315
20.013611,145.261383
20.0108300000001,145.256927
---
20.5172200000001,144.915802
20.519718,144.906097
20.522221,144.901917
20.5261080000001,144.899139
20.53194,144.89859
20.5369420000001,144.899994
20.550552,144.906097
20.5544430000001,144.908875
20.556385,144.913605
20.556385,144.920532
20.5524980000001,144.929962
20.544163,144.934967
20.5330539999999,144.932739
20.5247190000001,144.92804
20.5183300000001,144.921082
---
