17.4861110000001,55.8594440000001
17.4911080000001,55.832497
17.4936100000001,55.8291630000001
17.498886,55.8313830000001
17.5063860000001,55.8383330000001
17.516666,55.859718
17.4997220000001,55.88694
17.495277,55.8841630000001
17.490833,55.874718
---
17.4836079999999,56.018326
17.495277,55.9641650000001
17.4997220000001,55.9619370000001
17.514999,55.95694
17.519165,55.9574970000001
17.5383299999999,55.9997180000001
17.5497210000001,56.042221
17.552498,56.0527729999999
17.514721,56.0936050000001
17.5116650000001,56.0911100000001
17.508888,56.086937
17.498055,56.0636060000001
17.4924960000001,56.0494380000001
17.484165,56.024162
---
20.415554,58.825554
20.41111,58.8227770000001
20.3708310000001,58.8061070000001
20.3613850000001,58.802216
20.328609,58.793327
20.29583,58.784439
20.291386,58.784721
20.2858310000001,58.786659
20.2802770000001,58.786659
20.275555,58.7836070000001
20.2130550000001,58.7247159999999
20.2083320000001,58.7186050000001
20.1772190000001,58.6741640000001
20.1738850000001,58.6691670000001
20.1683310000001,58.6549990000001
20.168888,58.6497190000001
20.1738850000001,58.6452710000001
20.2349970000001,58.63472
20.245552,58.6341630000001
20.274166,58.633331
20.3402750000001,58.638329
20.3499980000001,58.6411060000001
20.3647190000001,58.647499
20.369164,58.649994
20.3738860000001,58.6541599999999
20.425278,58.7016600000001
20.4336090000001,58.711105
20.429443,58.7205509999999
20.428333,58.724998
20.4269410000001,58.7347180000001
20.427498,58.739998
20.4286080000001,58.7449950000001
20.432777,58.755272
20.4413870000001,58.765274
20.4644430000001,58.783333
20.4699969999999,58.786659
20.474998,58.7883300000001
20.5722200000001,58.8272170000001
20.68111,58.8833310000001
20.6908300000001,58.8899990000001
20.6924970000001,58.8947220000001
20.6930540000001,58.899719
20.686943,58.914993
20.6838870000001,58.9197160000001
20.6791650000001,58.921661
20.5169410000001,58.9522170000001
20.5124970000001,58.9522170000001
20.5075,58.9499969999999
20.4980550000001,58.9413830000001
20.478611,58.9136050000001
20.4699969999999,58.8980480000001
20.460831,58.8724980000001
20.456108,58.861938
20.445274,58.847496
20.441109,58.842773
---
24.8661080000001,56.0508270000001
24.878609,56.0330510000001
24.883888,56.024162
24.8888850000001,56.0133290000001
24.8911090000001,56.0005490000001
24.8911090000001,55.993607
24.8899990000001,55.987495
24.8877749999999,55.9827730000001
24.883888,55.9794390000001
24.8783300000001,55.9774930000001
24.872776,55.9783330000001
24.862778,55.9827730000001
24.752777,56.053886
24.7447200000001,56.0616610000001
24.739719,56.071106
24.7380519999999,56.0769420000001
24.7347220000001,56.104164
24.7402760000001,56.141106
24.741943,56.146385
24.7816660000001,56.179718
24.8249970000001,56.1887660000001
24.8336110000001,56.2261050000001
24.841942,56.2533260000001
24.848331,56.2683260000001
24.8538860000001,56.2780530000001
24.857273,56.280472
24.867775,56.2852710000001
24.872498,56.2888870000001
24.8788870000001,56.296104
24.886108,56.3105550000001
24.8891640000001,56.3222200000001
24.89333,56.33194
24.896664,56.3358310000001
24.9013860000001,56.338608
24.907497,56.3399960000001
24.920555,56.3402710000001
24.926109,56.3391650000001
24.9541659999999,56.3341600000001
24.9602780000001,56.333885
24.966389,56.335274
24.969444,56.339012
24.9733310000001,56.342773
24.9758300000001,56.347496
24.977497,56.35305
24.9794430000001,56.3652730000001
24.979382,56.3735280000001
24.9644430000001,56.3758320000001
24.8683320000001,56.413887
24.6894419999999,56.496384
24.6761090000001,56.502777
24.6305540000001,56.525833
24.595833,56.546104
24.5016630000001,56.603607
24.4841650000001,56.6144410000001
24.476665,56.6199950000001
24.4652750000001,56.630272
24.452774,56.6466600000001
24.4444430000001,56.6605529999999
24.431664,56.6783290000001
24.4011080000001,56.714722
24.308887,56.7972180000001
24.2925000000001,56.8105550000001
24.2797200000001,56.8174970000001
24.254997,56.8258290000001
24.244164,56.827774
24.2397189999999,56.8299940000001
24.231388,56.835548
24.1955530000001,56.8624950000001
24.183052,56.8719410000001
24.1405530000001,56.9074940000001
24.070831,56.9897160000001
24.015274,57.0583270000001
23.9736100000001,57.113052
23.937775,57.164993
23.9322200000001,57.1747210000001
23.9299960000001,57.1805500000001
23.824444,57.535271
23.738052,57.835831
23.7244420000001,57.8683320000001
23.718052,57.887215
23.7161100000001,57.901108
23.712498,57.9302750000001
23.7127760000001,57.943329
23.7205540000001,57.991104
23.7244420000001,58.022217
23.720276,58.078606
23.7172200000001,58.1002730000001
23.7036090000001,58.1497190000001
23.69611,58.1733320000001
23.682777,58.2069400000001
23.66222,58.2422180000001
23.6512870000001,58.253029
23.639164,58.2616649999999
23.63361,58.270554
23.6263890000001,58.2869420000001
23.6208310000001,58.3049930000001
23.6166650000001,58.333885
23.6152760000001,58.3488850000001
23.616108,58.394722
23.6166650000001,58.4144440000001
23.6191640000001,58.439438
23.628887,58.4777760000001
23.6325,58.4822160000001
23.6372180000001,58.483604
23.646111,58.489716
23.6569440000001,58.5008320000001
23.644997,58.5772170000001
23.63583,58.6052700000001
23.6330530000001,58.6094440000001
23.6263890000001,58.6172179999999
23.4738880000001,58.7924960000001
23.3619420000001,58.8683320000001
23.322777,58.9236070000001
23.319443,58.927773
23.3113860000001,58.934441
23.210552,58.9977720000001
23.2058299999999,59.000549
23.2008319999999,59.0019380000001
23.183052,59.002777
23.1677740000001,59.0066600000001
23.153053,59.011665
23.148609,59.013885
23.1355550000001,59.0213850000001
23.11861,59.032776
23.0469439999999,59.086105
23.035553,59.0952760000001
23.0213850000001,59.1108320000001
23.0158309999999,59.1197200000001
23.0075000000001,59.134163
22.9936100000001,59.1658330000001
22.9905550000001,59.170555
22.9783330000001,59.1874920000001
22.9468570000001,59.2248759999999
22.827499,59.2791600000001
22.8183329999999,59.283333
22.8091659999999,59.2877730000001
22.795555,59.2952730000001
22.7777750000001,59.3108290000001
22.6805529999999,59.3977740000001
22.6397210000001,59.4441600000001
22.609444,59.486382
22.5763850000001,59.5338820000001
22.5686070000001,59.574165
22.567219,59.6502760000001
22.540554,59.7936100000001
22.538609,59.8002780000001
22.535831,59.8049930000001
22.532497,59.8080520000001
22.4933320000001,59.830276
22.4844440000001,59.8347170000001
22.432777,59.847221
22.427219,59.8469390000001
22.312222,59.831665
22.291664,59.828606
22.2327770000001,59.813049
22.2266650000001,59.8113860000001
22.2213860000001,59.808884
22.2124979999999,59.8033290000001
22.1733320000001,59.776665
22.160275,59.767494
22.1038859999999,59.721664
22.0975,59.7136080000001
21.936943,59.6547160000001
21.929165,59.6472170000001
21.878887,59.584717
21.8097190000001,59.5405500000001
21.7841640000001,59.514717
21.7733310000001,59.50444
21.761387,59.4949950000001
21.751663,59.489998
21.7397190000001,59.486382
21.68222,59.4744420000001
21.6363870000001,59.460274
21.6224980000001,59.455276
21.44611,59.349159
21.4416660000001,59.3461070000001
21.434166,59.332771
21.4211080000001,59.304993
21.4102750000001,59.2744369999999
21.376389,59.2047200000001
21.3647190000001,59.181664
21.359722,59.1724930000001
21.351944,59.1599960000001
21.2969440000001,59.0877760000001
21.138611,58.9180530000001
21.1349980000001,58.9144440000001
21.059444,58.853333
21.0394440000001,58.8372190000001
20.992222,58.804161
20.8472210000001,58.710831
20.7830540000001,58.715828
20.78833,58.71833
20.7911110000001,58.722496
20.7902760000001,58.7283330000001
20.78611,58.7313840000001
20.7741660000001,58.7316670000001
20.762775,58.7288820000001
20.757774,58.726387
20.7415540000001,58.707996
20.7008320000001,58.6561050000001
20.661942,58.603882
20.6547200000001,58.596664
20.639721,58.5894390000001
20.623055,58.583611
20.6111110000001,58.5799940000001
20.555275,58.566109
20.423885,58.5230480000001
20.4186100000001,58.5208280000001
20.4116630000001,58.515831
20.361111,58.458054
20.3583300000001,58.453606
20.3561100000001,58.4488830000001
20.3550000000001,58.4436040000001
20.354443,58.4374920000001
20.355274,58.4174960000001
20.365276,58.281662
20.366386,58.274437
20.3713870000001,58.274437
20.3758319999999,58.2774960000001
20.3816640000001,58.302216
20.378609,58.272774
20.3780520000001,58.2666629999999
20.3797190000001,58.260277
20.3958320000001,58.213882
20.398609,58.2091600000001
20.4058300000001,58.2022170000001
20.4149970000001,58.1977770000001
20.420555,58.19722
20.433331,58.2002719999999
20.458611,58.212776
20.4597210000001,58.2158280000001
20.484722,58.230553
20.571388,58.2663880000001
20.5836110000001,58.2674939999999
20.588608,58.2663880000001
20.597775,58.26194
20.601109,58.2580490000001
20.6094440000001,58.243889
20.611385,58.237221
20.613052,58.21666
20.612499,58.210831
20.579166,58.120827
20.5680540000001,58.097496
20.559444,58.0847170000001
20.5558320000001,58.0811079999999
20.545277,58.0763850000001
20.4991650000001,58.067772
20.4647220000001,58.047218
20.3858299999999,57.9527740000001
20.2594410000001,57.855553
20.2549970000001,57.852493
20.218887,57.8294370000001
20.213608,57.8269420000001
20.202221,57.8236080000001
20.18861,57.8213880000001
20.1822200000001,57.821106
20.166943,57.8252720000001
20.1502760000001,57.835831
20.138332,57.844994
20.101387,57.840828
20.087776,57.8386080000001
19.976109,57.8136059999999
19.970276,57.811943
19.8644410000001,57.7763820000001
19.848888,57.7694400000001
19.8033330000001,57.734444
19.748608,57.692772
19.74361,57.6902769999999
19.7300000000001,57.6883320000001
19.7111090000001,57.6874920000001
19.7055550000001,57.687775
19.6847190000001,57.6924970000001
19.4727750000001,57.745277
19.4316640000001,57.7644420000001
19.413055,57.77166
19.3905530000001,57.7738880000001
19.371109,57.7727740000001
19.352219,57.768326
19.3394430000001,57.765274
19.3236079999999,57.7552720000001
19.3052750000001,57.7441640000001
19.298885,57.742493
19.292221,57.741943
19.2816659999999,57.7430499999999
19.2508320000001,57.7519380000001
19.124443,57.8016660000001
19.035275,57.8386080000001
19.031387,57.84166
19.025833,57.842216
19.019444,57.84166
19.0083309999999,57.8377760000001
18.9725,57.8074950000001
18.9694440000001,57.803886
18.9419440000001,57.721382
18.9408300000001,57.715828
18.9391630000001,57.698326
18.938053,57.6730500000001
18.938053,57.6536100000001
18.9433330000001,57.5986100000001
18.952499,57.533882
18.952499,57.514717
18.950275,57.4908290000001
18.9299960000001,57.3397219999999
18.9236110000001,57.293053
18.8952750000001,57.1655499999999
18.8888850000001,57.1388850000001
18.85833,57.0405500000001
18.8124960000001,56.929443
18.801941,56.9058300000001
18.7969440000001,56.8969420000001
18.747684,56.814484
18.7411079999999,56.806389
18.730831,56.7949980000001
18.6694410000001,56.7333300000001
18.644444,56.708054
18.5991629999999,56.659996
18.59333,56.651665
18.5844420000001,56.645828
18.5738870000001,56.6419369999999
18.5466650000001,56.6377719999999
18.52861,56.6377719999999
18.4372220000001,56.6344379999999
18.333611,56.6099930000001
18.274998,56.5922160000001
18.267776,56.5880510000001
18.2638850000001,56.5830540000001
18.2549970000001,56.577217
18.2241629999999,56.5619430000001
18.203331,56.5530549999999
18.1897200000001,56.5508270000001
18.1786080000001,56.552216
18.136669,56.561661
18.1316639999999,56.5586090000001
18.1280520000001,56.5549930000001
18.1041640000001,56.5222170000001
18.101387,56.518051
18.0972209999999,56.5083309999999
18.094166,56.494995
18.0936090000001,56.4888840000001
18.090832,56.478333
18.0888860000001,56.47361
18.080276,56.4613880000001
18.0688860000001,56.45166
18.0122180000001,56.406105
17.961666,56.35083
17.952774,56.35527
17.9424970000001,56.358055
17.936386,56.357773
17.9341659999999,56.3533330000001
17.933609,56.347221
17.9347190000001,56.3336110000001
17.9383320000001,56.313049
17.943607,56.2947160000001
17.9477769999999,56.2669370000001
17.9511110000001,56.2324980000001
17.953888,56.1983260000001
17.9533310000001,56.1858290000001
17.937496,56.026665
17.924999,55.9794390000001
17.903332,55.8530500000001
17.9052770000001,55.799995
17.8911090000001,55.643883
17.865555,55.5299990000001
17.8608320000001,55.514442
17.8455540000001,55.468605
17.8369410000001,55.4497150000001
17.8288880000001,55.436943
17.8216630000001,55.4302750000001
17.816944,55.4272160000001
17.801941,55.4197160000001
17.7969440000001,55.417496
17.765274,55.4047160000001
17.7113879999999,55.380829
17.691944,55.371666
17.683052,55.3652730000001
17.6736109999999,55.3536070000001
17.66333,55.3358310000001
17.6569440000001,55.3219380000001
17.6491660000001,55.3083270000001
17.617496,55.2694400000001
17.609997,55.2627719999999
17.558609,55.23333
17.541386,55.227776
17.5027770000001,55.224998
17.489719,55.224442
17.483887,55.225273
17.4752770000001,55.2288820000001
17.471386,55.231941
17.4652750000001,55.2405550000001
17.4627760000001,55.245277
17.45472,55.2680510000001
17.452221,55.273048
17.442776,55.2852710000001
17.4261090000001,55.2961040000001
17.416943,55.300552
17.4019430000001,55.3047180000001
17.3963850000001,55.305275
17.375832,55.303055
17.3599970000001,55.296387
17.266941,55.2505490000001
17.1930540000001,55.2122189999999
17.064163,55.098328
17.050831,55.0849990000001
17.046108,55.0802760000001
17.038609,55.069717
17.018608,55.039993
17.01083,55.0238880000001
16.9874990000001,54.9605480000001
16.966389,54.8988880000001
16.945553,54.8069380000001
16.944164,54.8005519999999
16.956387,54.7386090000001
16.9577750000001,54.733887
16.9702760000001,54.6999970000001
16.9725000000001,54.6952740000001
16.9811099999999,54.6888890000001
16.99472,54.6899950000001
17.004997,54.6877750000001
17.0099980000001,54.6852719999999
17.0147210000001,54.6802750000001
17.0177760000001,54.6752779999999
17.024998,54.6511080000001
17.031666,54.6069410000001
17.0338860000001,54.5855480000001
17.038055,54.504166
17.035831,54.4199980000001
17.035,54.388611
17.014999,54.0952760000001
17.0136110000001,54.089996
16.9802740000001,54.0138850000001
16.9772190000001,54.0097200000001
16.9691660000001,54.003609
16.908607,53.9294430000001
16.8866650000001,53.8266600000001
16.8602750000001,53.744995
16.8580550000001,53.7402730000001
16.8172190000001,53.6913830000001
16.80611,53.681107
16.8013879999999,53.678329
16.7886090000001,53.6758270000001
16.784164,53.6733320000001
16.7449990000001,53.596382
16.743332,53.5824970000001
16.744442,53.569717
16.746944,53.5480499999999
16.746944,53.453606
16.73,53.3530500000001
16.6824990000001,53.185829
16.66333,53.129997
16.6580540000001,53.121384
16.642778,53.1144410000001
17.2855300000001,52.812279
17.34973,52.7821690000001
18.9993440000001,51.9992899999999
20.0000000000001,55
21.2675060000001,55.4222030000001
21.9997220000001,55.666107
22.6997180000001,55.1991650000001
22.79361,55.2172160000001
22.8074990000001,55.21833
22.8205530000001,55.2186050000001
22.8516650000001,55.2172160000001
22.894165,55.2133329999999
22.9183310000001,55.2122189999999
23.0005530000001,55.212776
23.014442,55.2138820000001
23.0205540000001,55.214996
23.1058310000001,55.2383270000001
23.117496,55.2416610000001
23.1219439999999,55.2441640000001
23.157776,55.2674940000001
23.2013850000001,55.296387
23.237221,55.319717
23.250553,55.3274989999999
23.2744410000001,55.340553
23.289165,55.347221
23.326111,55.361382
23.5072210000001,55.421944
23.6416660000001,55.485832
23.758053,55.558884
23.7619440000001,55.561386
23.7736090000001,55.56472
23.7805520000001,55.5652770000001
23.871944,55.561386
23.8838880000001,55.559441
23.8880540000001,55.5574950000001
23.8991660000001,55.547218
23.902222,55.54277
23.907776,55.533607
23.9727750000001,55.510277
24.0261080000001,55.62944
24.02972,55.6463850000001
24.0313870000001,55.67305
24.03083,55.6874920000001
24.019997,55.801384
24.035,55.8752750000001
24.0661090000001,55.998886
24.07111,56.015274
24.076111,56.0247190000001
24.0822220000001,56.024437
24.087219,56.0227740000001
24.226665,55.9561080000001
24.231667,55.953331
24.234722,55.9491650000001
24.237221,55.935829
24.2377780000001,55.928055
24.2355539999999,55.9091639999999
24.233887,55.9036100000001
24.229164,55.894165
24.2233310000001,55.8852770000001
24.2144430000001,55.865555
24.2136080000001,55.8594440000001
24.228333,55.784996
24.2308310000001,55.779999
24.2352750000001,55.7772219999999
24.2408330000001,55.776108
24.2477760000001,55.776665
24.2591630000001,55.779999
24.314999,55.811943
24.3188860000001,55.815277
24.4166640000001,55.8200000000001
24.476944,55.797775
24.553333,55.7813869999999
24.5638890000001,55.7794420000001
24.5705530000001,55.78083
24.5738870000001,55.783882
24.5961070000001,55.812492
24.6497190000001,55.843605
24.7016640000001,55.8200000000001
24.729721,55.8138890000001
24.8411100000001,55.803604
24.8602750000001,55.8030550000001
24.866386,55.803604
24.872498,55.804993
24.8780520000001,55.807777
24.8936079999999,55.820274
24.9202770000001,55.8455510000001
24.942219,55.866386
24.9555550000001,55.8819430000001
24.9636080000001,55.8955540000001
24.9733310000001,55.914719
24.979721,55.9297180000001
24.981388,55.936104
24.9836080000001,55.954437
24.9819870000001,55.9765700000001
24.9794430000001,55.990829
24.9747200000001,56.009438
24.9691660000001,56.0188830000001
24.9624979999999,56.026665
24.9538880000001,56.031944
24.938889,56.037498
---
26.365696,56.3840640000001
26.368713,56.404213
26.3416580000001,56.432808
26.330975,56.4495010000001
26.329639,56.4815520000001
26.346331,56.477543
26.351673,56.500916
26.3202920000001,56.514935
26.3149490000001,56.5022509999999
26.318954,56.4695320000001
26.2850000000001,56.401939
26.258862,56.4060970000001
26.235491,56.4388160000001
26.246387,56.4558260000001
26.248608,56.460831
26.2438890000001,56.4802700000001
26.239166,56.4819410000001
26.2333300000001,56.482773
26.1987670000001,56.4688640000001
26.1667160000001,56.4695320000001
26.1452750000001,56.478333
26.141388,56.4747160000001
26.139999,56.469162
26.141941,56.463333
26.1702770000001,56.3788830000001
26.1741640000001,56.3755489999999
26.1852760000001,56.3736040000001
26.1899990000001,56.3766630000001
26.1930540000001,56.380829
26.1952740000001,56.3858260000001
26.1999970000001,56.3869400000001
26.2055550000001,56.3777770000001
26.206944,56.370827
26.2055550000001,56.3652730000001
26.16972,56.320274
26.1641650000001,56.321106
26.1141660000001,56.3311079999999
26.110275,56.3347170000001
26.094997,56.370552
26.094997,56.377495
26.096605,56.4081000000001
26.097275,56.4368130000001
26.0905970000001,56.4695320000001
26.081249,56.4675290000001
26.0772420000001,56.4394839999999
26.054443,56.431107
25.950275,56.4238820000001
25.894165,56.401665
25.873886,56.3922200000001
25.821941,56.3636090000001
25.7591629999999,56.326942
25.7547190000001,56.3241650000001
25.743053,56.3136060000001
25.740833,56.308609
25.7413860000001,56.3024980000001
25.7472190000001,56.301666
25.7524989999999,56.303886
25.756386,56.304443
25.7505530000001,56.296104
25.743332,56.289719
25.7205540000001,56.275551
25.7152750000001,56.273331
25.66222,56.263885
25.656666,56.2647170000001
25.636015,56.2697219999999
25.6261100000001,56.2380410000001
25.654989,56.183331
25.6625000000001,56.15897
25.6661090000001,56.1472210000001
25.734989,56.140831
25.8325,56.1391600000001
25.9080509999999,56.165821
26.0147210000001,56.185551
26.0836110000001,56.158878
26.08416,56.1474910000001
26.065559,56.0799410000001
26.07972,56.0838850000001
26.095833,56.0902710000001
26.128609,56.109718
26.22583,56.168884
26.234997,56.1747210000001
26.2594409999999,56.194443
26.2661090000001,56.202217
26.2655530000001,56.2099990000001
26.2616650000001,56.2133330000001
26.2557980000001,56.211906
26.2180520000001,56.2344439999999
26.2011110000001,56.303886
26.1986080000001,56.3230510000001
26.1986080000001,56.3299940000001
26.211416,56.349789
26.2205049999999,56.365223
26.2086110000001,56.3972170000001
26.2155530000001,56.404999
26.2208329999999,56.40583
26.2341650000001,56.3980480000001
26.237221,56.3938830000001
26.242496,56.375275
26.240555,56.3533330000001
26.238331,56.34861
26.2344440000001,56.3449940000001
26.229164,56.342773
26.2252770000001,56.3391650000001
26.219997,56.330276
26.2183299999999,56.32444
26.217777,56.3183290000001
26.2183299999999,56.3105550000001
26.2216639999999,56.3063890000001
26.2330550000001,56.308609
26.2688870000001,56.3183290000001
26.2849030000001,56.3132860000001
26.286905,56.323303
26.2615320000001,56.345337
26.2608640000001,56.35535
26.267542,56.3620300000001
26.27689,56.3626980000001
26.3129460000001,56.3213010000001
26.3213880000001,56.354721
26.382389,56.3653680000001
---
