24.0013890000001,67.437759
24.001942,67.424698
24.0033299999999,67.4174800000001
24.0058330000001,67.4119260000001
24.0091630000001,67.408035
24.0169409999999,67.401382
24.0377770000001,67.3877720000001
24.051662,67.379425
24.0569420000001,67.4588780000001
24.053051,67.469437
24.0469440000001,67.478592
24.0427740000001,67.481659
24.007221,67.4588780000001
24.002777,67.449417
---
36.9848400000001,74.974152
36.989014,74.991089
36.992348,75.01416
37.0012590000001,75.131363
37.0015340000001,75.1383210000001
36.9998700000001,75.1444400000001
36.997643,75.149994
36.994308,75.154709
36.9740299999999,75.176651
36.968468,75.1869200000001
36.96154,75.2033230000001
36.956261,75.220825
36.952652,75.239151
36.9462590000001,75.2772060000001
36.940155,75.3158110000001
36.926834,75.370529
36.922943,75.3822020000001
36.914055,75.397217
36.9090580000001,75.4008180000001
36.861565,75.424698
36.854897,75.426926
36.8390499999999,75.424698
36.828224,75.4241490000001
36.8015520000001,75.4230350000001
36.767097,75.424698
36.760994,75.426086
36.7476580000001,75.431091
36.7393260000001,75.439423
36.7329410000001,75.449142
36.7304380000001,75.454437
36.726547,75.4660950000001
36.7246090000001,75.479431
36.726845,75.515823
36.729065,75.523041
36.7376860000001,75.52887
36.7588040000001,75.5322110000001
36.7626880000001,75.5361020000001
36.76963,75.546371
36.7707439999999,75.554153
36.7707439999999,75.561371
36.763542,75.63916
36.758537,75.6647030000001
36.7465970000001,75.712494
36.7357710000001,75.740814
36.731049,75.7516630000001
36.7254940000001,75.7619320000001
36.7141040000001,75.782211
36.705223,75.797211
36.680237,75.836105
36.676903,75.8410950000001
36.6671750000001,75.855255
36.6596760000001,75.864426
36.6285710000001,75.89888
36.624405,75.90332
36.6194150000001,75.906937
36.470268,75.9991460000001
36.4586030000001,76.0049900000001
36.445274,76.009995
36.438889,76.0113830000001
36.237511,76.041656
36.172501,76.002777
36.159721,75.9938660000001
36.1530530000001,75.983597
36.130821,75.9447020000001
36.1280440000001,75.9385830000001
36.1235960000001,75.923035
36.119148,75.9199830000001
36.1144330000001,75.91832
36.1091539999999,75.9174800000001
36.103317,75.9177549999999
36.077209,75.9260860000001
36.06443,75.931656
36.031372,75.951385
36.0263750000001,75.954987
36.0183180000001,75.9633180000001
36.0116580000001,75.972763
36.0069350000001,75.983597
36.005264,75.989426
36.0016560000001,76.0077670000001
36.0022200000001,76.02916
36.0047150000001,76.051651
36.0049969999999,76.0658110000001
36.0036160000001,76.0788730000001
36.0000000000001,76.091736
35.9933240000001,76.1066440000001
35.9902730000001,76.111374
35.977768,76.123871
35.9669340000001,76.1305389999999
35.908325,76.1530460000001
35.8894350000001,76.1569369999999
35.868324,76.153595
35.8338780000001,76.154984
35.8280490000001,76.1577610000001
35.819717,76.166382
35.814438,76.176926
35.8127670000001,76.183044
35.8113780000001,76.196091
35.813324,76.2294310000001
35.8224950000001,76.2969360000001
35.8413770000001,76.384995
35.859161,76.4405360000001
35.906654,76.5530400000001
35.8291630000001,76.572495
35.8138810000001,76.568878
35.796387,76.569717
35.7902760000001,76.570831
35.7844390000001,76.5738830000001
35.757217,76.5941470000001
35.7494350000001,76.62442
35.726379,76.684982
35.7199860000001,76.7016600000001
35.714996,76.7122039999999
35.7052690000001,76.7260890000001
35.6960980000001,76.736649
35.6758270000001,76.750549
35.663605,76.7627720000001
35.660271,76.7674870000001
35.6552659999999,76.778046
35.6124950000001,76.8952640000001
35.556099,77.1094210000001
35.5336070000001,77.251389
35.4852680000001,77.384995
35.4777680000001,77.400818
35.473877,77.411926
35.471657,77.431366
35.472763,77.4530489999999
35.479431,77.4758150000001
35.4822080000001,77.491653
35.484161,77.5072170000001
35.483879,77.535538
35.48082,77.5613710000001
35.4733200000001,77.618866
35.4638820000001,77.6752620000001
35.4608230000001,77.6941380000001
35.461105,77.7010960000001
35.4619370000001,77.7088780000001
35.4638820000001,77.7172090000001
35.467209,77.726379
35.4836040000001,77.7485960000001
35.4913790000001,77.7569430000001
35.501106,77.772217
35.503326,77.7794340000001
35.5052720000001,77.7877660000001
35.5052720000001,77.794708
35.5013280000001,77.8239290000001
35.4972150000001,77.818054
35.4755480000001,77.776382
35.368599,77.566086
35.2836070000001,77.3980410000001
35.2477720000001,77.328049
35.2047120000001,77.244141
35.1038820000001,77.049423
35.099159,77.04248
35.0913770000001,77.048599
35.0858230000001,77.0516510000001
35.051102,77.0633089999999
35.0399930000001,77.0652620000001
35.026939,77.0646970000001
35.0147170000001,77.060806
35.0036090000001,77.0491490000001
34.9922180000001,77.036102
34.989159,77.032486
34.982491,77.0238800000001
34.8627700000001,76.9544369999999
34.849716,76.953598
34.797493,76.9494170000001
34.7838820000001,76.947205
34.681381,76.916931
34.6774900000001,76.912491
34.6683270000001,76.89888
34.658882,76.8699800000001
34.6583250000001,76.8474880000001
34.6591570000001,76.8391569999999
34.6608199999999,76.831665
34.666939,76.812759
34.672218,76.801376
34.682213,76.7869260000001
34.6891560000001,76.7797090000001
34.7061000000001,76.766388
34.7152710000001,76.7608180000001
34.7313770000001,76.7474819999999
34.7386020000001,76.738586
34.7438810000001,76.727203
34.7486040000001,76.7063749999999
34.7494350000001,76.698318
34.7452700000001,76.656937
34.756386,76.514709
34.7644420000001,76.498322
34.7683260000001,76.48526
34.769714,76.4777680000001
34.7699890000001,76.470261
34.767212,76.4499970000001
34.758331,76.42804
34.705551,76.303864
34.700272,76.2935939999999
34.687492,76.2822110000001
34.645271,76.2463680000001
34.630547,76.239151
34.6183240000001,76.236099
34.6136090000001,76.232758
34.6094360000001,76.229156
34.604164,76.218872
34.590271,76.1791530000001
34.5863800000001,76.1674800000001
34.5852659999999,76.160538
34.585548,76.15332
34.592766,76.1349950000001
34.6044390000001,76.1138760000001
34.6174930000001,76.086105
34.6241610000001,76.067215
34.629433,76.0466460000001
34.630547,76.0299840000001
34.630272,76.014999
34.626938,75.988037
34.621101,75.9702610000001
34.606384,75.9322050000001
34.579994,75.8888850000001
34.5658260000001,75.8708190000001
34.5586010000001,75.863037
34.5544360000001,75.8597110000001
34.541107,75.849991
34.527489,75.839432
34.5208280000001,75.831665
34.514999,75.822495
34.5116650000001,75.816376
34.5072170000001,75.8055420000001
34.506104,75.792206
34.5008320000001,75.6613770000001
34.5027770000001,75.637207
34.55471,75.392487
34.556938,75.3858180000001
34.567772,75.354431
34.5727689999999,75.343048
34.6261020000001,75.2430040000001
34.6230470000001,75.191086
34.6230470000001,75.1819310000001
34.6252670000001,75.135544
34.627769,75.1105350000001
34.6349949999999,75.064148
34.6936040000001,74.692749
34.698044,74.6719210000001
34.706657,74.637207
34.7302700000001,74.558319
34.738884,74.5327609999999
34.7452700000001,74.5144349999999
34.7544399999999,74.489426
34.761665,74.471375
34.7694400000001,74.444702
34.7819370000001,74.3891600000001
34.783333,74.372482
34.7836070000001,74.3572080000001
34.7805480000001,74.329712
34.7724910000001,74.298599
34.754715,74.2474820000001
34.742493,74.221375
34.7372130000001,74.2113800000001
34.7316589999999,74.201385
34.7027740000001,74.1608120000001
34.698044,74.149994
34.6941530000001,74.130539
34.6891560000001,74.0663759999999
34.675552,73.990265
34.666664,73.966934
34.661377,73.9577640000001
34.654434,73.9491420000001
34.646385,73.94165
34.63694,73.935806
34.630547,73.9338680000001
34.6238780000001,73.9330440000001
34.5383300000001,73.9035950000001
34.5119400000001,73.875259
34.4136050000001,73.8066410000001
34.3986050000001,73.799149
34.392494,73.797485
34.385551,73.796371
34.3677670000001,73.798874
34.36277,73.8005370000001
34.3533250000001,73.8060910000001
34.345543,73.812759
34.3347170000001,73.8249970000001
34.318604,73.848038
34.315826,73.854706
34.310272,73.8827510000001
34.310822,73.906097
34.3119350000001,73.926926
34.3133240000001,73.9344180000001
34.3130490000001,73.941925
34.311661,73.949417
34.3060990000001,73.968323
34.3027730000001,73.9733120000001
34.2986070000001,73.978317
34.284721,73.985535
34.2180480000001,74.0177610000001
34.202774,74.022766
34.197212,74.0233150000001
34.189713,74.0224910000001
34.175552,74.0141600000001
34.1666640000001,73.998871
34.1613770000001,73.9880370000001
34.1538770000001,73.96666
34.149162,73.955551
34.141106,73.9399720000001
34.13221,73.9263760000001
34.124161,73.918869
34.115273,73.912201
34.0969390000001,73.9080350000001
34.0838780000001,73.907761
34.0686040000001,73.913315
34.0591580000001,73.919144
34.047218,73.9280400000001
34.034996,73.9394230000001
34.028046,73.9469300000001
34.021103,73.955826
34.013329,73.9722140000001
34.0113830000001,73.978867
34.010551,73.9871980000001
34.0102770000001,74.002777
34.012215,74.016098
34.0163879999999,74.027771
34.023048,74.051651
34.0274890000001,74.085815
34.0191570000001,74.2444310000001
34.013885,74.2649989999999
34.008331,74.275543
34.004997,74.2797090000001
33.997215,74.287201
33.9883270000001,74.292755
33.9774859999999,74.2958219999999
33.9711,74.2958219999999
33.957497,74.293869
33.934158,74.286102
33.9205470000001,74.276657
33.915825,74.2724910000001
33.9011,74.257492
33.884163,74.2358090000001
33.8719330000001,74.21666
33.8638840000001,74.2016600000001
33.856384,74.186646
33.8483279999999,74.1699830000001
33.8430480000001,74.1524810000001
33.8399890000001,74.1336060000001
33.839432,74.118591
33.8397140000001,74.096375
33.8397140000001,74.073318
33.8363800000001,74.0608060000001
33.831665,74.050262
33.8249970000001,74.0419310000001
33.812767,74.0308230000001
33.7799910000001,74.009155
33.7658310000001,74.0005490000001
33.7555540000001,73.9947050000001
33.7499999999999,73.9927220000001
33.7438810000001,73.9905400000001
33.7322080000001,73.9869230000001
33.705551,73.983322
33.699432,73.983322
33.6877670000001,73.984985
33.6719360000001,73.9888760000001
33.6541599999999,74.0000000000001
33.641663,74.0113830000001
33.6352690000001,74.019714
33.6241610000001,74.0408170000001
33.6158290000001,74.057205
33.603882,74.085815
33.5877689999999,74.117752
33.571106,74.141373
33.561378,74.154434
33.5538790000001,74.162491
33.5463870000001,74.1688689999999
33.5372159999999,74.1746980000001
33.526939,74.1794280000001
33.5105510000001,74.1824800000001
33.50444,74.1822050000001
33.485268,74.1780400000001
33.369713,74.137772
33.343323,74.125809
33.3288800000001,74.117477
33.3124920000001,74.1024780000001
33.3024900000001,74.088318
33.2977750000001,74.0785980000001
33.289719,74.056366
33.28833,74.0497130000001
33.2824940000001,74.0324860000001
33.2763820000001,74.0241550000001
33.2716600000001,74.020828
33.2613830000001,74.015823
33.2413789999999,74.0113830000001
33.2291560000001,74.0113830000001
33.215546,74.0119320000001
33.198875,74.0133210000001
33.1885990000001,74.016388
33.179718,74.0230410000001
33.168602,74.034149
33.1644360000001,74.0383150000001
33.047493,74.1733090000001
33.03833,74.1885830000001
33.0327680000001,74.1991420000001
33.029991,74.204987
33.024162,74.2324830000001
33.0227659999999,74.2561040000001
33.021103,74.2799840000001
33.016663,74.301926
33.0124970000001,74.3138730000001
33.004166,74.329437
33.000549,74.3341520000001
32.992218,74.34082
32.9772110000001,74.3452609999999
32.875549,74.3633120000001
32.8694380000001,74.3638760000001
32.856384,74.361374
32.8461,74.3560940000001
32.81543,74.329666
32.7988820000001,74.337494
32.789993,74.343323
32.7822110000001,74.3505400000001
32.7758260000001,74.3597110000001
32.7711030000001,74.371643
32.750275,74.531662
32.7588880000001,74.5986020000001
32.763611,74.6166530000001
32.770546,74.6324770000001
32.7766570000001,74.6424870000001
32.7805480000001,74.646378
32.7047120000001,74.669144
32.5933229999999,74.6535950000001
32.5763850000001,74.6547090000001
32.506943,74.6841430000001
32.5011060000001,74.687485
32.4855500000001,74.7038730000001
32.4758220000001,74.7174840000001
32.4680480000001,74.7322080000001
32.464996,74.744431
32.4588850000001,74.8983310000001
32.474434,75.008606
32.478874,75.0233150000001
32.48027,75.0308230000001
32.48027,75.037491
32.478325,75.0488740000001
32.471931,75.0663760000001
32.4011,75.226654
32.3958280000001,75.2366490000001
32.3544390000001,75.310257
32.347771,75.3191530000001
32.3446500000001,75.3193050000001
32.3081280000001,75.324493
32.292759,75.328583
32.2757,75.3508300000001
32.2637710000001,75.375076
32.241581,75.391296
32.2142410000001,75.381287
32.1339110000001,75.3068620000001
32.092869,75.2565310000001
32.074032,75.194023
32.041451,75.040741
32.0362890000001,74.996353
32.053341,74.972076
32.0618590000001,74.935738
32.053291,74.9034730000001
32.0413210000001,74.8914030000001
31.99859,74.851173
31.9421409999999,74.7443700000001
31.9181590000001,74.671791
31.8771190000001,74.6053240000001
31.8617310000001,74.593246
31.72159,74.488731
31.7010990000001,74.4928280000001
31.682329,74.5130690000001
31.6738,74.5252080000001
31.6499000000001,74.54142
31.578211,74.579987
31.462111,74.632797
31.419411,74.626877
31.41597,74.602676
31.397169,74.58255
31.3783610000001,74.5624240000001
31.354441,74.54837
31.175079,74.522667
31.118731,74.5389860000001
31.07605,74.557281
31.0794910000001,74.589569
31.09659,74.607674
31.1153699999999,74.603577
31.12393,74.623741
31.11202,74.6843190000001
31.1000900000001,74.7045360000001
31.08643,74.7086180000001
31.0642199999999,74.700607
31.053961,74.6945880000001
31.041981,74.658287
30.995052,74.554993
30.892773,74.3802640000001
30.8488850000001,74.30748
30.7641640000001,74.2424770000001
30.691662,74.1810910000001
30.6477740000001,74.113602
30.6422200000001,74.1010890000001
30.599163,74.0488740000001
30.504997,73.9960940000001
30.390099,73.872498
30.3847200000001,73.8683170000001
30.367561,73.857178
30.3602750000001,73.858597
30.3590090000001,73.862335
30.3491630000001,73.8913730000001
30.341663,73.9058230000001
30.335274,73.9149930000001
30.314163,73.9344180000001
30.3091620000001,73.9377590000001
30.2927740000001,73.9472050000001
30.2794420000001,73.9519350000001
30.2536089999999,73.9594270000001
30.2347180000001,73.9644320000001
30.2169380000001,73.96666
30.1994400000001,73.9685970000001
30.136002,73.9334030000001
30.0705530000001,73.798874
30.053329,73.729431
30.0408330000001,73.674698
30.0202750000001,73.5885930000001
30.014999,73.573608
29.9524960000001,73.4194340000001
29.942772,73.397491
29.74194,73.330276
29.5811080000001,73.276932
29.5649990000001,73.271103
29.553051,73.265274
29.245827,73.0863800000001
29.20805,73.0499880000001
29.1419410000001,72.9888760000001
29.0441630000001,72.9522090000001
29.0358310000001,72.948318
28.994717,72.8383180000001
28.9924930000001,72.8305510000001
28.9536060000001,72.7288670000001
28.904716,72.6383210000001
28.881939,72.596649
28.859161,72.554977
28.784996,72.389709
28.683052,72.2944340000001
28.6799960000001,72.292206
28.664162,72.2872010000001
28.551941,72.253326
28.4236069999999,72.2138820000001
28.4024960000001,72.20665
28.325275,72.1374970000001
28.286942,72.0852659999999
28.215828,71.992203
28.1208310000001,71.919983
28.1174960000001,71.9180450000001
28.0108300000001,71.90416
27.9619410000001,71.896942
27.8905530000001,71.693588
27.880829,71.640823
27.876106,71.6147
27.8724980000001,71.575272
27.8713840000001,71.562485
27.869717,71.5241550000001
27.869717,71.486923
27.870831,71.4691470000001
27.8702740000001,71.4377590000001
27.868607,71.399429
27.8644410000001,71.3538669999999
27.8505520000001,71.2530520000001
27.8458290000001,71.2258150000001
27.8391650000001,71.2035980000001
27.8219409999999,71.1555480000001
27.8033290000001,71.1105350000001
27.7922210000001,71.0858150000001
27.777496,71.0566410000001
27.7494390000001,70.995255
27.733051,70.957764
27.723049,70.9299770000001
27.7122150000001,70.8944400000001
27.70694,70.866653
27.706104,70.847763
27.7063830000001,70.829437
27.7080500000001,70.805817
27.7122150000001,70.7833250000001
27.716106,70.766937
27.7247160000001,70.747208
27.731384,70.737762
27.7458270000001,70.7272030000001
27.833054,70.676651
27.8502730000001,70.6674800000001
27.8633310000001,70.6622009999999
27.8691640000001,70.661652
27.874165,70.6622009999999
27.893608,70.6680450000001
27.903885,70.6697080000001
27.9155500000001,70.6677550000001
27.9283290000001,70.6636050000001
27.9369390000001,70.6560970000001
27.9488830000001,70.6438749999999
27.9997180000001,70.5916600000001
28.0066640000001,70.583054
28.0222210000001,70.5544280000001
28.0358310000001,70.5249940000001
28.0391650000001,70.514435
28.045551,70.4869230000001
28.045551,70.4744260000001
28.024719,70.3827510000001
28.0208320000001,70.368317
28.014721,70.357483
27.911663,70.228592
27.9008290000001,70.2152710000001
27.8855819999999,70.203537
27.8288840000001,70.1280360000001
27.816109,70.119705
27.7936100000001,70.1088710000001
27.7844430000001,70.1049800000001
27.7280500000001,70.0813750000001
27.7080500000001,70.0744320000001
27.673885,70.0630340000001
27.641106,70.053864
27.6166650000001,70.0449830000001
27.5999980000001,70.037491
27.5905530000001,70.0310969999999
27.408607,69.8674770000001
27.309162,69.7558290000001
27.2997210000001,69.7366490000001
27.2952770000001,69.720535
27.2891650000001,69.7052610000001
27.286663,69.7008210000001
27.2763860000001,69.6885830000001
27.186939,69.5902710000001
27.1783290000001,69.583328
27.173328,69.580276
27.015274,69.5177610000001
26.997494,69.5111079999999
26.9922180000001,69.50972
26.8358310000001,69.4871980000001
26.8172190000001,69.484985
26.8116650000001,69.484985
26.806385,69.486099
26.791943,69.491089
26.773052,69.498322
26.7544440000001,69.506104
26.7502749999999,69.5088810000001
26.7466620000001,69.512772
26.743607,69.517487
26.73444,69.542206
26.7247160000001,69.5719300000001
26.718605,69.5916599999999
26.702217,69.6341550000001
26.6786080000001,69.695251
26.6652720000001,69.722763
26.653328,69.7424770000001
26.649719,69.7463680000001
26.64222,69.753052
26.6136090000001,69.7741550000001
26.59972,69.790268
26.594162,69.800812
26.588051,69.8205410000001
26.5863840000001,69.828049
26.5849950000001,69.841934
26.587498,69.891373
26.5894390000001,69.909149
26.591663,69.946091
26.596664,70.0388790000001
26.5961070000001,70.0713810000001
26.59333,70.092484
26.588329,70.112762
26.578053,70.1352690000001
26.57222,70.145538
26.563053,70.159714
26.556385,70.1683200000001
26.5527760000001,70.1719210000001
26.5361100000001,70.183594
26.5269430000001,70.187485
26.5216639999999,70.1885830000001
26.5108300000001,70.1894230000001
26.391384,70.18692
26.3677750000001,70.1855320000001
26.2505530000001,70.174698
26.2444380000001,70.1738740000001
26.2244380000001,70.168594
26.1852719999999,70.15387
26.1599960000001,70.139435
26.133884,70.1191410000001
26.10944,70.1041560000001
26.1044430000001,70.101379
26.0924950000001,70.096649
26.0799980000001,70.0927580000001
25.9933280000001,70.086105
25.9827730000001,70.0880430000001
25.9783290000001,70.089981
25.9188839999999,70.1172030000001
25.902496,70.128586
25.7127720000001,70.2722170000001
25.706661,70.2816620000001
25.7013850000001,70.2927550000001
25.6924930000001,70.3177640000001
25.6827739999999,70.351379
25.6769409999999,70.3716430000001
25.674717,70.386108
25.6811070000001,70.5019380000001
25.682217,70.5202640000001
25.683884,70.531662
25.6866610000001,70.5427550000001
25.7019390000001,70.570267
25.70805,70.5849910000001
25.714161,70.606369
25.714996,70.618317
25.7136080000001,70.6319270000001
25.7119410000001,70.6394350000001
25.707771,70.652481
25.7049940000001,70.658035
25.7019390000001,70.6627660000001
25.6983300000001,70.6663820000001
25.6852720000001,70.6746980000001
25.6749950000001,70.676651
25.653328,70.678864
25.6363830000001,70.6791529999999
25.624439,70.678314
25.606106,70.6758120000001
25.5761069999999,70.6733090000001
25.5641630000001,70.672485
25.546665,70.6719210000001
25.4444390000001,70.6722110000001
25.4386060000001,70.672485
25.4169390000001,70.6744230000001
25.401661,70.677475
25.396942,70.6794280000001
25.2819400000001,70.7474820000001
25.273888,70.7533260000001
25.2380489999999,70.7913670000001
25.227493,70.803589
25.2147180000001,70.8211060000001
25.198051,70.842484
25.183884,70.858322
25.1724970000001,70.8685910000001
25.156105,70.8797
25.14222,70.885269
25.121662,70.8877719999999
25.080551,70.895538
25.055275,70.901382
25.035275,70.9063720000001
24.9541630000001,70.934708
24.935551,70.9422000000001
24.8958280000001,70.963608
24.8874970000001,70.969147
24.8755530000001,70.9783170000001
24.8558310000001,70.994141
24.7049940000001,71.0708310000001
24.680462,71.0774230000001
24.650272,71.0080410000001
24.6477740000001,71.0036010000001
24.6444400000001,70.99971
24.6361080000001,70.992752
24.6208310000001,70.9841460000001
24.602497,70.977768
24.5963860000001,70.976929
24.560555,70.9797060000001
24.5552750000001,70.980545
24.4808269999999,70.9958190000001
24.4663850000001,71.000549
24.4580500000001,71.0061040000001
24.454994,71.010818
24.453049,71.0233150000001
24.4580500000001,71.0385890000001
24.4588850000001,71.0444340000001
24.448605,71.0819400000001
24.4433290000001,71.0927580000001
24.4369390000001,71.1022030000001
24.4333310000001,71.1058200000001
24.428883,71.107758
24.42305,71.107758
24.416386,71.1058200000001
24.4088860000001,71.0986020000001
24.363609,71.02916
24.3608280000001,71.012207
24.3608280000001,71.0061040000001
24.3644410000001,70.9922030000001
24.3702740000001,70.9822080000001
24.3744390000001,70.969437
24.3744390000001,70.95694
24.3691640000001,70.9416500000001
24.361664,70.92804
24.3211100000001,70.8677520000001
24.31694,70.8644260000001
24.310276,70.8627620000001
24.304718,70.8627620000001
24.294998,70.8655400000001
24.278332,70.8869320000001
24.2744410000001,70.8858180000001
24.2699969999999,70.8760830000001
24.2444380000001,70.806091
24.2394370000001,70.7908170000001
24.235828,70.761932
24.2399940000001,70.658035
24.2413829999999,70.6505430000001
24.2436070000001,70.64415
24.2513890000001,70.6277620000001
24.271664,70.592758
24.278332,70.5844270000001
24.28722,70.5797120000001
24.3266640000001,70.5791630000001
24.3841629999999,70.5841520000001
24.3866619999999,70.588593
24.3908310000001,70.591934
24.3958280000001,70.5949859999999
24.401661,70.5972140000001
24.414997,70.600815
24.422218,70.5933230000001
24.431664,70.579437
24.4363819999999,70.5674900000001
24.4363819999999,70.5613710000001
24.4352720000001,70.5555420000001
24.4022180000001,70.4147030000001
24.369717,70.329712
24.344162,70.277771
24.3355520000001,70.264709
24.3322180000001,70.25444
24.3155520000001,70.1905360000001
24.312775,70.1738740000001
24.3124960000001,70.1488800000001
24.3090319999999,70.120087
24.297218,70.114151
24.239162,70.0894320000001
24.2261050000001,70.0838780000001
24.1979180000001,70.0707090000001
24.1894380000001,70.0574800000001
24.171661,70.025818
24.1697160000001,70.0147090000001
24.1697160000001,70.0000000000001
24.1711080000001,69.7236020000001
24.1936260000001,69.69339
24.2422179999999,69.642761
24.281387,69.598602
24.283886,69.543594
24.284996,69.3802640000001
24.2797200000001,69.2524870000001
24.2966650000001,69.087204
24.297218,69.0802760000001
24.292774,69.0708310000001
24.266941,69.026093
24.2624970000001,69.0163880000001
24.260555,69.0113830000001
24.2569430000001,68.988037
24.258331,68.9808200000001
24.265553,68.9733120000001
24.273609,68.9674840000001
24.2922210000001,68.959717
24.297218,68.958603
24.3066640000001,68.953873
24.31694,68.941925
24.3230510000001,68.9324800000001
24.3255540000001,68.9269260000001
24.335274,68.819153
24.3344420000001,68.7944340000001
24.332775,68.7830510000001
24.323608,68.7577670000001
24.3156550000001,68.745224
24.295277,68.7447050000001
24.0424960000001,68.746094
24.0000000000001,68.746628
23.969994,68.747208
23.9702720000001,68.6935880000001
23.969994,68.6319270000001
23.967495,68.390549
23.964996,68.37442
23.944439,68.2905430000001
23.934162,68.2788700000001
23.876663,68.2211
23.8683280000001,68.214432
23.8572199999999,68.209717
23.84444,68.207214
23.7666850000001,68.1978
23.746662,68.176651
23.745827,68.171097
23.747215,68.163879
23.751389,68.1608120000001
23.7563860000001,68.1599880000001
23.769165,68.1622010000001
23.775276,68.1641540000001
23.7994420000001,68.172211
23.811386,68.176651
23.8213840000001,68.1819310000001
23.825554,68.1852569999999
23.8316650000001,68.1874850000001
23.84222,68.1860960000001
23.8958279999999,68.159714
23.898884,68.158035
23.89444,68.156097
23.882217,68.15332
23.8761060000001,68.152771
23.7486039999999,68.141937
23.688049,68.1508180000001
23.6980510000001,68.093323
23.6999970000001,68.0869289999999
23.7197150000001,68.054153
23.7230490000001,68.050262
23.729439,68.0510860000001
23.749161,68.0572050000001
23.792496,68.0719300000001
23.902218,68.0583190000001
23.9183270000001,68.0483250000001
23.937496,68.0222170000001
23.9386060000001,68.0163880000001
23.9369510000001,68.010025
23.9277730000001,68.013885
23.903328,68.031097
23.8941610000001,68.0349880000001
23.8341640000001,68.048599
23.82333,68.049988
23.8174970000001,68.0477600000001
23.7663880000001,68.023605
23.7652740000001,68.0180510000001
23.7677760000001,68.0124970000001
23.8077740000001,67.947479
23.833332,67.923035
23.8594400000001,67.908325
23.904442,67.867477
23.909996,67.8572080000001
23.9013860000001,67.85054
23.8913840000001,67.845261
23.885273,67.8430480000001
23.86694,67.8410950000001
23.8452760000001,67.843872
23.8283310000001,67.844437
23.8158300000001,67.8408200000001
23.8105550000001,67.838043
23.7894400000001,67.7152710000001
23.789997,67.7024840000001
23.7927740000001,67.6763760000001
23.796944,67.640549
23.798885,67.6341550000001
23.802498,67.6302640000001
23.811108,67.625259
23.8461070000001,67.614426
23.870274,67.5638730000001
23.876549,67.5192180000001
23.890831,67.493591
23.8902970000001,67.5
23.8913840000001,67.5061040000001
23.8938870000001,67.510544
23.897495,67.5141600000001
23.9347189999999,67.5380400000001
23.938129,67.5380400000001
23.9740430000001,67.5006710000001
24.045277,67.4866490000001
24.065355,67.461197
24.0596490000001,67.425529
24.0624960000001,67.3780360000001
24.066387,67.36499
24.068886,67.359421
24.0747180000001,67.3499909999999
24.078331,67.3463750000001
24.089718,67.3380430000001
24.176105,67.3024750000001
24.209717,67.29248
24.2249950000001,67.2888790000001
24.2808299999999,67.281662
24.318329,67.287766
24.4258270000001,67.27388
24.454994,67.2488710000001
24.509998,67.214432
24.610554,67.1516570000001
24.615551,67.1505430000001
24.6422200000001,67.146652
24.647217,67.146942
24.6530490000001,67.14888
24.6580510000001,67.1516570000001
24.7116620000001,67.196091
24.717773,67.2044370000001
24.7194400000001,67.209427
24.723885,67.238312
24.7302740000001,67.252777
24.73555,67.255554
24.7416610000001,67.2561040000001
24.7461050000001,67.2541660000001
24.771111,67.237198
24.7747190000001,67.233597
24.796387,67.139709
24.7966650000001,67.1266480000001
24.82222,66.977203
24.854443,66.8594210000001
24.8549960000001,66.852768
24.8469430000001,66.7444310000001
24.8447189999999,66.7330470000001
24.8427730000001,66.7280430000001
24.8347209999999,66.714706
24.8327750000001,66.7097170000001
24.825554,66.6763760000001
24.82444,66.6708219999999
24.824165,66.664429
24.8261070000001,66.6502690000001
24.829163,66.645538
24.8347209999999,66.6452640000001
24.8624950000001,66.662201
24.8761060000001,66.6713710000001
24.879719,66.675262
24.8916630000001,66.7049870000001
24.8961070000001,66.6888730000001
24.8980520000001,66.68248
24.902218,66.679428
24.906662,66.6774750000001
24.916939,66.674988
24.9277730000001,66.673599
24.9338839999999,66.6741490000001
25.051941,66.7019349999999
25.1344410000001,66.7263790000001
25.138607,66.729706
25.1541629999999,66.7377620000001
25.160828,66.7391510000001
25.1724970000001,66.7394260000001
25.197495,66.7327579999999
25.216106,66.7244259999999
25.2286070000001,66.7163850000001
25.2433280000001,66.7019349999999
25.2866630000001,66.647217
25.327221,66.5863800000001
25.3763850000001,66.565536
25.4513850000001,66.5502620000001
25.5041660000001,66.541092
25.514442,66.5385890000001
25.59333,66.438034
25.6136090000001,66.3594210000001
25.596943,66.2485960000001
25.59333,66.226929
25.5797200000001,66.1927490000001
25.5694429999999,66.168045
25.5666660000001,66.1636050000001
25.5104390000001,66.143105
25.5072750000001,66.1414340000001
25.5039410000001,66.141602
25.502439,66.1450960000001
25.5027730000001,66.152596
25.5119400000001,66.2000960000001
25.5151060000001,66.2134320000001
25.51844,66.2187650000001
25.5226100000001,66.2234340000001
25.530441,66.2292630000001
25.5397190000001,66.2602690000001
25.543331,66.26416
25.5472180000001,66.2805480000001
25.554443,66.327209
25.554718,66.3333280000001
25.5527760000001,66.3399810000001
25.4874950000001,66.481659
25.4844400000001,66.486923
25.480274,66.4899750000001
25.411663,66.5097200000001
25.406105,66.5099950000001
25.402496,66.506378
25.3997190000001,66.5016630000001
25.398052,66.4966430000001
25.3986050000001,66.4897000000001
25.4022180000001,66.476654
25.407717,66.361267
25.414051,66.3542710000001
25.421217,66.3427579999999
25.4228860000001,66.339935
25.4302160000001,66.3229289999999
25.4403840000001,66.28743
25.4430500000001,66.2745970000001
25.4440500000001,66.26226
25.4435500000001,66.2392730000001
25.4417170000001,66.2211
25.4310510000001,66.1392670000001
25.4122160000001,65.9280400000001
25.381386,65.7880400000001
25.377495,65.7780460000001
25.3438870000001,65.6733090000001
25.3427730000001,65.6677550000001
25.342495,65.6613770000001
25.343609,65.6477660000001
25.3530500000001,65.5885930000001
25.365829,65.54248
25.3826750000001,65.466415
25.3863830000001,65.337204
25.377495,65.254166
25.3752749999999,65.2427520000001
25.3677750000001,65.228867
25.356941,65.211105
25.3533289999999,65.2074890000001
25.3438870000001,65.2016600000001
25.336941,65.200272
25.324997,65.1960910000001
25.3097189999999,65.1883090000001
25.3011090000001,65.1819310000001
25.295551,65.173035
25.2936100000001,65.168045
25.290554,65.1572110000001
25.2877770000001,65.1397090000001
25.28833,65.1327510000001
25.2919429999999,65.1197050000001
25.297218,65.1091460000001
25.3122180000001,65.053589
25.324718,64.937195
25.322498,64.787491
25.321384,64.768875
25.3197170000001,64.756943
25.313885,64.7285920000001
25.309441,64.719437
25.3011090000001,64.7061
25.2891650000001,64.688873
25.2822190000001,64.681366
25.2777750000001,64.67804
25.256943,64.6677550000001
25.25111,64.6658170000001
25.230827,64.6616520000001
25.2183270000001,64.6608120000001
25.209438,64.664993
25.2058300000001,64.6691440000001
25.2002719999999,64.6785889999999
25.193607,64.6974790000001
25.1883280000001,64.7080379999999
25.1844409999999,64.710815
25.1802750000001,64.7099910000001
25.177494,64.7058260000001
25.162773,64.651932
25.1622160000001,64.645538
25.1699940000001,64.6199800000001
25.208607,64.6310880000001
25.2205510000001,64.6310880000001
25.234161,64.6246949999999
25.2422180000001,64.6185910000001
25.248604,64.6097110000001
25.2555540000001,64.5927579999999
25.2708320000001,64.541656
25.271385,64.5347140000001
25.269444,64.5166629999999
25.2663880000001,64.5061040000001
25.262775,64.502213
25.2583309999999,64.4991460000001
25.266666,64.3880460000001
25.3258290000001,64.096375
25.3286090000001,64.09166
25.3336070000001,64.090271
25.411663,64.0785979999999
25.4174960000001,64.0805510000001
25.4219400000001,64.083878
25.429161,64.09137
25.4322170000001,64.101929
25.432774,64.108322
25.4308280000001,64.1149900000001
25.421661,64.136932
25.423607,64.141937
25.4419400000001,64.1541600000001
25.4483299999999,64.1547090000001
25.45166,64.150543
25.453049,64.120819
25.4533270000001,64.1138759999999
25.443607,64.04776
25.4366610000001,64.021652
25.423607,63.9861070000001
25.4208300000001,63.981659
25.4172169999999,63.9777680000001
25.4119420000001,63.9766540000001
25.389164,64.0099950000001
25.390274,64.015823
25.3930510000001,64.0202640000001
25.4113850000001,64.0322110000001
25.414997,64.0361020000001
25.4144400000001,64.0427550000001
25.409439,64.053589
25.401386,64.059708
25.396942,64.0619200000001
25.363884,64.075546
25.3413850000001,64.07193
25.3380510000001,64.0680540000001
25.336662,64.0624850000001
25.3347210000001,64.0010990000001
25.334164,63.929161
25.337776,63.9066540000001
25.3397179999999,63.9002690000001
25.342495,63.8952710000001
25.349442,63.878044
25.362774,63.842766
25.3702740000001,63.8174970000001
25.373608,63.8041610000001
25.3852729999999,63.748604
25.385551,63.741661
25.3852729999999,63.722214
25.384441,63.709717
25.378883,63.65638
25.3702740000001,63.6169360000001
25.3599970000001,63.5724950000001
25.346363,63.543594
25.3313870000001,63.522217
25.324997,63.51416
25.283607,63.4713750000001
25.280277,63.4699860000001
25.2508319999999,63.479988
25.246384,63.482208
25.214996,63.4291610000001
25.218605,63.3066560000001
25.218884,63.299721
25.2222179999999,63.286659
25.2269400000001,63.2749940000001
25.2297169999999,63.2702709999999
25.2355499999999,63.2513890000001
25.240551,63.231659
25.251942,63.1844330000001
25.2547190000001,63.170273
25.2563860000001,63.1558230000001
25.256107,63.125824
25.254444,63.1138839999999
25.2524990000001,63.108887
25.249439,63.104713
25.234993,63.0897140000001
25.22916,63.082497
25.216385,63.0199890000001
25.2147180000001,63.008049
25.216663,62.986938
25.221661,62.95388
25.234718,62.885551
25.2447170000001,62.836655
25.25111,62.8094330000001
25.2533300000001,62.7944410000001
25.259441,62.7447130000001
25.262775,62.6005480000001
25.2599980000001,62.563049
25.258888,62.550827
25.2555540000001,62.5269390000001
25.247494,62.4816590000001
25.2455480000001,62.4766540000001
25.1827740000001,62.3747100000001
25.171661,62.317497
25.1844409999999,62.309715
25.1924930000001,62.3033220000001
25.1991620000001,62.2952730000001
25.201939,62.2905500000001
25.2124940000001,62.2699890000001
25.2147180000001,62.2644420000001
25.218605,62.2519380000001
25.220829,62.2369380000001
25.2213820000001,62.2233200000001
25.2205510000001,62.2108230000001
25.216385,62.16777
25.210827,62.133881
25.2044410000001,62.105827
25.190273,62.0838780000001
25.181385,62.077774
25.17083,62.0730510000001
25.1580510000001,62.0699920000001
25.1166650000001,62.0141600000001
25.1199950000001,61.9588850000001
25.119717,61.9458240000001
25.118053,61.9338760000001
25.1127740000001,61.9113770000001
25.1005520000001,61.880821
25.092773,61.8619380000001
25.0888860000001,61.8597180000001
25.0844420000001,61.8619380000001
25.0774960000001,61.869987
25.0724980000001,61.8713759999999
25.0422210000001,61.85083
25.0377770000001,61.8477710000001
25.034996,61.8436050000001
25.0344430000001,61.8372120000001
25.031666,61.763885
25.032497,61.7577740000001
25.0369420000001,61.746384
25.0424960000001,61.736656
25.0524980000001,61.724434
25.0580520000001,61.724159
25.0847210000001,61.727768
25.0899960000001,61.7302700000001
25.102219,61.7469410000001
25.1069410000001,61.756386
25.111385,61.7594380000001
25.163052,61.782768
25.1674180000001,61.7841640000001
25.1691630000001,61.784721
25.180828,61.7858280000001
25.190273,61.782211
25.1924930000001,61.7763820000001
25.19944,61.6883240000001
25.203049,61.637497
25.2024960000001,61.631378
25.197647,61.6110310000001
25.2983320000001,61.6436080000001
25.348053,61.649162
25.390274,61.6519320000001
25.5063860000001,61.6597140000001
25.5905530000001,61.6655430000001
25.794998,61.686378
25.7999990000001,61.688881
25.8011090000001,61.710548
25.8002740000001,61.725548
25.8033290000001,61.753052
25.8069420000001,61.7647170000001
25.809719,61.76944
25.8138850000001,61.773323
25.818607,61.775826
25.843887,61.779991
25.869995,61.781937
25.9583280000001,61.794159
26.1086080000001,61.81694
26.1794400000001,61.832771
26.211662,61.844154
26.2263830000001,61.851662
26.234718,61.8580470000001
26.241661,61.865829
26.246384,61.8760990000001
26.311665,62.060822
26.3141630000001,62.081108
26.3144420000001,62.103882
26.376663,62.132492
26.3808290000001,62.135826
26.3827740000001,62.14138
26.383331,62.148331
26.3827740000001,62.156097
26.371109,62.18277
26.3619420000001,62.219437
26.35833,62.238884
26.355219,62.267159
26.3540229999999,62.27803
26.3619420000001,62.2872160000001
26.365551,62.291107
26.376942,62.289993
26.3819390000001,62.2886050000001
26.391663,62.2847210000001
26.408329,62.2738800000001
26.4186060000001,62.271103
26.424717,62.2713780000001
26.429996,62.2738800000001
26.5027770000001,62.3102719999999
26.515274,62.3202740000001
26.564163,62.429718
26.568886,62.4460980000001
26.57444,62.508606
26.5772210000001,62.5466609999999
26.5802760000001,62.60083
26.602219,62.70388
26.6116640000001,62.74305
26.614441,62.74749
26.625275,62.7455439999999
26.6305500000001,62.7480470000001
26.6341630000001,62.751938
26.647774,62.767769
26.649719,62.772766
26.651108,62.8291630000001
26.647774,62.973602
26.6436079999999,63.015831
26.6366620000001,63.0519330000001
26.634441,63.067215
26.6305500000001,63.163605
26.631107,63.176384
26.637218,63.1858220000001
26.6413840000001,63.1883240000001
26.6469420000001,63.1899870000001
26.853886,63.216103
26.934441,63.2591630000001
26.9463840000001,63.2572170000001
27.051388,63.2530520000001
27.077496,63.2522200000001
27.0836070000001,63.2530520000001
27.1191640000001,63.274437
27.121941,63.2786029999999
27.1341630000001,63.319992
27.133606,63.322495
27.13055,63.326942
27.126942,63.329994
27.121941,63.332214
27.1199950000001,63.336937
27.1224980000001,63.3419340000001
27.1424940000001,63.333603
27.1552730000001,63.326942
27.2186050000001,63.2883300000001
27.225826,63.28138
27.267498,63.205826
27.2677760000001,63.198044
27.241383,63.039162
27.230274,62.9986039999999
27.2152710000001,62.945267
27.213329,62.9333270000001
27.2149960000001,62.9197159999999
27.230274,62.8230510000001
27.239716,62.806656
27.2605550000001,62.7824940000001
27.2730520000001,62.7780460000001
27.3830530000001,62.7997209999999
27.38583,62.801384
27.4472160000001,62.8288800000001
27.4744380000001,62.839714
27.739716,62.8233260000001
27.7602770000001,62.821938
27.7869420000001,62.815544
27.834995,62.8024900000001
27.9452740000001,62.7724910000001
27.9727710000001,62.7649990000001
27.9797170000001,62.76194
27.993885,62.7583309999999
28.000275,62.757774
28.0072210000001,62.758606
28.076107,62.7691570000001
28.1719400000001,62.7833330000001
28.212494,62.788887
28.2605550000001,62.783051
28.266941,62.7813800000001
28.250275,62.6869350000001
28.2419400000001,62.6405490000001
28.2386050000001,62.6252670000001
28.233604,62.5924910000001
28.2949980000001,62.5308230000001
28.34972,62.492218
28.359718,62.487495
28.363331,62.484436
28.4172170000001,62.4049910000001
28.4216610000001,62.3947140000001
28.4380489999999,62.3238830000001
28.439716,62.309433
28.4594380000001,62.2086029999999
28.528885,61.95388
28.534721,61.938042
28.539719,61.9277730000001
28.5427740000001,61.922218
28.554996,61.9055480000001
28.6261060000001,61.821938
28.785275,61.6513820000001
28.806385,61.6372149999999
28.909439,61.582771
28.9845350000001,61.547623
29.07111,61.51194
29.147495,61.431381
29.155273,61.424713
29.2658310000001,61.3602750000001
29.275276,61.356384
29.290554,61.3519360000001
29.2966650000001,61.352219
29.3036080000001,61.3533250000001
29.3958280000001,61.3144380000001
29.434162,61.282494
29.6802750000001,61.0449980000001
29.6866610000001,61.0380480000001
29.8636550000001,60.8663020000001
29.863884,60.8685990000001
29.828609,60.986382
29.8074990000001,61.0630489999999
29.603329,61.789436
29.540554,62.012215
29.5147210000001,62.103607
29.4736060000001,62.2483290000001
29.4474950000001,62.3397140000001
29.44083,62.3624950000001
29.427219,62.408043
29.4119420000001,62.46138
29.4061050000001,62.484436
29.4127730000001,62.558601
29.470829,63.203323
29.4736980000001,63.230438
29.501663,63.5547100000001
29.503887,63.5872120000001
29.48444,63.703049
29.4324950000001,64.010544
29.428329,64.023605
29.4144400000001,64.059143
29.452774,64.1594240000001
29.461662,64.166092
29.476662,64.1813660000001
29.4874950000001,64.193039
29.4986040000001,64.21138
29.519997,64.2633210000001
29.5238880000001,64.2738800000001
29.5536080000001,64.3797
29.5730510000001,64.4785919999999
29.5755540000001,64.4977570000001
29.58083,64.549423
29.583054,64.574997
29.5877760000001,64.660538
29.586384,64.695526
29.582775,64.7399750000001
29.578758,64.76947
29.5691640000001,64.8733060000001
29.5411070000001,65.034149
29.5983310000001,65.2549900000001
29.6866610000001,65.596939
29.7213820000001,65.733871
29.7538870000001,65.862488
29.805553,66.0680540000001
29.820553,66.128036
29.8519400000001,66.256653
29.8933300000001,66.3024750000001
29.956104,66.3621980000001
29.9608270000001,66.362488
29.9661060000001,66.361374
30.01833,66.298599
30.021664,66.294434
30.036663,66.26944
30.041386,66.257492
30.047775,66.2485960000001
30.051388,66.2444310000001
30.0605550000001,66.239975
30.0713840000001,66.2383120000001
30.078053,66.239975
30.149719,66.2724910000001
30.1861080000001,66.2905430000001
30.2172160000001,66.3138730000001
30.225826,66.3208310000001
30.231106,66.323608
30.237774,66.325272
30.439716,66.3519290000001
30.445274,66.3516540000001
30.491661,66.3402710000001
30.4966620000001,66.3388820000001
30.5033300000001,66.329712
30.5080530000001,66.317764
30.51083,66.3127590000001
30.518608,66.305542
30.564999,66.2844240000001
30.5752750000001,66.281937
30.9408300000001,66.395538
30.9461059999999,66.404984
30.949997,66.415543
30.9538840000001,66.426376
30.9586070000001,66.443863
30.9608270000001,66.4558260000001
30.9616620000001,66.475815
30.970551,66.537491
30.973885,66.5555419999999
30.9777720000001,66.566376
30.9813839999999,66.572769
30.9919400000001,66.585266
31.081665,66.680817
31.0861090000001,66.6841430000001
31.0963860000001,66.6899720000001
31.102219,66.6922000000001
31.126663,66.693863
31.201107,66.717758
31.2122150000001,66.723038
31.214996,66.7277680000001
31.2805520000001,66.8558200000001
31.2924960000001,66.880814
31.318054,66.9569400000001
31.321941,66.974152
31.3222200000001,67.008041
31.320553,67.0299840000001
31.3163870000001,67.0427550000001
31.312775,67.0469360000001
31.3080520000001,67.0491490000001
31.2977750000001,67.051651
31.2922210000001,67.051926
31.2719420000001,67.0472109999999
31.2633320000001,67.0399780000001
31.25972,67.0358120000001
31.2544440000001,67.034714
31.2502750000001,67.0377660000001
31.24305,67.055817
31.2391620000001,67.069717
31.2183269999999,67.229156
31.2177730000001,67.2363740000001
31.218605,67.242477
31.2223240000001,67.256485
31.2155490000001,67.268875
31.2124939999999,67.281937
31.215271,67.38472
31.2711110000001,67.613037
31.3322180000001,67.778046
31.3411060000001,67.7919310000001
31.3501490000001,67.796112
31.35194,67.796936
31.377495,67.8008120000001
31.3824960000001,67.7997130000001
31.387218,67.7974850000001
31.3952750000001,67.791367
31.402496,67.7830510000001
31.4086070000001,67.7730410000001
31.413052,67.7599950000001
31.4144400000001,67.7522130000001
31.4147190000001,67.7383120000001
31.4136090000001,67.7255400000001
31.410553,67.7074890000001
31.4030490000001,67.685806
31.3999979999999,67.667755
31.4030490000001,67.654434
31.427773,67.615265
31.432217,67.613037
31.5219420000001,67.5758210000001
31.527222,67.5744320000001
31.5319400000001,67.575546
31.533607,67.5811
31.534996,67.593597
31.535275,67.6002660000001
31.5358310000001,67.6477660000001
31.5333330000001,67.6535950000001
31.5299990000001,67.657761
31.525829,67.660812
31.5233310000001,67.681656
31.5244410000001,67.7083280000001
31.529163,67.7319340000001
31.5308300000001,67.7380370000001
31.536385,67.747757
31.5802760000001,67.8230440000001
31.6008300000001,67.8347170000001
31.6144410000001,67.8447110000001
31.6283300000001,67.8613740000001
31.63805,67.8819270000001
31.6399960000001,67.887497
31.6408310000001,67.893326
31.641663,67.928314
31.6338840000001,67.9561
31.6319389999999,67.9630430000001
31.6338840000001,67.9752660000001
31.63583,67.9805450000001
31.686939,68.043869
31.7597200000001,68.1194310000001
31.76833,68.126648
31.7827760000001,68.1358179999999
31.805832,68.1458280000001
31.8261069999999,68.1574860000001
31.8302760000001,68.1611020000001
31.8330540000001,68.166092
31.8341640000001,68.171921
31.8327750000001,68.1799770000001
31.8291700000001,68.188004
31.816387,68.218872
31.779163,68.262772
31.7744410000001,68.2666630000001
31.771664,68.2722170000001
31.7694440000001,68.283875
31.72694,68.5313720000001
31.7266620000001,68.5377660000001
31.733051,68.5488740000001
31.7399940000001,68.5588680000001
31.743885,68.5624850000001
31.75222,68.5694430000001
31.756664,68.5716550000001
31.761387,68.5733180000001
31.7652740000001,68.5716550000001
31.767498,68.566086
31.7686080000001,68.560532
31.7694440000001,68.541931
31.7694440000001,68.522491
31.7680549999999,68.509155
31.7702750000001,68.4591520000001
31.7727740000001,68.4477540000001
31.7755550000001,68.4430390000001
31.779999,68.4402620000001
31.786663,68.437195
31.791107,68.4396970000001
31.79472,68.444138
31.812374,68.485352
31.8224980000001,68.511658
31.8249970000001,68.5194400000001
31.828053,68.5338750000001
31.829163,68.5474849999999
31.826664,68.565262
31.825554,68.570831
31.8213840000001,68.581375
31.7827760000001,68.650543
31.7277720000001,68.7180480000001
31.715549,68.7213750000001
31.7041629999999,68.7280430000001
31.69944,68.7319340000001
31.6163860000001,68.801651
31.612774,68.805817
31.60833,68.8163760000001
31.6063840000001,68.8216550000001
31.603886,68.833054
31.604717,68.8399810000001
31.6488840000001,69.0138850000001
31.650551,69.01944
31.65583,69.0291600000001
31.7066610000001,69.0997160000001
31.7167590000001,69.1117859999999
31.7341610000001,69.1291499999999
31.769165,69.1574860000001
31.828609,69.2013850000001
31.833607,69.204437
31.8530500000001,69.2102660000001
31.8580509999999,69.213318
31.871292,69.224396
31.918884,69.283325
31.925552,69.291931
31.9341620000001,69.3066410000001
31.9403650000001,69.3282470000001
32.0394360000001,69.2941440000001
32.0577700000001,69.2891540000001
32.1333310000001,69.274155
32.145271,69.2719270000001
32.1630480000001,69.2694400000001
32.178329,69.272766
32.197769,69.27832
32.217766,69.2830510000001
32.285271,69.2902680000001
32.2958300000001,69.291092
32.3174970000001,69.291367
32.3233260000001,69.290817
32.329437,69.2891540000001
32.3555530000001,69.2777710000001
32.3838810000001,69.261383
32.403603,69.2530520000001
32.4161000000001,69.24942
32.421661,69.248596
32.4383240000001,69.247757
32.443878,69.2480320000001
32.463326,69.253876
32.4774860000001,69.2591550000001
32.500275,69.270538
32.513611,69.2780460000001
32.5263820000001,69.287491
32.5402760000001,69.3069310000001
32.5486070000001,69.327209
32.5586010000001,69.357208
32.568329,69.377762
32.587769,69.3977660000001
32.595825,69.4047090000001
32.6124950000001,69.418045
32.6213760000001,69.424698
32.661659,69.453323
32.6705470000001,69.4583280000001
32.676102,69.4586030000001
32.688599,69.4541630000001
32.7152710000001,69.4391480000001
32.737495,69.4219210000001
32.7444380000001,69.412766
32.762497,69.396103
32.7686000000001,69.39444
32.77388,69.394989
32.7863850000001,69.404434
32.794441,69.4116520000001
32.836937,69.46582
32.8658290000001,69.508041
32.8694380000001,69.512772
32.8738780000001,69.515274
32.8797150000001,69.514709
32.9152680000001,69.5074920000001
32.9452670000001,69.5008240000001
32.9872130000001,69.4919280000001
33.003883,69.490814
33.008606,69.4924770000001
33.034164,69.5052640000001
33.038048,69.5088810000001
33.074715,69.551651
33.08194,69.5610960000001
33.0872120000001,69.575546
33.086937,69.5808260000001
33.084435,69.6263730000001
33.0888820000001,69.8674770000001
33.0899890000001,69.8810880000001
33.092766,69.8958280000001
33.0974880000001,69.9116519999999
33.1358260000001,70.0288700000001
33.2055510000001,70.150543
33.24749,70.223312
33.2547150000001,70.2324830000001
33.3277740000001,70.3233180000001
33.3319400000001,70.326935
33.343323,70.325546
33.3791580000001,70.316086
33.385551,70.3133090000001
33.39138,70.3099819999999
33.418053,70.289978
33.4227680000001,70.2861020000001
33.4630510000001,70.2435909999999
33.466103,70.2388760000001
33.470268,70.2283170000001
33.475266,70.2047120000001
33.479156,70.2005460000001
33.516106,70.1716460000001
33.5208280000001,70.1680450000001
33.5263820000001,70.16748
33.5461040000001,70.173309
33.5738830000001,70.1855320000001
33.601662,70.1988680000001
33.6122130000001,70.199707
33.640831,70.1966400000001
33.732491,70.1374970000001
33.73555,70.132751
33.7349930000001,70.1258090000001
33.727486,70.1030430000001
33.726097,70.095825
33.748047,69.9955290000001
33.7499999999999,69.9902650000001
33.7530520000001,69.9855350000001
33.7624970000001,69.976929
33.852219,69.9166560000001
33.929993,69.8691410000001
33.935822,69.865814
33.9472120000001,69.8647
34.023048,69.895538
34.035271,69.9063720000001
34.0411070000001,69.9299770000001
34.041664,69.93692
34.0447160000001,69.95166
34.050827,69.988312
34.0525440000001,70.0000000000001
34.0527730000001,70.0027769999999
34.0516590000001,70.0086059999999
34.035271,70.0591430000001
34.0161060000001,70.120819
33.9924930000001,70.199707
33.963882,70.3383180000001
33.9441530000001,70.4722140000001
33.9430470000001,70.491364
33.944435,70.558319
33.9530490000001,70.794144
33.9636080000001,70.8735960000001
33.966385,70.891098
34.052216,71.077209
34.0558240000001,71.0819400000001
34.064438,71.0883180000001
34.1613770000001,71.133881
34.1661000000001,71.1355439999999
34.348328,71.158875
34.3613820000001,71.1533200000001
34.3644410000001,71.148605
34.379715,71.1110990000001
34.3824920000001,71.0991520000001
34.3827670000001,71.0927580000001
34.387215,71.0819400000001
34.3941570000001,71.073044
34.4630510000001,71.000549
34.468048,70.9966430000001
34.5049970000001,70.9785920000001
34.5108260000001,70.9780430000001
34.531937,70.97998
34.536659,70.981659
34.5511020000001,70.987488
34.5554960000001,70.991745
34.5566560000001,71.0736079999999
34.559433,71.0885930000001
34.5636059999999,71.092484
34.5680540000001,71.0949860000001
34.6138840000001,71.103867
34.6197130000001,71.1033170000001
34.639435,71.0949860000001
34.645271,71.09166
34.6513820000001,71.089981
34.6572110000001,71.089432
34.66777,71.090546
34.6724930000001,71.0919339999999
34.6766590000001,71.095825
34.723877,71.170258
34.8299939999999,71.2916560000001
34.9152680000001,71.402206
34.945824,71.4758150000001
34.951935,71.487762
34.9555510000001,71.4924770000001
34.9594349999999,71.496094
34.963882,71.4988710000001
34.966347,71.4989010000001
34.984161,71.503052
35.077492,71.531372
35.086655,71.5355379999999
35.0947110000001,71.5433200000001
35.120827,71.573883
35.2308200000001,71.6127620000001
35.284164,71.55748
35.2947160000001,71.550262
35.3011020000001,71.548599
35.3183289999999,71.5469360000001
35.323608,71.5474850000001
35.3283310000001,71.5491490000001
35.3527759999999,71.5705410000001
35.36055,71.5783230000001
35.3683240000001,71.587494
35.3897170000001,71.616928
35.3997190000001,71.6299740000001
35.4036030000001,71.6338810000001
35.4199909999999,71.647766
35.4249950000001,71.6494290000001
35.4308240000001,71.6488800000001
35.436935,71.6472170000001
35.5269389999999,71.604706
35.586937,71.5683290000001
35.662766,71.528046
35.6941530000001,71.545822
35.6994320000001,71.5463710000001
35.711105,71.545258
35.8611070000001,71.447754
35.870827,71.4399720000001
35.87471,71.435532
35.92083,71.3827510000001
35.9555510000001,71.3319400000001
36.023674,71.2223819999999
36.0394440000001,71.18779
36.0421910000001,71.187057
36.04747,71.187607
36.0571750000001,71.1906740000001
36.0616000000001,71.193481
36.129715,71.2435760000001
36.133041,71.2485960000001
36.272064,71.464188
36.3464430000001,71.581131
36.388649,71.5908509999999
36.449448,71.617508
36.453896,71.620285
36.458061,71.624176
36.4655530000001,71.633072
36.4672160000001,71.6394650000001
36.4677730000001,71.6466830000001
36.4633329999999,71.657516
36.4369430000001,71.709747
36.4161220000001,71.74501
36.5419310000001,71.973312
36.647736,72.145813
36.6818850000001,72.1810760000001
36.691597,72.1727450000001
36.697144,72.1694180000001
36.70298,72.168854
36.7076950000001,72.1705170000001
36.7113110000001,72.1755370000001
36.714363,72.181656
36.7271270000001,72.2185970000001
36.7318420000001,72.234146
36.7557220000001,72.3305510000001
36.762398,72.4066310000001
36.7610090000001,72.46666
36.762398,72.4741520000001
36.771561,72.4924770000001
36.7785030000001,72.502487
36.802658,72.535812
36.813217,72.5488740000001
36.8162770000001,72.5522000000001
36.819595,72.5535890000001
36.821266,72.556641
36.8254319999999,72.5785980000001
36.833488,72.646103
36.8423770000001,72.7458190000001
36.8412780000001,72.7591550000001
36.8362730000001,72.7766420000001
36.832954,72.809128
36.8337860000001,72.858307
36.8346100000001,72.8724670000001
36.8365550000001,72.894424
36.8434980000001,72.9183040000001
36.846558,72.924408
36.854614,72.9330290000001
36.857941,72.938019
36.860161,72.9463500000001
36.8687740000001,73.0546879999999
36.8890460000001,73.3822020000001
36.8893280000001,73.3894350000001
36.8921129999999,73.4816440000001
36.891556,73.488022
36.8801730000001,73.5363620000001
36.88073,73.5435790000001
36.8996350000001,73.6366420000001
36.9026640000001,73.643097
36.909637,73.668304
36.897438,73.827484
36.896889,73.834152
36.892723,73.8522030000001
36.8685610000001,73.9199829999999
36.8582840000001,73.934982
36.8421710000001,73.952209
36.8374480000001,73.9630429999999
36.8160710000001,74.032211
36.8146820000001,74.0383150000001
36.8213500000001,74.062195
36.836082,74.1138760000001
36.838585,74.121094
36.847473,74.1269230000001
36.852196,74.128586
36.9033280000001,74.2058260000001
36.9986500000001,74.413879
37.001434,74.4199830000001
37.0103380000001,74.4677580000001
37.010895,74.482208
37.0103380000001,74.4888760000001
37.0056150000001,74.49971
37.002563,74.50444
36.99839,74.508881
36.9883880000001,74.5163880000001
36.976723,74.522491
36.972,74.526093
36.9636690000001,74.5347140000001
36.960609,74.539703
36.9592210000001,74.545532
36.9617230000001,74.5530400000001
36.965057,74.558029
36.974228,74.5627590000001
37.014519,74.573044
37.020348,74.5724950000001
37.0267410000001,74.568329
37.027817,74.5654300000001
37.057869,74.6677550000001
37.0623170000001,74.683594
37.0625920000001,74.6908110000001
37.0589830000001,74.7022090000001
37.021767,74.8174900000001
---
