5.29222099999993,132.22052
5.29277700000011,132.21579
5.29611,132.212189
5.30027699999999,132.209686
5.30583200000007,132.208313
5.31110999999999,132.208313
5.3152760000001,132.217743
5.30999900000006,132.226074
5.30722100000008,132.230255
5.30166500000013,132.231354
5.29611,132.230255
5.29277700000011,132.226624
---
6.88444400000003,134.159973
6.88527700000003,134.153595
6.88999899999993,134.144714
6.89749900000004,134.13858
6.90222199999999,134.136658
6.9130540000001,134.133881
6.92610999999994,134.13443
6.93138800000003,134.135803
6.93472100000014,134.139435
6.9369430000001,134.144135
6.93749900000012,134.150269
6.93555500000002,134.160522
6.93138800000003,134.168854
6.92388799999998,134.174988
6.91916600000008,134.17691
6.90694300000001,134.178314
6.89527700000002,134.176361
6.88722100000012,134.170807
6.88527700000003,134.166077
---
6.98166600000002,134.235229
6.98388799999998,134.23053
6.98777700000005,134.227753
6.99416499999995,134.226898
7.06333300000006,134.266663
7.067499,134.26944
7.07083299999999,134.273041
7.07083299999999,134.27832
7.06805499999996,134.282471
7.06333300000006,134.284424
7.05805400000008,134.284424
7.01499899999999,134.276917
7.01027800000003,134.274994
---
7.13944300000009,134.386658
7.14083299999999,134.381073
7.14555500000006,134.372192
7.15166599999998,134.364685
7.16333300000002,134.355804
7.16805500000009,134.353851
7.17416600000001,134.353027
7.18027700000005,134.359131
7.19055500000013,134.376892
7.19249799999994,134.381897
7.19249799999994,134.387207
7.18860999999998,134.389984
7.15166599999998,134.400269
7.14555500000006,134.401093
7.14222100000006,134.397766
7.14027699999997,134.392761
---
7.21583299999998,134.370789
7.21916600000009,134.360504
7.22194400000006,134.356354
7.23000000000013,134.351074
7.24360999999999,134.344116
7.25444400000009,134.341339
7.26055499999995,134.34079
7.26527700000003,134.341339
7.26944400000002,134.344116
7.27222200000006,134.348297
7.27888799999999,134.438873
7.24972100000008,134.44635
7.21583299999998,134.377747
---
7.34361100000007,134.513306
7.34083300000003,134.517487
7.33277699999996,134.523041
7.32777699999997,134.524994
7.32111100000003,134.524994
7.31166600000012,134.521088
7.30805400000003,134.517487
7.30555399999997,134.513306
7.32860999999997,134.495514
7.33611000000008,134.48941
7.34138799999994,134.481354
7.34555400000005,134.471619
7.34416599999997,134.466064
7.33999899999998,134.463287
7.3300000000001,134.459961
7.32722200000006,134.455811
7.32860999999997,134.45163
7.33194399999996,134.448303
7.34222099999994,134.444977
7.35499900000013,134.445526
7.35833300000007,134.449127
7.36055500000009,134.453857
7.361943,134.459137
7.36249900000001,134.465515
7.36111,134.470795
---
7.354444,134.531372
7.35583200000013,134.525818
7.36249900000001,134.51886
7.43805400000008,134.485229
7.59611000000001,134.544983
7.60861000000006,134.55304
7.61333300000001,134.562195
7.61666600000012,134.58609
7.61666600000012,134.593018
7.61805400000003,134.605225
7.6219430000001,134.621613
7.6261100000001,134.631348
7.62888700000002,134.635529
7.63638800000001,134.641663
7.64861000000013,134.643036
7.67083300000002,134.638031
7.68583200000006,134.632721
7.70361000000003,134.623016
7.71305500000005,134.618835
7.71860999999996,134.617462
7.72388800000004,134.618835
7.72805500000004,134.621613
7.72944400000006,134.627167
7.72944400000006,134.634155
7.72722099999993,134.638885
7.72055400000005,134.645538
7.71027799999996,134.650543
7.705555,134.652466
7.69416500000011,134.654694
7.65749900000003,134.658875
7.64388800000006,134.658875
7.60027700000001,134.654694
7.57805500000001,134.649719
7.49027599999999,134.628571
7.37194299999999,134.561371
---
