31.216541,34.2675780000001
31.2947200000001,34.239166
31.3233300000001,34.21666
31.34972,34.248055
31.373886,34.276108
31.489166,34.4011080000001
31.5497209999999,34.4558260000001
31.574997,34.477219
31.59111,34.4880519999999
31.5960960000001,34.490547
31.5469440000001,34.5591660000001
31.5330540000001,34.558609
31.514721,34.539993
31.498608,34.5133290000001
31.4711070000001,34.4786070000001
31.3947220000001,34.388885
31.3608320000001,34.3641660000001
31.347775,34.3649980000001
31.314442,34.3736040000001
31.299721,34.3730550000001
31.2947200000001,34.370552
31.2911110000001,34.3677750000001
31.25972,34.33416
---
32.5155490000001,35.295555
32.516106,35.311943
32.517776,35.3227769999999
32.523888,35.347221
32.523888,35.3497160000001
32.5222170000001,35.3580549999999
32.5075000000001,35.40416
32.5008320000001,35.4122160000001
32.488052,35.422493
32.4833300000001,35.425278
32.412773,35.48111
32.394196,35.552567
32.3883210000001,35.5572510000001
32.383606,35.559715
32.3696900000001,35.562233
32.225548,35.573296
32.222221,35.572495
32.2113880000001,35.5683290000001
32.2030490000001,35.558609
32.041107,35.516388
32.0008320000001,35.522217
31.998886,35.5227740000001
31.9972150000001,35.523605
31.9952740000001,35.526382
31.929718,35.535545
31.8283310000001,35.548882
31.766106,35.5558240000001
31.761703,35.554985
31.7349400000001,35.538673
31.7116660000001,35.5261080000001
31.6416660000001,35.4980550000001
31.603886,35.4897160000001
31.5622220000001,35.4827730000001
31.529442,35.479164
31.497322,35.4781950000001
31.499443,35.45916
31.499443,35.443054
31.494999,35.405273
31.4921190000001,35.39608
31.487221,35.3838880000001
31.4811100000001,35.373329
31.40361,35.259163
31.384163,35.240555
31.378609,35.2297210000001
31.374996,35.211105
31.3619420000001,35.1386110000001
31.3502770000001,34.946938
31.3499980000001,34.933609
31.352219,34.922775
31.3574980000001,34.9122160000001
31.3636090000001,34.90416
31.370831,34.896111
31.377499,34.8905490000001
31.3825000000001,34.887772
31.3913880000001,34.8849950000001
31.40472,34.884438
31.4202770000001,34.891937
31.443886,34.9105530000001
31.481667,34.9372180000001
31.4899980000001,34.9424970000001
31.4955520000001,34.945
31.503609,34.9477770000001
31.5188870000001,34.9502719999999
31.559166,34.9458310000001
31.5813870000001,34.9483260000001
31.5897220000001,34.9508290000001
31.5947190000001,34.9536059999999
31.6033550000001,34.9613650000001
31.633331,34.9855499999999
31.646942,35.001663
31.7083320000001,35.097496
31.7438890000001,35.1588820000001
31.745831,35.1669390000001
31.75,35.2097170000001
31.813053,35.1530530000001
31.8330730000001,35.1082840000001
31.82222,35.0358280000001
31.8202739999999,35.01416
31.821941,34.979164
31.8247180000001,34.9711070000001
31.8305510000001,34.965557
31.8613849999999,34.96611
31.9688870000001,34.9874950000001
31.9853170000001,35.000862
32.0280530000001,35.0074999999999
32.054161,35.0061040000001
32.1325000000001,34.985832
32.1530529999999,34.979164
32.2377780000001,35.0241619999999
32.2408290000001,35.026939
32.363609,35.047218
32.3713840000001,35.0483320000001
32.3833310000001,35.0458300000001
32.3944400000001,35.047218
32.4252780000001,35.0566640000001
32.44722,35.066383
32.467216,35.077217
32.4705510000001,35.0799940000001
32.4808269999999,35.0927730000001
32.5274960000001,35.1794430000001
32.5463870000001,35.2080540000001
32.523605,35.258049
32.5197220000001,35.2688830000001
32.516937,35.282494
---
31.786388,35.25444
31.7872200000001,35.2597200000001
31.7897190000001,35.262497
31.803608,35.263611
31.808052,35.2563860000001
31.8088870000001,35.248886
31.808052,35.246384
31.8038860000001,35.2436070000001
31.7880550000001,35.2516630000001
---
