-11.628332,153.676361
-11.627777,153.670258
-11.617498,153.605804
-11.617498,153.598846
-11.628332,153.582458
-11.6424999999999,153.566071
-11.6022219999999,153.522217
-11.573334,153.479126
-11.5686109999999,153.421356
-11.567223,153.376068
-11.557222,153.367188
-11.553055,153.36441
-11.547222,153.363861
-11.526945,153.376068
-11.5197219999999,153.382446
-11.510834,153.387207
-11.505556,153.38858
-11.500834,153.387756
-11.497499,153.38443
-11.475277,153.325531
-11.4624999999999,153.276917
-11.460556,153.271912
-11.457222,153.268585
-11.373055,153.190521
-11.368332,153.188293
-11.353611,153.187195
-11.349722,153.187195
-11.324167,153.198029
-11.32,153.200806
-11.327499,153.22052
-11.356943,153.291931
-11.4047219999999,153.398041
-11.4161109999999,153.413879
-11.430279,153.42691
-11.439722,153.437744
-11.4725,153.507751
-11.4919429999999,153.559143
-11.494722,153.570251
-11.495554,153.576355
-11.515001,153.645538
-11.526945,153.686646
-11.5644449999999,153.751099
-11.568056,153.754425
-11.5975,153.776367
-11.6027769999999,153.777771
-11.6080549999999,153.776367
-11.6130539999999,153.774414
-11.616388,153.770813
---
-11.410833,154.289703
-11.4136119999999,154.285522
-11.421667,154.266388
-11.4180559999999,154.263031
-11.407501,154.260254
-11.4047219999999,154.256104
-11.403334,154.250549
-11.399445,154.190247
-11.398611,154.137482
-11.402779,154.134705
-11.439722,154.112183
-11.439722,154.106628
-11.433056,154.062744
-11.430834,154.058014
-11.387222,154.006653
-11.38389,154.003326
-11.348888,154.021088
-11.315277,154.089691
-11.314167,154.15387
-11.319445,154.22525
-11.3388879999999,154.268311
-11.3441659999999,154.276642
-11.360556,154.286377
-11.365,154.2883
-11.391945,154.29776
---
-11.285833,153.21051
-11.252224,153.181641
-11.2247219999999,153.14386
-11.222776,153.13916
-11.216665,153.120514
-11.215277,153.11496
-11.2147219999999,153.106079
-11.201944,153.093292
-11.197222,153.091064
-11.193056,153.093842
-11.188889,153.102173
-11.1844439999999,153.112457
-11.1849989999999,153.12384
-11.186388,153.129395
-11.2172219999999,153.198029
-11.2247219999999,153.213867
-11.229445,153.222748
-11.246944,153.251373
-11.2499999999999,153.25058
-11.252224,153.25
-11.26889,153.241058
---
-10.668333,152.87384
-10.673056,152.873291
-10.676945,152.870514
-10.6825009999999,152.863586
-10.6952779999999,152.844971
-10.696667,152.814972
-10.716665,152.744415
-10.706667,152.702454
-10.701944,152.68692
-10.656944,152.573853
-10.6522239999999,152.564972
-10.6380559999999,152.544983
-10.63389,152.541656
-10.630554,152.540802
-10.627777,152.542206
-10.623055,152.555237
-10.623055,152.562195
-10.6252769999999,152.573853
-10.638613,152.61496
-10.662779,152.690247
-10.662779,152.693024
-10.637222,152.75943
-10.6211109999999,152.784973
-10.6197199999999,152.790253
-10.629166,152.814972
-10.6580559999999,152.870514
-10.662222,152.873291
---
-10.6438899999999,151.063293
-10.670279,151.049133
-10.676945,151.042206
-10.678333,151.036652
-10.676945,151.031372
-10.668333,151.009979
-10.663612,151.008026
-10.6472229999999,151.003876
-10.642778,151.001648
-10.636667,150.99411
-10.635279,150.988861
-10.6347239999999,150.941345
-10.6347239999999,150.936096
-10.6547219999999,150.929138
-10.683889,150.927185
-10.6825009999999,150.923035
-10.678333,150.920258
-10.659445,150.911926
-10.6547219999999,150.909973
-10.641945,150.909149
-10.635834,150.909973
-10.613054,150.919434
-10.608889,150.922211
-10.603054,150.929688
-10.600832,150.934692
-10.5969449999999,150.949707
-10.590834,151.016083
-10.592222,151.064148
-10.594723,151.066925
-10.598055,151.068848
-10.6111109999999,151.069702
---
-10.652779,150.880524
-10.649445,150.856354
-10.639444,150.794128
-10.6347239999999,150.785248
-10.6111109999999,150.76944
-10.6075,150.767487
-10.5463889999999,150.788025
-10.5422229999999,150.790802
-10.5397219999999,150.794708
-10.538334,150.798859
-10.538334,150.868835
-10.5388889999999,150.874969
-10.547779,150.892212
-10.5530549999999,150.900269
-10.5624999999999,150.904419
-10.6466669999999,150.894989
-10.6508329999999,150.892212
---
-10.047501,151.122467
-10.0413889999999,151.136658
-10.032501,151.147217
-10.027779,151.149139
-10.021946,151.149719
-10.016945,151.147766
-10.00889,151.143585
-10.0050009999999,151.140808
-10.002224,151.136658
-9.99749899999995,151.134705
-9.99083299999995,151.134705
-9.98749899999996,151.138031
-9.94472300000001,151.184143
-9.93944399999992,151.1922
-9.936666,151.200531
-9.91972199999998,151.26416
-9.92333399999995,151.281372
-9.92722300000003,151.284149
-9.95083199999999,151.298584
-9.96249999999992,151.299133
-9.97305499999993,151.296356
-10.061666,151.271088
-10.0975,151.252472
-10.104721,151.246338
-10.108889,151.243561
-10.133055,151.234131
-10.170834,151.221619
-10.1816669999999,151.221619
-10.187778,151.222473
-10.193056,151.223846
-10.201111,151.229126
-10.172777,151.197754
-10.166945,151.190247
-10.1472229999999,151.148315
-10.145279,151.143585
-10.1269439999999,151.086639
-10.1244429999999,151.075806
-10.114166,151.025818
-10.110832,151.001648
-10.110832,150.994965
-10.1127779999999,150.983307
-10.112221,150.970245
-10.1102769999999,150.958588
-10.105555,150.949707
-10.0041679999999,150.915527
-9.92666599999995,150.877747
-9.838888,150.826904
-9.80499999999995,150.762482
-9.80249999999995,150.758606
-9.748333,150.750275
-9.73083299999996,150.74884
-9.71194500000001,150.757202
-9.70777700000002,150.759979
-9.70499999999993,150.763885
-9.70666699999992,150.76944
-9.71944400000001,150.788025
-9.73138799999998,150.80304
-9.74694399999993,150.821625
-9.81916599999994,150.900269
-9.84888799999993,150.931915
-9.85583300000002,150.938873
-9.89361200000002,150.962738
-9.985277,151.030548
-9.99694399999999,151.039429
-10.016945,151.059967
-10.024445,151.073029
-10.0447239999999,151.111359
-10.046667,151.116058
---
-9.44166799999999,150.67691
-9.440834,150.683044
-9.42805700000002,150.731903
-9.42472299999997,150.742188
-9.42138899999998,150.746063
-9.41805599999998,150.748291
-9.40444600000001,150.754974
-9.40444600000001,150.760529
-9.40638899999999,150.765259
-9.41472199999998,150.777771
-9.43277699999993,150.804413
-9.456388,150.828308
-9.52083399999998,150.885803
-9.52555699999999,150.888031
-9.64166799999998,150.931915
-9.64777899999996,150.932465
-9.65916600000003,150.930542
-9.67083400000001,150.921631
-9.68277699999999,150.906647
-9.68138899999997,150.901093
-9.67416800000001,150.896362
-9.67194599999999,150.893585
-9.67138899999992,150.88858
-9.67750000000001,150.876892
-9.680834,150.873566
-9.71805599999999,150.846924
-9.68555599999996,150.844116
-9.65861099999995,150.801636
-9.66250000000002,150.763306
-9.66333400000002,150.691345
-9.66333400000002,150.661102
-9.66250000000002,150.654968
-9.65388899999994,150.622742
-9.62333299999995,150.514435
-9.58361100000002,150.490509
-9.440834,150.42746
-9.43138900000002,150.423309
-9.41472199999998,150.419983
-9.40111200000001,150.419983
-9.38944400000003,150.421906
-9.376665,150.426086
-9.35916500000002,150.435791
-9.35500000000002,150.442474
-9.338888,150.473572
-9.33749999999998,150.478851
-9.33694499999996,150.481628
-9.33749999999998,150.487732
-9.34027699999996,150.49884
-9.34222199999999,150.505554
-9.35166499999997,150.530273
-9.37055400000003,150.57135
-9.38499999999993,150.598022
-9.39777900000001,150.618011
-9.40444600000001,150.624969
-9.42194599999993,150.635254
-9.42472299999997,150.639435
-9.438334,150.666656
---
-9.52666699999997,150.334412
-9.52611199999996,150.310242
-9.45388800000001,150.193024
-9.44555500000001,150.180817
-9.43888900000002,150.173859
-9.37277599999999,150.110779
-9.36860999999999,150.108307
-9.33694499999996,150.103302
-9.33083299999998,150.102753
-9.31861099999992,150.104126
-9.30777699999999,150.106903
-9.26305599999995,150.123291
-9.26027899999997,150.126068
-9.24555400000003,150.14386
-9.21111100000002,150.189148
-9.20777700000002,150.198029
-9.20555499999995,150.206909
-9.20555499999995,150.213867
-9.20777700000002,150.232178
-9.26916699999998,150.326904
-9.27194599999996,150.330811
-9.27666699999992,150.333038
-9.38333299999999,150.376892
-9.38944400000003,150.377441
-9.48749900000001,150.363007
-9.51666599999993,150.344696
-9.52472299999999,150.339142
---
-9.04388999999998,152.933594
-9.04666699999996,152.937744
-9.05888900000002,152.952759
-9.11777699999999,153.017761
-9.12166599999995,153.020538
-9.12638900000002,153.019989
-9.16500100000002,153.002777
-9.17305599999992,152.997192
-9.17583300000001,152.993011
-9.17777799999999,152.988281
-9.17722299999997,152.982178
-9.23555599999997,152.83551
-9.22333299999997,152.829956
-9.09055499999994,152.679962
-9.06972100000002,152.65332
-9.06694399999998,152.649139
-9.02027900000002,152.573029
-9.01611100000002,152.563599
-9.01611100000002,152.556641
-9.02027900000002,152.540253
-9.02500199999997,152.499695
-9.02166699999992,152.497742
-8.99305499999997,152.524414
-8.98972099999992,152.527771
-8.98777799999999,152.532471
-8.96138999999994,152.61969
-8.960556,152.625793
-8.96138999999994,152.647217
-8.96944399999995,152.804688
-8.97083300000003,152.810242
-8.97277599999995,152.814972
---
-8.62472199999996,151.12384
-8.72916599999996,151.103302
-8.74194299999994,151.102448
-8.75416799999999,151.103851
-8.76444599999996,151.107178
-8.830555,151.14444
-8.77111199999996,151.094971
-8.63888900000001,151.101074
-8.55166599999995,151.058594
-8.55222300000003,151.05246
-8.55222300000003,151.034698
-8.55083299999995,151.029144
-8.54277799999994,151.003052
-8.539444,150.999695
-8.53472299999999,150.997742
-8.52861200000001,150.996918
-8.52250099999992,150.997742
-8.46694399999996,151.024994
-8.45472100000001,151.033325
-8.43499899999995,151.054413
-8.42972199999997,151.062744
-8.42611099999999,151.076355
-8.42000000000002,151.118286
-8.42000000000002,151.124969
-8.42555599999997,151.124969
---
-8.734444,143.632446
-8.692499,143.601074
-8.67972200000003,143.585785
-8.62888699999996,143.487732
-8.54472399999997,143.367188
-8.51027900000003,143.27887
-8.50555599999996,143.269989
-8.49527699999999,143.252777
-8.48722099999992,143.240509
-8.42972199999997,143.18219
-8.42416799999995,143.180817
-8.42000000000002,143.183594
-8.415277,143.211639
-8.416111,143.217743
-8.42611099999999,143.227448
-8.43444399999999,143.233032
-8.45666699999998,143.251373
-8.46694399999996,143.261658
-8.47444299999995,143.274689
-8.48583200000002,143.324677
-8.49388899999997,143.371338
-8.51083399999993,143.42276
-8.52777900000001,143.467194
-8.66472199999993,143.644135
-8.66805599999992,143.647491
-8.67777799999999,143.651642
-8.68305600000002,143.653046
-8.689167,143.653595
-8.70055599999995,143.653046
-8.72972099999998,143.641357
-8.73305499999998,143.638031
---
-8.49388899999997,143.559143
-8.48250000000002,143.509155
-8.47972099999993,143.498016
-8.47777699999995,143.493286
-8.41805599999998,143.35495
-8.39305699999994,143.318573
-8.38888899999995,143.315796
-8.38361199999997,143.314423
-8.376665,143.314423
-8.36916500000001,143.319427
-8.36305399999998,143.326904
-8.36111099999994,143.331635
-8.35833399999996,143.339142
-8.35777699999994,143.342743
-8.35777699999994,143.356354
-8.36305399999998,143.49469
-8.37194399999993,143.573578
-8.37388800000002,143.578308
-8.37805600000002,143.581085
-8.46277799999996,143.616058
-8.46888899999999,143.616058
-8.47360999999995,143.613861
-8.47694399999995,143.610504
-8.49138800000003,143.583862
-8.49333200000001,143.578857
-8.49388899999997,143.572754
---
-8.43972200000002,143.680542
-8.43638799999997,143.670258
-8.42749999999995,143.651642
-8.40722299999993,143.630524
-8.38611199999997,143.610504
-8.35777699999994,143.584412
-8.33277700000002,143.607178
-8.333889,143.612732
-8.34222199999999,143.653046
-8.34361100000001,143.6586
-8.34749999999997,143.665527
-8.35444499999994,143.672211
-8.36249899999996,143.677765
-8.39583399999998,143.6922
-8.40666800000002,143.694977
-8.42361099999999,143.698303
-8.43027899999998,143.698303
-8.43555600000002,143.69693
-8.43833399999994,143.692749
-8.43972200000002,143.687195
---
-8.24722100000002,143.685791
-8.24194299999999,143.659973
-8.24055499999997,143.654419
-8.23777799999999,143.650269
-8.23305499999998,143.648315
-8.226944,143.648865
-8.19972199999995,143.651642
-8.19305599999996,143.666656
-8.17388899999992,143.726898
-8.17472299999991,143.733307
-8.17722300000003,143.737183
-8.20527799999996,143.755829
-8.20861100000002,143.756378
-8.21388799999994,143.755249
-8.21805599999993,143.752472
-8.22833300000002,143.742188
-8.234444,143.73468
-8.23916599999995,143.718842
-8.24527699999993,143.697479
---
-8.17611099999993,143.665527
-8.17250100000001,143.654968
-8.15416699999997,143.625519
-8.15166699999997,143.621613
-8.14750099999998,143.618835
-8.13055399999996,143.607727
-8.11971999999997,143.60495
-8.11361099999999,143.604401
-8.10888899999992,143.60495
-8.10611,143.609131
-8.09249899999998,143.636658
-8.09055499999994,143.642212
-8.08972199999994,143.654968
-8.09333199999998,143.679138
-8.09722099999993,143.688568
-8.10611,143.700256
-8.11277799999999,143.707184
-8.11638799999997,143.71051
-8.12444299999999,143.716064
-8.13527900000003,143.718842
-8.15500099999997,143.719421
-8.16111199999995,143.711914
-8.16527699999995,143.702454
-8.17333400000001,143.683319
-8.17472299999991,143.677765
---
-8.07888800000001,143.737183
-8.083055,143.73996
-8.08861199999996,143.741333
-8.09333199999998,143.73941
-8.10083200000003,143.733307
-8.10222199999993,143.727753
-8.08444399999996,143.697479
-8.07833299999999,143.683319
-8.07277699999992,143.661377
-8.07222200000001,143.618011
-8.07416699999999,143.599701
-8.07166699999999,143.588562
-8.064167,143.582458
-8.04305599999998,143.569427
-8.03277800000001,143.566071
-8.01999999999993,143.565247
-8.01583499999992,143.568024
-8.01388899999995,143.574127
-8.00638999999995,143.629669
-8.00583499999999,143.635803
-8.00583499999999,143.642761
-8.00833499999999,143.651093
-8.01722299999994,143.669434
-8.02472299999994,143.682465
-8.036945,143.697479
-8.04722199999998,143.707733
-8.07166699999999,143.731079
---
-7.86722200000003,145.186646
-7.86444499999993,145.182465
-7.86111099999994,145.180542
-7.83666699999992,145.177765
-7.83055599999994,145.178314
-7.82777800000002,145.182465
-7.83055599999994,145.185242
-7.84083399999992,145.191345
-7.85499999999996,145.197479
-7.86055599999997,145.198853
-7.86444499999993,145.197479
-7.86722200000003,145.193573
---
-7.82583299999993,143.994415
-7.82305599999995,143.98468
-7.80277699999999,143.943573
-7.79805599999992,143.934692
-7.78861099999995,143.923584
-7.78111199999995,143.91748
-7.77694499999996,143.914703
-7.71861100000001,143.877747
-7.71388899999994,143.875793
-7.70972299999994,143.877167
-7.70694399999996,143.881348
-7.70833399999998,143.886658
-7.74222199999997,143.959412
-7.74833299999995,143.966919
-7.76333399999999,143.979126
-7.79000000000002,144.000549
-7.80277699999999,144.008026
-7.808333,144.00943
-7.814166,144.008606
-7.81916699999999,144.006653
-7.82444500000003,143.999695
---
-6.09555499999999,149.048035
-6.09333299999992,149.043304
-6.08861200000001,149.043854
-6.087222,149.045258
-6.083889,149.054138
-6.08666699999992,149.058319
-6.09138899999999,149.057739
-6.09416699999997,149.053589
---
-5.786565,148.057587
-5.84463899999992,148.017151
-5.85269899999997,148.000763
-5.85603700000001,147.990479
-5.82075099999997,147.983521
-5.81519300000002,147.982117
-5.79546699999997,147.974609
-5.79074500000002,147.972382
-5.78796899999998,147.968475
-5.77992499999993,147.945221
-5.77771000000001,147.933594
-5.77854799999994,147.92749
-5.78049700000003,147.922791
-5.74775299999999,147.865112
-5.67277099999995,147.802155
-5.66138499999994,147.793274
-5.62221899999997,147.769958
-5.612775,147.766052
-5.60666299999997,147.765228
-5.52833399999997,147.761108
-5.522223,147.761932
-5.49416599999995,147.780273
-5.49083299999995,147.783875
-5.48472199999998,147.814697
-5.48999999999995,147.841919
-5.49361099999999,147.852173
-5.57611200000002,148.008606
-5.58416699999992,148.020813
-5.59861100000001,148.040802
-5.601944,148.044128
-5.62758399999996,148.065308
-5.64482399999997,148.07428
-5.65427899999997,148.078461
-5.665955,148.080444
-5.69124599999992,148.078552
-5.70347600000002,148.07663
-5.72654199999999,148.07254
-5.74905100000001,148.067841
-5.77711799999992,148.061493
---
-5.54999900000001,154.920807
-5.54666700000001,154.96109
-5.54611099999994,154.967468
-5.561666,155.073578
-5.73234100000002,155.162354
-5.86872399999993,155.216064
-5.88423899999998,155.268799
-5.88895499999995,155.277679
-5.95777799999996,155.365021
-5.96472299999994,155.371643
-5.99583299999995,155.400543
-5.99999999999994,155.404083
-6.07638899999995,155.415527
-6.08666699999992,155.418854
-6.11111099999994,155.428589
-6.11583299999995,155.430542
-6.120833,155.432739
-6.16916700000002,155.477173
-6.18277699999999,155.490784
-6.18805499999996,155.499115
-6.21749999999997,155.562744
-6.22361099999995,155.577179
-6.22500000000002,155.582733
-6.22416700000002,155.588867
-6.21999999999997,155.61496
-6.35583300000002,155.767761
-6.357778,155.772491
-6.36250000000001,155.795258
-6.36860999999999,155.809692
-6.37138799999997,155.813599
-6.39861100000002,155.832733
-6.51222200000001,155.909698
-6.52444499999996,155.917755
-6.53416600000003,155.921906
-6.705556,155.96579
-6.71111099999996,155.967194
-6.71722199999994,155.967743
-6.72277699999995,155.966644
-6.77583299999992,155.948029
-6.78861099999995,155.940521
-6.80777699999993,155.918579
-6.809166,155.913025
-6.80555500000003,155.909698
-6.79944399999994,155.908875
-6.77972199999999,155.890533
-6.77500099999992,155.860779
-6.77444500000001,155.854675
-6.77500099999992,155.848572
-6.77777800000001,155.823853
-6.78055599999999,155.816376
-6.81444499999998,155.775269
-6.84249999999992,155.748566
-6.84999900000003,155.742462
-6.87499999999994,155.719696
-6.88194399999992,155.713013
-6.88333299999994,155.707458
-6.88333299999994,155.693848
-6.86833299999995,155.62384
-6.85250000000002,155.558868
-6.83027799999996,155.492188
-6.82416699999999,155.478027
-6.809166,155.444977
-6.74361099999999,155.342743
-6.74111099999999,155.338867
-6.73750000000001,155.335236
-6.622499,155.23996
-6.56055499999997,155.192749
-6.53472199999993,155.20163
-6.53472199999993,155.207184
-6.53055599999993,155.209961
-6.516389,155.216064
-6.47749999999996,155.224976
-6.444166,155.232452
-6.43805500000002,155.233307
-6.42444399999994,155.233307
-6.36305499999997,155.23053
-6.34694500000001,155.226349
-6.32916699999998,155.218842
-6.32027799999992,155.214142
-6.30861099999993,155.204407
-6.29499999999996,155.190796
-6.29166699999996,155.187195
-6.28333299999997,155.174988
-6.27611200000001,155.127747
-6.27722299999999,155.101624
-6.25694600000003,155.063293
-6.21666599999998,154.99411
-6.20861100000002,154.981628
-6.19777799999991,154.972198
-6.19277799999992,154.969971
-6.07916699999993,154.88858
-6.07361100000003,154.880249
-6.02805599999999,154.823578
-5.95617399999992,154.755646
-5.94450399999999,154.746643
-5.93977999999998,154.744385
-5.78020099999992,154.70047
-5.76851799999997,154.698578
-5.76239899999996,154.699432
-5.67006099999998,154.718262
-5.518056,154.753601
-5.47916700000002,154.790527
-5.48250000000002,154.794128
-5.54333300000002,154.882446
---
-5.46888899999993,148.114685
-5.45527799999996,148.087463
-5.44972100000001,148.079132
-5.44499999999999,148.077179
-5.42999999999995,148.073029
-5.42444399999994,148.071625
-5.41833299999996,148.072205
-5.38972299999995,148.084686
-5.38222199999996,148.09079
-5.3775,148.099701
-5.38416699999993,148.117462
-5.38638899999995,148.122192
-5.39944500000001,148.136658
-5.40333399999992,148.139435
-5.41305499999999,148.143585
-5.41833299999996,148.144989
-5.438333,148.145538
-5.44972100000001,148.143585
-5.45805499999994,148.138031
-5.46083399999998,148.133881
-5.46611099999996,148.125793
-5.46833299999992,148.120789
---
-5.36305499999992,147.596619
-5.36111099999999,147.591919
-5.33916699999997,147.5672
-5.33583399999998,147.563873
-5.33111199999996,147.561646
-5.31889000000001,147.560516
-5.31333399999994,147.561646
-5.30861099999998,147.563873
-5.30166599999995,147.570801
-5.293612,147.583038
-5.290277,147.591919
-5.28805499999993,147.602173
-5.28805499999993,147.609131
-5.290277,147.620789
-5.29222199999998,147.625519
-5.29555499999998,147.628845
-5.31666699999994,147.640533
-5.32166699999993,147.642761
-5.32777800000002,147.643311
-5.333889,147.642761
-5.33861199999996,147.640533
-5.35222199999993,147.626892
-5.36194399999999,147.602173
---
-5.45111199999997,147.135529
-5.44444399999992,147.121887
-5.35500000000002,147.009979
-5.35027799999995,147.008026
-5.30388799999997,147.002472
-5.25888900000001,147.008026
-5.24722200000002,147.009979
-5.23833299999995,147.013611
-5.23555599999997,147.017761
-5.19333299999994,147.109406
-5.19111099999998,147.121063
-5.19194399999998,147.128571
-5.19527699999998,147.134979
-5.24860999999993,147.191071
-5.26916699999998,147.211639
-5.36388899999992,147.228851
-5.42111099999994,147.22995
-5.42944399999993,147.22467
-5.43194399999993,147.22052
-5.44833299999999,147.158875
-5.44972100000001,147.15332
---
-5.45861099999996,154.637207
-5.43138900000002,154.618011
-5.34472299999993,154.586914
-5.27666699999992,154.565796
-5.13388900000001,154.530273
-5.12222200000002,154.532196
-5.10388899999998,154.541077
-5.09555499999993,154.546631
-5.08000099999992,154.558319
-5.03083299999997,154.598846
-5.02388999999999,154.60553
-5.01861100000002,154.620514
-5.016389,154.63916
-5.016389,154.646088
-5.01777800000002,154.651367
-5.02388999999999,154.658875
-5.03083299999997,154.665802
-5.03888899999998,154.671356
-5.19722199999995,154.726898
-5.20277800000002,154.728302
-5.21638899999999,154.728302
-5.41833299999996,154.693848
-5.42388899999997,154.692474
-5.43194399999993,154.687195
-5.440833,154.675537
---
-4.92361099999999,149.152191
-4.91555599999998,149.133026
-4.912778,149.128845
-4.90527800000001,149.122742
-4.89555499999994,149.118561
-4.88944399999997,149.118011
-4.88416699999999,149.119415
-4.88138899999996,149.122192
-4.86694399999993,149.156921
-4.86638799999992,149.161926
-4.86777799999999,149.165802
-4.87805599999996,149.175537
-4.88194399999998,149.178314
-4.89222199999995,149.181641
-4.89638899999994,149.178864
-4.92305599999997,149.156921
---
-4.85805499999992,146.240509
-4.85750000000002,146.234406
-4.85138899999998,146.21579
-4.84861099999995,146.211914
-4.83833299999998,146.20163
-4.83361100000002,146.199402
-4.828056,146.198029
-4.81638799999996,146.200256
-4.81166599999995,146.202179
-4.791111,146.21579
-4.78833300000002,146.219971
-4.78833300000002,146.232178
-4.79055599999992,146.238556
-4.79333300000002,146.241333
-4.81166599999995,146.256927
-4.81972200000001,146.262482
-4.82527800000003,146.263885
-4.83083299999993,146.263885
-4.835556,146.261932
-4.85472199999992,146.250824
-4.85750000000002,146.246613
---
-4.72083399999997,149.55246
-4.72027800000001,149.546356
-4.71138999999999,149.4758
-4.70999999999992,149.470245
-4.70777800000002,149.465515
-4.70527800000002,149.461365
-4.70166699999993,149.457733
-4.69694399999997,149.455811
-4.68472199999997,149.454407
-4.67916700000001,149.455811
-4.66416600000002,149.468018
-4.64777899999996,149.506653
-4.64694499999996,149.512756
-4.64777899999996,149.51886
-4.65055599999999,149.529968
-4.65388899999999,149.540253
-4.65722299999999,149.543579
-4.66555599999992,149.549133
-4.68194399999999,149.559967
-4.69222199999996,149.563293
-4.70527800000002,149.564148
-4.710556,149.562744
-4.71527800000001,149.560516
-4.71888899999999,149.55719
---
-4.58166699999998,159.513306
-4.57666699999999,159.511383
-4.53972199999998,159.515533
-4.53638799999999,159.51886
-4.55083299999995,159.522217
-4.56388900000002,159.523041
-4.57388999999995,159.519714
-4.57805599999995,159.516937
---
-4.76444499999997,145.944427
-4.76194499999997,145.933594
-4.75639000000001,145.918579
-4.74194399999993,145.89859
-4.73527699999994,145.891663
-4.69694399999997,145.875244
-4.69138799999996,145.87384
-4.67250000000001,145.872467
-4.66694499999994,145.87384
-4.60944499999999,145.892487
-4.59583400000002,145.899414
-4.58777799999996,145.904694
-4.57749999999999,145.914978
-4.53305499999999,145.96637
-4.53027800000001,145.97052
-4.52833399999992,145.97525
-4.52749999999992,145.981628
-4.54944399999994,146.011658
-4.561666,146.026917
-4.59638899999993,146.053589
-4.60138899999993,146.055542
-4.66138899999993,146.054138
-4.70916699999992,146.040527
-4.71333399999992,146.03775
-4.72361100000001,146.027466
-4.72972199999998,146.019989
-4.74555500000002,145.994415
-4.76111099999997,145.961639
-4.76444499999997,145.951355
---
-4.44222200000002,154.15387
-4.38416699999999,154.128571
-4.37944399999998,154.126617
-4.37388900000002,154.128021
-4.371666,154.132721
-4.37055500000002,154.140808
-4.37444399999993,154.150543
-4.37944399999998,154.152771
-4.38555599999995,154.15332
-4.43805500000002,154.155243
---
-4.21666599999992,152.23941
-4.23444499999999,152.242188
-4.24111099999993,152.242188
-4.24666699999995,152.240784
-4.24805500000002,152.238007
-4.25083399999994,152.226898
-4.24666699999995,152.202454
-4.24388900000002,152.198303
-4.23999999999995,152.195526
-4.23444499999999,152.194122
-4.22749999999996,152.194122
-4.22222199999999,152.192749
-4.21805599999999,152.189972
-4.21472299999994,152.186646
-4.21527800000001,152.181641
-4.21749999999992,152.17691
-4.226945,152.17276
-4.24388900000002,152.169434
-4.28222299999993,152.170807
-4.28833300000002,152.171356
-4.29333300000002,152.172211
-4.29666700000001,152.174133
-4.30472199999997,152.179688
-4.311666,152.186646
-4.31444499999998,152.190521
-4.31638799999996,152.195526
-4.33499999999992,152.263885
-4.33972299999999,152.286652
-4.34166699999997,152.305237
-4.34305599999999,152.355804
-4.61083300000001,152.401642
-4.62305499999997,152.403046
-4.66888899999992,152.405243
-4.68888899999996,152.405823
-4.76111099999997,152.394989
-4.78305499999993,152.389435
-4.79333300000002,152.386108
-4.87527799999998,152.33609
-4.879167,152.333313
-4.92916699999995,152.294128
-4.95777799999996,152.268036
-4.98444499999999,152.241333
-4.99000000000001,152.233307
-5.00694499999997,152.161102
-5.00694499999997,152.157196
-4.99944399999998,152.123566
-4.99666699999995,152.112457
-4.98638799999992,152.088562
-4.98500000000001,152.083038
-4.97972199999992,152.050262
-4.97277699999995,151.996613
-4.97222199999993,151.990509
-4.97361099999995,151.984955
-4.980278,151.978302
-4.98388899999992,151.974976
-4.99333300000001,151.970795
-5.00416799999994,151.968018
-5.02333399999998,151.966644
-5.10472199999998,151.964691
-5.14833399999998,151.969971
-5.15777799999995,151.974121
-5.16583300000002,151.979675
-5.17555499999992,151.993286
-5.23499999999996,152.069427
-5.23833299999995,152.072754
-5.29222199999998,152.118011
-5.29972199999997,152.124115
-5.30777699999999,152.129669
-5.34138899999999,152.144135
-5.34666700000002,152.145538
-5.36388899999992,152.147491
-5.374166,152.144135
-5.40222299999999,152.131073
-5.41638899999998,152.123566
-5.45722299999994,152.096069
-5.53111199999995,151.972748
-5.53361099999995,151.968567
-5.59722199999999,151.841919
-5.601111,151.825531
-5.601111,151.818573
-5.59777800000001,151.808319
-5.58555599999994,151.779419
-5.58000099999992,151.771362
-5.55138899999992,151.759155
-5.54388899999992,151.752777
-5.54111099999994,151.748566
-5.53111199999995,151.705536
-5.53027799999995,151.699402
-5.52833399999997,151.491638
-5.53027799999995,151.473297
-5.53166699999997,151.467743
-5.53583299999997,151.459412
-5.54111099999994,151.454132
-5.58555599999994,151.443848
-5.59166699999992,151.444427
-5.75137799999999,151.402771
-5.80720000000002,151.384705
-5.84993100000003,151.31778
-5.95807100000002,151.165649
-6.02249999999998,151.003052
-6.02861099999996,150.940796
-6.04083300000002,150.855804
-6.07638899999995,150.81192
-6.08944400000001,150.812744
-6.11805500000003,150.793304
-6.13916699999999,150.775543
-6.14166699999998,150.771637
-6.13555000000002,150.746094
-6.14666699999998,150.729675
-6.14861099999996,150.724976
-6.15555599999993,150.707184
-6.16833300000002,150.668854
-6.16916700000002,150.663879
-6.16500000000002,150.661102
-6.15333399999992,150.659149
-6.14861099999996,150.657196
-6.14666699999998,150.652191
-6.14861099999996,150.635254
-6.23500000000001,150.509705
-6.25833399999993,150.484955
-6.26722199999995,150.480255
-6.27388999999999,150.473572
-6.27611200000001,150.468567
-6.29305599999998,150.406372
-6.29361199999994,150.400269
-6.28833299999997,150.222748
-6.27611200000001,150.211639
-6.25833399999993,150.188293
-6.25555599999996,150.184143
-6.255,150.180817
-6.25694499999997,150.170532
-6.28000099999997,150.080811
-6.29916699999995,150.038879
-6.32361099999997,150.018311
-6.30388799999997,150.016388
-6.29916699999995,150.014435
-6.29583399999996,150.010803
-6.27722299999999,149.988281
-6.274722,149.984131
-6.27333399999992,149.978577
-6.27388999999999,149.972473
-6.29249999999996,149.894989
-6.29249999999996,149.889709
-6.29249999999996,149.847198
-6.29249999999996,149.844421
-6.29249999999996,149.842194
-6.30527799999993,149.686646
-6.30805500000002,149.634705
-6.29249999999996,149.609406
-6.28972199999998,149.605225
-6.26499999999993,149.574982
-6.26166699999993,149.571625
-6.22694499999994,149.555237
-6.19777799999991,149.539429
-6.15277800000001,149.510803
-6.12611099999992,149.48941
-6.11944399999993,149.482452
-6.10972199999998,149.467468
-6.09805599999999,149.444977
-6.060833,149.341339
-6.05944399999999,149.335785
-6.05722199999997,149.31192
-6.06277799999998,149.289978
-6.11249999999995,149.163879
-6.14861099999996,149.13858
-6.15472199999994,149.131073
-6.15694400000001,149.119415
-6.16416600000002,149.069427
-6.16500000000002,149.063019
-6.16416600000002,149.056915
-6.16222199999993,149.052185
-6.15805499999993,149.049408
-6.15277800000001,149.048035
-6.14583399999998,149.048035
-6.14111099999997,149.050262
-6.13916699999999,149.054962
-6.13833299999999,149.061096
-6.14583399999998,149.0672
-6.14861099999996,149.07135
-6.14583399999998,149.075531
-6.13638900000001,149.079681
-6.11944399999993,149.078857
-6.09277800000001,149.071899
-6.04444399999994,149.055542
-6.03694399999995,149.039978
-6.019722,148.983032
-6.00833399999999,148.942474
-6.000024,148.920654
-5.98166500000002,148.882996
-5.94748499999997,148.878815
-5.94366200000002,148.876068
-5.86499099999998,148.764435
-5.84858100000002,148.704651
-5.84745800000002,148.699554
-5.82837099999995,148.589722
-5.82837099999995,148.528046
-5.78336200000001,148.401672
-5.77940899999999,148.391968
-5.77660399999996,148.387695
-5.755921,148.366608
-5.749213,148.359772
-5.71437299999997,148.339325
-5.69515200000001,148.33078
-5.67537700000003,148.32309
-5.66980799999993,148.321655
-5.62802599999992,148.316467
-5.50166699999994,148.354675
-5.49277799999999,148.358002
-5.48805499999997,148.359955
-5.477777,148.370239
-5.47250000000003,148.378571
-5.45111199999997,148.428589
-5.45527799999996,148.450531
-5.48333300000002,148.5047
-5.48999999999995,148.511658
-5.50250099999994,148.519714
-5.50499999999994,148.618286
-5.49694399999999,148.883606
-5.47361100000001,148.961639
-5.47166600000003,148.973297
-5.47305599999993,148.985779
-5.47833300000002,149.000824
-5.52416699999998,149.122192
-5.52611199999996,149.126892
-5.558333,149.189148
-5.57194499999997,149.209686
-5.57472199999995,149.213867
-5.57944500000002,149.216064
-5.606112,149.220764
-5.59444400000001,149.270813
-5.58611100000002,149.310516
-5.56722299999996,149.425537
-5.53861099999995,149.549133
-5.52888899999999,149.566925
-5.52333399999998,149.581909
-5.51861100000002,149.611359
-5.51944400000002,149.668304
-5.55416700000001,149.680542
-5.56110999999999,149.680542
-5.56305499999996,149.685516
-5.56305499999996,149.6922
-5.5625,149.710785
-5.53638799999999,149.875244
-5.53499999999997,149.880798
-5.53166699999997,149.887482
-5.51194500000003,149.916382
-5.50361199999992,149.928589
-5.47638899999993,149.956085
-5.46416699999997,149.964417
-5.43333199999995,149.981354
-5.42249999999996,149.984131
-5.41638899999998,149.983582
-5.41166699999997,149.981354
-5.40833399999997,149.978027
-5.40611100000001,149.973297
-5.40472199999999,149.954132
-5.40138899999999,149.950531
-5.36055599999992,149.923035
-5.35222199999993,149.917755
-5.34611099999995,149.918304
-5.31527699999992,149.928589
-5.30722199999997,149.934692
-5.169444,150.002777
-5.0575,150.015533
-5.04777799999994,150.019714
-5.03083299999997,150.029968
-5.02805599999999,150.034149
-5.00777799999997,150.088867
-5.00777799999997,150.095795
-5.00972300000001,150.121338
-5.01111100000003,150.126617
-5.02388999999999,150.154694
-5.03888899999998,150.181641
-5.04722199999992,150.193848
-5.05527799999993,150.199402
-5.065,150.203583
-5.07055599999995,150.204956
-5.07583299999999,150.203583
-5.09833300000003,150.184143
-5.101944,150.180817
-5.11277799999999,150.164429
-5.11694399999999,150.154694
-5.12222200000002,150.132721
-5.13194399999992,150.101349
-5.13583399999999,150.091644
-5.141389,150.082733
-5.15166699999997,150.072479
-5.16388899999993,150.064423
-5.17472199999992,150.061646
-5.30861099999998,150.04248
-5.36388899999992,150.062195
-5.51250099999993,150.121338
-5.517222,150.123291
-5.53777799999995,150.14386
-5.55138899999992,150.164429
-5.5575,150.178864
-5.55888800000002,150.184143
-5.57055599999995,150.282196
-5.57055599999995,150.291077
-5.56916699999999,150.296631
-5.56638799999996,150.300812
-5.55888800000002,150.306915
-5.54194499999994,150.318024
-5.53722199999999,150.319977
-5.53361099999995,150.323303
-5.53027799999995,150.326904
-5.514723,150.345245
-5.45861099999996,150.412476
-5.45527799999996,150.42276
-5.44694399999997,150.488556
-5.45055600000001,150.511108
-5.47638899999993,150.574127
-5.47916700000002,150.578308
-5.49611099999998,150.59552
-5.517222,150.601624
-5.54194499999994,150.611084
-5.54666700000001,150.613281
-5.55083300000001,150.616058
-5.55610999999999,150.624115
-5.55694399999999,150.644135
-5.55129899999991,150.677917
-5.54750000000001,150.693298
-5.54611099999994,150.698853
-5.49083299999995,150.914154
-5.48722199999997,150.924408
-5.44499999999999,150.979126
-5.42111099999994,151.003052
-5.40888899999999,151.011383
-5.39944500000001,151.015533
-5.38916699999993,151.01886
-5.37277699999999,151.023041
-5.36583300000001,151.023041
-5.34333299999997,151.018311
-5.33666699999998,151.018311
-5.33027800000002,151.01886
-5.28805499999993,151.024414
-5.27166699999998,151.028595
-5.24111099999993,151.038879
-5.22194500000001,151.046936
-5.185833,151.066071
-5.17694499999999,151.071075
-5.15638899999993,151.084686
-5.14277799999996,151.096924
-4.98638799999992,151.262207
-4.98388899999992,151.266388
-4.94749899999999,151.357452
-4.93666599999995,151.441071
-4.93805500000002,151.513611
-4.96805599999993,151.604675
-4.97083400000002,151.608856
-4.97000000000003,151.61496
-4.95499999999998,151.641083
-4.94888900000001,151.64859
-4.940833,151.654144
-4.90805499999999,151.676086
-4.88890299999997,151.684418
-4.86500000000001,151.687744
-4.81444499999998,151.68219
-4.61638799999997,151.658325
-4.50638999999995,151.630798
-4.497499,151.627441
-4.43805500000002,151.598022
-4.42999999999995,151.592468
-4.42722199999997,151.588287
-4.35999999999996,151.547211
-4.23916599999995,151.501373
-4.23388899999998,151.5
-4.226945,151.5
-4.21666599999992,151.503326
-4.20777800000002,151.508331
-4.20444500000002,151.511658
-4.18194399999993,151.536926
-4.20583299999993,151.783051
-4.22472199999999,151.841919
-4.22833299999996,151.852173
-4.23638799999998,151.857727
-4.24111099999993,151.85968
-4.24666699999995,151.861084
-4.271389,151.863861
-4.28555599999993,151.869965
-4.29805599999992,151.878296
-4.30555499999997,151.88443
-4.31499999999994,151.895264
-4.32000099999993,151.904144
-4.335556,151.963867
-4.33694500000001,151.969421
-4.33694500000001,151.974976
-4.33277800000002,151.984406
-4.32666699999993,151.991913
-4.20444500000002,152.13858
-4.20027799999997,152.141357
-4.190833,152.145538
-4.17555499999992,152.150818
-4.16472199999998,152.153595
-4.15777799999995,152.153595
-4.15388899999999,152.156372
-4.14833399999998,152.161926
-4.145555,152.166077
-4.14416699999992,152.171356
-4.14499999999993,152.177765
-4.14888999999999,152.185242
-4.16611099999994,152.214691
-4.20722299999994,152.235229
---
-4.13527799999991,145.050812
-4.13249999999994,145.041351
-4.12999999999994,145.037201
-4.12166599999995,145.031647
-4.11222199999997,145.027771
-4.10666700000002,145.026367
-4.07666699999999,145.022217
-4.06694499999992,145.026367
-4.05888800000002,145.031647
-4.05666599999995,145.036652
-4.04499999999996,145.068848
-4.04777799999994,145.079132
-4.05888800000002,145.09552
-4.06638800000002,145.101624
-4.07527799999997,145.107178
-4.09222199999994,145.110504
-4.09833300000003,145.109955
-4.12444399999998,145.094696
-4.12833299999994,145.092194
-4.13138899999996,145.088013
-4.13333299999994,145.083313
-4.13527799999991,145.057739
---
-4.14083399999993,153.639435
-4.13861200000002,153.63443
-4.10583300000002,153.588013
-4.101944,153.585236
-4.09583400000002,153.584412
-4.08944399999996,153.585236
-4.08472299999994,153.587189
-4.05888800000002,153.602173
-4.03138899999999,153.629669
-4.02861100000001,153.633881
-4.02055499999994,153.653046
-4.01916699999992,153.6586
-4.02194500000002,153.66275
-4.02666699999992,153.664703
-4.08000099999998,153.671631
-4.08611099999996,153.672211
-4.10472199999992,153.671631
-4.11000000000001,153.670258
-4.13805600000001,153.650269
-4.14027800000002,153.645538
---
-3.49944399999998,153.242462
-3.49805500000002,153.237183
-3.48861099999993,153.21109
-3.48583300000001,153.206909
-3.47277699999995,153.192474
-3.46861100000001,153.193848
-3.46527800000001,153.197205
-3.44888900000001,153.22052
-3.44666699999993,153.224121
-3.44555499999996,153.228027
-3.44666699999993,153.233582
-3.45444400000002,153.23996
-3.47972199999998,153.255554
-3.48916700000001,153.259705
-3.49527799999993,153.260254
-3.49888900000002,153.258331
---
-3.53027800000001,154.818573
-3.44138899999996,154.795258
-3.4325,154.794708
-3.42833300000001,154.796082
-3.42500000000001,154.799408
-3.47138899999999,154.825531
-3.48027799999994,154.830261
-3.504167,154.833862
-3.51027799999997,154.833038
---
-3.41666700000002,153.343292
-3.40722199999993,153.265259
-3.40444399999996,153.262482
-3.39888899999994,153.263885
-3.39277799999996,153.269989
-3.36944399999993,153.301636
-3.37138900000002,153.333588
-3.37499999999994,153.337189
-3.38666699999999,153.346069
-3.391389,153.348022
-3.39749999999998,153.347473
-3.41194399999995,153.345245
---
-3.23000000000002,152.640808
-3.227777,152.636108
-3.203889,152.605225
-3.17722199999997,152.577179
-3.10611099999994,152.538879
-3.10055599999993,152.537476
-3.09499999999997,152.537476
-3.09027799999996,152.539429
-3.07055600000001,152.553864
-3.06777799999992,152.558014
-3.05194399999999,152.59024
-3.04805599999997,152.599701
-3.04722299999997,152.606079
-3.04305599999998,152.640259
-3.045278,152.644989
-3.04861099999999,152.64859
-3.12944399999998,152.667755
-3.14861100000002,152.668854
-3.15527800000001,152.668854
-3.16083299999997,152.667755
-3.21638899999994,152.654694
-3.22166600000003,152.65332
-3.228611,152.646362
---
-2.96305599999999,151.021088
-2.96722199999999,151.02359
-2.97194400000001,151.021637
-2.98166699999996,151.003876
-2.98361099999994,150.999115
-2.98444499999994,150.992737
-2.96861100000001,150.882446
-2.96527800000001,150.872192
-2.962222,150.855804
-2.959722,150.838013
-2.96027800000002,150.831909
-2.98555599999997,150.77359
-2.98444499999994,150.768036
-2.97944399999994,150.766083
-2.97249999999997,150.773041
-2.96027800000002,150.788025
-2.95416699999993,150.795532
-2.91250000000002,150.870789
-2.90888899999993,150.87912
-2.90833300000003,150.903046
-2.90833300000003,150.9086
-2.91027799999995,150.9133
-2.92194499999999,150.941345
---
-3.00222300000002,152.063873
-3,152.059143
-2.98277799999994,152.035248
-2.97555499999999,152.02832
-2.88722200000001,151.96051
-2.88083299999994,151.959686
-2.86861099999999,151.959686
-2.86249999999995,151.96051
-2.85833399999996,151.963287
-2.84805499999993,151.973572
-2.84611100000001,151.978302
-2.84611100000001,151.984955
-2.92138899999992,152.072205
-2.92833300000001,152.078857
-2.93694399999998,152.083862
-2.94722199999995,152.087189
-2.958889,152.089142
-2.96527800000001,152.088562
-2.96999999999997,152.086639
-2.99805500000002,152.073578
-3.00138900000002,152.069977
---
-2.84611100000001,151.959137
-2.84472199999993,151.946625
-2.84333299999992,151.941345
-2.84055599999994,151.937195
-2.83249999999998,151.931641
-2.80777799999993,151.921906
-2.80222199999992,151.920807
-2.71861099999995,151.928864
-2.71249999999998,151.929688
-2.70833299999998,151.932465
-2.70833299999998,151.939148
-2.709722,151.944702
-2.72500000000002,151.985779
-2.72750000000002,151.98996
-2.73444499999999,151.996613
-2.74555499999997,152.006378
-2.74944399999998,152.009155
-2.75583399999994,152.009705
-2.79055599999998,152.011932
-2.81805600000001,152.011932
-2.82277799999997,152.009705
-2.82888899999995,152.002197
---
-2.66999999999996,152.004425
-2.66888899999998,151.972748
-2.66805599999998,151.96109
-2.66472199999998,151.957733
-2.66000000000003,151.955536
-2.64833399999992,151.953583
-2.64222199999995,151.954407
-2.63249999999999,151.958313
-2.60583400000002,151.972748
-2.59888899999999,151.979675
-2.59611099999995,151.983856
-2.59555499999999,151.995239
-2.59694399999995,152.000824
-2.60111099999995,152.010529
-2.60638899999992,152.018585
-2.61000000000001,152.022217
-2.63111099999998,152.035248
-2.63583299999999,152.037201
-2.64222199999995,152.038025
-2.66111100000001,152.029694
-2.665277,152.026917
-2.66749999999996,152.022217
---
-2.97194400000001,141.894714
-2.97194400000001,141.913879
-2.96861100000001,141.931091
-2.96638899999999,141.935791
-2.958889,141.962463
-2.95611100000002,141.973572
-2.95416699999993,141.991913
-2.95611100000002,142.003601
-2.96166699999992,142.011932
-3.00833399999999,142.066071
-3.01777799999996,142.076904
-3.02055499999994,142.077759
-3.05944399999999,142.124969
-3.10472199999992,142.252472
-3.21833299999997,142.55191
-3.24777799999998,142.663605
-3.33249999999993,142.946625
-3.34833300000003,142.992462
-3.36277799999993,143.032745
-3.36416699999995,143.041077
-3.36020599999995,143.073181
-3.35583399999996,143.087738
-3.35499999999996,143.093842
-3.35388899999998,143.106079
-3.35388899999998,143.12384
-3.35722299999998,143.17276
-3.35999999999996,143.194702
-3.36527799999993,143.209686
-3.36805500000003,143.213867
-3.37972200000002,143.229401
-3.38444499999997,143.238281
-3.38805600000001,143.255554
-3.40166699999997,143.336365
-3.40166699999997,143.346069
-3.40166699999997,143.370789
-3.40305499999994,143.38443
-3.40638899999993,143.408325
-3.41194399999995,143.442749
-3.43444399999999,143.516083
-3.43666599999995,143.520813
-3.44194399999998,143.529144
-3.44805499999995,143.536652
-3.47555499999999,143.569427
-3.51444499999997,143.598846
-3.52472199999994,143.602173
-3.541945,143.605804
-3.545278,143.609131
-3.54805599999997,143.613281
-3.56722300000001,143.648865
-3.60416700000002,143.731079
-3.61083400000001,143.768311
-3.61083400000001,143.790802
-3.61222199999992,143.794983
-3.61500000000001,143.798859
-3.73333300000002,143.949127
-3.73944399999999,143.955231
-3.74361099999999,143.958008
-3.75722300000001,143.964691
-3.76277800000003,143.966064
-3.77972199999999,143.976349
-3.78805599999993,143.981903
-3.79500000000002,143.988861
-3.79777799999999,143.993011
-3.81055499999997,144.016937
-3.87277699999993,144.243011
-3.87361099999993,144.249115
-3.87138900000002,144.253876
-3.86611099999993,144.255249
-3.86194499999993,144.253876
-3.85499999999996,144.253876
-3.84555499999999,144.258026
-3.809166,144.275269
-3.80583300000001,144.278595
-3.80527799999999,144.284973
-3.80250000000001,144.338287
-3.80250000000001,144.375244
-3.82083399999993,144.511658
-3.82361100000003,144.515808
-3.84611100000001,144.532196
-3.850278,144.534973
-3.87611099999992,144.549988
-3.88111099999992,144.552185
-3.89388899999994,144.547211
-3.90416699999992,144.545258
-3.93444399999999,144.54248
-3.95361100000002,144.543854
-3.96388899999999,144.547211
-3.97194399999995,144.551361
-3.99194399999999,144.57135
-4.00611099999998,144.591064
-4.01305599999995,144.608307
-4.01444500000002,144.613861
-4.01305599999995,144.653595
-4.01361200000002,144.673309
-4.01499999999993,144.678864
-4.03138899999999,144.729675
-4.04638899999998,144.766663
-4.09305599999993,144.85025
-4.09833300000003,144.858307
-4.11361099999999,144.876343
-4.22277700000001,144.978302
-4.22638899999998,144.981628
-4.23499999999996,144.986633
-4.24388900000002,144.991333
-4.25277799999992,144.99469
-4.26250099999999,144.996063
-4.28166700000003,145.004974
-4.335556,145.033051
-4.33888899999999,145.036652
-4.35194399999995,145.054962
-4.371666,145.089966
-4.37388900000002,145.094696
-4.38277699999998,145.157196
-4.38805599999995,145.228577
-4.37861099999998,145.253052
-4.376666,145.293579
-4.37722200000002,145.305237
-4.38944399999997,145.333862
-4.39222199999995,145.338013
-4.49416600000001,145.45108
-4.50444499999998,145.459412
-4.59249999999992,145.527191
-4.70027800000003,145.614136
-4.70777800000002,145.620514
-4.76194499999997,145.675812
-4.76527799999997,145.679413
-4.77694499999996,145.693848
-4.80277699999999,145.735504
-4.92777699999994,145.780823
-5.06555600000002,145.813599
-5.07249999999999,145.813599
-5.23138899999998,145.786926
-5.26361199999997,145.765808
-5.30527799999999,145.738861
-5.41222199999999,145.724396
-5.42527799999993,145.723846
-5.43083299999995,145.72525
-5.44916599999999,145.734131
-5.46972199999993,145.747742
-5.47638899999993,145.7547
-5.485277,145.766388
-5.48944399999999,145.782745
-5.48999999999995,145.78775
-5.48999999999995,145.79303
-5.48611099999999,145.872467
-5.47722199999993,145.930817
-5.47638899999993,145.935516
-5.47305599999993,145.963593
-5.47638899999993,145.976624
-5.51250099999993,146.082184
-5.55138899999992,146.174683
-5.55888800000002,146.194702
-5.58888899999999,146.289154
-5.59916699999997,146.376343
-5.59861100000001,146.439972
-5.59861100000001,146.445526
-5.60472199999998,146.46524
-5.60666799999996,146.470215
-5.60944599999993,146.474091
-5.65468099999993,146.531189
-5.69472199999996,146.580536
-5.71777799999995,146.605225
-5.74388900000002,146.640808
-5.75194499999998,146.653046
-5.75611099999998,146.66275
-5.76416699999999,146.688873
-5.76972199999994,146.714691
-5.79138899999998,146.770782
-5.793612,146.775787
-5.79888999999997,146.783844
-5.80388900000003,146.786072
-5.83441800000003,146.79631
-5.825557,146.875214
-5.82889,146.894958
-5.84194599999995,146.923004
-5.84805699999993,146.930511
-5.86638899999997,146.94632
-5.88611200000003,146.953827
-5.89027900000002,146.956604
-5.89778000000001,146.962708
-5.91611299999994,146.992157
-5.928335,147.01413
-5.94222399999995,147.041626
-5.94416899999999,147.046326
-5.966114,147.102722
-5.96667000000002,147.112152
-5.97223500000001,147.228821
-5.97140200000001,147.234924
-5.96251499999994,147.246582
-5.93807099999998,147.269684
-5.936127,147.274658
-5.935294,147.284943
-5.96058199999999,147.423279
-5.97086000000002,147.466614
-5.97419300000001,147.476868
-5.98030399999999,147.484375
-6.05527799999999,147.573303
-6.07222299999995,147.590515
-6.13694499999997,147.641937
-6.30249999999995,147.786652
-6.33722199999994,147.826355
-6.34694500000001,147.830261
-6.41166699999997,147.85025
-6.45916699999992,147.863861
-6.47000000000003,147.866638
-6.65472199999994,147.869965
-6.66083300000003,147.869415
-6.67083399999996,147.866058
-6.69138800000002,147.84552
-6.69805500000001,147.838562
-6.71305599999999,147.819427
-6.71777799999995,147.810516
-6.72611099999995,147.770813
-6.72805599999992,147.759155
-6.75194499999998,147.568024
-6.73500000000001,147.416382
-6.745833,147.305542
-6.74638799999997,147.219696
-6.745833,147.199982
-6.74305499999997,147.188873
-6.74027699999999,147.180817
-6.73555599999992,147.174683
-6.72333300000003,147.166382
-6.71722199999994,147.160248
-6.71388899999999,147.149994
-6.71444499999996,147.088867
-6.74305499999997,146.971069
-6.74722199999997,146.961365
-6.79805599999997,146.948578
-6.81527699999992,146.944977
-6.84027800000001,146.943024
-6.90444499999995,146.94165
-6.95388899999995,146.944977
-6.95944500000002,146.94635
-6.96416699999992,146.948578
-6.97111100000001,146.955231
-7.03694400000001,147.024414
-7.044444,147.037476
-7.20361099999997,147.130798
-7.22111099999995,147.140259
-7.23083300000002,147.14444
-7.24916599999995,147.146362
-7.26194500000003,147.145813
-7.27166699999998,147.141663
-7.27694500000001,147.140259
-7.29472299999992,147.137482
-7.32527799999997,147.139709
-7.38305500000001,147.15332
-7.38861199999997,147.154694
-7.46388899999999,147.178589
-7.49027699999994,147.210785
-7.49166700000001,147.21637
-7.50388900000002,147.297211
-7.50472300000001,147.303314
-7.50527899999997,147.320526
-7.503334,147.332184
-7.50527899999997,147.336914
-7.56722300000001,147.418579
-7.59777799999995,147.457733
-7.77555599999999,147.641357
-7.79111099999994,147.666656
-7.79388899999992,147.670807
-7.82583299999993,147.693298
-7.83527800000002,147.696075
-7.87055500000002,147.70163
-7.88416699999999,147.70163
-7.89027799999997,147.700806
-7.90333399999997,147.70163
-7.90861100000001,147.703033
-7.92166600000002,147.71051
-7.92916699999995,147.71524
-7.93249999999995,147.718567
-7.93999999999994,147.731628
-7.94388900000001,147.741333
-7.94860999999992,147.756927
-7.93638799999997,147.776917
-7.93527699999999,147.782471
-7.93527699999999,147.804413
-7.93527699999999,147.85495
-7.93722199999996,147.866638
-7.94111099999998,147.876343
-7.94999999999993,147.888031
-7.96722199999999,147.911926
-7.98277799999994,147.935791
-7.98472199999992,147.939423
-7.99610899999993,147.974396
-8.036945,147.979675
-8.04777899999993,147.982452
-8.05194499999993,147.985229
-8.05861099999993,147.992188
-8.066666,148.004425
-8.066666,148.009979
-8.06277799999992,148.026367
-8.05527899999993,148.114685
-8.06611099999992,148.135254
-8.25194499999992,148.194977
-8.26749999999998,148.199707
-8.29527899999999,148.205811
-8.30138999999997,148.206635
-8.310833,148.207184
-8.32055499999996,148.207184
-8.33999999999992,148.206635
-8.39305699999994,148.210785
-8.51027900000003,148.220245
-8.53388999999999,148.222198
-8.55972300000002,148.23053
-8.56861099999992,148.235229
-8.57527699999997,148.242188
-8.59444400000001,148.271088
-8.61138899999997,148.300537
-8.60861,148.318298
-8.60638799999992,148.327179
-8.60638799999992,148.33136
-8.61138899999997,148.347198
-8.61333300000001,148.351898
-8.62944399999992,148.376617
-8.67500100000001,148.443024
-8.67888800000003,148.445801
-8.73305499999998,148.478577
-8.73861099999993,148.47995
-8.75889000000001,148.47995
-8.84027700000001,148.489685
-8.86666500000001,148.494415
-8.99305499999997,148.530823
-9.00277899999998,148.534698
-9.00750199999993,148.536926
-9.07027799999997,148.588867
-9.08249999999998,148.604126
-9.08583299999992,148.61441
-9.10222199999998,148.695251
-9.10472099999998,148.719971
-9.10472099999998,148.72525
-9.10416600000002,148.753601
-9.10138899999998,148.782196
-9.09055499999994,148.842468
-9.04111099999994,149.0672
-9.03861199999994,149.07135
-9.00666799999993,149.137756
-8.99860999999999,149.221344
-8.99777799999998,149.255829
-8.999166,149.259979
-9.01694500000002,149.309967
-9.01889,149.314697
-9.02166699999992,149.31665
-9.03777899999994,149.322205
-9.12972100000002,149.338013
-9.15277899999995,149.328308
-9.15694399999995,149.325531
-9.16777799999994,149.316071
-9.17055499999992,149.31192
-9.18388899999997,149.291351
-9.34916700000002,149.181641
-9.35361099999994,149.179688
-9.35972199999992,149.178864
-9.373333,149.178864
-9.38499999999993,149.181091
-9.39499999999993,149.184418
-9.45249899999999,149.208313
-9.47472199999993,149.219971
-9.48749900000001,149.227753
-9.49110999999999,149.231079
-9.49444399999999,149.234406
-9.49916599999995,149.243286
-9.50999999999993,149.266663
-9.51194600000002,149.271637
-9.51194600000002,149.27832
-9.50861199999991,149.288574
-9.50777799999992,149.301636
-9.50916699999993,149.30719
-9.52194600000001,149.348846
-9.57138799999996,149.437469
-9.59111000000001,149.439423
-9.59638799999999,149.440796
-9.59972199999999,149.444122
-9.60305399999999,149.454407
-9.60722199999998,149.662201
-9.60166500000003,149.73941
-9.60166500000003,149.746338
-9.60388799999998,149.758026
-9.60916499999996,149.764984
-9.61666499999995,149.771088
-9.61944399999993,149.775269
-9.62083199999995,149.780548
-9.642223,149.87439
-9.643057,149.880798
-9.64361199999996,149.90332
-9.64361199999996,149.910248
-9.642223,149.945801
-9.639723,149.956635
-9.63694599999997,149.960785
-9.63138800000002,149.982727
-9.63138800000002,150.008881
-9.67944499999999,150.049133
-9.684166,150.051361
-9.68888899999996,150.053314
-9.70999899999993,150.056915
-9.71527700000001,150.056915
-9.72055399999999,150.055542
-9.72416699999997,150.05191
-9.75111199999998,149.988861
-9.76944500000002,149.926636
-9.78222299999999,149.863586
-9.78277800000001,149.857452
-9.78222299999999,149.852753
-9.77944600000001,149.841644
-9.77888899999994,149.83551
-9.78138899999993,149.808014
-9.790277,149.769714
-9.79222299999998,149.764984
-9.80777699999993,149.73941
-9.81583399999994,149.727173
-9.82277699999992,149.720245
-9.82666599999999,149.717468
-9.832222,149.71637
-9.83749999999998,149.717468
-9.84750000000003,149.721069
-9.85249900000002,149.723022
-9.90166699999992,149.762207
-10.016945,149.87384
-10.0488889999999,149.914154
-10.056944,149.926636
-10.061666,149.935516
-10.081112,149.982727
-10.0824999999999,149.988281
-10.081944,149.994415
-10.0772229999999,150.003326
-10.07361,150.013611
-10.073055,150.019714
-10.0933319999999,150.184143
-10.095278,150.189148
-10.128332,150.236359
-10.152779,150.259705
-10.183056,150.290527
-10.1883339999999,150.298584
-10.1924989999999,150.308319
-10.1999989999999,150.352753
-10.204721,150.382172
-10.207222,150.400269
-10.2411099999999,150.579681
-10.275557,150.613281
-10.2774999999999,150.618011
-10.280834,150.635254
-10.281389,150.641357
-10.280834,150.647491
-10.2613909999999,150.775543
-10.259167,150.780548
-10.24861,150.803589
-10.2397209999999,150.815521
-10.2363869999999,150.818848
-10.231667,150.824982
-10.2294449999999,150.829681
-10.224722,150.844116
-10.222776,150.862732
-10.222776,150.869415
-10.228333,150.877747
-10.231667,150.878296
-10.2377779999999,150.870789
-10.242498,150.861908
-10.3125,150.727753
-10.349443,150.641937
-10.350832,150.636383
-10.350832,150.631073
-10.350277,150.602173
-10.349443,150.596069
-10.3355559999999,150.547485
-10.3186109999999,150.496063
-10.3036119999999,150.438568
-10.3011109999999,150.421906
-10.3002779999999,150.415802
-10.3044449999999,150.406372
-10.321945,150.36911
-10.331388,150.358307
-10.336111,150.356354
-10.3758319999999,150.348572
-10.3875009999999,150.346619
-10.395279,150.352173
-10.397501,150.356903
-10.462778,150.568573
-10.475555,150.649414
-10.481112,150.657745
-10.489166,150.6633
-10.550278,150.689972
-10.555,150.691925
-10.561111,150.691345
-10.565277,150.688568
-10.5774989999999,150.680267
-10.579445,150.675537
-10.6219439999999,150.568024
-10.623888,150.556366
-10.619165,150.522766
-10.619165,150.492737
-10.6219439999999,150.481628
-10.6244429999999,150.477448
-10.627777,150.474121
-10.65889,150.443848
-10.6877779999999,150.428314
-10.690556,150.424133
-10.687222,150.369965
-10.6886119999999,150.268585
-10.700556,150.209686
-10.6675,150.113007
-10.657501,150.099976
-10.625832,150.059418
-10.589443,150.028046
-10.5733339999999,150.016937
-10.570555,150.013031
-10.5691659999999,150.007477
-10.557777,149.915527
-10.559723,149.89859
-10.5624999999999,149.896362
-10.5633339999999,149.893585
-10.561945,149.888306
-10.554445,149.862183
-10.550278,149.852753
-10.546946,149.850525
-10.51,149.875244
-10.506668,149.878571
-10.5044459999999,149.883331
-10.502501,149.901917
-10.502501,149.942474
-10.502501,149.964417
-10.50528,149.968292
-10.509445,149.971069
-10.516111,149.978027
-10.518057,149.989685
-10.511391,150.016937
-10.51,150.022491
-10.50528,150.031372
-10.4999999999999,150.039703
-10.462778,150.078857
-10.45611,150.064423
-10.437222,149.990234
-10.398056,149.866364
-10.367777,149.806091
-10.358334,149.785522
-10.346111,149.758026
-10.342777,149.747742
-10.339443,149.723846
-10.3380549999999,149.683868
-10.3398139999999,149.664062
-10.3413889999999,149.639435
-10.3413889999999,149.572205
-10.3413889999999,149.566925
-10.361666,149.536652
-10.307222,149.335785
-10.276112,149.224976
-10.26,149.186646
-10.25639,149.176361
-10.251112,149.161102
-10.244999,149.139984
-10.234165,149.093292
-10.242498,149.049408
-10.244999,149.038574
-10.2605569999999,148.993835
-10.268612,148.981628
-10.2672229999999,148.934967
-10.239166,148.794434
-10.186945,148.723297
-10.149445,148.680267
-10.1533339999999,148.67746
-10.186388,148.642487
-10.1883339999999,148.637482
-10.203888,148.468292
-10.203888,148.462738
-10.200556,148.40332
-10.1919439999999,148.372467
-10.179722,148.336914
-10.176945,148.332733
-10.16889,148.327179
-10.16,148.322479
-10.1405559999999,148.314972
-10.136389,148.312195
-10.1302779999999,148.304688
-10.073709,148.157562
-10.0791659999999,148.154419
-10.095278,148.150543
-10.099998,148.148315
-10.121666,148.115509
-10.129721,148.103027
-10.135834,148.088867
-10.137222,148.083313
-10.143333,148.055237
-10.151945,147.999695
-10.145834,147.952454
-10.1211109999999,147.940796
-10.098055,147.923035
-10.047501,147.872192
-10.0427779999999,147.863281
-10.0427779999999,147.857727
-10.050833,147.781097
-10.052223,147.775543
-10.05611,147.766083
-9.99083299999995,147.619965
-9.98472199999998,147.612457
-9.97527700000001,147.601349
-9.94833399999999,147.574127
-9.87861099999998,147.510254
-9.87138699999997,147.50415
-9.86722199999997,147.501373
-9.85583300000002,147.49939
-9.85110999999995,147.501373
-9.83944299999996,147.503601
-9.81249999999994,147.503601
-9.79638899999998,147.49939
-9.77138899999994,147.490509
-9.76666599999999,147.488281
-9.63555700000001,147.386932
-9.55527899999998,147.316376
-9.53412499999996,147.2966
-9.50583499999993,147.248566
-9.44361099999992,147.129395
-9.43415499999992,147.080002
-9.44972200000001,147.099976
-9.45388800000001,147.102753
-9.48361,147.102753
-9.48888799999997,147.101349
-9.49110999999999,147.099121
-9.49305499999997,147.094421
-9.49166699999995,147.088867
-9.47333300000003,147.062195
-9.46666499999998,147.055237
-9.39833499999992,147.008026
-9.38416699999993,147.001923
-9.28277800000001,146.926636
-9.28750000000002,146.91748
-9.286945,146.911377
-9.28333300000003,146.901093
-9.28083400000003,146.896942
-9.27722399999993,146.893585
-9.27250099999998,146.891663
-9.18333200000001,146.888885
-9.13727799999992,146.905045
-9.13410900000002,146.905869
-9.13127700000001,146.907043
-9.13077700000002,146.909882
-9.13361099999992,146.915375
-9.13444399999992,146.918549
-9.09138899999994,146.969696
-9.07444399999997,146.977173
-9.05944399999993,146.981354
-9.050974,146.981049
-9.03388999999999,146.974396
-9.02916699999997,146.972473
-9.02833399999997,146.969116
-9.03388999999999,146.95108
-9.04194499999994,146.945801
-9.04722199999998,146.944427
-9.05277799999993,146.945801
-9.06027799999993,146.951904
-9.068333,146.954681
-9.07360999999997,146.953308
-9.09999800000003,146.925262
-9.10611,146.91748
-9.095778,146.844604
-9.09627699999999,146.840912
-9.09544499999998,146.83757
-9.03027900000001,146.630524
-9.02555699999999,146.621613
-8.999166,146.586639
-8.98694399999999,146.578308
-8.94166799999999,146.558594
-8.90249999999992,146.545532
-8.89777900000001,146.546082
-8.85972199999992,146.555817
-8.85638799999998,146.559143
-8.80750099999995,146.567474
-8.76361299999996,146.541351
-8.72499999999997,146.517487
-8.62472199999996,146.441345
-8.61388799999997,146.431915
-8.60500000000002,146.419983
-8.59444400000001,146.403595
-8.58470799999998,146.379105
-8.57805599999995,146.372192
-8.55777699999993,146.351624
-8.50888999999995,146.318573
-8.44305600000001,146.275543
-8.42888799999997,146.26944
-8.42361099999999,146.268036
-8.38750099999999,146.263306
-8.37527699999993,146.264709
-8.36860999999993,146.264709
-8.35972199999998,146.262482
-8.29472399999992,146.243286
-8.28583300000003,146.238556
-8.27444499999996,146.229675
-8.264723,146.218567
-8.16388899999998,146.111084
-8.13472400000001,146.110229
-8.09110999999996,146.089691
-8.05444499999993,145.998016
-8.05111099999993,145.987732
-8.041111,145.930817
-8.03972199999998,145.918579
-8.03888899999998,145.89859
-8.04166799999996,145.880798
-8.02805699999999,145.83551
-8.00777799999997,145.79776
-7.99888900000002,145.786377
-7.96777799999995,145.718292
-7.959723,145.649994
-7.94472200000001,145.630798
-7.93777799999998,145.616913
-7.93777799999998,145.528046
-7.93999999999994,145.502472
-7.94860999999992,145.484131
-7.95083299999993,145.465515
-7.94944399999991,145.443573
-7.94805500000001,145.432739
-7.94472200000001,145.422485
-7.86860999999993,145.24411
-7.82955199999992,145.198074
-7.81384000000003,145.182724
-7.81822399999993,145.168106
-7.82626299999993,145.162994
-7.83649400000002,145.164459
-7.844899,145.16153
-7.84599500000002,145.155685
-7.82041700000002,145.044968
-7.81555599999996,144.995514
-7.78249999999997,144.879669
-7.75722300000001,144.844696
-7.74972199999996,144.838562
-7.74499999999995,144.840515
-7.74111099999999,144.85025
-7.70777799999996,144.871338
-7.70305499999995,144.873566
-7.69694399999997,144.874115
-7.69,144.874115
-7.61055599999992,144.862457
-7.607778,144.844696
-7.67722200000003,144.833862
-7.68111099999993,144.831085
-7.68805500000002,144.824127
-7.69,144.819427
-7.69138800000002,144.78775
-7.69138800000002,144.7836
-7.66027800000001,144.599396
-7.65749999999997,144.588287
-7.65472199999999,144.584412
-7.61194399999999,144.552185
-7.60305499999993,144.547211
-7.59638899999993,144.547211
-7.57472200000001,144.545807
-7.52694500000001,144.536377
-7.52166699999992,144.534973
-7.51222199999995,144.530823
-7.50388900000002,144.525269
-7.50194499999998,144.520538
-7.50194499999998,144.514984
-7.50388900000002,144.510254
-7.50944499999997,144.508881
-7.61472200000003,144.508331
-7.62138799999997,144.508331
-7.53305499999993,144.424683
-7.52583299999992,144.418579
-7.52027799999996,144.410248
-7.51944399999996,144.406921
-7.56583299999994,144.412201
-7.68000000000001,144.435516
-7.74305499999997,144.467743
-7.75583399999994,144.395813
-7.75333399999994,144.378021
-7.74777799999998,144.363007
-7.74499999999995,144.358856
-7.74027699999999,144.356628
-7.729445,144.354126
-7.72277700000001,144.354126
-7.70499999999998,144.356628
-7.694166,144.35968
-7.6825,144.360229
-7.620833,144.319122
-7.61749900000001,144.315796
-7.61666600000001,144.310791
-7.63777800000003,144.260803
-7.65472199999999,144.250549
-7.66694499999994,144.243561
-7.73416600000002,144.255249
-7.74027699999999,144.263031
-7.76749999999998,144.272491
-7.77361099999996,144.271912
-7.77694499999996,144.268311
-7.79333300000002,144.224396
-7.79472299999992,144.219116
-7.79527799999994,144.213013
-7.77888899999999,144.147217
-7.77166699999998,144.121613
-7.69694399999997,143.911926
-7.68861099999992,143.899719
-7.63533399999994,143.848038
-7.62833399999994,143.838531
-7.61733299999992,143.829193
-7.60766699999999,143.822525
-7.58883400000002,143.812714
-7.583167,143.810211
-7.57049999999998,143.806549
-7.51555599999995,143.773041
-7.50666699999999,143.768311
-7.502501,143.758606
-7.46764899999999,143.664825
-7.51222199999995,143.691345
-7.58949999999999,143.755127
-7.71527800000001,143.839417
-7.73611099999999,143.84552
-7.77027800000002,143.852448
-7.78305499999999,143.853027
-7.79527799999994,143.851898
-7.8075,143.853027
-7.81305499999996,143.854401
-7.88027799999992,143.896362
-7.88833299999999,143.901642
-7.97862199999997,143.958008
-7.98472199999992,143.957184
-7.98944399999993,143.955231
-8.036945,143.893585
-8.03972199999998,143.889435
-8.04166799999996,143.884705
-8.04583399999996,143.847748
-8.04583399999996,143.833862
-8.041111,143.755249
-8.03888899999998,143.750275
-8.03222299999999,143.743561
-8.02416799999992,143.738007
-8.01055699999995,143.724396
-8.00833499999999,143.719421
-7.99138799999992,143.661377
-7.98666700000001,143.631897
-7.98611099999994,143.618835
-7.99222200000003,143.597473
-7.99694399999999,143.588562
-8.00416799999999,143.568909
-8.00483300000002,143.56575
-8.00638999999995,143.546082
-7.99611099999998,143.501648
-7.99138799999992,143.485779
-7.98888899999992,143.481628
-7.98194399999994,143.474976
-7.97305599999999,143.473572
-7.93861099999998,143.46051
-7.92416700000001,143.454407
-7.91333400000002,143.444122
-7.91055599999993,143.439972
-7.90861100000001,143.435242
-7.90722299999993,143.424133
-7.89972199999994,143.362457
-7.90249999999998,143.358307
-7.90805499999993,143.356903
-7.91333400000002,143.356903
-7.916945,143.360504
-7.98055599999992,143.446625
-8.05216699999994,143.538635
-8.05333399999995,143.541458
-8.05499999999995,143.543976
-8.05899999999997,143.547958
-8.19361099999998,143.628296
-8.19833399999999,143.630524
-8.20999899999993,143.632446
-8.21611000000001,143.631897
-8.22749900000002,143.629669
-8.23694399999999,143.625519
-8.24055499999997,143.622192
-8.24388900000002,143.611908
-8.24722100000002,143.568848
-8.24722100000002,143.554962
-8.24583199999995,143.512482
-8.24527699999993,143.469421
-8.24999999999994,143.382446
-8.25055700000001,143.373566
-8.25388900000002,143.338562
-8.27500199999997,143.234955
-8.28666700000002,143.17804
-8.308334,143.080811
-8.310833,143.069977
-8.31777799999998,143.049408
-8.32305499999995,143.034149
-8.32666599999993,143.023865
-8.33666599999992,143
-8.34138899999999,142.991058
-8.34416599999997,142.97995
-8.34416599999997,142.973297
-8.34361100000001,142.967194
-8.34222199999999,142.961639
-8.33749999999992,142.945801
-8.33527800000002,142.941071
-8.31916599999994,142.908875
-8.30500000000001,142.882172
-8.29416700000002,142.865509
-8.28666700000002,142.845795
-8.27500199999997,142.799988
-8.27083399999998,142.776642
-8.26749999999998,142.69635
-8.27361099999996,142.654694
-8.27777899999995,142.638031
-8.29000100000002,142.595795
-8.29666700000001,142.575256
-8.30083300000001,142.565521
-8.310833,142.548309
-8.31694399999998,142.540802
-8.32388899999995,142.533875
-8.32666599999993,142.529968
-8.331388,142.521088
-8.33527800000002,142.511383
-8.33666599999992,142.505829
-8.33666599999992,142.485229
-8.33611100000002,142.466919
-8.33277700000002,142.442749
-8.331388,142.437469
-8.327223,142.427765
-8.32194500000003,142.419708
-8.31583399999994,142.411926
-8.28638899999993,142.403214
-8.26155599999998,142.396194
-8.25055600000002,142.39505
-8.23922199999998,142.394196
-8.23155499999996,142.394531
-8.22788799999995,142.394196
-8.19361099999998,142.386658
-8.18972200000002,142.383881
-8.18694499999998,142.379944
-8.16638899999998,142.338562
-8.16388899999998,142.327759
-8.16388899999998,142.316925
-8.17333400000001,142.221619
-8.17722300000003,142.211914
-8.22222099999993,142.140808
-8.22555499999999,142.137207
-8.230278,142.135254
-8.23638699999998,142.135803
-8.23916599999995,142.144714
-8.24055499999997,142.155823
-8.23638699999998,142.163879
-8.23083299999996,142.172211
-8.22083300000003,142.182465
-8.21805599999993,142.186646
-8.21333299999992,142.195526
-8.20027699999997,142.223572
-8.19833399999999,142.228302
-8.180834,142.309143
-8.18000000000001,142.314148
-8.18333200000001,142.324402
-8.19027699999998,142.338013
-8.19916699999999,142.355225
-8.20638799999995,142.361359
-8.26111100000003,142.374573
-8.27461099999994,142.377411
-8.28644499999996,142.377075
-8.29327799999999,142.377411
-8.31916599999994,142.382446
-8.327223,142.388031
-8.34749999999997,142.4086
-8.37138700000003,142.439423
-8.37472200000002,142.449707
-8.37805600000002,142.466919
-8.37888700000002,142.473022
-8.37888700000002,142.486633
-8.37805600000002,142.493011
-8.37194399999993,142.512756
-8.36805500000003,142.522491
-8.36527599999994,142.526367
-8.35166499999997,142.540253
-8.34611100000001,142.548309
-8.34083399999997,142.556641
-8.32666599999993,142.59024
-8.31500099999994,142.61969
-8.31027799999998,142.635529
-8.310833,142.641663
-8.32249999999993,142.73468
-8.33194400000002,142.771637
-8.333889,142.776642
-8.34083399999997,142.783325
-8.34888799999999,142.788879
-8.35916499999996,142.799133
-8.36444499999993,142.807465
-8.42361099999999,142.906097
-8.42611099999999,142.917206
-8.43166699999995,142.958008
-8.44111099999992,143.010254
-8.44777900000003,143.044434
-8.44916699999999,143.049988
-8.45999899999998,143.086365
-8.46361199999996,143.096619
-8.47027799999995,143.110229
-8.54944399999994,143.213013
-8.55555500000003,143.22052
-8.57138800000001,143.239136
-8.57805599999995,143.246063
-8.58138799999995,143.24939
-8.61860999999999,143.281647
-8.74194299999994,143.374664
-8.77027899999996,143.392761
-8.78138899999993,143.395264
-8.96194499999996,143.406921
-8.96749899999998,143.405548
-8.97138799999993,143.403046
-8.99388899999997,143.38443
-9.01083399999993,143.367188
-9.01361300000002,143.363007
-9.02833399999997,143.331635
-9.03250099999997,143.321899
-9.03388999999999,143.31665
-9.03305599999999,143.310242
-9.02361100000002,143.299408
-9.02027900000002,143.289154
-9.019722,143.283051
-9.02027900000002,143.269989
-9.02555699999999,143.248016
-9.03027900000001,143.232178
-9.04861099999994,143.174133
-9.08999999999992,143.047211
-9.09194400000001,143.04248
-9.09527800000001,143.039154
-9.10749999999996,143.030823
-9.11416599999995,143.023865
-9.19749999999993,142.902771
-9.23277699999994,142.842468
-9.25222400000001,142.807465
-9.25639000000001,142.79776
-9.26027899999997,142.7883
-9.26722299999994,142.769135
-9.27138899999994,142.752472
-9.28333300000003,142.723846
-9.32055500000001,142.665527
-9.32999999999998,142.654694
-9.334723,142.638885
-9.334723,142.625244
-9.33083299999998,142.582733
-9.328056,142.571625
-9.30916599999995,142.54303
-9.29888899999997,142.532471
-9.286945,142.524414
-9.28333300000003,142.521088
-9.28000100000003,142.517487
-9.26527799999997,142.497742
-9.251667,142.477173
-9.22805599999998,142.425812
-9.16500100000002,142.209961
-9.16500100000002,142.203033
-9.18722199999996,142.054413
-9.20694400000002,141.944702
-9.21444500000001,141.721344
-9.23611099999994,141.615784
-9.23611099999994,141.608856
-9.22111100000001,141.522491
-9.213888,141.50943
-9.20777700000002,141.501923
-9.20027700000003,141.495789
-9.19416599999994,141.488281
-9.17388899999992,141.460785
-9.16583400000002,141.448578
-9.15750100000002,141.429413
-9.14416699999998,141.388306
-9.14333299999998,141.375244
-9.14999999999998,141.323029
-9.15277899999995,141.312195
-9.15500100000003,141.307465
-9.16305499999993,141.294983
-9.17305599999992,141.284698
-9.18888899999996,141.266388
-9.21722199999999,141.226624
-9.22472199999999,141.213593
-9.23388899999998,141.176361
-9.23749899999996,141.160797
-9.23194299999994,141.122467
-9.22999999999996,141.117462
-9.22472199999999,141.109406
-9.20916599999993,141.09079
-9.15694399999995,141.033875
-9.13666699999999,141.013306
-9.128468,141.007019
-6.90478599999994,141.006134
-6.89328399999994,141.006134
-6.893889,140.998566
-6.89944499999996,140.990509
-6.90611099999995,140.983582
-6.90694399999995,140.978851
-6.90361099999996,140.949402
-6.85583300000002,140.902771
-6.79611099999994,140.875244
-6.78638799999999,140.871063
-6.72861099999994,140.859406
-6.67833299999995,140.858856
-6.63138899999996,140.863007
-6.60333299999996,140.891083
-6.60055499999999,140.895264
-6.59666699999997,140.898041
-6.49999999999994,140.947205
-6.483611,140.951355
-6.47749999999996,140.950806
-6.47277700000001,140.948578
-6.46861100000001,140.945801
-6.45083299999999,140.92804
-6.43444399999999,140.93219
-6.33861199999996,140.963593
-6.33583399999998,140.967743
-6.33444499999996,140.973297
-6.33305499999994,140.985504
-6.33292499999999,141.006134
-5.99999999999994,141.006104
-4.90555499999999,141.006104
-2.61388899999992,141.006104
-2.60708499999998,141.002472
-2.59277799999995,141.029968
-2.59083299999998,141.034698
-2.58999999999998,141.039429
-2.58999999999998,141.046356
-2.61805500000003,141.199127
-2.61944399999993,141.204681
-2.62222200000002,141.214142
-2.64555499999994,141.270538
-2.65583299999992,141.273865
-2.665277,141.278046
-2.67277799999999,141.284149
-2.70777799999996,141.345795
-2.71805499999994,141.36969
-2.72083300000003,141.380798
-2.72500000000002,141.410797
-2.72972199999992,141.426636
-2.73388899999992,141.436371
-2.79388899999998,141.568573
-2.8125,141.608856
-2.86249999999995,141.704132
-2.93694399999998,141.840515
-2.96444500000001,141.881622
-2.96999999999997,141.889984
---
-2.68722200000002,150.964691
-2.68999999999994,150.968842
-2.75027799999998,151.086639
-2.82611099999997,151.190247
-2.87083299999995,151.280823
-2.86999999999995,151.311371
-2.898056,151.419128
-2.90361099999996,151.427185
-2.935,151.464417
-3.02749999999992,151.598022
-3.04805599999997,151.641937
-3.11555600000003,151.717743
-3.12805599999996,151.726074
-3.19777799999997,151.815247
-3.19916599999999,151.820526
-3.19722200000001,151.825531
-3.191667,151.833588
-3.18611099999993,151.85553
-3.18694399999993,151.861908
-3.20333299999999,151.921906
-3.21083399999998,151.948853
-3.24777799999998,152.055817
-3.25999999999993,152.054413
-3.27361100000002,152.054413
-3.28388899999999,152.057739
-3.41111099999995,152.164703
-3.45444400000002,152.204407
-3.460556,152.21051
-3.47833299999996,152.238007
-3.48444499999994,152.252472
-3.49472200000002,152.277191
-3.50638899999996,152.306641
-3.51999999999993,152.327179
-3.54000000000002,152.355225
-3.54666699999996,152.361908
-3.55499999999995,152.367462
-3.59861099999995,152.392212
-3.63361099999997,152.411926
-3.64916699999992,152.488007
-3.64861100000002,152.493011
-3.65138899999999,152.496918
-3.65888899999999,152.503052
-3.67111099999994,152.511383
-3.74583299999995,152.553314
-3.75666699999994,152.556641
-3.76944400000002,152.555817
-3.78388899999993,152.549713
-3.79416700000002,152.546356
-3.79833400000001,152.549133
-3.82166699999993,152.573853
-3.82444500000003,152.577759
-3.82638899999995,152.582733
-3.83305499999994,152.603302
-3.84277800000001,152.659424
-3.859893,152.670837
-3.88305500000001,152.70108
-3.89611099999996,152.739685
-3.90027799999996,152.769714
-4.00416799999999,152.919128
-4.07583299999999,152.989685
-4.09361199999995,153.006927
-4.23916599999995,153.118561
-4.25555600000001,153.129395
-4.26027899999997,153.131622
-4.271389,153.13443
-4.37861099999998,153.132172
-4.39083399999998,153.130798
-4.39499999999998,153.128021
-4.40194400000001,153.121338
-4.41000000000003,153.108856
-4.42083399999996,153.092468
-4.42999999999995,153.080811
-4.44277799999992,153.066376
-4.44638800000001,153.063019
-4.45861099999996,153.054688
-4.485277,153.040527
-4.497499,153.039154
-4.50361199999998,153.039703
-4.50916699999993,153.041077
-4.51388899999995,153.043304
-4.51722199999995,153.046631
-4.52555599999999,153.059692
-4.53222299999999,153.066376
-4.54861099999994,153.077454
-4.58916699999992,153.079407
-4.60055499999993,153.077454
-4.76055600000001,152.980255
-4.76666599999999,152.97467
-4.82333399999993,152.910248
-4.82249999999993,152.891663
-4.67305599999992,152.743561
-4.66083299999997,152.735504
-4.65611099999995,152.733307
-4.558333,152.693024
-4.522223,152.681366
-4.46888899999993,152.664978
-4.457223,152.66275
-4.453889,152.666382
-4.44555500000001,152.678589
-4.44138800000002,152.681366
-4.39361199999996,152.6922
-4.36500000000001,152.697754
-4.35805499999998,152.697754
-4.19138800000002,152.694427
-4.18527699999999,152.693573
-4.18055500000003,152.69165
-4.00611099999998,152.603302
-3.96583299999998,152.581909
-3.90009500000002,152.538727
-3.86873100000003,152.512177
-3.85225499999996,152.491577
-3.727777,152.374969
-3.70472199999995,152.359955
-3.69361099999998,152.357178
-3.6875,152.356628
-3.66166599999997,152.358002
-3.65055599999999,152.355225
-3.64249999999993,152.349701
-3.57944399999997,152.289429
-3.57277800000003,152.282471
-3.50888899999995,152.190521
-3.50361199999998,152.182465
-3.48861099999993,152.156372
-3.48638899999992,152.151642
-3.48500000000001,152.146088
-3.48916700000001,152.136658
-3.49055600000003,152.131073
-3.49000000000001,152.124969
-3.46444500000001,151.984406
-3.45833299999993,151.95636
-3.44555499999996,151.934967
-3.32444499999997,151.758331
-3.28055599999999,151.708862
-3.25305599999996,151.688293
-3.17722199999997,151.620514
-3.17388899999997,151.617188
-3.16916699999996,151.608307
-3.15944400000001,151.574677
-3.14499999999993,151.532745
-3.13,151.493011
-3.125833,151.483582
-3.11305599999992,151.462189
-3.10611099999994,151.455536
-3.10194399999995,151.452759
-3.09722199999999,151.450531
-3.08416699999998,151.449982
-3.078889,151.448578
-3.06972200000001,151.443848
-3.06361099999992,151.438293
-3.05055599999997,151.417206
-3.02249999999998,151.36969
-2.97416599999997,151.281372
-2.95361100000002,151.237457
-2.94194399999998,151.214966
-2.89527799999996,151.150543
-2.86861099999999,151.122467
-2.86444499999999,151.11969
-2.850278,151.113586
-2.84611100000001,151.110779
-2.84333299999992,151.106628
-2.78916699999996,151.004425
-2.78722199999999,150.999695
-2.76861100000002,150.930542
-2.76861100000002,150.923584
-2.771389,150.903046
-2.77611100000001,150.876343
-2.78249999999997,150.861908
-2.78722199999999,150.832458
-2.78777799999995,150.819427
-2.77083299999993,150.754425
-2.768055,150.750275
-2.74055599999997,150.729675
-2.73444499999999,150.73053
-2.731111,150.733856
-2.71749999999997,150.747467
-2.71527799999996,150.752472
-2.71805499999994,150.763306
-2.71527799999996,150.824402
-2.71249999999998,150.874969
-2.71111099999996,150.887207
-2.70833299999998,150.891357
-2.70499999999998,150.894989
-2.70027799999997,150.896942
-2.68511100000001,150.885651
-2.678111,150.884308
-2.65594399999998,150.876984
-2.65294499999999,150.875641
-2.65094399999998,150.873642
-2.64844399999998,150.867798
-2.64977800000003,150.861633
-2.65261099999998,150.856293
-2.65344499999998,150.853134
-2.64277800000002,150.838013
-2.64222199999995,150.831909
-2.63805599999995,150.822205
-2.61666600000001,150.792755
-2.56666699999994,150.805817
-2.56333399999994,150.807739
-2.55999999999995,150.811371
-2.55916599999995,150.817474
-2.57083399999993,150.834686
-2.57416699999993,150.838013
-2.635944,150.906525
---
-2.66472199999998,150.448853
-2.666111,150.443298
-2.66250000000002,150.419434
-2.66388899999998,150.406921
-2.665277,150.401367
-2.68388900000002,150.371887
-2.68666599999995,150.367737
-2.66805599999998,150.356354
-2.66333300000002,150.347473
-2.66250000000002,150.341064
-2.67277799999999,150.273315
-2.67777799999993,150.257477
-2.68305500000002,150.242462
-2.68583299999995,150.190521
-2.68527699999993,150.184143
-2.625,150.109406
-2.50111199999992,149.972473
-2.49416699999995,149.96579
-2.47638799999999,149.949127
-2.47166600000003,149.948578
-2.46749999999992,149.951355
-2.45999999999992,149.960785
-2.41416599999997,150.079956
-2.37722199999996,150.189697
-2.37444399999998,150.206085
-2.37777799999992,150.21637
-2.38999999999993,150.248016
-2.46055599999994,150.417206
-2.47583299999997,150.443298
-2.47972199999998,150.446075
-2.54472299999992,150.467194
-2.55777799999998,150.468018
-2.64833399999992,150.459686
-2.65361100000001,150.458313
---
-2.35250000000002,147.756927
-2.32388900000001,147.766663
-2.26499999999993,147.795532
-2.24361099999999,147.815247
-2.24555499999997,147.832458
-2.289444,147.877747
-2.29361199999994,147.87912
-2.33138899999994,147.856354
-2.33666699999998,147.848297
-2.34555499999993,147.829132
-2.34777800000001,147.824127
-2.34916600000003,147.818848
-2.34972199999993,147.812469
---
-2.05055599999992,147.417755
-2.04583400000001,147.419983
-2.03472199999993,147.42276
-2.02916699999997,147.42276
-2.01083399999999,147.420532
-2.00583399999999,147.418579
-1.96083299999992,147.391937
-1.96638899999994,147.399994
-1.99027799999999,147.430817
-1.99361099999993,147.434418
-2.00944500000003,147.445801
-2.01416699999999,147.448029
-2.018889,147.447205
-2.060833,147.439697
-2.06555599999996,147.437744
-2.06777799999998,147.426086
-2.12111099999993,147.275269
-2.14916699999992,147.255554
-2.166945,147.239136
-2.17638899999997,147.228027
-2.18805600000002,147.212189
-2.19027799999992,147.207458
-2.19166699999994,147.201904
-2.19916599999993,146.98053
-2.18944399999992,146.893036
-2.18194399999999,146.838867
-2.16888899999998,146.798309
-2.166945,146.793579
-2.16083300000003,146.726349
-2.23472199999992,146.571625
-2.23666700000001,146.568024
-2.23472199999992,146.563293
-2.20111100000003,146.52832
-2.19083299999994,146.524994
-2.14972199999994,146.518036
-2.14361099999996,146.51886
-2.00194499999992,146.578308
-1.99722200000002,146.580536
-1.99361099999993,146.583862
-1.978611,146.63858
-1.95055599999995,146.844971
-1.94916699999999,146.857178
-1.94916699999999,146.86969
-1.96638899999994,147.093567
-1.96694400000001,147.099976
-1.96888899999993,147.118286
-1.98333299999996,147.164429
-2.00333399999994,147.203308
-2.02527799999996,147.300812
---
-1.70944400000002,142.866913
-1.71361100000001,142.86441
-1.71555499999999,142.859406
-1.70861100000002,142.852753
-1.707222,142.847198
-1.70861100000002,142.841644
-1.711389,142.837463
-1.73333300000002,142.818298
-1.73277799999994,142.813599
-1.72722199999998,142.812195
-1.72111099999995,142.812744
-1.69972200000001,142.818298
-1.69583299999994,142.821075
-1.69361099999992,142.832184
-1.69444399999992,142.863007
-1.69777800000003,142.866364
---
-1.39833299999992,144.517761
-1.38944400000003,144.506104
-1.38555599999995,144.503326
-1.38055599999996,144.505554
-1.38194399999998,144.516388
-1.38555599999995,144.519989
-1.395555,144.521912
---
-1.57666699999993,149.790253
-1.58138899999994,149.790802
-1.60333299999996,149.731903
-1.57861100000002,149.715515
-1.57027799999997,149.709961
-1.56361099999998,149.703308
-1.560833,149.699127
-1.55722200000002,149.681915
-1.56277799999998,149.680542
-1.57527800000003,149.681915
-1.58138899999994,149.681366
-1.585556,149.678589
-1.58694500000001,149.673035
-1.58277800000002,149.6633
-1.57999999999993,149.659424
-1.50055600000002,149.558014
-1.46972199999993,149.533325
-1.46555499999994,149.530548
-1.45444399999997,149.527771
-1.44833299999999,149.528595
-1.41472199999998,149.542755
-1.40999999999997,149.544983
-1.37027799999998,149.564148
-1.35527799999994,149.579956
-1.359444,149.622467
-1.36138899999992,149.627167
-1.38666699999993,149.6633
-1.42166699999996,149.710785
-1.42916700000001,149.716919
-1.433333,149.719696
---
-1.12083299999995,144.516388
-1.11611099999993,144.514435
-1.10305499999998,144.514984
-1.09833300000003,144.517212
-1.09972199999999,144.521362
-1.105278,144.522491
-1.11138899999997,144.523315
-1.11611099999993,144.522491
-1.12083299999995,144.520538
---
