-25.0822259999999,-130.08139
-25.081673,-130.088043
-25.0797229999999,-130.093323
-25.076115,-130.10083
-25.072781,-130.104431
-25.068058,-130.107483
-25.063335,-130.107483
-25.058617,-130.104431
-25.05584,-130.10083
-25.0552829999999,-130.093872
-25.0561099999999,-130.08725
-25.063335,-130.065002
-25.0669439999999,-130.061951
-25.071388,-130.064209
-25.0797229999999,-130.076935
---
-24.676666,-124.787781
-24.6744419999999,-124.792801
-24.6711119999999,-124.796661
-24.667503,-124.796082
-24.6661149999999,-124.795853
-24.664165,-124.790573
-24.662788,-124.783142
-24.6669459999999,-124.772522
-24.6711119999999,-124.771133
-24.6738889999999,-124.775574
-24.675835,-124.780853
---
-24.4130549999999,-128.29306
-24.412781,-128.29892
-24.410561,-128.304199
-24.4047199999999,-128.31308
-24.390556,-128.32782
-24.36972,-128.34198
-24.364723,-128.344177
-24.3536149999999,-128.346954
-24.340557,-128.34726
-24.335838,-128.344757
-24.3291659999999,-128.336945
-24.3272669999999,-128.332214
-24.326115,-128.326935
-24.3250049999999,-128.313324
-24.3266719999999,-128.307526
-24.33028,-128.303894
-24.338615,-128.299469
-24.352505,-128.293884
-24.386391,-128.286682
-24.398609,-128.285553
-24.4047199999999,-128.286682
-24.4097209999999,-128.289185
---
