49.527771,18.852219
49.554161,18.847775
49.594994,18.839443
49.672218,18.811665
49.674438,18.809998
49.681938,18.786942
49.737778,18.634163
49.814995,18.57935
49.907494,18.581108
49.912498,18.579441
49.914444,18.577221
49.921661,18.557777
49.92305,18.553608
49.922493,18.549721
49.938889,18.350277
49.957771,18.270275
50.038055,18.094166
50.055931,18.053162
50.011108,18.009441
49.979721,17.933052
49.976944,17.922497
49.976387,17.913609
49.976662,17.887775
49.976944,17.882774
49.98111,17.867222
49.988327,17.843887
49.990829,17.836388
50.108055,17.657776
50.147774,17.60722
50.153885,17.60083
50.158333,17.597775
50.161659,17.59861
50.164162,17.600555
50.170555,17.607498
50.172493,17.614719
50.172775,17.623333
50.171944,17.63361
50.171944,17.651943
50.178055,17.691666
50.179993,17.698887
50.205551,17.762497
50.208611,17.763885
50.211662,17.764164
50.231941,17.763054
50.234718,17.762775
50.297775,17.753052
50.318329,17.726109
50.319717,17.722775
50.323326,17.703888
50.321938,17.69611
50.319443,17.694164
50.316383,17.693886
50.307777,17.695
50.298882,17.694443
50.296661,17.692219
50.274719,17.665554
50.269997,17.656666
50.265549,17.63361
50.265549,17.619999
50.270271,17.433052
50.279442,17.37833
50.320274,17.283607
50.345276,17.226944
50.358055,17.208611
50.363884,17.201942
50.39666,17.118053
50.410553,17.057777
50.434998,16.941387
50.440132,16.910831
50.440277,16.898609
50.439438,16.890274
50.437492,16.887497
50.415833,16.869999
50.413055,16.868053
50.410553,16.867496
50.405273,16.869442
50.340553,16.937496
50.309998,16.972775
50.216942,17.00222
50.222771,16.968609
50.222496,16.913609
50.222221,16.909164
50.203331,16.849998
50.200272,16.843887
50.183884,16.815552
50.174995,16.806942
50.169651,16.802935
50.140549,16.786663
50.099716,16.725277
50.097771,16.71833
50.097496,16.713886
50.098328,16.703888
50.10833,16.641941
50.109444,16.638054
50.11972,16.614441
50.139999,16.587776
50.160553,16.567497
50.164719,16.56361
50.178055,16.566387
50.202217,16.565277
50.214165,16.559166
50.224998,16.549999
50.229164,16.546108
50.303604,16.458611
50.316666,16.441387
50.361107,16.371944
50.378052,16.303055
50.389717,16.266109
50.409439,16.220554
50.41111,16.217499
50.423882,16.20583
50.428604,16.203331
50.431389,16.202774
50.437775,16.203888
50.445549,16.209164
50.449715,16.213886
50.504166,16.310833
50.505272,16.319164
50.499161,16.338333
50.496941,16.346664
50.496384,16.351944
50.496384,16.361111
50.498604,16.368332
50.523048,16.406666
50.572777,16.448055
50.575829,16.449165
50.581108,16.447777
50.585548,16.444443
50.600555,16.431389
50.602493,16.429165
50.644165,16.369999
50.66111,16.341942
50.663887,16.334999
50.66555,16.325554
50.670555,16.237499
50.656105,16.137497
50.657799,16.118053
50.635551,16.071388
50.629997,16.024441
50.689438,15.946943
50.744164,15.787498
50.772774,15.606667
50.786659,15.488333
50.779442,15.37972
50.831665,15.36972
50.841385,15.364166
50.84333,15.361944
50.846107,15.355555
50.854721,15.328888
50.85833,15.310555
50.864166,15.30361
50.890831,15.283333
50.893326,15.282221
50.91111,15.274443
50.921387,15.270832
50.931107,15.271944
50.934441,15.272778
50.938889,15.276943
50.948608,15.294167
50.954163,15.295277
50.974998,15.275276
50.991943,15.239443
51.014717,15.176943
50.984161,15.010555
50.979721,15.013887
50.967773,15.020555
50.964722,15.020555
50.950554,15.019165
50.869995,15.006943
50.867218,15.005278
50.866386,15.001665
50.859161,14.966665
50.865829,14.828333
50.876389,14.824999
50.881943,14.824165
50.88694,14.827776
50.959442,14.896944
51.002495,14.93111
51.050827,14.964722
51.053604,14.966389
51.078331,14.978888
51.118607,14.994444
51.239166,15.032221
51.27166,15.038887
51.285553,15.036388
51.294716,15.029999
51.312492,15.009722
51.321106,14.995554
51.328888,14.986111
51.338333,14.980555
51.355553,14.971666
51.358887,14.971666
51.36805,14.981833
51.440826,14.975555
51.467499,14.955832
51.469719,14.954166
51.471382,14.951111
51.481941,14.92111
51.498604,14.8375
51.524994,14.742777
51.528053,14.736111
51.554722,14.714998
51.596939,14.754444
51.604439,14.759998
51.611382,14.761389
51.617218,14.76111
51.659439,14.7575
51.667496,14.756388
51.669998,14.755278
51.687775,14.728333
51.69416,14.715832
51.702217,14.698055
51.714165,14.678333
51.724159,14.666943
51.728607,14.663332
51.808884,14.604721
51.818604,14.599443
51.821388,14.599165
51.831383,14.600555
51.84111,14.603333
51.843887,14.605
51.853882,14.61611
51.862221,14.640276
51.864998,14.645277
51.866943,14.648054
51.894997,14.687222
51.898888,14.692499
51.941132,14.71656
51.945091,14.718542
52.069862,14.760765
52.239166,14.713333
52.243889,14.710554
52.249718,14.703888
52.25444,14.692497
52.260277,14.655832
52.271111,14.601665
52.274437,14.596109
52.28611,14.581665
52.29055,14.578054
52.394722,14.534443
52.397774,14.534443
52.406944,14.537222
52.424721,14.543888
52.426941,14.54611
52.428886,14.548611
52.432495,14.559166
52.433884,14.567221
52.438049,14.582499
52.441666,14.587776
52.477219,14.623333
52.490555,14.636389
52.497215,14.63722
52.57,14.641388
52.572495,14.640276
52.574715,14.638332
52.601723,14.604334
52.611938,14.587221
52.624443,14.561666
52.629997,14.547499
52.636108,14.527777
52.637772,14.518332
52.641388,14.505833
52.650833,14.481943
52.65416,14.475555
52.675278,14.448332
52.730827,14.383333
52.744995,14.361111
52.751663,14.348888
52.816666,14.214443
52.820549,14.196388
52.862778,14.149166
52.953888,14.145555
52.957497,14.146111
52.962776,14.149443
52.973328,14.168888
52.984718,14.200277
52.987495,14.221943
52.990273,14.228888
53.016106,14.287777
53.021431,14.299702
53.044998,14.342222
53.052773,14.352499
53.103882,14.378054
53.116386,14.3825
53.144165,14.391689
53.304443,14.412777
53.338959,14.413261
53.55555,14.309721
53.699066,14.275627
53.69944,14.36611
53.683327,14.403332
53.678886,14.41361
53.676666,14.422499
53.660553,14.525
53.678604,14.554722
53.764442,14.619444
53.771385,14.621111
53.816383,14.614166
53.844719,14.584999
53.850273,14.576666
53.857216,14.558332
53.85833,14.548611
53.863884,14.485277
53.865273,14.468054
53.866661,14.412222
53.864716,14.414721
53.859444,14.416388
53.846107,14.413055
53.842499,14.407499
53.804718,14.341665
53.804993,14.337221
53.822777,14.289999
53.836662,14.266109
53.869019,14.218887
53.899994,14.215832
53.928604,14.225555
53.923882,14.24
53.92083,14.259722
53.912498,14.327776
53.910553,14.350277
53.911385,14.36972
53.913055,14.383055
53.919167,14.416666
53.925827,14.434166
53.94722,14.483332
53.956108,14.497776
53.962219,14.510832
53.976662,14.559444
54.02861,14.745277
54.039162,14.814444
54.071388,14.979721
54.12944,15.228054
54.146111,15.294722
54.149437,15.310833
54.156387,15.353888
54.160629,15.395859
54.162216,15.429443
54.16555,15.486944
54.167496,15.5
54.193054,15.65
54.194717,15.658333
54.212219,15.744444
54.21611,15.760277
54.226105,15.794167
54.239998,15.833332
54.242775,15.845276
54.246384,15.876389
54.261665,16.047775
54.283104,16.129162
54.280197,16.130823
54.267319,16.110466
54.2575,16.071663
54.255554,16.074165
54.25222,16.087498
54.251938,16.09222
54.252777,16.141666
54.253052,16.146385
54.259163,16.174721
54.273605,16.217777
54.28809,16.217232
54.296814,16.21557
54.300552,16.209339
54.29266,16.175274
54.287052,16.141106
54.297646,16.173716
54.30637,16.198538
54.341473,16.25732
54.322361,16.230318
54.319038,16.230526
54.318207,16.234056
54.318417,16.239666
54.318001,16.255035
54.31966,16.261061
54.326725,16.262722
54.329216,16.267084
54.344994,16.328053
54.349442,16.332775
54.352776,16.333611
54.363609,16.330555
54.373604,16.326111
54.375549,16.323608
54.376389,16.318607
54.373604,16.306389
54.370827,16.299721
54.368332,16.294998
54.391106,16.318333
54.461525,16.408222
54.499718,16.460552
54.518669,16.489529
54.534164,16.515553
54.544716,16.54361
54.551109,16.571663
54.563606,16.638611
54.56694,16.665276
54.568604,16.694443
54.568886,16.709442
54.575829,16.793331
54.589722,16.884163
54.597771,16.915276
54.602219,16.930553
54.608604,16.94833
54.643883,17.013332
54.651108,17.024998
54.657776,17.032219
54.66333,17.040833
54.671661,17.060276
54.675278,17.071388
54.729164,17.247219
54.731384,17.254997
54.747772,17.362221
54.752777,17.434166
54.762215,17.530552
54.768608,17.584442
54.771385,17.601387
54.789093,17.686607
54.806389,17.774441
54.823883,17.896942
54.82666,17.918888
54.833611,18.033607
54.834442,18.053055
54.836937,18.32972
54.836662,18.334999
54.833611,18.349998
54.816109,18.372776
54.788273,18.449333
54.760773,18.526833
54.744106,18.578165
54.735607,18.605833
54.700272,18.703888
54.685272,18.739998
54.666382,18.774719
54.629997,18.82972
54.627777,18.831944
54.623055,18.834721
54.61805,18.836388
54.611938,18.836388
54.599716,18.830555
54.594162,18.826942
54.592773,18.82333
54.593048,18.818054
54.594994,18.815552
54.618607,18.78611
54.629166,18.775833
54.638054,18.76833
54.649437,18.760277
54.662773,18.750832
54.672775,18.738888
54.683884,18.722775
54.692772,18.708054
54.694443,18.704441
54.72966,18.571943
54.753498,18.503942
54.759331,18.487274
54.759827,18.484276
54.759331,18.481775
54.757996,18.480276
54.736832,18.466944
54.74305,18.405277
54.734444,18.406109
54.732216,18.407776
54.665833,18.46833
54.631104,18.511387
54.59333,18.54361
54.584442,18.550278
54.57972,18.553608
54.553329,18.566109
54.54805,18.567219
54.486107,18.572498
54.479439,18.570831
54.47361,18.567776
54.467499,18.568054
54.451385,18.571941
54.441666,18.576664
54.435272,18.582775
54.429718,18.590553
54.426109,18.596664
54.419998,18.610832
54.382774,18.708332
54.370827,18.757774
54.353333,18.836388
54.350273,18.851109
54.346107,18.884998
54.344994,18.901386
54.345551,18.92083
54.347221,18.933887
54.351662,18.953888
54.345551,18.968052
54.344719,18.973053
54.342216,19.022778
54.342216,19.046387
54.346664,19.138885
54.353882,19.212498
54.373604,19.374443
54.380554,19.4175
54.385826,19.43972
54.404442,19.50972
54.409721,19.523888
54.428886,19.562775
54.45472,19.613331
54.463272,19.627258
54.455826,19.651108
54.444477,19.632639
54.441666,19.628052
54.39666,19.524441
54.365273,19.428333
54.358887,19.408051
54.353607,19.38583
54.351387,19.366386
54.347496,19.286942
54.344719,19.26833
54.336937,19.234444
54.33194,19.227493
54.32888,19.226662
54.278877,19.250553
54.277496,19.256107
54.2686,19.371109
54.311104,19.471664
54.317215,19.485828
54.346382,19.560833
54.347496,19.567219
54.347496,19.574997
54.346382,19.581108
54.348877,19.623608
54.352219,19.633884
54.383331,19.713608
54.43755,19.797007
54.429909,19.857704
54.419159,20.004166
54.418602,20.090553
54.411934,20.158607
54.397774,20.301388
54.393833,20.329082
54.393532,20.331182
54.387772,20.371662
54.38166,20.432774
54.358047,20.738884
54.356102,20.898052
54.34166,21.126385
54.33638,21.181938
54.332771,21.231937
54.329994,21.283607
54.327217,21.367218
54.325829,21.411942
54.325554,21.442493
54.326942,21.524166
54.328209,21.570435
54.328403,21.577515
54.32972,21.625553
54.330826,21.729996
54.330845,21.732765
54.331665,21.855553
54.332771,21.981937
54.334991,22.164997
54.338043,22.265553
54.339432,22.292496
54.339672,22.294336
54.341103,22.305275
54.345543,22.425552
54.345543,22.43391
54.345543,22.455551
54.348877,22.629997
54.351105,22.664162
54.35833,22.7575
54.361107,22.775829
54.363838,22.785885
54.39444,22.810829
54.397491,22.81361
54.40332,22.826664
54.406937,22.843609
54.4086,22.856106
54.408043,22.870274
54.38916,22.987495
54.387772,22.992771
54.383049,23
54.381054,23.001991
54.37999,23.003052
54.304436,23.115829
54.287216,23.204441
54.247215,23.333054
54.238884,23.350273
54.231934,23.361942
54.175552,23.456383
54.172768,23.45916
54.138329,23.48444
54.11721,23.49416
54.047218,23.51722
54.030273,23.517776
53.960548,23.508053
53.947044,23.50404
53.94249,23.502777
53.921379,23.503887
53.907265,23.507807
53.89138,23.512218
53.840828,23.539719
53.731102,23.580551
53.694431,23.590443
53.692764,23.590553
53.677773,23.594997
53.637497,23.608608
53.623047,23.613884
53.604996,23.620552
53.559158,23.640274
53.501389,23.669441
53.491104,23.674717
53.481102,23.68055
53.453049,23.70055
53.314335,23.785917
53.195824,23.858608
53.01416,23.933052
53.009995,23.933331
52.948376,23.927492
52.858604,23.931385
52.774712,23.93866
52.770271,23.939716
52.749718,23.941105
52.732208,23.94083
52.719437,23.937775
52.712212,23.933884
52.7061,23.928608
52.695541,23.91555
52.690826,23.908051
52.678047,23.883884
52.615829,23.753887
52.613609,23.74305
52.613327,23.736382
52.615242,23.721375
52.616661,23.710274
52.61721,23.688328
52.610275,23.655273
52.605553,23.633606
52.596382,23.597218
52.573608,23.523052
52.567497,23.503609
52.525269,23.417217
52.514442,23.397217
52.498329,23.377495
52.375477,23.249376
52.37027,23.24416
52.282276,23.1654
52.234718,23.191383
52.231659,23.19416
52.225266,23.206383
52.221657,23.223049
52.211662,23.297775
52.208046,23.340832
52.206383,23.353329
52.204712,23.35833
52.111938,23.594997
52.079437,23.638607
52.006104,23.660828
51.95388,23.627773
51.950272,23.625828
51.917938,23.613228
51.913971,23.611736
51.752495,23.558052
51.686378,23.547775
51.670547,23.556664
51.666382,23.556942
51.663322,23.555832
51.660545,23.552498
51.653595,23.534992
51.592766,23.539165
51.546104,23.559441
51.542496,23.561386
51.539436,23.563885
51.535271,23.571663
51.532978,23.578541
51.531937,23.581665
51.527695,23.604633
51.503326,23.611107
51.49675,23.614
51.493607,23.616665
51.488602,23.623608
51.48822,23.624754
51.486938,23.628609
51.486938,23.641417
51.486938,23.642494
51.484718,23.654163
51.480968,23.656887
51.4786,23.658607
51.404709,23.69305
51.399994,23.692493
51.371101,23.682217
51.367493,23.680275
51.288605,23.683884
51.214714,23.731937
51.199432,23.756664
51.168884,23.811108
51.069443,23.904442
51.066666,23.905552
50.994072,23.931665
50.951935,23.963882
50.948875,23.966385
50.931107,23.988327
50.901657,24.028885
50.896942,24.035553
50.892769,24.043888
50.888046,24.058609
50.887001,24.064384
50.882767,24.087776
50.881104,24.092773
50.861107,24.14222
50.858047,24.144718
50.849434,24.14444
50.836937,24.134441
50.834991,24.13055
50.831383,24.114719
50.829437,24.076942
50.831383,24.052498
50.831783,24.023678
50.831722,24.020113
50.831108,23.989162
50.828049,23.972771
50.82444,23.964439
50.818604,23.958885
50.814995,23.95694
50.802773,23.953327
50.800724,23.953115
50.794716,23.952496
50.787216,23.954716
50.784164,23.957218
50.73999,24.014721
50.695824,24.07222
50.633606,24.10722
50.6259,24.108414
50.56694,24.111385
50.417213,24.004997
50.411659,23.999439
50.407211,23.991661
50.404709,23.974716
50.403603,23.92944
50.405411,23.881496
50.406654,23.846943
50.405823,23.814442
50.402489,23.791943
50.39444,23.755833
50.387413,23.729225
50.385269,23.721107
50.382137,23.712259
50.380547,23.707771
50.378326,23.703884
50.373047,23.697495
50.365829,23.693886
50.363255,23.693182
50.337929,23.686253
50.333328,23.684994
50.330395,23.683416
50.32444,23.676941
50.269157,23.591106
50.255829,23.568886
50.242779,23.540276
50.220825,23.496105
50.149719,23.37833
50.127491,23.342823
50.126938,23.341942
50.115273,23.32444
50.10083,23.303608
50.049995,23.232773
50.043327,23.223606
49.983047,23.146107
49.954994,23.110828
49.674995,22.779999
49.604439,22.717216
49.577095,22.686068
49.572495,22.680828
49.566383,22.676105
49.535828,22.658051
49.528046,22.655273
49.519714,22.656105
49.450829,22.694439
49.401657,22.729439
49.400532,22.73041
49.393608,22.736382
49.390274,22.738327
49.386658,22.739437
49.295273,22.760277
49.281937,22.759998
49.271103,22.754719
49.217766,22.726662
49.18055,22.704994
49.173607,22.700829
49.169716,22.699997
49.165543,22.700272
49.163048,22.703606
49.163048,22.706659
49.163048,22.70916
49.150543,22.778053
49.105827,22.852776
49.089989,22.876106
49.086655,22.877773
49.083054,22.876106
49.058884,22.863052
49.05011,22.861956
49.045547,22.861385
49.038605,22.864162
49.028877,22.868328
49.002914,22.886074
49.00222,22.875275
49.001938,22.868885
49.003326,22.856384
49.004715,22.851662
49.047218,22.737774
49.091103,22.598053
49.09145,22.594929
49.092491,22.585552
49.090828,22.574165
49.084991,22.562775
49.079437,22.558052
49.086388,22.5425
49.089439,22.533054
49.137497,22.354721
49.139442,22.343052
49.138611,22.323887
49.154716,22.224998
49.207771,22.047497
49.210831,22.037777
49.214996,22.030277
49.221107,22.025833
49.224716,22.024719
49.228882,22.024166
49.247215,22.025276
49.270271,22.021385
49.277496,22.018887
49.339165,21.960278
49.341385,21.956944
49.384438,21.838055
49.436386,21.618889
49.436661,21.606388
49.429718,21.533607
49.422218,21.500832
49.412773,21.470833
49.411385,21.465832
49.41111,21.459442
49.412498,21.441109
49.413887,21.436386
49.429054,21.400845
49.456108,21.285
49.456665,21.278889
49.423607,21.076111
49.420555,21.066944
49.412216,21.051666
49.408882,21.049442
49.359718,21.035553
49.310555,20.984165
49.308327,20.980553
49.301666,20.95583
49.296104,20.916386
49.296104,20.910831
49.330826,20.812496
49.388885,20.740833
49.395554,20.602776
49.393051,20.360554
49.383331,20.327774
49.340271,20.206665
49.314995,20.143608
49.248604,20.103333
49.213608,20.093609
49.196106,20.091663
49.183884,20.089443
49.177498,20.084999
49.175278,20.081387
49.175278,20.074444
49.177773,20.064163
49.188889,20.039165
49.19944,20.020554
49.213585,20.002514
49.221664,19.995277
49.225555,19.984444
49.227219,19.97472
49.23111,19.936386
49.228882,19.916386
49.227493,19.913055
49.224159,19.907776
49.197132,19.86791
49.19194,19.846664
49.191666,19.839165
49.196388,19.794441
49.196938,19.789444
49.201111,19.778889
49.206383,19.771111
49.213051,19.766109
49.215828,19.765831
49.233055,19.773609
49.252777,19.798054
49.271111,19.821388
49.272774,19.824165
49.275276,19.826111
49.278053,19.826942
49.28083,19.826664
49.364716,19.804996
49.404442,19.791664
49.406662,19.790276
49.408051,19.786388
49.408607,19.781387
49.408051,19.768608
49.397499,19.710552
49.406662,19.658607
49.45694,19.579166
49.461105,19.574997
49.535553,19.535275
49.574165,19.520981
49.599998,19.475555
49.60083,19.447777
49.530548,19.276386
49.527771,19.270275
49.524162,19.264721
49.509163,19.244442
49.50444,19.240276
49.444717,19.203331
49.430832,19.195274
49.418053,19.198055
49.409996,19.185276
49.400551,19.163609
49.399994,19.155552
49.391937,19.031666
49.39444,18.993332
49.39666,18.978054
49.400551,18.973053
49.402771,18.971664
49.405273,18.970833
49.456383,18.96833
49.481667,18.968609
49.517357,18.851246
---
