32.8094409999999,-17.053059
32.8105550000001,-17.030003
32.8124920000001,-17.016113
32.8144380000001,-17.010281
32.8308260000001,-16.960003
32.839165,-16.913334
32.838882,-16.905003
32.836937,-16.899445
32.7588880000001,-16.715557
32.745277,-16.720837
32.6477740000001,-16.8175009999999
32.6444400000001,-16.8216669999999
32.6386110000001,-16.839169
32.6374970000001,-16.9436109999999
32.6552730000001,-16.988335
32.676941,-17.06778
32.6822200000001,-17.099724
32.684441,-17.105278
32.7091600000001,-17.1580579999999
32.7274930000001,-17.193611
32.73027,-17.1983339999999
32.737495,-17.20639
32.769997,-17.2327799999999
32.7783279999999,-17.23917
32.8094409999999,-17.255836
32.814163,-17.255001
32.8183290000001,-17.251392
32.866386,-17.1941679999999
32.8697200000001,-17.190002
32.871941,-17.184448
32.870277,-17.1697239999999
32.8652730000001,-17.1588899999999
32.857498,-17.151947
32.838882,-17.133335
32.8319400000001,-17.1252779999999
32.823326,-17.102501
---
33.062775,-16.2869449999999
33.060829,-16.302502
33.0638890000001,-16.315556
33.062775,-16.321945
33.0580520000001,-16.333057
33.051941,-16.341946
33.02916,-16.363892
33.02916,-16.372223
33.0386050000001,-16.4005579999999
33.089439,-16.360836
33.108055,-16.325558
33.1099930000001,-16.3200039999999
33.108604,-16.313614
33.101105,-16.285835
33.094162,-16.285835
---
36.9436040000001,-25.012222
36.938049,-25.0125009999999
36.932495,-25.014446
36.929161,-25.01889
36.934715,-25.0469469999999
36.945,-25.100559
36.942772,-25.156391
36.942497,-25.1644479999999
36.943886,-25.1711119999999
36.9466630000001,-25.176113
36.950829,-25.179447
36.98027,-25.2005579999999
36.985832,-25.2005579999999
36.991943,-25.199448
36.9966660000001,-25.196667
37.0086059999999,-25.185001
37.0099950000001,-25.178059
37.0208280000001,-25.1150019999999
37.0230480000001,-25.09417
37.023605,-25.0863909999999
37.022774,-25.0788919999999
37.018051,-25.058334
37.0152740000001,-25.053337
37.0116650000001,-25.049168
36.996941,-25.033337
36.9744420000001,-25.01889
36.9697190000001,-25.016392
---
37.825272,-25.5494459999999
37.830551,-25.435558
37.837494,-25.4013899999999
37.845833,-25.377781
37.8486100000001,-25.372223
37.8519440000001,-25.368057
37.8633270000001,-25.331112
37.863884,-25.323059
37.8644410000001,-25.193611
37.8633270000001,-25.177223
37.8588870000001,-25.1652789999999
37.8533330000001,-25.155003
37.8427730000001,-25.142223
37.8386080000001,-25.138889
37.8224950000001,-25.133614
37.811661,-25.1302799999999
37.8052750000001,-25.1316679999999
37.765274,-25.140835
37.7555540000001,-25.146389
37.7488860000001,-25.1552809999999
37.7444380000001,-25.166668
37.7377780000001,-25.209446
37.7374950000001,-25.217224
37.72361,-25.3427809999999
37.7055510000001,-25.456112
37.7288819999999,-25.563614
37.7374950000001,-25.6858369999999
37.738327,-25.693611
37.74472,-25.711391
37.7533260000001,-25.7269479999999
37.8036040000001,-25.81139
37.835831,-25.857502
37.8505550000001,-25.864723
37.8566670000001,-25.863892
37.8838880000001,-25.854168
37.9022220000001,-25.842503
37.908333,-25.79528
37.909996,-25.7805559999999
37.9086070000001,-25.773613
37.9011080000001,-25.7477799999999
37.8952710000001,-25.728889
37.8769380000001,-25.699722
37.8713840000001,-25.6983339999999
37.859161,-25.700279
37.8544390000001,-25.697781
37.850273,-25.694447
37.84166,-25.680836
37.8402710000001,-25.674168
37.8277740000001,-25.599724
37.8266600000001,-25.585003
---
38.4478840000001,-28.128113
38.4478840000001,-28.12278
38.446106,-28.101669
38.4474950000001,-28.085835
38.4455490000001,-28.072781
38.442772,-28.0675009999999
38.4302750000001,-28.0483359999999
38.41861,-28.036945
38.412498,-28.035835
38.406944,-28.037781
38.394165,-28.0561139999999
38.391937,-28.0938909999999
38.393326,-28.1005589999999
38.402161,-28.14628
38.4026640000001,-28.151112
38.404999,-28.192501
38.399994,-28.2038919999999
38.371941,-28.2466699999999
38.397774,-28.266113
38.4013820000001,-28.270279
38.4047160000001,-28.283337
38.411942,-28.389446
38.41333,-28.424446
38.4130550000001,-28.431393
38.404999,-28.4558329999999
38.405548,-28.463612
38.4383320000001,-28.5180589999999
38.4416660000001,-28.522503
38.4458310000001,-28.526112
38.4688870000001,-28.540279
38.4955519999999,-28.5483359999999
38.5011060000001,-28.5500029999999
38.512215,-28.551945
38.527222,-28.549446
38.5355530000001,-28.539722
38.544998,-28.525837
38.5533290000001,-28.501392
38.5547180000001,-28.494446
38.557777,-28.466393
38.5583270000001,-28.4374999999999
38.5572200000001,-28.421669
38.5491640000001,-28.379723
38.541664,-28.354168
38.532776,-28.33028
38.5280530000001,-28.319168
38.4980550000001,-28.266392
38.4611049999999,-28.192501
38.4591600000001,-28.18639
38.4498830000001,-28.141113
---
38.62944,-27.138615
38.6427760000001,-27.1816669999999
38.647217,-27.237503
38.650276,-27.274445
38.653885,-27.294724
38.6580510000001,-27.3069459999999
38.6802750000001,-27.348892
38.6830519999999,-27.353889
38.6933290000001,-27.367226
38.710548,-27.3800009999999
38.733887,-27.388058
38.739441,-27.389725
38.7455520000001,-27.388615
38.7633290000001,-27.385002
38.776939,-27.376114
38.7811050000001,-27.3725009999999
38.7877730000001,-27.363892
38.796661,-27.33028
38.799995,-27.316948
38.801384,-27.309723
38.8030550000001,-27.2861139999999
38.8030550000001,-27.277225
38.8016660000001,-27.245834
38.7994380000001,-27.215
38.7949980000001,-27.1816669999999
38.7894440000001,-27.1463889999999
38.7877730000001,-27.139446
38.7808300000001,-27.113335
38.7641600000001,-27.0658339999999
38.7494429999999,-27.049446
38.737778,-27.0380589999999
38.733604,-27.0347249999999
38.7288820000001,-27.0322229999999
38.6952740000001,-27.019169
38.6911090000001,-27.021114
38.645271,-27.052502
38.641388,-27.056114
38.6325000000001,-27.079723
38.6313860000001,-27.086945
---
39.3533330000001,-31.239445
39.3536070000001,-31.254723
39.355553,-31.261112
39.359718,-31.264725
39.3894420000001,-31.280003
39.408333,-31.288059
39.4136050000001,-31.290001
39.446106,-31.283337
39.496109,-31.2608339999999
39.500832,-31.2583349999999
39.5044400000001,-31.253891
39.5208279999999,-31.230835
39.5219420000001,-31.21389
39.521385,-31.205833
39.51944,-31.201389
39.49472,-31.153336
39.485832,-31.146667
39.4588850000001,-31.128056
39.454163,-31.125
39.4488830000001,-31.123058
39.414993,-31.13139
39.374161,-31.1480559999999
39.3652730000001,-31.154167
39.354439,-31.175835
39.354164,-31.1844479999999
39.3533330000001,-31.215557
---
41.8724980000001,-8.20111700000001
41.873886,-8.18777799999998
41.8724980000001,-8.18111399999998
41.871109,-8.17555600000003
41.863052,-8.16527899999994
41.857498,-8.16111199999995
41.842773,-8.16000199999996
41.827499,-8.16166699999997
41.8171840000001,-8.16380700000002
41.8091660000001,-8.140556
41.8091660000001,-8.13166799999993
41.8094410000001,-8.08777799999996
41.815277,-8.06750099999999
41.819519,-8.05506500000001
41.8272170000001,-8.03527800000001
41.8747180000001,-7.93222199999997
41.8808290000001,-7.92111199999999
41.8527760000001,-7.88
41.8524929999999,-7.873334
41.855553,-7.86694499999993
41.864441,-7.84916699999997
41.897499,-7.75944500000003
41.904442,-7.70583299999998
41.904999,-7.6925
41.903053,-7.68638900000002
41.8652730000001,-7.59805599999993
41.8455510000001,-7.60916700000001
41.834999,-7.61194499999999
41.831108,-7.60777899999999
41.82222,-7.42666700000001
41.823326,-7.41055599999993
41.844994,-7.33111200000002
41.8636090000001,-7.26833299999993
41.8838350000001,-7.20734800000002
41.8836059999999,-7.20055600000001
41.8983310000001,-7.18694499999992
41.922775,-7.17361199999993
41.9280550000001,-7.17472299999997
41.937775,-7.18305600000002
41.975273,-7.18722200000002
41.9794390000001,-7.18277799999993
41.994164,-7.13999999999993
41.9949950000001,-7.13361199999997
41.99305,-7.12555599999996
41.9869380000001,-7.10527799999994
41.9802700000001,-7.09250099999997
41.966385,-7.08111200000002
41.9613880000001,-7.08166699999998
41.957497,-7.07749999999993
41.9513850000001,-7.06305599999996
41.951111,-7.05611099999999
41.952499,-7.01444499999997
41.9566650000001,-7.00305600000002
41.9738619999999,-6.98284799999999
41.952774,-6.94472299999995
41.94944,-6.93611099999998
41.9447170000001,-6.90611199999995
41.936661,-6.71694499999995
41.936661,-6.69694500000003
41.936661,-6.68749999999994
41.9405520000001,-6.618334
41.948883,-6.60250099999996
41.953606,-6.59416699999997
41.921944,-6.54861199999999
41.8394390000001,-6.52805599999994
41.764999,-6.54750100000001
41.6980510000001,-6.55222199999997
41.691109,-6.55138999999997
41.679443,-6.539445
41.661385,-6.50611099999992
41.6574939999999,-6.49749999999995
41.666664,-6.46916700000003
41.674721,-6.45277800000002
41.680275,-6.434167
41.6797180000001,-6.42472299999991
41.672218,-6.34722199999993
41.66333,-6.30361199999993
41.6430510000001,-6.25999999999993
41.6377720000001,-6.25222299999996
41.5930480000001,-6.19444499999992
41.5797200000001,-6.18722199999996
41.5760570000001,-6.18874799999992
41.5697170000001,-6.19138900000002
41.5483320000001,-6.20361100000002
41.538887,-6.210556
41.5294420000001,-6.21750099999997
41.4361040000001,-6.29583399999996
41.3805540000001,-6.35777899999999
41.3188860000001,-6.43805599999996
41.2649989999999,-6.51027899999997
41.2422180000001,-6.558333
41.239716,-6.58000099999992
41.244164,-6.59833299999997
41.246384,-6.61805600000002
41.24472,-6.64388899999994
41.2124940000001,-6.68638900000002
41.2080540000001,-6.69055600000002
41.1366650000001,-6.75333399999994
41.1124950000001,-6.75416799999994
41.1024930000001,-6.75444499999998
41.077774,-6.76861200000002
41.0636060000001,-6.78027800000001
41.0455550000001,-6.80555600000002
41.0316620000001,-6.83499999999998
41.0286100000001,-6.84833300000003
41.0309600000001,-6.92440699999997
41.0180510000001,-6.931667
41.013054,-6.92944499999999
40.9747160000001,-6.891389
40.95916,-6.87166699999995
40.9563830000001,-6.86555599999997
40.9474950000001,-6.85722299999998
40.8741610000001,-6.80388900000003
40.8561100000001,-6.79972299999991
40.8488850000001,-6.80166700000001
40.73333,-6.81944499999997
40.5244369999999,-6.79611199999994
40.387772,-6.81555600000002
40.3172150000001,-6.83111199999996
40.2715230000001,-6.86230299999994
40.263329,-6.87388900000002
40.2602770000001,-6.88277799999992
40.256386,-6.91027799999995
40.2589800000001,-6.94652600000001
40.230827,-7.00583399999999
40.2227710000001,-7.01083399999999
40.187775,-7.02722299999994
40.139442,-7.01305600000001
40.1261060000001,-7.00472300000001
40.120552,-6.98722299999997
40.117775,-6.97805599999998
40.1158290000001,-6.95999999999992
40.116661,-6.95055599999995
40.112778,-6.9425
40.107498,-6.93472299999996
40.1016620000001,-6.92888900000003
40.044167,-6.88250099999993
40.0216600000001,-6.87055599999997
40.0102769999999,-6.87083299999995
39.724716,-6.98972200000003
39.6749950000001,-7.01722199999995
39.665253,-7.04811899999999
39.662254,-7.05762899999996
39.6586070000001,-7.14611100000002
39.6588820000001,-7.15249999999992
39.6619420000001,-7.166112
39.6672209999999,-7.205556
39.672218,-7.26027900000003
39.6719440000001,-7.26694500000002
39.6566620000001,-7.30722200000002
39.6486050000001,-7.32555599999995
39.644722,-7.33083299999993
39.643883,-7.33750099999992
39.648331,-7.40750000000003
39.649162,-7.41472199999993
39.669418,-7.53250499999996
39.639999,-7.52694500000001
39.6333310000001,-7.52305599999994
39.605827,-7.50583399999999
39.5997160000001,-7.49972200000002
39.496109,-7.38
39.491386,-7.37138900000002
39.3883290000001,-7.32277899999997
39.3447190000001,-7.31361199999998
39.2130510000001,-7.24277799999999
39.116661,-7.14916699999992
39.111107,-7.14250099999992
39.108604,-7.13388899999995
39.104164,-7.11583400000001
39.1047210000001,-7.10277799999994
39.114716,-7.06555600000002
39.11805,-7.05666699999995
39.1241610000001,-7.05055599999997
39.1227720000001,-7.040278
39.116386,-7.02138899999994
39.1072160000001,-7.005
39.0913849999999,-6.98277899999994
39.0566640000001,-6.96111200000001
39.0263820000001,-6.95479299999994
39.019997,-6.95694400000002
38.86055,-7.05999999999995
38.8355480000001,-7.08416699999998
38.7819440000001,-7.16416699999996
38.749268,-7.20735499999995
38.733887,-7.24555599999997
38.728333,-7.25722300000001
38.7230530000001,-7.26027900000003
38.708328,-7.265556
38.703331,-7.267222
38.44944,-7.32111199999997
38.439995,-7.31305600000002
38.4358290000001,-7.30416700000001
38.4269410000001,-7.28888899999998
38.4222180000001,-7.28083399999997
38.4166639999999,-7.27444500000001
38.3202740000001,-7.19222300000001
38.284439,-7.16972299999998
38.246109,-7.14499999999993
38.2258299999999,-7.13
38.1891630000001,-7.10222199999993
38.184166,-7.10111099999995
38.174438,-7.08777799999996
38.174721,-7.08111200000002
38.1874920000001,-7.02833399999992
38.1916660000001,-7.01694499999996
38.195549,-7.01166699999999
38.2005540000001,-7.01027899999997
38.2094420000001,-6.993334
38.215828,-6.96138999999999
38.21833,-6.94777900000003
38.2177730000001,-6.94055599999996
38.209068,-6.93374599999999
38.178055,-6.939167
38.1627730000001,-6.94388999999995
38.1399989999999,-6.95166699999993
38.034164,-7.00139000000001
38.0280530000001,-7.00666699999999
38.0099950000001,-7.12361099999998
37.996941,-7.21083399999998
37.9908290000001,-7.24555599999997
37.9874950000001,-7.25444499999998
37.9816670000001,-7.25944500000003
37.974716,-7.25472299999996
37.9594420000001,-7.25194499999998
37.933609,-7.25194499999998
37.9283290000001,-7.25361199999998
37.870827,-7.27833399999997
37.860275,-7.28500099999997
37.8152770000001,-7.32000099999999
37.774437,-7.37916799999999
37.7649990000001,-7.394723
37.7438890000001,-7.42305599999992
37.69944,-7.44694500000003
37.5524980000001,-7.52444500000001
37.5285490000001,-7.51253400000002
37.522499,-7.50305600000002
37.498886,-7.48472299999992
37.4813840000001,-7.47138999999999
37.457222,-7.46138999999999
37.4186100000001,-7.44722299999995
37.366943,-7.43472299999996
37.253189,-7.43185399999999
37.186104,-7.414445
37.1749950000001,-7.42361199999999
37.1783290000001,-7.43833399999994
37.179161,-7.45083399999993
37.1777730000001,-7.47194499999995
37.1555480000001,-7.55305599999997
37.150833,-7.56611199999992
37.145828,-7.57749999999999
37.1430510000001,-7.58333399999998
37.1286090000001,-7.61305600000003
37.1236040000001,-7.61638899999997
37.1183320000001,-7.61500100000001
37.1133270000001,-7.61722299999997
37.1099930000001,-7.62194499999998
37.034996,-7.75833399999993
37.008888,-7.89777899999996
37.0083310000001,-7.97305599999999
37.0186080000001,-8.00805699999995
37.0255510000001,-8.01777800000002
37.039993,-8.039446
37.0461040000001,-8.04972299999997
37.054718,-8.06777999999997
37.0716629999999,-8.10416800000002
37.0769420000001,-8.11750000000001
37.092216,-8.17527999999993
37.103882,-8.36750000000001
37.100273,-8.38000099999999
37.0927730000001,-8.39833499999992
37.0886080000001,-8.41722299999998
37.0855480000001,-8.43639000000002
37.086662,-8.44278000000003
37.1030500000001,-8.51111200000003
37.108887,-8.65888999999999
37.06694,-8.81472399999996
37.016106,-8.92666799999995
37.020271,-8.98444599999999
37.0230480000001,-8.99027799999999
37.028053,-8.99138999999997
37.033882,-8.990835
37.0522160000001,-8.98416700000001
37.092499,-8.95916699999998
37.1011050000001,-8.95083399999999
37.103882,-8.94527799999992
37.1077730000001,-8.94111299999992
37.1274950000001,-8.92611099999999
37.1327740000001,-8.92277899999999
37.147499,-8.913612
37.161659,-8.90583400000003
37.166664,-8.90333399999992
37.2727740000001,-8.85805699999992
37.380554,-8.82889
37.442513,-8.795862
37.524162,-8.78722399999992
37.722221,-8.78750000000002
37.7663880000001,-8.80583399999995
37.8190920000001,-8.79186600000003
37.8241650000001,-8.79138899999992
37.83416,-8.79055599999992
37.897217,-8.794445
37.9127730000001,-8.79750100000001
37.9177700000001,-8.79972299999997
37.9283290000001,-8.80555699999996
37.9319380000001,-8.81055599999996
38.009438,-8.84222399999999
38.019997,-8.83666799999997
38.0861050000001,-8.80805599999997
38.0919420000001,-8.80555699999996
38.1183320000001,-8.79611199999999
38.139442,-8.789446
38.18055,-8.77916699999997
38.2117610000001,-8.77582199999995
38.2505490000001,-8.77694499999996
38.2622150000001,-8.77749999999998
38.3011090000001,-8.77972399999993
38.3288880000001,-8.78638999999993
38.3491589999999,-8.79222299999992
38.3744430000001,-8.80250199999995
38.4166639999999,-8.72333299999997
38.413887,-8.67333400000001
38.5172200000001,-8.76888999999994
38.5180510000001,-8.89222299999994
38.517494,-8.90500100000003
38.5161060000001,-8.91138999999998
38.503883,-8.92639000000003
38.4636080000001,-8.99277899999998
38.4372180000001,-9.06277799999998
38.433052,-9.08361200000002
38.4197160000001,-9.18388899999997
38.4516600000001,-9.20027900000002
38.475273,-9.18444599999998
38.480827,-9.18305599999997
38.5066600000001,-9.17916700000001
38.511665,-9.17861199999999
38.5319440000001,-9.182501
38.541939,-9.18527799999998
38.592773,-9.20389
38.5980530000001,-9.20694500000002
38.617218,-9.218613
38.621666,-9.22166799999997
38.635277,-9.23333399999996
38.6466599999999,-9.24638900000002
38.664162,-9.27444499999996
38.6686099999999,-9.27861200000001
38.6711040000001,-9.27194599999996
38.6783290000001,-9.21527900000001
38.678886,-9.16888999999992
38.6769410000001,-9.15055699999999
38.631104,-9.07444599999997
38.6999970000001,-9.02805699999999
38.729439,-9.015556
38.7583310000001,-8.96416900000003
38.7630540000001,-8.95138900000001
38.7649990000001,-8.93861199999992
38.7658920000001,-8.91974599999992
38.770271,-8.91972399999997
38.79805,-8.92805700000002
38.802773,-8.93083399999995
38.8408580000001,-8.955849
38.8347170000001,-8.96666699999997
38.8386080000001,-8.97250200000002
38.846939,-8.97916800000002
38.8519440000001,-8.98250000000002
38.857216,-8.98389099999991
38.8927760000001,-8.99194499999999
38.908607,-8.98694599999999
38.947777,-8.98444599999999
38.945274,-8.990835
38.936943,-8.99916799999994
38.932495,-9.00277899999998
38.854996,-9.06527899999998
38.8355480000001,-9.07638899999995
38.8255540000001,-9.08166699999998
38.810272,-9.08777800000001
38.7997210000001,-9.09055699999993
38.783051,-9.09250100000003
38.7730480000001,-9.093613
38.7674940000001,-9.09333400000003
38.762215,-9.09166699999992
38.75222,-9.09277900000001
38.7424930000001,-9.09777800000001
38.727219,-9.106945
38.7174989999999,-9.11361099999999
38.7141649999999,-9.12000099999995
38.709999,-9.13333499999999
38.6908260000001,-9.21250199999992
38.676666,-9.32222400000001
38.6919400000001,-9.42972400000002
38.698051,-9.46138999999994
38.703049,-9.47388999999993
38.709999,-9.48444599999999
38.785271,-9.49472199999997
38.7902760000001,-9.49305699999996
38.799995,-9.48777999999999
38.8347170000001,-9.46583399999997
38.844444,-9.45916699999998
38.8519440000001,-9.45055600000001
38.8566670000001,-9.44722400000001
38.8666610000001,-9.44250099999999
38.8769380000001,-9.43777799999992
38.918053,-9.42194599999993
38.9441600000001,-9.41416699999996
38.95472,-9.411112
38.984161,-9.41416699999996
38.9894410000001,-9.41555599999998
38.9947200000001,-9.41722299999998
38.9986040000001,-9.42250099999995
39.003609,-9.42639000000003
39.0194400000001,-9.42611099999993
39.0786060000001,-9.41916799999996
39.117775,-9.39666699999992
39.1605530000001,-9.36639000000002
39.16555,-9.36305600000003
39.215271,-9.34250099999997
39.234444,-9.33694499999996
39.2558290000001,-9.33722299999999
39.270828,-9.33750199999997
39.2929760000001,-9.338345
39.3483280000001,-9.36166800000001
39.364998,-9.35750000000002
39.3913880000001,-9.29333500000001
39.435272,-9.22722199999998
39.5263820000001,-9.14416699999998
39.614998,-9.08555599999994
39.640274,-9.07944499999996
39.7322160000001,-9.04750100000001
39.7755510000001,-9.02694500000001
39.850555,-8.98472399999997
39.964165,-8.93194599999993
40.045403,-8.89636200000001
40.0502780000001,-8.89305699999994
40.059715,-8.88888899999995
40.096107,-8.87472300000002
40.1308290000001,-8.86277999999993
40.1480480000001,-8.86194599999993
40.2427750000001,-8.88138999999995
40.3069380000001,-8.85055699999998
40.336388,-8.84027899999995
40.46833,-8.80000100000001
40.5041660000001,-8.790279
40.5207060000001,-8.785866
40.5377730000001,-8.78250100000002
40.557777,-8.77805699999993
40.562492,-8.77694499999996
40.628387,-8.74538999999999
40.637051,-8.72989000000001
40.638718,-8.72172399999999
40.66111,-8.69166799999999
40.6872180000001,-8.66083299999997
40.6950000000001,-8.65944499999995
40.7758330000001,-8.678335
40.7186050000001,-8.70305599999995
40.6912770000001,-8.71961199999998
40.6806110000001,-8.72727800000001
40.679607,-8.73127899999992
40.680275,-8.73527899999993
40.689438,-8.73361199999994
40.7277760000001,-8.72666699999996
40.7527770000001,-8.71777900000001
40.7941670000001,-8.70277800000002
40.7994380000001,-8.69749999999999
40.8149950000001,-8.69305599999996
40.869164,-8.67777799999999
40.9038850000001,-8.66805599999992
40.9972150000001,-8.64611200000002
41.0080490000001,-8.64499999999998
41.018578,-8.64554399999997
41.0419390000001,-8.65722299999999
41.2366640000001,-8.729445
41.421387,-8.78972199999993
41.467575,-8.778841
41.4844440000001,-8.781113
41.5666660000001,-8.79972299999997
41.6172410000001,-8.81508799999995
41.7166600000001,-8.86944599999998
41.731941,-8.876667
41.746666,-8.88000099999999
41.75666,-8.88166799999999
41.838882,-8.88000099999999
41.8438870000001,-8.87944599999997
41.857773,-8.86861199999998
41.870277,-8.85611199999994
41.9024960000001,-8.81361199999998
41.9190899999999,-8.78621700000002
41.931732,-8.75241899999997
41.952499,-8.74500799999998
41.961937,-8.74444599999993
41.96666,-8.74305700000002
41.9713820000001,-8.73861099999993
42.045273,-8.64000099999998
42.0536040000001,-8.62083399999995
42.0591660000001,-8.606945
42.082771,-8.521389
42.0833280000001,-8.51472299999995
42.0847170000001,-8.47361199999995
42.0847170000001,-8.44611199999991
42.1036070000001,-8.31055599999996
42.138611,-8.25194499999992
42.15274,-8.20122299999997
42.148605,-8.19444499999997
42.0688860000001,-8.08999999999998
42.06472,-8.08555599999994
42.054161,-8.079723
42.0299989999999,-8.08166699999998
42.0252760000001,-8.08249999999998
42.0202710000001,-8.08500099999998
42.0163879999999,-8.08944499999996
42.013329,-8.09555599999993
42.008606,-8.10889099999997
41.9988859999999,-8.13472400000001
41.974442,-8.16527899999994
41.9336090000001,-8.20472299999994
41.9238819999999,-8.21277800000001
41.913605,-8.218613
41.908607,-8.21916800000002
41.9038850000001,-8.21777900000001
41.8747180000001,-8.20472299999994
---
