-40.4038929999999,-9.91111199999995
-40.4022289999999,-9.92388899999997
-40.396667,-9.94166799999999
-40.394447,-9.94805699999995
-40.341667,-10.040834
-40.336945,-10.0413889999999
-40.314445,-10.031389
-40.309448,-10.028612
-40.306946,-10.023056
-40.305,-10.009724
-40.305283,-9.95916699999998
-40.306671,-9.95222299999995
-40.3652799999999,-9.90333399999997
-40.390839,-9.892223
---
-37.155556,-12.265835
-37.148056,-12.282778
-37.136391,-12.303057
-37.11306,-12.3300019999999
-37.107506,-12.3316669999999
-37.101395,-12.330557
-37.0624999999999,-12.303057
-37.0536119999999,-12.296667
-37.052505,-12.2894459999999
-37.0527799999999,-12.259445
-37.0544509999999,-12.2441669999999
-37.056671,-12.238335
-37.072502,-12.2147239999999
-37.076118,-12.2105559999999
-37.095001,-12.193611
-37.108612,-12.202501
-37.112503,-12.2063899999999
---
-16.005001,-5.69833399999993
-16.002502,-5.70249999999993
-15.996389,-5.710556
-15.9928629999999,-5.71297600000003
-16.003334,-5.72527799999995
-16.005558,-5.72888899999998
-16.0097239999999,-5.73722299999991
-16.0233349999999,-5.76638899999995
-16.0205569999999,-5.77055599999994
-16.009167,-5.78722299999998
-15.994167,-5.79305599999998
-15.988056,-5.79249999999996
-15.949446,-5.77027800000002
-15.945278,-5.76750099999992
-15.929167,-5.74861099999998
-15.9138889999999,-5.72888899999998
-15.905279,-5.71638999999999
-15.9030569999999,-5.70416699999993
-15.9038909999999,-5.69777900000003
-15.905001,-5.69194499999998
-15.9094449999999,-5.67138999999997
-15.9400009999999,-5.64527799999996
-15.955557,-5.64583399999998
-15.961113,-5.64694499999996
-15.9838909999999,-5.65861099999995
-15.987501,-5.66222299999993
---
-7.98408799999999,-14.391525
-7.97833299999996,-14.409723
-7.97416699999997,-14.412224
-7.94000099999994,-14.4161129999999
-7.93444499999998,-14.4144459999999
-7.915278,-14.405834
-7.90194499999996,-14.398613
-7.88639000000001,-14.386112
-7.88361199999997,-14.381945
-7.88305600000001,-14.3783339999999
-7.89027799999997,-14.359167
-7.892222,-14.355835
-7.91805599999992,-14.3194449999999
-7.93972299999996,-14.294168
-7.94527799999992,-14.293056
-7.94861100000003,-14.296667
-7.96138999999999,-14.31139
-7.97333299999997,-14.340279
-7.97527799999995,-14.345278
-7.97972299999992,-14.36389
---
