12.5844440000001,-61.443893
12.5869430000001,-61.448616
12.5902770000001,-61.452225
12.593887,-61.4541699999999
12.607222,-61.446396
12.6111110000001,-61.4433359999999
12.612499,-61.437782
12.612499,-61.425835
12.6086100000001,-61.412506
12.6069430000001,-61.406952
12.603888,-61.4030609999999
12.5991650000001,-61.4052809999999
12.5902770000001,-61.416946
---
12.686666,-61.3325039999999
12.689444,-61.336395
12.6988890000001,-61.347778
12.701666,-61.347778
12.732498,-61.3297269999999
12.7363870000001,-61.3266679999999
12.7374990000001,-61.323616
12.734999,-61.3105619999999
12.725832,-61.30584
12.7202760000001,-61.305
12.714167,-61.30584
12.7022210000001,-61.3147279999999
12.6941660000001,-61.3208389999999
12.6877769999999,-61.3280559999999
---
12.9749980000001,-61.239449
12.9808330000001,-61.2475049999999
12.9886090000001,-61.252228
13.023333,-61.2280579999999
13.0427760000001,-61.206116
13.044722,-61.199722
13.0336090000001,-61.1972269999999
13.002222,-61.213615
12.998055,-61.216667
---
13.130278,-61.1844479999999
13.1561110000001,-61.243614
13.178333,-61.263062
13.2036090000001,-61.278893
13.2077770000001,-61.2813949999999
13.250277,-61.278061
13.273054,-61.265556
13.3677769999999,-61.2088929999999
13.3708320000001,-61.2052839999999
13.3822210000001,-61.182503
13.384165,-61.177223
13.378332,-61.1438899999999
13.3741660000001,-61.141113
13.3311100000001,-61.123611
13.325554,-61.122223
13.307499,-61.120285
13.2488880000001,-61.123337
13.242777,-61.124168
13.2202760000001,-61.1300049999999
13.167776,-61.1480559999999
13.138332,-61.165001
13.134443,-61.16806
13.1324999999999,-61.173058
---
