0.0183329999999842,6.51861100000002
0.0211110000001327,6.51444400000003
0.041667000000075,6.50749999999994
0.19305600000007,6.46583299999998
0.198610999999971,6.46444400000013
0.259722000000124,6.46722199999994
0.305000000000121,6.49055499999997
0.308889000000022,6.49305500000008
0.343889000000104,6.53361000000007
0.403611000000069,6.61777700000005
0.409167000000025,6.65500000000003
0.409167000000025,6.66166600000003
0.408333000000141,6.66666600000002
0.402222000000052,6.68777799999998
0.377499999999998,6.71666600000009
0.330278000000135,6.75138900000002
0.290555999999981,6.76666599999999
0.284443999999951,6.76583299999999
0.239721999999972,6.75555500000007
0.228889000000038,6.75277700000009
0.224722000000043,6.75027800000009
0.208889000000056,6.73860999999994
0.104167000000018,6.66111100000012
0.10055600000004,6.65777700000012
0.0272220000000516,6.56166600000012
0.0183329999999842,6.52388900000011
---
1.53055499999999,7.39916599999998
1.565,7.34777700000012
1.57722200000001,7.33805500000005
1.60722200000009,7.32722200000006
1.61277800000005,7.32860999999997
1.6875,7.37305499999997
1.70055499999995,7.40249900000009
1.70194400000014,7.40666600000009
1.69305500000007,7.45111100000008
1.6827780000001,7.46138900000011
1.6786110000001,7.46416699999992
1.67166700000001,7.46416699999992
1.63472200000012,7.46277700000002
1.55611099999993,7.42305500000003
---
