16.7074970000001,42.063049
16.708054,42.069717
16.7097210000001,42.074715
16.717499,42.070274
16.729721,42.0613860000001
16.735554,42.0533290000001
16.736385,42.049721
16.7316670000001,42.051666
16.7261090000001,42.049721
16.7236100000001,42.0447160000001
16.723888,42.0374980000001
16.728611,42.0277710000001
16.734444,42.0194400000001
16.7380520000001,42.0161060000001
16.743053,42.01416
16.7538870000001,42.0161060000001
16.8055529999999,42.041939
16.809444,42.056664
16.8113859999999,42.073883
16.8091660000001,42.0774990000001
16.715832,42.1424940000001
16.653332,42.159164
16.584442,42.1774980000001
16.5733300000001,42.179718
16.566944,42.179993
16.5630530000001,42.1769410000001
16.562775,42.170555
16.5705530000001,42.1366650000001
16.57222,42.130829
16.5769419999999,42.1211090000001
16.5827750000001,42.112778
16.6091650000001,42.082771
16.613331,42.080276
16.6152760000001,42.085274
16.616665,42.097496
16.6183320000001,42.1027760000001
16.622219,42.1058270000001
16.639164,42.1102750000001
16.643608,42.1074980000001
16.6580540000001,42.094162
16.6638870000001,42.0858310000001
16.669998,42.070274
16.673611,42.0583270000001
16.673889,42.0379940000001
16.6732200000001,42.0344920000001
16.669998,42.016663
16.6663860000001,42.006386
16.660831,41.9980550000001
16.647778,41.983055
16.642776,41.974159
16.641666,41.968605
16.642776,41.961937
16.644165,41.9563830000001
16.6558299999999,41.931938
16.6811099999999,41.893051
16.7188869999999,41.838608
16.7736090000001,41.774162
16.7772220000001,41.7705540000001
16.781944,41.7688830000001
16.8594440000001,41.7549970000001
16.87611,41.753609
16.873608,41.7644420000001
16.8697200000001,41.7749940000001
16.851665,41.8069379999999
16.84861,41.8111040000001
16.8236080000001,41.841942
16.7994420000001,41.859993
16.7952770000001,41.862778
16.784164,41.8658290000001
16.777775,41.8661040000001
16.7583310000001,41.872215
16.7541660000001,41.8749920000001
16.736664,41.8924940000001
16.7338870000001,41.89666
16.721664,41.920555
16.7108310000001,41.9450000000001
16.708885,41.957771
---
16.7508320000001,41.982216
16.7516630000001,41.9758300000001
16.764442,41.9291610000001
16.7977749999999,41.8836059999999
16.8297200000001,41.8602750000001
16.86861,41.8372190000001
16.8791660000001,41.8341600000001
16.8858300000001,41.8352740000001
16.894444,41.839996
16.896385,41.845276
16.898609,41.8705520000001
16.9058300000001,41.891106
16.908333,41.895554
16.926109,41.924995
16.9299960000001,41.928329
16.935555,41.929993
16.9483300000001,41.9313890000001
16.9547200000001,41.931107
16.9602780000001,41.929718
16.968609,41.9244380000001
16.9758300000001,41.91777
16.978886,41.913605
16.9836080000001,41.9038850000001
16.9922220000001,41.853333
16.996109,41.842773
17.0011100000001,41.839996
17.006386,41.841942
17.0091630000001,41.8455510000001
17.01083,41.8513870000001
17.0069430000001,41.862778
17.0036580000001,41.8674160000001
16.999443,41.886108
16.9894410000001,41.9213870000001
16.981388,41.9347150000001
16.9783330000001,41.938606
16.974163,41.9413830000001
16.9691660000001,41.943329
16.760555,41.992218
16.7566639999999,41.990555
16.75333,41.9866640000001
---
24.9558299999999,37.0766600000001
24.9566649999999,37.0700000000001
24.9611090000001,37.0411070000001
24.963055,37.035828
24.968609,37.0344390000001
24.9816670000001,37.035271
24.987221,37.0369420000001
24.996944,37.041664
25.0002749999999,37.045555
24.999443,37.0508270000001
24.9736100000001,37.0738830000001
24.965275,37.0799940000001
24.9591639999999,37.0805510000001
---
27.076942,35.7577740000001
27.078331,35.754715
27.0852780000001,35.7469410000001
27.093609,35.7408290000001
27.1030540000001,35.7363820000001
27.1286089999999,35.726387
27.1230550000001,35.7333300000001
27.1086080000001,35.747215
27.1044430000001,35.7502750000001
27.0947190000001,35.754715
---
27.3291630000001,49.633041
27.3163830000001,49.6386110000001
27.3099940000001,49.5830540000001
27.3241620000001,49.5535960000001
27.3305550000001,49.5547100000001
27.3341640000001,49.5511020000001
27.3386080000001,49.5405430000001
27.3419420000001,49.528328
27.342216,49.520554
27.3383290000001,49.5024950000001
27.3338810000001,49.4922100000001
27.3272210000001,49.483887
27.3238870000001,49.4799960000001
27.3119390000001,49.4699939999999
27.285828,49.4522089999999
27.2908289999999,49.4502720000001
27.3030550000001,49.450821
27.309441,49.451935
27.3194429999999,49.456383
27.331387,49.4663850000001
27.359161,49.4972080000001
27.3652730000001,49.513321
27.364716,49.5302660000001
27.3636050000001,49.5372090000001
---
27.908054,34.565552
27.9086070000001,34.549721
27.9419440000001,34.5
27.9452740000001,34.4986040000001
27.966663,34.4949950000001
27.9708329999999,34.4944380000001
27.981667,34.4930499999999
27.996109,34.492218
28.00222,34.4994430000001
28.0099980000001,34.511108
28.0116650000001,34.514717
28.0114140000001,34.518608
28.008888,34.532494
28.0075000000001,34.535828
27.998608,34.546661
27.9661100000001,34.5802760000001
27.929165,34.6138840000001
27.926388,34.6158290000001
27.9227749999999,34.6172180000001
27.9175000000001,34.6158290000001
27.909164,34.593605
---
29.086069,46.12215
29.061661,46.4266700000001
29.1041980000001,46.5469440000001
29.1030500000001,46.548607
29.098053,46.587769
29.075272,46.800278
29.0530550000001,46.996666
28.9994389999999,47.4599910000001
28.998882,47.460831
28.984465,47.4633939999999
28.9230539999999,47.506943
28.8505520000001,47.5405430000001
28.7966610000001,47.564713
28.777222,47.573318
28.766106,47.576111
28.759995,47.5766530000001
28.7330509999999,47.5766530000001
28.706104,47.5747149999999
28.6999970000001,47.575272
28.6349950000001,47.6027680000001
28.6141620000001,47.6177750000001
28.538883,47.6888809999999
28.544167,48.3024980000001
28.545277,48.416588
28.545277,48.4202730000001
28.539993,48.4302750000001
28.4974980000001,48.5005420000001
28.4927750000001,48.502769
28.41972,48.5191570000001
28.413605,48.5180440000001
28.3405490000001,48.517769
28.328888,48.5197220000001
28.1211050000001,48.6033249999999
28.0402760000001,48.6488880000001
28.0361100000001,48.651932
27.8608280000001,48.8455430000001
27.8547170000001,48.854713
27.84605,48.8666040000001
27.8388820000001,48.875832
27.828331,48.8791659999999
27.765831,48.876938
27.756386,48.8716660000001
27.7333300000001,48.8583300000001
27.7261050000001,48.8508220000001
27.724438,48.8452760000001
27.7258260000001,48.8408280000001
27.730827,48.8386080000001
27.734161,48.842766
27.7366640000001,48.8474880000001
27.748333,48.8502660000001
27.794167,48.858047
27.8102720000001,48.8533250000001
27.82522,48.8259350000001
27.82505,48.8217740000001
27.8241620000001,48.807213
27.8099980000001,48.799431
27.804722,48.7977680000001
27.7444420000001,48.7886050000001
27.6197170000001,48.8388750000001
27.5938840000001,48.904442
27.601944,48.91111
27.609718,48.925278
27.6236079999999,48.9555440000001
27.6247180000001,48.9619370000001
27.6208270000001,48.973328
27.611938,48.9869310000001
27.583328,49.016663
27.545551,49.0513839999999
27.539719,49.0766530000001
27.550549,49.1702730000001
27.551662,49.176659
27.551662,49.191376
27.546661,49.2291560000001
27.543327,49.2416530000001
27.5405500000001,49.2461010000001
27.490829,49.2994310000001
27.4872210000001,49.303055
27.4474950000001,49.3097080000001
27.442219,49.30777
27.4472200000001,49.235825
27.4494440000001,49.230553
27.453606,49.2274860000001
27.4561040000001,49.222214
27.4586070000001,49.2091600000001
27.4594380000001,49.1727680000001
27.457771,49.1611100000001
27.4472200000001,49.1302720000001
27.4447170000001,49.1255420000001
27.4408260000001,49.1222080000001
27.4352720000001,49.1233220000001
27.4286080000001,49.131653
27.3405490000001,49.24749
27.1577760000001,49.400551
27.127216,49.4088750000001
27.1318360000001,49.442589
27.1325,49.446381
27.143887,49.4716570000001
27.1552730000001,49.4933320000001
27.1602710000001,49.4913790000001
27.1663859999999,49.490822
27.172497,49.491936
27.177216,49.494431
27.183884,49.5024950000001
27.1863820000001,49.5075000000001
27.1874920000001,49.513611
27.1866650000001,49.520554
27.1711040000001,49.5422130000001
27.0566600000001,49.6224900000001
26.9797169999999,49.665543
26.9755519999999,49.6683200000001
26.9511110000001,49.703331
26.8999979999999,49.7861100000001
26.8872150000001,49.810822
26.8622209999999,49.8597109999999
26.857494,49.87027
26.8558270000001,49.876389
26.8560220000001,49.893478
26.8569370000001,49.9119340000001
26.8558270000001,49.9349980000001
26.851185,49.952988
26.8480530000001,49.9577640000001
26.8449940000001,49.9622120000001
26.687496,50.132774
26.6694410000001,50.1508330000001
26.656666,50.159164
26.6516650000001,50.1613850000001
26.6413880000001,50.1630550000001
26.638611,50.158333
26.6388850000001,50.1522220000001
26.68861,50.08194
26.7474980000001,50.000549
26.745548,49.9949870000001
26.7294430000001,49.9894410000001
26.699444,49.983047
26.6794400000001,49.982491
26.567776,50.0000000000001
26.5552750000001,50.004715
26.47472,50.0422210000001
26.466389,50.0477750000001
26.4627760000001,50.0513840000001
26.456665,50.0602720000001
26.4491650000001,50.075272
26.446388,50.088333
26.4441640000001,50.109718
26.424721,50.1669390000001
26.420277,50.1774980000001
26.416664,50.181107
26.381386,50.209717
26.3716660000001,50.2136080000001
26.3652760000001,50.214165
26.300278,50.2194440000001
26.211109,50.2155530000001
26.204166,50.214996
26.1863859999999,50.210831
26.1763879999999,50.206383
26.1011090000001,50.15583
26.090553,50.116943
26.173332,50.0674969999999
26.181389,50.060829
26.1841660000001,50.056664
26.1941640000001,50.0363850000001
26.195831,50.0302730000001
26.19611,50.0227740000001
26.1930540000001,50.018608
26.137772,49.9794390000001
26.1313860000001,49.9783250000001
26.125275,49.9786000000001
26.019997,49.993889
25.9211080000001,50.1074980000001
25.909164,50.107773
25.873886,50.112495
25.8683320000001,50.1136090000001
25.858608,50.1177750000001
25.82,50.134438
25.77272,50.16983
25.768387,50.174164
25.763887,50.1829950000001
25.758554,50.190994
25.737778,50.210548
25.6736109999999,50.2524950000001
25.659721,50.2591630000001
25.653332,50.2597200000001
25.636108,50.259438
25.629997,50.2583309999999
25.626942,50.2541659999999
25.6297190000001,50.249718
25.649719,50.234161
25.655277,50.2344440000001
25.666943,50.2374950000001
25.673054,50.237221
25.6816640000001,50.231667
25.684719,50.227219
25.7198310000001,50.1660540000001
25.7205540000001,50.1621320000001
25.7198310000001,50.1582180000001
25.7261090000001,50.1380540000001
25.700832,50.1472170000001
25.696663,50.149994
25.516941,50.30555
25.477219,50.344994
25.47361,50.3486100000001
25.456108,50.367218
25.458054,50.371109
25.463333,50.3730550000001
25.4483299999999,50.452774
25.445274,50.4572220000001
25.434444,50.468048
25.4138869999999,50.482773
25.2961079999999,50.522499
25.283886,50.523331
25.276943,50.5227740000001
25.2041660000001,50.534164
25.054443,50.558052
25.0488850000001,50.5591660000001
25.0402760000001,50.5647200000001
25.038609,50.5708310000001
25.051666,50.5708310000001
25.057777,50.571938
25.0624960000001,50.57444
25.0655520000001,50.5786059999999
25.062775,50.5830540000001
25.046387,50.6030500000001
25.042774,50.606667
25.035,50.613052
24.9941640000001,50.6438830000001
24.8791660000001,50.724998
24.8749960000001,50.727776
24.8027760000001,50.7413860000001
24.7897190000001,50.7397160000001
24.784443,50.737778
24.7780530000001,50.736664
24.771942,50.7372210000001
24.7643320000001,50.7407230000001
24.7541660000001,50.7472150000001
24.721386,50.7708280000001
24.7197190000001,50.7769390000001
24.720833,50.7830510000001
24.749966,50.830956
24.6936150000001,50.8634950000001
24.686386,50.8683320000001
24.577774,50.969444
24.5761110000001,50.976662
24.5560419999999,51.111366
24.583332,51.174721
24.5894430000001,51.1830519999999
24.603054,51.1988830000001
24.613331,51.209999
24.620888,51.215164
24.6158330000001,51.257774
24.600555,51.3097150000001
24.5894430000001,51.306107
24.5827750000001,51.2988819999999
24.573608,51.2930529999999
24.5611080000001,51.292496
24.526665,51.293327
24.514442,51.2952730000001
24.510464,51.3039700000001
24.509998,51.304993
24.515831,51.3138890000001
24.537498,51.342499
24.5449980000001,51.349159
24.595554,51.3922200000001
24.6058310000001,51.397499
24.6216660000001,51.407494
24.622219,51.4330520000001
24.6180529999999,51.444443
24.5908320000001,51.4819410000001
24.5797200000001,51.492218
24.571941,51.4927750000001
24.4983330000001,51.4080510000001
24.4386100000001,51.3319400000001
24.4277760000001,51.3208310000001
24.4194409999999,51.3141630000001
24.409721,51.309166
24.3999980000001,51.304993
24.34333,51.2808300000001
24.3313870000001,51.277222
24.3061099999999,51.2774960000001
24.293888,51.287216
24.291943,51.300278
24.290554,51.3155520000001
24.289444,51.344994
24.292774,51.355827
24.2969250000001,51.364647
24.311386,51.379715
24.316944,51.3894420000001
24.3200000000001,51.4002760000001
24.319443,51.4141619999999
24.3155520000001,51.4416660000001
24.3111079999999,51.4672160000001
24.3086089999999,51.479439
24.299442,51.4997180000001
24.292774,51.508049
24.281666,51.5166630000001
24.264442,51.526665
24.2566640000001,51.532494
24.251942,51.543327
24.250832,51.556938
24.250832,51.570831
24.25972,51.5836110000001
24.116659,51.583328
22.9388900000001,52.583328
22.6333290000001,55.141659
22.6997180000001,55.1991650000001
21.9997220000001,55.666107
21.2675060000001,55.4222030000001
20.0000000000001,55
18.9993440000001,51.9992899999999
18.821564,51.2152250000001
18.546017,49.999977
18.2663880000001,48.7663880000001
17.4594970000001,48.025314
16.7515950000001,47.3751530000001
15.6169429999999,46.3330540000001
15.81886,46.333107
16.666664,46.333328
17.005877,45.4762120000001
17.1943440000001,45.0000000000001
17.3927760000001,44.4986040000001
17.397221,44.496109
17.400276,44.491943
17.4119420000001,44.467499
17.414165,44.454437
17.4197200000001,44.385551
17.4194410000001,44.379166
17.409164,44.1852720000001
17.346664,44.0897220000001
17.3063890000001,43.9519420000001
17.3052750000001,43.946106
17.305553,43.9388890000001
17.3086090000001,43.919716
17.350277,43.766663
17.353611,43.755272
17.365555,43.7386089999999
17.4163859999999,43.675278
17.4230540000001,43.66777
17.443607,43.6538850000001
17.469589,43.6387020000001
17.478886,43.6258320000001
17.4836079999999,43.6158290000001
17.521111,43.516388
17.5227780000001,43.5108260000001
17.5272220000001,43.4563830000001
17.527496,43.4491650000001
17.5255550000001,43.4374920000001
17.5138850000001,43.4072190000001
17.498886,43.380272
17.4913859999999,43.3669430000001
17.4766650000001,43.345833
17.462219,43.318329
17.4572220000001,43.309441
17.425552,43.2708280000001
17.415833,43.259438
17.4086070000001,43.2524950000001
17.34222,43.1919400000001
17.1222190000001,43.151665
16.9324990000001,43.1236040000001
16.926388,43.122772
16.92083,43.123886
16.8388859999999,43.157219
16.8322219999999,43.164719
16.715832,43.1977770000001
16.672222,43.206108
16.679996,43.13472
16.681664,43.1141660000001
16.679443,43.102493
16.676941,43.0980530000001
16.6730540000001,43.094994
16.6011090000001,43.079437
16.5658299999999,43.071938
16.5549960000001,43.068329
16.545555,43.0636060000001
16.5391650000001,43.0561070000001
16.4230539999999,42.91861
16.3858300000001,42.8380510000001
16.381386,42.828331
16.3797190000001,42.823326
16.377777,42.8044430000001
16.3775020000001,42.78968
16.453331,42.793884
16.4588850000001,42.7927700000001
16.468052,42.788055
16.470276,42.783333
16.476109,42.7749940000001
16.521664,42.7363820000001
16.525833,42.7336040000001
16.53083,42.7316670000001
16.5616649999999,42.7213819999999
16.5733300000001,42.719994
16.5916630000001,42.723328
16.6080549999999,42.728607
16.6194420000001,42.7313840000001
16.625553,42.7324980000001
16.6555520000001,42.737778
16.669167,42.738609
16.6727750000001,42.736664
16.781944,42.672218
16.8102760000001,42.6458279999999
16.813332,42.6416629999999
16.825275,42.6252750000001
16.835831,42.5941620000001
16.836109,42.5886080000001
16.833332,42.577499
16.834999,42.5719379999999
16.8708310000001,42.5416640000001
16.8749960000001,42.539162
16.8813860000001,42.538887
16.93861,42.547775
16.991386,42.5494380000001
17.0033300000001,42.54805
17.0069430000001,42.544716
17.029442,42.518051
17.121387,42.408333
17.110554,42.365273
17.0399969999999,42.370552
17.08083,42.3533330000001
17.1841660000001,42.3363880000001
17.2533300000001,42.3258290000001
17.3222200000001,42.3247150000001
17.398052,42.3211060000001
17.4455530000001,42.308052
17.4497180000001,42.3061070000001
17.542221,42.1944430000001
17.649719,42.093887
17.811108,41.880272
17.813332,41.8761060000001
17.814442,41.8694380000001
17.80722,41.8488850000001
17.808609,41.8433299999999
17.831944,41.791107
17.8802760000001,41.7438890000001
17.898331,41.726662
17.949444,41.678886
18.0855520000001,41.5977710000001
18.0902750000001,41.595833
18.096664,41.5952760000001
18.121357,41.597145
18.191666,41.536659
18.229164,41.5130540000001
18.2905539999999,41.477219
18.32111,41.459999
18.3308299999999,41.456108
18.366665,41.4441600000001
18.3727760000001,41.4436040000001
18.397499,41.4441600000001
18.456944,41.4399950000001
18.467499,41.436943
18.503609,41.409721
18.5638890000001,41.35833
18.5669440000001,41.3541639999999
18.581108,41.3266600000001
18.5822219999999,41.320274
18.613052,41.262215
18.6947210000001,41.2052760000001
18.7058299999999,41.206383
18.756386,41.2133330000001
18.8183330000001,41.2433320000001
18.8263850000001,41.249718
18.8311079999999,41.250549
18.8388860000001,41.2444380000001
18.841942,41.2402730000001
18.864719,41.2055510000001
18.8652760000001,41.1772160000001
18.8674960000001,41.1724930000001
18.9408300000001,41.135277
18.9463880000001,41.134163
18.952774,41.1336060000001
18.9877780000001,41.148605
19.060276,41.175278
19.067219,41.176384
19.0722200000001,41.1744380000001
19.0849989999999,41.1599959999999
19.09111,41.1513820000001
19.0975000000001,41.128326
19.098053,41.113884
19.099163,41.1072160000001
19.1052740000001,41.0916600000001
19.1111110000001,41.083054
19.131107,41.067497
19.1433300000001,41.0591660000001
19.171387,41.0461040000001
19.1819420000001,41.0427700000001
19.198608,41.039444
19.452221,40.9561080000001
19.531944,40.847221
19.534164,40.842216
19.53722,40.838051
19.602219,40.7666630000001
19.609997,40.7772220000001
19.6208310000001,40.7938840000001
19.659164,40.802773
19.6722220000001,40.8019410000001
19.6883320000001,40.799164
19.712776,40.7894440000001
19.721943,40.7847210000001
19.7602770000001,40.7599950000001
19.7680550000001,40.7538830000001
19.78611,40.736382
19.791943,40.72805
19.795277,40.6811070000001
19.7955550000001,40.673882
19.7947200000001,40.6605530000001
19.7936100000001,40.654716
19.789165,40.6444400000001
19.9741629999999,40.511383
20.0086099999999,40.4433290000001
20.073608,40.3355480000001
20.1036109999999,40.2869420000001
20.1124990000001,40.273331
20.2002749999999,40.160271
20.221107,40.137772
20.2352750000001,40.1266630000001
20.240833,40.125549
20.2449990000001,40.1227720000001
20.270832,40.0994420000001
20.2730520000001,40.0944440000001
20.2824970000001,40.064163
20.283054,40.0494380000001
20.2824970000001,40.0427700000001
20.282219,39.9574970000001
20.2847210000001,39.9069440000001
20.287777,39.879997
20.3338850000001,39.8030550000001
20.4361080000001,39.6624980000001
20.43972,39.6588820000001
20.470833,39.6330490000001
20.5166660000001,39.601662
20.520832,39.5988850000001
20.5680540000001,39.568329
20.6144409999999,39.5444410000001
20.7163889999999,39.486382
20.747498,39.437492
20.760277,39.4291610000001
20.7708320000001,39.424995
20.7902760000001,39.41861
20.800552,39.415276
20.8061100000001,39.4169390000001
20.8094440000001,39.42083
20.8072200000001,39.4258270000001
20.7933310000001,39.448051
20.793888,39.4555510000001
20.7977750000001,39.458611
20.8222200000001,39.449165
20.8266640000001,39.4455490000001
20.8452760000001,39.421944
20.8480530000001,39.4177700000001
20.8483310000001,39.411942
20.8463860000001,39.4080510000001
20.8494000000001,39.3807680000001
20.8655550000001,39.3519439999999
20.8691640000001,39.3483280000001
20.949444,39.2711110000001
21.099163,39.1769410000001
21.108887,39.1727750000001
21.1480520000001,39.156387
21.279999,39.105827
21.369442,39.1549990000001
21.377499,39.16111
21.3822210000001,39.163605
21.404163,39.170273
21.416386,39.1713869999999
21.4372220000001,39.172218
21.4613880000001,39.1694410000001
21.500832,39.16333
21.532776,39.1505510000001
21.5344430000001,39.14444
21.5333329999999,39.138611
21.619442,39.0936050000001
21.6533320000001,39.086662
21.720276,39.066666
21.792221,39.0336070000001
21.811386,39.0180510000001
21.836941,38.9930499999999
22.122219,39.0172200000001
22.2147220000001,39.03083
22.37722,39.1052700000001
22.583332,39.0627750000001
22.748055,38.9686050000001
22.767776,38.9527739999999
22.8461070000001,38.8963850000001
22.9205550000001,38.8488850000001
22.925278,38.846664
22.928055,38.851387
22.926388,38.857216
22.915833,38.8838880000001
22.913055,38.888329
22.876942,38.9011080000001
22.84972,38.913055
22.844719,38.942772
22.8452760000001,38.948608
22.8477750000001,38.9524990000001
22.8627780000001,38.9597170000001
22.8683320000001,38.961388
22.8997190000001,38.9438860000001
22.9080540000001,38.9383320000001
22.959164,38.8966600000001
22.962498,38.8930510000001
22.978611,38.86805
23.1733320000001,38.7586059999999
23.2358320000001,38.711937
23.244999,38.706383
23.2547190000001,38.7022170000001
23.2913860000001,38.6922149999999
23.3336110000001,38.689163
23.391109,38.683609
23.4133300000001,38.6783290000001
23.422657,38.674553
23.4597209999999,38.6444400000001
23.51833,38.5922160000001
23.5149990000001,38.588333
23.5130540000001,38.583054
23.5141640000001,38.5688860000001
23.5155530000001,38.563049
23.522778,38.5549930000001
23.5311090000001,38.548332
23.6899990000001,38.4844440000001
23.7824969999999,38.452774
23.786663,38.4497150000001
23.79361,38.4424970000001
23.954441,38.245827
24.040554,38.1366649999999
24.0680540000001,38.0808260000001
24.089722,38.013611
24.17083,37.8786089999999
24.255276,37.7583309999999
24.2624970000001,37.7513890000001
24.297222,37.6808320000001
24.2991640000001,37.6688840000001
24.2841640000001,37.6227720000001
24.273888,37.620552
24.265274,37.626106
24.2580530000001,37.634163
24.251663,37.626106
24.2502750000001,37.6133270000001
24.2500000000001,37.598885
24.2744410000001,37.531662
24.280277,37.523048
24.3174970000001,37.4886089999999
24.371387,37.4416660000001
24.3788870000001,37.443054
24.407219,37.4549940000001
24.4211080000001,37.4655530000001
24.454166,37.449997
24.539003,37.3834230000001
24.560276,37.378609
24.579441,37.3688890000001
24.6374970000001,37.327499
24.6569440000001,37.3111040000001
24.699997,37.264999
24.7138860000001,37.2461090000001
24.7186090000001,37.2363819999999
24.828609,37.1536100000001
24.8377760000001,37.1516649999999
24.8466639999999,37.151382
24.8475,37.1613850000001
24.8444440000001,37.171104
24.8397220000001,37.1813890000001
24.8386080000001,37.19194
24.838333,37.2024990000001
24.839165,37.212494
24.842777,37.2269440000001
24.848331,37.238609
24.8569410000001,37.2497180000001
24.865555,37.2555540000001
24.8749960000001,37.2588880000001
24.9758300000001,37.27861
25.132774,37.258049
25.151665,37.2508320000001
25.1824990000001,37.23555
25.2008320000001,37.2230530000001
25.2052760000001,37.213333
25.211941,37.2030490000001
25.2286110000001,37.1841660000001
25.283886,37.132217
25.293053,37.1252750000001
25.3319440000001,37.098328
25.34111,37.09333
25.3611110000001,37.086105
25.3916660000001,37.078606
25.4219440000001,37.079437
25.431664,37.0805510000001
25.4408300000001,37.0749969999999
25.6449969999999,36.932495
25.739719,36.832771
25.7483330000001,36.8233260000001
25.7555540000001,36.813049
25.7602769999999,36.8011090000001
25.755276,36.790833
25.7258299999999,36.802216
25.7169420000001,36.800278
25.716663,36.79055
25.7472190000001,36.7294390000001
25.7524989999999,36.7188870000001
25.786388,36.696938
25.825832,36.6738820000001
25.8616640000001,36.653328
25.870277,36.656944
25.8877750000001,36.6699980000001
25.8969420000001,36.6780550000001
25.9055519999999,36.6838840000001
25.944721,36.702499
25.963886,36.7080540000001
25.9725000000001,36.7099990000001
25.9919430000001,36.708611
26.010555,36.702499
26.0211110000001,36.6977769999999
26.030277,36.6905520000001
26.0388870000001,36.681107
26.0469440000001,36.67083
26.050831,36.6602710000001
26.056664,36.6299970000001
26.0583310000001,36.608604
26.0611079999999,36.5866619999999
26.0711100000001,36.557495
26.0763850000001,36.5477750000001
26.083054,36.538055
26.1022189999999,36.5174940000001
26.1130520000001,36.5075
26.1236080000001,36.499443
26.132774,36.493889
26.1430550000001,36.4905550000001
26.184444,36.4816670000001
26.490833,36.3108290000001
26.5005530000001,36.3052750000001
26.641666,36.2149960000001
26.650833,36.2086110000001
26.7133330000001,36.149162
26.7213860000001,36.1394420000001
26.7294430000001,36.1199950000001
26.74472,36.099998
26.7544440000001,36.0941619999999
26.840832,36.0519410000001
26.870831,36.0433270000001
26.891666,36.034996
26.9013860000001,36.0286100000001
26.9266660000001,35.991943
26.9730529999999,35.9355550000001
26.999443,35.906105
27.0955540000001,35.8216630000001
27.104721,35.8166660000001
27.1430550000001,35.799721
27.1533320000001,35.798607
27.1627770000001,35.7999950000001
27.1730540000001,35.8027730000001
27.181664,35.810829
27.190552,35.811943
27.209999,35.799721
27.3063890000001,35.724998
27.351387,35.647499
27.3572199999999,35.638611
27.3649980000001,35.6311040000001
27.388332,35.611382
27.443054,35.5658260000001
27.496109,35.532494
27.5144419999999,35.5224990000001
27.5427740000001,35.508049
27.565552,35.5052720000001
27.6024970000001,35.5075000000001
27.633053,35.495552
27.775833,35.3930510000001
27.855,35.335831
27.862499,35.3299940000001
27.8788870000001,35.3166660000001
27.901386,35.2949980000001
27.964165,35.232498
27.976665,35.2172160000001
27.996944,35.1877750000001
28.0566640000001,35.160553
28.1127779999999,35.0561070000001
28.1124990000001,35.0033260000001
28.1091650000001,34.9908290000001
28.099442,34.9727710000001
28.083332,34.9338840000001
28.0791659999999,34.92083
28.0766640000001,34.9013820000001
28.0713880000001,34.847771
28.0713880000001,34.845276
28.1372180000001,34.7099989999999
28.138672,34.7074740000001
28.139164,34.705551
28.138054,34.7019420000001
28.131386,34.68055
28.1274990000001,34.6769410000001
28.093609,34.648888
28.0919420000001,34.6483310000001
28.0643690000001,34.646988
28.0391650000001,34.64444
28.03722,34.6438830000001
28.024719,34.632774
28.023888,34.6311040000001
28.024719,34.61972
28.028889,34.6138840000001
28.088886,34.5716630000001
28.0905530000001,34.5713880000001
28.0972210000001,34.5716630000001
28.1086080000001,34.5736080000001
28.1294440000001,34.5886080000001
28.1738850000001,34.6274950000001
28.175831,34.635826
28.175278,34.637772
28.2872200000001,34.6924970000001
28.3888850000001,34.7363820000001
28.417774,34.7449950000001
28.474998,34.771111
28.4813880000001,34.774437
28.484165,34.776382
28.491943,34.7852710000001
28.497219,34.7927700000001
28.5002749999999,34.7944410000001
28.5294420000001,34.805275
28.5363879999999,34.8077770000001
28.5386090000001,34.8077770000001
28.551941,34.806389
28.62722,34.798332
28.6574969999999,34.791382
28.8577770000001,34.836388
28.884518,34.8425370000001
29.1149980000001,34.87944
29.13583,34.8833310000001
29.191944,34.8980480000001
29.228886,34.909439
29.339996,34.9455490000001
29.3447190000001,34.9477770000001
29.353333,34.953888
29.3558310000001,34.956108
29.360832,34.9613880000001
29.3269420000001,35.187218
29.2724990000001,35.541107
29.188889,36.0700000000001
29.336529,36.2727280000001
29.502777,36.5005490000001
29.864719,36.7436070000001
29.918053,37.0344390000001
29.9855800000001,37.410095
30.00222,37.502777
30.336388,37.667496
30.504166,38.001389
30.951088,37.561089
31.023052,37.4899980000001
31.217224,37.294991
31.5055540000001,37.0052719999999
31.55616,37.2022020000001
31.6249960000001,37.471939
31.6846660000001,37.709496
31.7483330000001,37.9638820000001
31.754051,37.9866640000001
31.879166,38.4883270000001
32.0055540000001,39.0049970000001
32.0577770000001,39.07222
32.1549420000001,39.196743
32.105553,39.487579
32.005859,40.074612
31.9483300000001,40.4133300000001
31.3733290000001,41.4399990000001
31.1116600000001,42.084999
30.516159,42.9247020000001
30.41666,43.064999
29.8685,43.8103790000001
29.1983300000001,44.7216610000001
---
