-9.75500099999999,46.485832
-9.75361299999997,46.4802700000001
-9.75027799999998,46.4769440000001
-9.744167,46.4761050000001
-9.74027799999993,46.4783330000001
-9.72138999999999,46.497498
-9.71666699999997,46.5036090000001
-9.71777899999995,46.508331
-9.72000099999997,46.5100330000001
-9.72138999999999,46.5111080000001
-9.72722199999998,46.5111080000001
-9.73277899999994,46.50972
-9.73750100000001,46.508331
-9.74555600000002,46.503052
-9.752501,46.496109
-9.75444599999997,46.491386
---
-9.42250099999995,46.4761050000001
-9.42472299999997,46.465271
-9.42583499999995,46.4522170000001
-9.42527999999993,46.446106
-9.41916799999996,46.41861
-9.41861199999994,46.405548
-9.42139099999997,46.395271
-9.43944499999992,46.3330540000001
-9.44277999999997,46.3227770000001
-9.46305699999994,46.2691650000001
-9.46250199999997,46.263054
-9.45833399999998,46.2405550000001
-9.45638999999994,46.23555
-9.448891,46.223328
-9.44555700000001,46.219994
-9.433334,46.2116620000001
-9.41916799999996,46.2061080000001
-9.40083500000003,46.2041630000001
-9.38944600000002,46.2041630000001
-9.39611200000002,46.210274
-9.40555599999999,46.214439
-9.40916799999997,46.2177730000001
-9.42139099999997,46.2383270000001
-9.42944499999993,46.2644420000001
-9.42999999999995,46.2705540000001
-9.42805700000002,46.302216
-9.41305699999998,46.3652730000001
-9.38611200000003,46.4255520000001
-9.35027899999994,46.4466629999999
-9.34555599999999,46.4488830000001
-9.34500099999997,46.4516600000001
-9.34888999999993,46.4680480000001
-9.35361299999994,46.483055
-9.36250100000001,46.5077740000001
-9.36777899999998,46.515831
-9.37111299999998,46.5194400000001
-9.375834,46.5213850000001
-9.38138999999995,46.522217
-9.39027800000002,46.5172200000001
-9.39694600000001,46.510551
---
-9.35972400000003,46.4077760000001
-9.35694499999994,46.3411100000001
-9.35166700000002,46.284439
-9.35027899999994,46.2794420000001
-9.34611099999995,46.276665
-9.34083399999997,46.2780530000001
-9.33861199999996,46.2802730000001
-9.33416699999998,46.296661
-9.33333399999998,46.309715
-9.33194500000002,46.3447190000001
-9.33333399999998,46.363052
-9.33611299999995,46.387215
-9.34139099999999,46.4213870000001
-9.34277899999995,46.4269410000001
-9.34555599999999,46.4269410000001
-9.35638999999992,46.4180530000001
-9.35889099999991,46.413887
---
-7.19444499999992,56.247215
-7.189167,56.2458270000001
-7.15388999999999,56.2533260000001
-7.14833399999992,56.254715
-7.11444499999999,56.2752760000001
-7.11083400000001,56.2786100000001
-7.11222299999991,56.284164
-7.11777799999999,56.28611
-7.12388899999996,56.2855530000001
-7.13416699999999,56.2822189999999
---
-4.78916700000002,55.5324939999999
-4.78833400000002,55.5263820000001
-4.78555599999993,55.5222170000001
-4.77611199999996,55.5111080000001
-4.74055600000003,55.477493
-4.62722300000002,55.3761060000001
-4.62305599999996,55.3747180000001
-4.55805600000002,55.445274
-4.55139000000003,55.4591600000001
-4.55194499999993,55.468605
-4.55944499999993,55.4749980000001
-4.66138899999993,55.537216
-4.66611199999994,55.5391620000001
-4.68388899999997,55.54055
-4.76305600000001,55.535271
---
-4.50833399999993,55.2405550000001
-4.50694499999997,55.2363820000001
-4.48027799999994,55.221939
-4.47138999999993,55.2172160000001
-4.459723,55.219162
-4.45500099999998,55.2213819999999
-4.44944500000003,55.227493
-4.44805600000001,55.2316670000001
-4.45500099999998,55.252777
-4.45916699999998,55.2555540000001
-4.47611099999995,55.2658310000001
-4.48166800000001,55.2672200000001
-4.49944499999998,55.2588880000001
-4.50277799999998,55.2555540000001
-4.50694499999997,55.246109
---
-4.34972299999998,55.770271
-4.34305599999999,55.742775
-4.34027900000001,55.7319410000001
-4.31833399999994,55.70166
-4.31138899999996,55.694717
-4.29861199999999,55.687218
-4.29305599999992,55.685829
-4.28750000000002,55.687218
-4.28083400000003,55.701111
-4.28000100000003,55.7072220000001
-4.28138899999993,55.7127760000001
-4.31555599999996,55.77166
-4.32444500000003,55.7791600000001
-4.34444500000001,55.778328
-4.34833299999997,55.775833
---
