-11.6975,166.844421
-11.694723,166.833313
-11.683889,166.80191
-11.6786119999999,166.793579
-11.673889,166.789429
-11.610832,166.74411
-11.6022219999999,166.740234
-11.582777,166.758026
-11.579445,166.761383
-11.576666,166.765533
-11.575277,166.771088
-11.575277,166.776367
-11.575277,166.787476
-11.573334,166.806091
-11.573334,166.82663
-11.575277,166.838013
-11.585278,166.862183
-11.588055,166.866364
-11.647779,166.921082
-11.667223,166.931915
-11.670555,166.932739
-11.673334,166.931366
-11.684723,166.915527
-11.6861109999999,166.911377
-11.6927779999999,166.879395
-11.696945,166.850525
---
-11.657223,160.396088
-11.6786119999999,160.434967
-11.681389,160.439148
-11.750557,160.518036
-11.808056,160.527466
-11.845833,160.497467
-11.843611,160.478851
-11.8424989999999,160.473572
-11.840277,160.468567
-11.810833,160.417206
-11.7994439999999,160.401367
-11.783333,160.383606
-11.780001,160.380249
-11.759724,160.380249
-11.7491659999999,160.377441
-11.744444,160.375519
-11.718332,160.360504
-11.6424999999999,160.280273
-11.6397229999999,160.276093
-11.634445,160.267761
-11.631666,160.258331
-11.629166,160.240509
-11.629721,160.234406
-11.631666,160.229401
-11.637779,160.221893
-11.6416679999999,160.219116
-11.654446,160.213013
-11.657223,160.210236
-11.658611,160.204956
-11.6533339999999,160.162201
-11.651945,160.15332
-11.650557,160.149414
-11.6075,160.028595
-11.6022219999999,160.019714
-11.592222,160.00943
-11.567223,159.986908
-11.531113,159.963593
-11.521667,159.960785
-11.5113909999999,159.963013
-11.504723,159.966919
-11.500834,159.969696
-11.475832,159.992462
-11.469166,159.999115
-11.467222,160.00415
-11.498055,160.080811
---
-11.326111,159.847748
-11.319445,159.813599
-11.316111,159.803314
-11.313334,159.799133
-11.2972219999999,159.781372
-11.293333,159.778595
-11.2886119999999,159.776642
-11.2844449999999,159.779419
-11.2852779999999,159.785522
-11.289722,159.80246
-11.303888,159.841644
-11.309999,159.849121
-11.31889,159.853851
-11.324722,159.853302
---
-11.368332,166.51944
-11.367777,166.514709
-11.357777,166.497467
-11.354445,166.49411
-11.349722,166.492188
-11.343611,166.491333
-11.304722,166.487183
-11.2938899999999,166.488556
-11.283056,166.491333
-11.271112,166.518036
-11.275002,166.544128
-11.281668,166.563293
-11.2844449999999,166.566071
-11.2986109999999,166.574982
-11.324167,166.580536
-11.3280559999999,166.577759
-11.348888,166.560516
-11.351665,166.55719
-11.363888,166.535248
---
-10.856667,162.469696
-10.8547209999999,162.464691
-10.823055,162.464142
-10.818333,162.464691
-10.8136119999999,162.466919
-10.8102779999999,162.470245
-10.808334,162.474976
-10.807501,162.481354
-10.8111109999999,162.48468
-10.8338889999999,162.501099
-10.8399999999999,162.500549
-10.8447229999999,162.498291
-10.8480549999999,162.494965
-10.855555,162.474976
---
-10.775278,166.112457
-10.794724,166.063873
-10.7961119999999,166.058319
-10.788889,166.009705
-10.7875,166.00415
-10.7725009999999,165.978027
-10.771389,165.972748
-10.771389,165.967194
-10.780001,165.955536
-10.853333,165.896637
-10.87361,165.883026
-10.8480549999999,165.830811
-10.854166,165.809692
-10.852777,165.804138
-10.84861,165.801361
-10.815001,165.780823
-10.805,165.777466
-10.765278,165.778046
-10.761946,165.781372
-10.734999,165.808868
-10.6825009999999,165.886932
-10.675001,165.89859
-10.673611,165.904144
-10.673056,165.910248
-10.665001,166.047485
-10.675001,166.153595
-10.6811119999999,166.161102
-10.699167,166.165802
-10.7525009999999,166.144714
-10.757223,166.142761
-10.761112,166.139984
---
-10.295,161.745239
-10.284166,161.735779
-10.254446,161.71524
-10.249722,161.713013
-10.245832,161.713013
-10.222776,161.714417
-10.218056,161.71637
-10.214722,161.719971
-10.213333,161.727448
-10.214722,161.739685
-10.216665,161.74469
-10.219444,161.748566
-10.254446,161.771912
-10.26,161.773315
-10.265278,161.771912
-10.282778,161.765259
-10.2875,161.763031
-10.292223,161.756378
-10.294445,161.751373
---
-10.361111,161.690521
-10.363611,161.694702
-10.381388,161.71109
-10.396112,161.71637
-10.400278,161.719116
-10.406111,161.726898
-10.408335,161.731628
-10.448055,161.839142
-10.478888,161.998016
-10.481112,162.009705
-10.481112,162.016663
-10.481112,162.049408
-10.481112,162.054962
-10.478888,162.059692
-10.476389,162.062469
-10.471666,162.064697
-10.45611,162.069427
-10.447222,162.074127
-10.44389,162.077454
-10.442499,162.083038
-10.44861,162.104401
-10.449999,162.108582
-10.47361,162.132446
-10.5369449999999,162.176361
-10.547779,162.183319
-10.673611,162.264709
-10.6844439999999,162.286652
-10.6886119999999,162.289429
-10.704721,162.293579
-10.710556,162.294128
-10.717499,162.294128
-10.7294449999999,162.292755
-10.785557,162.263306
-10.820278,162.339966
-10.821667,162.381073
-10.823055,162.386658
-10.8272229999999,162.389435
-10.831944,162.391357
-10.837778,162.392212
-10.841944,162.390808
-10.8438889999999,162.386108
-10.846111,162.37439
-10.846111,162.367462
-10.841944,162.305817
-10.827778,162.117462
-10.768612,161.882172
-10.720833,161.77832
-10.6252769999999,161.636383
-10.538334,161.536926
-10.526945,161.539154
-10.511946,161.541656
-10.505835,161.541077
-10.367777,161.498566
-10.350832,161.46637
-10.333332,161.400543
-10.328611,161.372467
-10.331388,161.367737
-10.3413889999999,161.357452
-10.346945,161.349121
-10.3480549999999,161.343842
-10.3480549999999,161.336914
-10.3355559999999,161.286926
-10.331944,161.283325
-10.306389,161.279419
-10.3002779999999,161.279968
-10.21611,161.291656
-10.210556,161.29303
-10.208055,161.295807
-10.206667,161.301361
-10.205278,161.319122
-10.2033329999999,161.345795
-10.208055,161.383331
-10.21139,161.406097
-10.219444,161.438873
-10.22361,161.448578
-10.254446,161.506104
-10.2766669999999,161.545258
---
-9.96361200000001,167.197754
-9.96111099999996,167.193573
-9.95694399999996,167.190247
-9.95305399999995,167.188293
-9.94749999999999,167.18692
-9.94222300000001,167.188293
-9.94138900000002,167.194427
-9.94472300000001,167.200531
-9.95083199999999,167.208008
-9.95555499999995,167.209961
-9.96111099999996,167.208862
-9.96361200000001,167.203857
---
-9.88138799999996,167.121613
-9.88083299999994,167.115509
-9.87861099999998,167.110779
-9.87527699999998,167.107178
-9.86916500000001,167.108002
-9.86666500000001,167.113586
-9.86666500000001,167.120239
-9.86722199999997,167.126343
-9.86999900000001,167.130524
-9.873333,167.134155
-9.87805599999996,167.131897
-9.88083299999994,167.127747
---
-9.85305399999993,167.097748
-9.85166500000003,167.092194
-9.84750000000003,167.089417
-9.84305599999993,167.096924
-9.84083399999997,167.108582
-9.84555399999994,167.110779
-9.85166500000003,167.103302
---
-9.85305399999993,161.969421
-9.84972199999993,161.96579
-9.84555399999994,161.963287
-9.80861099999993,161.945251
-9.80388799999997,161.943298
-9.76111199999997,161.931641
-9.71472199999999,161.928314
-9.70861100000002,161.928864
-9.69583299999994,161.936371
-9.69222299999996,161.939972
-9.69027699999998,161.944702
-9.68972199999996,161.974121
-9.82944499999996,161.983856
-9.834723,161.983856
-9.84888799999993,161.977753
-9.85305399999993,161.97467
---
-9.47194500000001,161.384155
-9.46944399999995,161.381348
-9.46333299999998,161.382172
-9.45444499999996,161.385529
-9.45777699999996,161.388885
-9.46388799999994,161.389709
-9.46861099999995,161.387482
---
-9.77416799999992,161.571899
-9.793612,161.564423
-9.79916799999995,161.556091
-9.73222199999998,161.500549
-9.72472199999999,161.457458
-9.72944499999994,161.455536
-9.73277699999994,161.451904
-9.73472199999992,161.447205
-9.73360999999994,161.44165
-9.73083299999996,161.437469
-9.669445,161.397217
-9.66000000000003,161.393036
-9.55510399999997,161.398804
-9.52098799999993,161.387436
-9.49005599999998,161.393341
-9.47231599999998,161.405167
-9.43956400000002,161.391068
-9.41944499999994,161.371887
-9.35777699999994,161.349976
-9.34694499999995,161.347198
-9.338888,161.349976
-9.34027699999996,161.355225
-9.38888899999995,161.412201
-9.39694600000001,161.417755
-9.45111099999997,161.451904
-9.59583300000003,161.53775
-9.63222100000002,161.554138
-9.643057,161.556915
-9.72416699999997,161.569122
---
-9.4375,159.998566
-9.43555600000002,160.117188
-9.43361099999993,160.128845
-9.43222200000002,160.132721
-9.42416799999995,160.145264
-9.42055499999998,160.14859
-9.41805599999998,160.152771
-9.41388899999998,160.162201
-9.41333399999996,160.168579
-9.415277,160.356903
-9.42666599999995,160.386383
-9.54972299999991,160.583038
-9.59583300000003,160.639435
-9.60722199999998,160.645538
-9.62944399999992,160.657196
-9.69833399999993,160.714691
-9.70055600000001,160.719421
-9.73027799999994,160.77832
-9.73360999999994,160.781921
-9.82944499999996,160.820251
-9.857777,160.832458
-9.86194399999999,160.831085
-9.87194399999999,160.820801
-9.87472199999996,160.81665
-9.88611200000003,160.794128
-9.892223,160.779694
-9.93000000000001,160.650269
-9.92333399999995,160.598846
-9.89139,160.48996
-9.82611100000003,160.345245
-9.82055500000001,160.323303
-9.81861099999992,160.311646
-9.81249999999994,160.235504
-9.81527699999992,160.204132
-9.81861099999992,160.188293
-9.82055500000001,160.183594
-9.82472200000001,160.146637
-9.82888800000001,160.075256
-9.82888800000001,160.068298
-9.82472200000001,160.00943
-9.82388900000001,160.003326
-9.80027799999999,159.838287
-9.79916799999995,159.832733
-9.79694599999999,159.828033
-9.71194500000001,159.732727
-9.53749999999997,159.616913
-9.42888800000003,159.602448
-9.32944500000002,159.600525
-9.32249999999993,159.600525
-9.31722300000001,159.601898
-9.31305499999996,159.604401
-9.29416700000002,159.626343
-9.28138899999993,159.647766
-9.27194599999996,159.665527
-9.26027899999997,159.690796
-9.25444599999997,159.705231
-9.25444599999997,159.718842
-9.25555600000001,159.727173
-9.27944600000001,159.771637
-9.28472299999993,159.779968
-9.30777699999999,159.808868
-9.33944299999996,159.844971
-9.34277699999996,159.848572
-9.36666500000001,159.872467
-9.37055400000003,159.875244
-9.38888899999995,159.884155
-9.411945,159.901917
-9.415277,159.905243
-9.42416799999995,159.916931
-9.42944499999993,159.928589
-9.43361099999993,159.938293
---
-9.17444399999999,159.823853
-9.17388899999992,159.817749
-9.17055499999992,159.814148
-9.15750100000002,159.806641
-9.14194499999996,159.80191
-9.12916599999994,159.80246
-9.11777699999999,159.804688
-9.11083199999996,159.811371
-9.110277,159.827179
-9.110277,159.832733
-9.11361099999999,159.83609
-9.13805600000001,159.845795
-9.15083299999998,159.846344
-9.15555599999993,159.844421
-9.16777799999994,159.83609
-9.17250100000001,159.828583
---
-9.16638899999992,160.394714
-9.17305599999992,160.387756
-9.17583300000001,160.383606
-9.19083399999994,160.359131
-9.19083399999994,160.352173
-9.18944399999998,160.346619
-9.18138899999997,160.330261
-9.16042499999992,160.30426
-9.16583400000002,160.285797
-9.18524300000001,160.284866
-9.18705199999994,160.264191
-9.19611199999997,160.243835
-9.19555499999996,160.230804
-9.19277799999998,160.226624
-9.17527799999999,160.214417
-9.17055499999992,160.212463
-9.16378600000002,160.222046
-9.16352699999993,160.235489
-9.16352699999993,160.255142
-9.15422100000001,160.271423
-9.13534900000002,160.284607
-9.11880500000001,160.298569
-9.09786500000001,160.30452
-9.08287100000001,160.302444
-9.068333,160.307465
-9.065001,160.311096
-9.06027799999993,160.318573
-9.06027799999993,160.325531
-9.09243699999996,160.347427
-9.117771,160.35881
-9.12061399999993,160.381805
-9.12916599999994,160.404968
-9.13666699999999,160.411102
---
-9.13944400000003,159.174988
-9.13472400000001,159.17276
-9.11305399999998,159.168579
-9.102777,159.16803
-9.08194399999996,159.181091
-9.06222200000002,159.194122
-9.03250099999997,159.221344
-9.02555699999999,159.228302
-9.02694500000001,159.232452
-9.08583299999992,159.237183
-9.09194400000001,159.236633
-9.12111099999993,159.219421
-9.12777699999992,159.212463
-9.13333299999994,159.204407
---
-9.10888899999998,160.289154
-9.11833199999995,160.284973
-9.12499999999994,160.278046
-9.13194299999992,160.264435
-9.102777,160.229401
-9.09999800000003,160.22467
-9.08916699999992,160.195801
-9.08777800000001,160.191925
-9.08999999999992,160.149994
-9.09055499999994,160.14386
-9.09666600000003,160.136383
-9.09805499999993,160.130798
-9.09611100000001,160.120514
-9.09194400000001,160.111084
-9.08861200000001,160.107452
-9.04666699999996,160.07608
-9.04194499999994,160.078033
-9.00666799999993,160.163025
-8.99722099999997,160.187744
-8.996666,160.192474
-9.00388899999996,160.240509
-9.00528000000003,160.245789
-9.03972199999998,160.290527
-9.04805599999992,160.296082
-9.05805600000002,160.299408
---
-9.11971999999997,159.099396
-9.10138899999998,159.065796
-9.07694399999997,159.033051
-9.06555600000002,159.031097
-9.06027799999993,159.032471
-8.999166,159.093292
-8.99583200000001,159.096619
-8.99305499999997,159.133026
-8.99444399999999,159.137207
-9.02361100000002,159.188568
-9.02777900000001,159.191345
-9.03166799999997,159.189972
-9.07638899999995,159.16803
-9.08527800000002,159.1633
-9.10888899999998,159.147491
---
-9.023056,160.073853
-9.02083399999992,160.069122
-9.01749999999993,160.065796
-9.00750199999993,160.062195
-8.95111099999997,160.069702
-8.94777899999997,160.073303
-8.94583299999999,160.078033
-8.94389000000001,160.086365
-8.94444499999992,160.088867
-8.94972200000001,160.097198
-8.96333299999998,160.10968
-8.96749899999998,160.112183
-8.97277599999995,160.113586
-8.99249800000001,160.11441
-8.99722099999997,160.112183
---
-8.916111,160.041077
-8.90249999999992,160.010803
-8.89916799999992,160.007477
-8.89499999999993,160.006104
-8.88972299999995,160.006104
-8.88472399999995,160.008331
-8.88027799999998,160.029419
-8.90722299999999,160.049988
-8.911945,160.050537
-8.915277,160.047211
---
-8.75222400000001,161.063599
-8.75889000000001,161.063599
-8.76305600000001,161.060791
-8.76916699999998,161.053314
-8.77166699999998,161.049133
-8.77250099999998,161.044434
-8.76083399999999,161.050537
-8.75472300000001,161.051086
-8.750834,161.048309
-8.74860999999993,161.036652
-8.75139000000001,161.025818
-8.75833499999999,161.011932
-8.75416799999999,161.00943
-8.74805500000002,161.009979
-8.74388900000002,161.012756
-8.73861099999993,161.024994
-8.73777799999993,161.031372
-8.73861099999993,161.037476
-8.74138800000003,161.046936
-8.74527699999993,161.056641
-8.74805500000002,161.060791
---
-8.77111199999996,157.651642
-8.77722399999993,157.650818
-8.792778,157.646088
-8.79555499999992,157.641937
-8.80027799999999,157.626068
-8.80083300000001,157.619965
-8.79000100000002,157.610504
-8.78666700000002,157.606903
-8.77527799999996,157.577454
-8.76694499999996,157.554138
-8.765556,157.548859
-8.76694499999996,157.525543
-8.75833499999999,157.493286
-8.73861099999993,157.459686
-8.72833299999996,157.449402
-8.72444300000001,157.446625
-8.72027800000001,157.443848
-8.71499999999992,157.443848
-8.71138999999999,157.447479
-8.69194399999998,157.556366
-8.69444499999997,157.561646
-8.71222099999994,157.594696
-8.71499999999992,157.598846
-8.74805500000002,157.633881
---
-8.83749999999998,158.188873
-8.83611100000002,158.183319
-8.83333199999993,158.179138
-8.79888899999997,158.152466
-8.79416700000002,158.150543
-8.78138899999993,158.149719
-8.77111199999996,158.151917
-8.68111199999998,158.209412
-8.68111199999998,158.213593
-8.78750000000002,158.253326
-8.79333300000002,158.253876
-8.81388899999996,158.246918
-8.831388,158.209961
-8.83333199999993,158.205231
---
-8.77305599999994,157.991333
-8.75972400000001,157.957184
-8.75750199999999,157.952454
-8.75472300000001,157.948303
-8.72222099999999,157.91275
-8.68444399999999,157.875519
-8.67888800000003,157.874115
-8.60999900000002,157.875519
-8.569166,157.896088
-8.53000099999997,157.95108
-8.52055499999994,157.968842
-8.50888999999995,157.993561
-8.50805699999995,157.998291
-8.50750199999993,158.004425
-8.50805699999995,158.010529
-8.52388999999999,158.092194
-8.52527800000001,158.097748
-8.53333299999997,158.116913
-8.539444,158.12439
-8.54361199999994,158.127167
-8.56777799999992,158.140808
-8.57249999999999,158.140259
-8.693333,158.108002
-8.69805499999995,158.105804
-8.70138899999995,158.102448
-8.73055499999998,158.073029
-8.76027899999997,158.038879
-8.76305600000001,158.034698
-8.77111199999996,158.003052
---
-8.57944499999996,157.372742
-8.58277699999996,157.36911
-8.58333199999998,157.363007
-8.58222199999994,157.357452
-8.57805599999995,157.354675
-8.57138800000001,157.348022
-8.56999999999999,157.342468
-8.57249999999999,157.338287
-8.57666599999999,157.33551
-8.58222199999994,157.334137
-8.64111100000002,157.32663
-8.647223,157.327454
-8.66888999999992,157.332733
-8.68388900000002,157.338287
-8.68777799999998,157.341064
-8.734444,157.38443
-8.71972099999999,157.343018
-8.69444499999997,157.307465
-8.58555599999994,157.204132
-8.58138799999995,157.201355
-8.57194499999997,157.198578
-8.565834,157.199127
-8.55499999999995,157.201904
-8.54222299999998,157.209412
-8.53472299999999,157.21579
-8.51361300000002,157.235504
-8.44999899999993,157.297211
-8.44389000000001,157.304688
-8.41388899999998,157.343018
-8.41055699999998,157.353577
-8.41000000000003,157.358307
-8.41138999999998,157.363861
-8.42611099999999,157.384979
-8.43027899999998,157.387756
-8.45611000000002,157.402771
-8.49000000000001,157.409698
-8.49527699999999,157.409698
-8.500834,157.408325
---
-8.54833399999995,159.677765
-8.54277799999994,159.650543
-8.54138899999998,159.644989
-8.53749999999997,159.635254
-8.48194299999994,159.551086
-8.47916600000002,159.546936
-8.46833199999998,159.537476
-8.45333299999999,159.531097
-8.415277,159.532471
-8.41000000000003,159.533875
-8.40388899999994,159.539429
-8.37888700000002,159.568848
-8.377499,159.605225
-8.38611199999997,159.630524
-8.39444499999996,159.643036
-8.39833499999992,159.645538
-8.51222199999995,159.700531
-8.51777800000002,159.701904
-8.54361199999994,159.686646
-8.54694599999993,159.683319
---
-8.37527699999993,162.746338
-8.37388800000002,162.758881
-8.37805600000002,162.761658
-8.38222100000002,162.760254
-8.38833399999999,162.738861
-8.38750099999999,162.732727
-8.38555699999995,162.728027
-8.38138800000002,162.72525
-8.377499,162.72525
-8.373333,162.729401
-8.37388800000002,162.741058
---
-8.85444499999994,160.986633
-8.85444499999994,160.992188
-8.85027699999995,160.994965
-8.84499899999997,160.996338
-8.84277700000001,161.001099
-8.84027700000001,161.01886
-8.84277700000001,161.023041
-8.92083399999996,161.116058
-8.92416799999995,161.11969
-8.94722200000001,161.14444
-8.957222,161.154694
-8.96527699999996,161.160797
-8.97416700000002,161.165527
-9.09666600000003,161.221619
-9.11777699999999,161.226624
-9.13055400000002,161.212189
-9.13722200000001,161.205231
-9.14194499999996,161.203308
-9.21111100000002,161.242188
-9.35722199999992,161.288879
-9.482777,161.366913
-9.50528000000003,161.376617
-9.51055700000001,161.378021
-9.55305499999992,161.386932
-9.59361100000001,161.391083
-9.60055499999999,161.391083
-9.60583299999996,161.389709
-9.62694399999992,161.383331
-9.63138800000002,161.381348
-9.63499999999999,161.378021
-9.63416699999999,161.373291
-9.56805599999996,161.293579
-9.51611100000002,161.257477
-9.49916599999995,161.247192
-9.48499900000002,161.240784
-9.45777699999996,161.234131
-9.43416599999995,161.223846
-9.42194599999993,161.215515
-9.39972299999999,161.197205
-9.39305699999994,161.190247
-9.19333299999994,160.931091
-9.19083399999994,160.927185
-9.18888899999996,160.922211
-9.18722199999996,160.909973
-9.186666,160.889984
-9.18194399999999,160.881073
-9.065001,160.809143
-9.06027799999993,160.80719
-9.00611099999998,160.786652
-8.94777899999997,160.764709
-8.89638899999994,160.756378
-8.81027799999998,160.724121
-8.80083300000001,160.720245
-8.77527799999996,160.704407
-8.76694499999996,160.698853
-8.76027899999997,160.6922
-8.75222400000001,160.686646
-8.74277699999993,160.682465
-8.62694399999998,160.6586
-8.61527599999999,160.656372
-8.60916500000002,160.655823
-8.60305399999993,160.656372
-8.60027700000001,160.660522
-8.58888799999994,160.681915
-8.56777799999992,160.71524
-8.56444499999992,160.718842
-8.55972300000002,160.720795
-8.523056,160.709961
-8.43777799999992,160.645538
-8.43111199999998,160.63858
-8.422777,160.626343
-8.41888999999998,160.616638
-8.416111,160.612457
-8.41250000000002,160.609131
-8.38499999999999,160.589142
-8.34499899999997,160.574982
-8.338888,160.575531
-8.333889,160.577454
-8.32999999999993,160.580261
-8.32583199999993,160.587189
-8.32249999999993,160.596069
-8.30610999999999,160.71524
-8.31222199999996,160.751099
-8.31777799999998,160.759155
-8.36249899999996,160.808594
-8.37055400000003,160.814148
-8.38499999999999,160.820251
-8.39777900000001,160.820801
-8.41000000000003,160.822205
-8.415277,160.823578
-8.42416799999995,160.828308
-8.46499999999998,160.855804
-8.46888899999999,160.858582
-8.47638899999993,160.865509
-8.52638999999999,160.914703
-8.57472200000001,160.968842
-8.58472299999994,160.979126
-8.59638799999993,160.988007
-8.63555700000001,161.009979
-8.64111100000002,161.011383
-8.65388899999999,161.010803
-8.66194499999995,161.005249
-8.66750000000002,160.996918
-8.68305600000002,160.971619
-8.71027800000002,160.949707
-8.76361299999996,160.930542
-8.79611199999999,160.937469
-8.81249999999994,160.94165
-8.82055499999996,160.94693
-8.84749999999997,160.974396
---
-8.34277700000001,157.151367
-8.32111199999997,157.11969
-8.20583299999998,157.023041
-8.20194399999997,157.020538
-8.19499999999999,157.020538
-8.190834,157.023041
-8.19027699999998,157.026642
-8.19444499999997,157.07663
-8.19638799999996,157.08136
-8.21333299999992,157.10553
-8.21666499999992,157.108856
-8.25528000000003,157.124664
---
-8.292778,157.202759
-8.272223,157.188873
-8.18888900000002,157.111633
-8.18611099999998,157.107452
-8.17055499999998,157.094421
-8.16583399999996,157.092468
-8.16305499999999,157.095245
-8.16444599999994,157.166382
-8.16777799999994,157.17691
-8.17055499999998,157.180817
-8.17472299999991,157.183594
-8.20305399999995,157.195801
-8.21388799999994,157.198578
-8.265556,157.206909
-8.27027899999996,157.207458
---
-8.121666,156.827759
-8.12027699999999,156.822479
-8.106943,156.794983
-8.10138899999993,156.786652
-8.09805499999993,156.783325
-8.08916699999997,156.778595
-8.06805600000001,156.777771
-8.05527899999993,156.782745
-8.05583399999995,156.787476
-8.05999899999995,156.80246
-8.07638900000001,156.829956
-8.09249899999998,156.84079
-8.10805499999992,156.845795
-8.11361099999999,156.846924
-8.11833200000001,156.844971
---
-8.24055499999997,157.63443
-8.23694399999999,157.67276
-8.22611000000001,157.696075
-8.22416700000002,157.700806
-8.22277600000001,157.70636
-8.22083300000003,157.724976
-8.22472199999999,157.734406
-8.24583199999995,157.774994
-8.24860999999993,157.779144
-8.25277899999992,157.781647
-8.40583400000003,157.870789
-8.47972099999993,157.905823
-8.48388899999992,157.907196
-8.48916600000001,157.905823
-8.56638900000002,157.876343
-8.59555399999994,157.822205
-8.62083199999995,157.81192
-8.58944299999996,157.800812
-8.55444499999993,157.774139
-8.53000099999997,157.753052
-8.51500099999993,157.733856
-8.51305599999995,157.728851
-8.51222199999995,157.722748
-8.51694500000002,157.700256
-8.51638999999994,157.687195
-8.51361300000002,157.676361
-8.50555599999996,157.656921
-8.48722099999992,157.620789
-8.48055499999992,157.613861
-8.44444499999992,157.581635
-8.44055600000002,157.578857
-8.43111199999998,157.574677
-8.40249999999992,157.562469
-8.39722299999994,157.561096
-8.33944300000002,157.559143
-8.32666599999993,157.559692
-8.32666599999993,157.562469
-8.32999999999993,157.565796
-8.34361100000001,157.572754
-8.35444499999994,157.575531
-8.38555699999995,157.578308
-8.39027799999997,157.580261
-8.39361199999996,157.583588
-8.41472199999998,157.613281
-8.41666600000002,157.618011
-8.41472199999998,157.622742
-8.41055699999998,157.625519
-8.40583400000003,157.627441
-8.40055699999994,157.628845
-8.38750099999999,157.628296
-8.30083300000001,157.580261
-8.29666700000001,157.577454
-8.26889,157.555542
-8.25528000000003,157.534973
-8.25528000000003,157.529694
-8.27444499999996,157.362457
-8.308334,157.334961
-8.31444499999998,157.334137
-8.32055499999996,157.32663
-8.338888,157.297211
-8.34138899999999,157.29303
-8.34083399999997,157.286926
-8.333889,157.261108
-8.31222199999996,157.236359
-8.29416700000002,157.227448
-8.25611099999992,157.214966
-8.24305499999997,157.214417
-8.23361,157.214966
-8.22361000000001,157.218567
-8.19972199999995,157.232727
-8.19638799999996,157.236359
-8.19444499999997,157.241058
-8.12722199999996,157.327454
-8.07277699999992,157.354675
-8.03277800000001,157.383026
-7.99333300000001,157.42276
-7.99083300000001,157.42691
-7.98666700000001,157.436371
-7.96777799999995,157.485779
-7.96555599999999,157.497467
-7.96638899999999,157.503601
-8.01111199999997,157.583588
-8.02611200000001,157.597473
-8.05722200000002,157.611084
-8.063334,157.611908
-8.14083499999992,157.61441
-8.15833499999997,157.611908
-8.23638699999998,157.631622
---
-8.20527799999996,156.594116
-8.20444499999996,156.588013
-8.19916699999999,156.581085
-8.09666600000003,156.533875
-8.09194399999996,156.531921
-8.07888800000001,156.531097
-7.96027900000001,156.524994
-7.954722,156.524994
-7.95138900000001,156.52832
-7.94472200000001,156.542206
-7.94388900000001,156.548859
-7.94666699999993,156.55719
-7.97111099999995,156.573578
-7.99277799999999,156.58609
-8.00694499999997,156.59079
-8.04833399999995,156.603851
-8.07083299999999,156.608582
-8.110277,156.614685
-8.15583399999997,156.619415
-8.16166699999997,156.618835
-8.16638899999998,156.616913
-8.19444499999997,156.603851
-8.19916699999999,156.601624
-8.20305399999995,156.598846
---
-8.15166699999997,157.150543
-8.15083299999998,157.14444
-8.12638899999996,157.043579
-8.12027699999999,157.030823
-8.11694299999999,157.027191
-8.07694399999997,156.991638
-8.04638899999998,156.967743
-8.00777799999997,156.951904
-7.97777699999995,156.944977
-7.96638899999999,156.947205
-7.92222199999998,156.964142
-7.89972199999994,156.978577
-7.89305599999994,156.984131
-7.86944399999993,157.019135
-7.86527699999994,157.027191
-7.86333399999995,157.032196
-7.85222199999998,157.077179
-7.85166599999997,157.083313
-7.85305499999998,157.093842
-7.85916599999996,157.121887
-7.89305599999994,157.155548
-7.919444,157.17691
-7.93166599999995,157.183594
-7.97861099999994,157.196625
-7.98472199999992,157.197205
-8.05944399999993,157.204132
-8.08444399999996,157.199127
-8.11749800000001,157.184967
-8.121666,157.18219
-8.14083499999992,157.166931
-8.14750099999998,157.160248
-8.15027800000001,157.156097
---
-7.70499999999998,158.566376
-7.70444499999996,158.560242
-7.69138800000002,158.532196
-7.68610999999993,158.530823
-7.66416599999997,158.549988
-7.662778,158.555542
-7.66694499999994,158.562195
-7.66972199999998,158.564972
-7.67777699999994,158.570526
-7.6825,158.572479
-7.693333,158.575256
-7.69944399999997,158.574677
-7.70361099999997,158.571899
---
-7.95083299999993,156.703033
-7.75805600000001,156.565247
-7.75194499999992,156.545532
-7.71583399999992,156.509979
-7.70777799999996,156.504425
-7.69833299999999,156.500275
-7.68722200000002,156.497467
-7.65611100000001,156.496063
-7.64944500000001,156.496063
-7.63694500000003,156.497467
-7.63166599999994,156.49884
-7.61000000000001,156.511383
-7.60305499999993,156.518036
-7.59972199999993,156.521637
-7.57861100000002,156.554413
-7.57055600000001,156.582458
-7.57055600000001,156.585236
-7.58750099999997,156.621613
-7.59027799999996,156.625793
-7.70305499999995,156.779144
-7.72277700000001,156.805817
-7.72666600000002,156.808594
-7.732778,156.809418
-7.75666699999994,156.808594
-7.76194500000003,156.80719
-7.76944400000002,156.803864
-7.79055599999992,156.790802
-7.81027799999998,156.776367
-7.81555599999996,156.768311
-7.82444500000003,156.749695
-7.83861200000001,156.72995
-7.84611100000001,156.723572
-7.86527699999994,156.715515
-7.88555600000001,156.708588
-7.89722299999994,156.706635
---
-7.65888899999999,158.524414
-7.65138899999999,158.47995
-7.64583399999992,158.418304
-7.644723,158.396362
-7.64055599999995,158.359406
-7.59361199999995,158.320251
-7.58083299999998,158.312744
-7.578056,158.315521
-7.56861099999992,158.360779
-7.56722300000001,158.373016
-7.56722300000001,158.381897
-7.59833300000003,158.458008
-7.61194399999999,158.484131
-7.61472200000003,158.488281
-7.64333299999993,158.521088
-7.64999999999992,158.528046
-7.65416699999992,158.530823
---
-8.48861099999999,159.865509
-8.51972199999994,159.864136
-8.52111200000002,159.876617
-8.54611199999994,159.894989
-8.55083299999995,159.897217
-8.55694399999993,159.897766
-8.56444499999992,159.891663
-8.56638900000002,159.886932
-8.565834,159.880798
-8.56388900000002,159.875793
-8.54750099999995,159.844421
-8.52722399999999,159.810791
-8.52166699999992,159.80246
-8.41138999999998,159.699127
-8.36055599999997,159.622467
-8.35499999999996,159.600525
-8.35222199999998,159.589417
-8.35222199999998,159.582733
-8.35444499999994,159.564148
-8.35305399999999,159.558594
-8.33944300000002,159.524994
-8.18472300000002,159.202179
-8.087221,159.013885
-7.97527799999995,158.843292
-7.97027799999995,158.841064
-7.96499999999998,158.841064
-7.955556,158.845245
-7.94860999999992,158.845245
-7.94333299999994,158.843842
-7.93861099999998,158.841919
-7.92305599999997,158.823303
-7.8075,158.67804
-7.80472200000003,158.673859
-7.76979299999999,158.605988
-7.729445,158.575256
-7.71341699999999,158.584518
-7.69006199999995,158.588806
-7.66241099999996,158.574585
-7.64576599999998,158.548004
-7.62455799999998,158.522507
-7.55416699999995,158.487457
-7.56722300000001,158.643036
-7.56861099999992,158.64859
-7.625,158.761658
-7.75583399999994,158.921906
-7.84972199999999,159.022217
-7.90333399999997,159.07608
-7.90527799999995,159.081085
-7.91805599999992,159.119965
-7.94722200000001,159.242737
-7.99416600000001,159.388031
-8.07749899999999,159.502472
-8.106943,159.533325
-8.32999999999993,159.849976
-8.333889,159.852448
---
-7.56305500000002,158.416382
-7.56110999999993,158.406097
-7.55277699999999,158.370514
-7.495833,158.26886
-7.48777799999993,158.263611
-7.48277799999994,158.261383
-7.47749999999996,158.262756
-7.46861100000001,158.267487
-7.46583399999997,158.271637
-7.50861199999997,158.399994
-7.52083399999992,158.424408
-7.52444500000001,158.42804
-7.52972199999994,158.429413
---
-7.47805599999998,157.713867
-7.47611099999995,157.709137
-7.45583299999993,157.681641
-7.45166699999993,157.678864
-7.44555499999996,157.678314
-7.421111,157.682465
-7.41555599999992,157.683594
-7.39249999999998,157.713867
-7.38916699999999,157.720795
-7.39194499999996,157.74469
-7.393889,157.74939
-7.41027799999995,157.774139
-7.41416600000002,157.776917
-7.42388899999992,157.781097
-7.46722199999999,157.793304
-7.47277700000001,157.791931
-7.47611099999995,157.781647
---
-7.39444399999996,155.550537
-7.389723,155.517761
-7.38694499999997,155.513611
-7.37888800000002,155.508026
-7.37360999999993,155.507477
-7.351111,155.510803
-7.34416700000003,155.516388
-7.33055599999994,155.536926
-7.32861099999997,155.541656
-7.32583299999999,155.558014
-7.32444499999997,155.566376
-7.33194400000002,155.584686
-7.34833300000003,155.599976
-7.36472199999997,155.610779
-7.36944399999993,155.612732
-7.37416599999995,155.612183
-7.38027799999992,155.604675
-7.38861199999997,155.592194
-7.390556,155.587463
---
-7.10416700000002,155.856079
-7.10694399999994,155.851898
-7.10833400000001,155.846619
-7.10166599999997,155.832733
-7.10166599999997,155.827454
-7.10916600000002,155.803314
-7.11916600000001,155.786377
-7.12944399999998,155.769135
-7.12388899999996,155.729401
-7.12277699999999,155.723846
-7.09666699999997,155.674683
-7.09333299999997,155.671082
-7.08805599999999,155.669708
-7.02944500000001,155.691071
-6.99611099999993,155.709412
-6.96749999999992,155.72995
-6.96749999999992,155.740234
-6.96972199999999,155.745239
-7.03361100000001,155.849396
-7.043612,155.85968
-7.05610999999999,155.867737
-7.06083299999995,155.869965
-7.06694499999992,155.86911
-7.10027799999995,155.858856
---
-6.98944399999993,156.084961
-6.962222,156.070526
-6.86416599999995,156.043304
-6.858611,156.041931
-6.85250000000002,156.04248
-6.84249999999992,156.046082
-6.82805599999995,156.056366
-6.82527799999997,156.060242
-6.81916699999999,156.074677
-6.81805600000001,156.090515
-6.82055600000001,156.094696
-6.91916700000002,156.110229
-6.93638799999997,156.112457
-6.94111099999998,156.110229
---
-6.82527799999997,156.013885
-6.82416699999999,156.008331
-6.82194499999997,156.003601
-6.81388900000002,155.998016
-6.808333,155.998016
-6.80361099999993,156
-6.80083299999995,156.00415
-6.79083299999996,156.029419
-6.78722199999999,156.039703
-6.78861099999995,156.045258
-6.79694499999994,156.047211
-6.80305499999992,156.046631
-6.80694399999993,156.043854
-6.81055500000002,156.040527
-6.82277799999997,156.024689
-6.82472199999995,156.019989
---
-7.32527799999997,157.434967
-7.32444499999997,157.441071
-7.31916699999999,157.449402
-7.311666,157.462463
-7.30277699999994,157.490509
-7.30138899999992,157.496063
-7.30083300000001,157.502197
-7.30138899999992,157.508331
-7.31361099999998,157.530273
-7.31694499999998,157.5336
-7.32249999999999,157.534973
-7.35638899999998,157.535797
-7.36194399999999,157.534424
-7.37638900000002,157.52832
-7.37944399999992,157.524689
-7.381666,157.519989
-7.381666,157.514435
-7.37944399999992,157.509705
-7.37833299999994,157.50415
-7.37833299999994,157.5
-7.37833299999994,157.497467
-7.37944399999992,157.491913
-7.38361200000003,157.482178
-7.39583399999998,157.467194
-7.40416699999997,157.461639
-7.43388799999997,157.443848
-7.421111,157.443848
-7.41638899999992,157.441925
-7.41500000000002,157.437744
-7.40138899999994,157.386932
-7.39999999999998,157.381622
-7.39666699999998,157.358856
-7.36860999999993,157.261108
-7.33055599999994,157.146362
-7.21916700000003,156.936096
-7.21361199999996,156.92804
-7.17972200000003,156.893585
-7.17166599999996,156.887482
-7.13277699999998,156.861359
-7.06555600000002,156.812744
-6.90777799999995,156.689423
-6.89694499999996,156.679962
-6.89416699999998,156.675812
-6.87583299999994,156.646362
-6.87111099999998,156.623566
-6.86694399999999,156.614136
-6.86416599999995,156.609955
-6.82805599999995,156.558594
-6.78333299999997,156.507751
-6.73694399999999,156.46524
-6.666945,156.439972
-6.65527800000001,156.438019
-6.64361200000002,156.438568
-6.63611099999997,156.444702
-6.60888899999992,156.479126
-6.60416699999996,156.485779
-6.60222199999998,156.490784
-6.60083299999997,156.496063
-6.60138899999998,156.502472
-6.60833400000001,156.532471
-6.61027799999994,156.537201
-6.65583299999992,156.647766
-6.66194400000001,156.655243
-6.68388800000002,156.674408
-6.70277799999997,156.689423
-6.72416700000002,156.702454
-6.72805599999992,156.705231
-6.73138899999992,156.708588
-6.74249900000001,156.723572
-6.76416699999993,156.756653
-6.77722299999999,156.777771
-6.77972199999999,156.781921
-6.81444499999998,156.863586
-6.86472199999997,156.979401
-6.86888899999997,156.988861
-6.90166699999997,157.04248
-6.97222199999999,157.11496
-6.97638899999998,157.117737
-6.99416599999995,157.126068
-6.99888900000002,157.126617
-7.02944500000001,157.123291
-7.04999900000001,157.123291
-7.06138899999996,157.125244
-7.077223,157.129944
-7.12055500000002,157.14386
-7.12527799999998,157.145813
-7.13361199999997,157.151367
-7.17833299999995,157.188293
-7.28249999999997,157.3172
-7.28499999999997,157.32135
-7.32444499999997,157.428864
---
-5.51944400000002,159.708588
-5.51861100000002,159.703857
-5.51388900000001,159.703308
-5.50361199999992,159.706635
-5.49972199999996,159.709412
-5.49472199999997,159.711365
-5.48388899999998,159.714142
-5.48611099999999,159.718842
-5.48999999999995,159.723846
-5.49833299999995,159.721619
-5.51250099999993,159.715515
-5.51666599999993,159.712738
---
-5.49972199999996,159.52359
-5.49694399999999,159.519714
-5.48388899999998,159.505249
-5.47722199999993,159.498291
-5.47250000000003,159.496338
-5.46694500000001,159.496338
-5.46416699999997,159.500275
-5.47083400000002,159.509979
-5.48472199999998,159.52359
-5.48861099999999,159.526367
-5.49361099999999,159.528595
-5.49888899999996,159.528595
---
-5.44916599999999,159.397766
-5.44777799999997,159.392212
-5.440833,159.371613
-5.43555500000002,159.363281
-5.42861099999993,159.356354
-5.42055499999998,159.351074
-5.41583299999996,159.348846
-5.41166699999997,159.351624
-5.413611,159.359131
-5.441667,159.404968
-5.44583299999999,159.407745
-5.44833299999999,159.40387
---
-5.32416699999999,159.250275
-5.32305600000001,159.247467
-5.31194399999993,159.24469
-5.30583299999995,159.24411
-5.29416700000002,159.246063
-5.29305599999998,159.24884
-5.29638899999998,159.252197
-5.31277799999992,159.252197
---
