11.020277,42.953606
11.05361,42.975555
11.186943,43.064163
11.25,43.106201
11.370277,43.186386
11.397829,43.205475
11.430832,43.224998
11.469534,43.249222
11.454166,43.28833
11.385832,43.371109
11.380554,43.379997
11.352499,43.450272
11.350277,43.459442
11.254721,43.482498
11.234999,43.489998
11.215555,43.498886
11.20611,43.504715
11.042221,43.624443
10.935833,43.70916
10.813889,43.813889
10.79361,43.835274
10.701387,43.938332
10.525276,44.183884
10.507778,44.208324
10.468332,44.252777
10.447777,44.278328
10.43861,44.297493
10.434721,44.308052
10.411943,44.38472
10.41111,44.398048
10.410276,44.547218
10.410555,44.559998
10.411943,44.571938
10.416388,44.594444
10.423887,44.614441
10.431944,44.633049
10.441387,44.651108
10.445,44.66111
10.450832,44.682495
10.457499,44.716385
10.459166,44.728333
10.459721,44.740273
10.458611,44.753609
10.449999,44.800278
10.440277,44.833328
10.431665,44.853333
10.422499,44.885826
10.420555,44.898331
10.423611,44.935555
10.426666,44.959717
10.429722,44.97805
10.432777,44.988609
10.437222,44.997215
10.534166,45.159439
10.589167,45.246384
10.596388,45.253609
10.613054,45.264999
10.626944,45.278328
10.664721,45.323883
10.668888,45.333054
10.668333,45.345833
10.664999,45.356941
10.660555,45.367218
10.658333,45.379715
10.657776,45.39222
10.661665,45.441666
10.663887,45.452774
10.666943,45.460831
10.696665,45.512772
10.774166,45.628326
10.824444,45.700554
10.870277,45.751389
10.875277,45.759995
10.87611,45.772774
10.876944,45.794716
10.873055,45.804993
10.841389,45.84333
10.838333,45.861382
10.844164,45.869446
10.830276,45.897499
10.793333,45.974159
10.771387,46.07972
10.768055,46.10611
10.76861,46.118889
10.770277,46.130829
10.778055,46.163605
10.789721,46.193054
10.791943,46.204437
10.788887,46.238609
10.78611,46.250275
10.780832,46.259163
10.774166,46.266663
10.757776,46.276939
10.736111,46.296944
10.706944,46.328888
10.700832,46.336937
10.696943,46.347496
10.688889,46.410828
10.687498,46.424164
10.688889,46.448051
10.691111,46.458611
10.741665,46.63694
10.748333,46.655548
10.814165,46.768051
10.934444,46.979721
10.969166,47.054718
10.990833,47.087494
10.998333,47.09861
11.037498,47.143608
11.045277,47.150276
11.063332,47.159721
11.071943,47.165833
11.077221,47.174438
11.156944,47.339996
11.169998,47.368332
11.177221,47.388329
11.179998,47.398888
11.181389,47.41111
11.187777,47.483055
11.186388,47.508331
11.183054,47.519997
11.17111,47.550278
11.14361,47.608604
11.138887,47.61805
11.126944,47.634995
11.114443,47.649719
11.109722,47.659164
11.105833,47.669441
11.099165,47.691666
11.101387,47.713608
11.114166,47.741104
11.130554,47.792496
11.133055,47.908051
11.122221,47.941109
11.120832,47.954437
11.134443,48.11972
11.135832,48.13166
11.141388,48.153053
11.145555,48.162498
11.150833,48.169716
11.157221,48.177216
11.180277,48.195549
11.210554,48.221939
11.272221,48.338051
11.276388,48.347496
11.315554,48.521385
11.329166,48.654442
11.326944,48.666939
11.276943,48.817215
11.260832,48.857773
11.256109,48.867218
11.25,48.875549
11.245832,48.885826
11.242777,48.95694
11.245832,48.987221
11.25,49.01247
11.250555,49.015831
11.293888,49.192215
11.339722,49.419167
11.341944,49.429161
11.383333,49.509438
11.392776,49.520554
11.400555,49.526939
11.433332,49.543884
11.441111,49.549995
11.447498,49.557495
11.449999,49.561943
11.453333,49.571938
11.470833,49.668053
11.471666,49.685829
11.470833,49.699715
11.468332,49.712219
11.463333,49.728607
11.460833,49.73333
11.457222,49.744438
11.452776,49.761665
11.453054,49.784721
11.508333,50.06916
11.511944,50.085548
11.517221,50.10083
11.595276,50.281387
11.678333,50.430832
11.68861,50.441666
11.734999,50.485832
11.752499,50.500549
11.766666,50.507774
11.782776,50.513329
11.800278,50.517494
11.82472,50.521942
11.852499,50.530548
11.867777,50.536385
11.886389,50.546387
11.90111,50.559441
11.910831,50.570549
11.921389,50.587494
11.944443,50.630829
11.948332,50.640274
11.979166,50.76944
11.941387,50.909996
11.872499,51.144722
11.842222,51.268326
11.836666,51.277222
11.826111,51.279716
11.80722,51.276939
11.671944,51.242493
11.662777,51.237778
11.654722,51.231384
11.617222,51.199165
11.578888,51.167221
11.51222,51.127777
11.503054,51.122772
11.328054,51.076385
11.215555,51.070549
11.198055,51.072777
11.188889,51.076942
11.184721,51.079437
11.177221,51.086105
11.174166,51.089996
11.166943,51.104164
11.161665,51.120552
11.159721,51.154999
11.155554,51.164993
11.151943,51.168327
11.146944,51.169998
11.140833,51.170273
11.134722,51.169167
11.11861,51.163605
11.10861,51.159439
11.071388,51.139717
11.056665,51.133049
11.040554,51.127495
11.01222,51.11972
10.987778,51.114998
10.974165,51.114166
10.967777,51.114166
10.740276,51.129166
10.63361,51.145554
10.503054,51.104721
10.492222,51.101105
10.487499,51.09861
10.479721,51.092499
10.473331,51.084999
10.469999,51.074997
10.467499,51.044716
10.465832,51.039719
10.460833,51.03083
10.450554,51.020271
10.442778,51.01416
10.443555,51.047165
10.436554,51.047997
10.433887,51.0495
10.431888,51.054329
10.431722,51.061497
10.432387,51.064827
10.446721,51.13483
10.476665,51.192497
10.481388,51.190552
10.486944,51.18972
10.538055,51.189438
10.488609,51.374161
10.486666,51.37944
10.455,51.409996
10.451515,51.412636
10.399721,51.392494
10.394999,51.389999
10.373055,51.371384
10.372221,51.365829
10.381943,51.278885
10.387499,51.270271
10.391666,51.267776
10.414721,51.264717
10.418333,51.261383
10.420832,51.25666
10.424444,51.245827
10.425833,51.224998
10.425554,51.212219
10.412109,51.147774
10.410276,51.121944
10.406776,51.097775
10.404943,51.08744
10.403277,51.081108
10.39761,51.064274
10.388611,51.040943
10.38511,51.032276
10.38261,51.026611
10.363333,50.963333
10.358332,50.954437
10.333332,50.91111
10.323889,50.899994
10.319721,50.896942
10.309166,50.893326
10.29611,50.893051
10.152777,50.894722
10.022778,50.899162
9.633055,50.815277
9.57472,50.802498
9.563055,50.803604
9.536943,50.809441
9.500555,50.81916
9.481943,50.827774
9.475277,50.834717
9.471109,50.837219
9.45611,50.842499
9.443054,50.840828
9.432688,50.83625
9.401388,50.818886
9.313055,50.766106
9.302776,50.756943
9.299444,50.753326
9.293888,50.745277
9.285276,50.720276
9.284443,50.714439
9.279444,50.69944
9.27611,50.695831
9.260555,50.683327
9.223888,50.656944
9.209999,50.649719
9.193888,50.644165
9.187777,50.643051
9.173887,50.64222
9.168333,50.643051
9.15361,50.648331
9.131943,50.653053
9.118332,50.651939
9.099998,50.648331
9.083055,50.643608
9.07361,50.638054
9.061943,50.628883
8.993332,50.558327
8.990276,50.554718
8.982222,50.542221
8.972221,50.518326
8.9625,50.500832
8.956944,50.492775
8.946665,50.482498
8.938889,50.476105
8.862499,50.426109
8.858055,50.423607
8.624166,50.323608
8.618889,50.321938
8.611944,50.321388
8.599443,50.321938
8.571665,50.32666
8.559166,50.327217
8.546389,50.325554
8.530277,50.320274
8.520832,50.315277
8.509165,50.306107
8.486387,50.287216
8.479443,50.280273
8.467777,50.257774
8.464722,50.254166
8.453054,50.244995
8.38361,50.196938
8.365,50.187218
8.354166,50.183609
8.338049,50.178326
8.321388,50.160271
8.309721,50.151108
8.300278,50.146385
8.285,50.140274
8.273611,50.137497
8.215277,50.125549
8.191944,50.113327
8.179443,50.104721
8.144999,50.07666
8.135555,50.065552
8.129999,50.057495
8.118055,50.028885
8.105833,50.007217
8.087221,49.97805
8.063055,49.940826
8.047222,49.922218
7.96611,49.844162
7.950277,49.83194
7.941944,49.82666
7.923333,49.81694
7.907777,49.810829
7.882777,49.806389
7.856667,49.804443
7.836111,49.803055
7.818889,49.805275
7.813889,49.806938
7.714444,49.79583
7.574444,49.732498
7.445,49.664444
7.423055,49.652222
7.397499,49.636108
7.39045,49.631413
7.337777,49.604164
7.316944,49.589996
7.178333,49.48555
7.071111,49.404442
7.057221,49.391106
7.041389,49.378883
6.980833,49.342773
6.81861,49.250549
6.758333,49.219444
6.482778,49.10083
6.472777,49.096664
6.421111,49.077217
6.410555,49.073883
6.398889,49.07222
6.379167,49.071663
6.343611,49.076111
6.31111,49.082771
6.298611,49.083328
6.285,49.082497
6.260555,49.078049
6.220833,49.067772
6.193055,49.059715
6.178333,49.054443
6.168333,49.050278
6.149722,49.040833
5.82,48.853333
5.768055,48.820831
5.52861,48.668327
5.418056,48.591385
5.32,48.51722
5.135833,48.370827
5.088611,48.328606
5.07361,48.315826
5.057221,48.304443
4.903055,48.20166
4.885278,48.191383
4.835555,48.164162
4.812499,48.152222
4.762777,48.126938
4.730277,48.11055
4.618889,48.053055
4.530277,48.005554
4.521667,48
4.509999,47.991104
4.463888,47.954437
4.456666,47.947777
4.433847,47.924351
4.373888,47.871941
4.194444,47.714165
4.180277,47.700829
4.134722,47.656944
4.083611,47.600273
4.076388,47.593605
4.049166,47.572495
4.0125,47.546944
3.957222,47.511383
3.883611,47.453049
3.873333,47.443054
3.815278,47.377777
3.6825,47.229721
3.672222,47.219444
3.661111,47.209717
3.631111,47.184715
3.540023,47.109051
3.519722,47.089439
3.474444,47.04583
3.442778,47.016937
3.288333,46.876938
3.16,46.763885
2.954166,46.548607
2.895278,46.484993
2.791111,46.358055
2.6625,46.237778
2.587778,46.175278
2.516111,46.11055
2.453333,46.043327
2.437222,46.025551
2.427778,46.014717
2.418889,46.003326
2.3675,45.926666
2.346111,45.894165
2.286111,45.787773
2.230833,45.687775
2.171939,45.585823
2.168611,45.582222
2.145278,45.551666
2.135278,45.534721
2.038611,45.367775
1.976666,45.249443
1.971944,45.234161
1.954167,45.198326
1.919167,45.133049
1.914169,45.124722
1.903889,45.088882
1.898611,45.074165
1.8925,45.059715
1.880833,45.037773
1.860833,45.004166
1.813889,44.932777
1.757222,44.848053
1.593055,44.604721
1.554722,44.548882
1.549166,44.541107
1.395278,44.343605
1.246666,44.174164
1.219722,44.144997
1.174166,44.108604
1.133611,44.067215
1.022222,43.94944
1.015833,43.942215
0.981667,43.883049
0.970556,43.86055
0.958055,43.839722
0.925278,43.791939
0.922222,43.78833
0.804167,43.656387
0.794444,43.645554
0.649999,43.488609
0.624722,43.466385
0.484722,43.34166
0.473108,43.330406
0.435833,43.28833
0.416944,43.273048
0.401389,43.261665
0.381107,43.247768
0.361111,43.227219
0.269444,43.135277
0.124444,43.003052
-0.001944,42.890274
-0.091667,42.809441
-0.1225,42.77916
-0.178056,42.717499
-0.241111,42.64222
-0.303333,42.57444
-0.313611,42.563332
-0.3725,42.51944
-0.439722,42.471664
-0.456944,42.45916
-0.475278,42.443329
-0.478889,42.439995
-0.484444,42.432495
-0.488333,42.422775
-0.496667,42.410553
-0.504167,42.40361
-0.519167,42.391388
-0.633611,42.301666
-0.748889,42.217216
-0.756389,42.211105
-0.798056,42.176941
-0.814722,42.159164
-0.896111,42.066666
-1.020278,41.972771
-1.127778,41.917221
-1.3375,41.792496
-1.496945,41.692497
-1.566945,41.647217
-1.570833,41.64444
-1.639445,41.590271
-1.661945,41.571663
-1.674868,41.558159
-1.592222,41.555275
-1.364722,41.381386
-1.068056,41.153885
-0.866111,40.998329
0,40.988609
1.313959,40.988609
2.309299,40.988609
2.716666,40.988609
2.829956,40.986595
2.841111,40.996109
3.118333,41.286385
3.1675,41.336937
3.824722,41.797775
3.964257,41.896439
3.980322,41.905167
4.016944,41.937218
4.027778,41.940277
4.040277,41.939438
4.05111,41.937218
4.057221,41.936943
4.062222,41.937775
4.085278,41.955826
4.091666,41.963051
4.142777,42.040833
4.176147,42.073883
4.186666,42.098328
4.193889,42.117775
4.202777,42.148888
4.203888,42.154442
4.208888,42.195831
4.207777,42.236107
4.204444,42.259995
4.203055,42.279716
4.201111,42.361382
4.203055,42.379166
4.2075,42.401382
4.228889,42.485832
4.256944,42.604439
4.260278,42.620827
4.262221,42.631943
4.264722,42.656105
4.271188,42.726528
4.272778,42.740829
4.278333,42.768608
4.295278,42.831665
4.3025,42.851105
4.306944,42.860275
4.315,42.873055
4.321666,42.880272
4.356111,42.914162
4.371944,42.925827
4.38611,42.932777
4.391388,42.934441
4.438055,42.94416
4.454166,42.948883
4.481111,42.957222
4.5,42.966385
4.508611,42.971382
4.520555,42.98027
4.530277,42.991104
4.598055,43.073326
4.610277,43.088333
4.661944,43.152496
4.670833,43.163887
4.687778,43.193604
4.74861,43.321663
4.765277,43.358887
4.822222,43.490555
4.8525,43.567772
4.86,43.587219
4.891944,43.686386
4.899722,43.731384
4.901388,43.743332
4.903333,43.767494
4.905,43.792221
4.906388,43.803886
4.910277,43.833054
4.913888,43.855827
4.922777,43.887215
4.934444,43.922218
4.949166,43.955276
4.95361,43.964439
4.963055,43.981941
4.959444,44.050552
4.957777,44.067497
4.948333,44.221664
4.944166,44.290276
4.933526,44.466904
4.930277,44.512772
4.902499,44.950829
4.954312,45
4.962568,45.007835
5.060277,45.096107
5.363917,45.374466
5.489761,45.489395
5.73861,45.71666
5.999166,45.955826
6.035555,45.990273
6.162027,46.113979
6.619444,46.561386
7.056944,46.991386
7.592222,47.55555
7.688889,47.658051
7.786593,47.761841
7.920458,47.904045
8.00111,47.987221
8.004107,47.988243
8.003054,47.902496
8.003054,47.850555
8.003611,47.746384
8.003332,47.607498
8.001944,47.086937
8.00111,47.01194
8.006109,46.99472
8.076387,46.790833
8.157221,46.552773
8.232222,46.331665
8.32361,46.059166
8.473331,45.616104
8.541943,45.411659
8.61611,45.189995
8.67861,45.00222
8.79517,44.650471
9.007221,44.010551
9.262777,43.727776
9.354443,43.62722
9.336111,43.583054
9.346109,43.559998
9.350832,43.550552
9.408333,43.455276
9.416666,43.442215
9.419443,43.438332
9.426109,43.430832
9.429722,43.427773
9.439444,43.423882
9.451944,43.423332
9.469721,43.426941
9.482498,43.428329
9.488054,43.427216
9.556944,43.386665
9.615833,43.335274
9.623333,43.321663
9.628332,43.305275
9.634723,43.283333
9.645555,43.275276
9.664444,43.26722
9.684721,43.260551
9.750832,43.246384
9.790277,43.238609
9.808332,43.236938
9.858332,43.226662
9.868055,43.223053
9.881388,43.21611
9.892221,43.206108
9.896666,43.19944
9.898888,43.194717
9.902222,43.183609
9.903332,43.177216
9.903889,43.16333
9.903332,43.150833
9.901943,43.145271
9.901943,43.131943
9.906944,43.115555
9.910831,43.104996
9.918333,43.09166
9.931389,43.076942
9.946665,43.064438
9.950832,43.061661
9.96361,43.053886
9.972776,43.049438
9.993055,43.04277
10.025,43.034721
10.07472,43.016937
10.0875,43.009163
10.11611,42.982498
10.119165,42.978607
10.127222,42.965828
10.131109,42.955551
10.135832,42.945831
10.147778,42.922775
10.165554,42.898331
10.17861,42.883606
10.196665,42.867218
10.204443,42.861107
10.215277,42.853333
10.22361,42.848053
10.313889,42.81694
10.344444,42.80722
10.355555,42.804993
10.380554,42.803329
10.414444,42.798882
10.43111,42.795273
10.455555,42.78611
10.487778,42.756104
10.494444,42.748886
10.500277,42.740829
10.516109,42.723885
10.519722,42.720551
10.53611,42.709442
10.582777,42.681107
10.621387,42.66555
10.6325,42.663055
10.63722,42.664162
10.640554,42.666382
10.776388,42.761108
10.784443,42.76722
10.873888,42.838608
10.892221,42.854996
10.955276,42.917496
11.002438,42.944092
---
