-46.960838,37.8463820000001
-46.9672239999999,37.8355480000001
-46.969452,37.8291630000001
-46.969727,37.8200000000001
-46.95945,37.7941670000001
-46.957504,37.786385
-46.9580609999999,37.768051
-46.9597239999999,37.7144390000001
-46.96167,37.698051
-46.960007,37.6427760000001
-46.957504,37.624992
-46.9538959999999,37.6091610000001
-46.948334,37.5966640000001
-46.941116,37.587494
-46.936668,37.5841600000001
-46.927505,37.5780490000001
-46.922501,37.5758290000001
-46.916389,37.5755540000001
-46.909447,37.5763850000001
-46.904724,37.5780490000001
-46.9000019999999,37.5813830000001
-46.8344499999999,37.6488880000001
-46.831116,37.65416
-46.826393,37.6669390000001
-46.824722,37.674164
-46.823616,37.7002720000001
-46.824173,37.7102740000001
-46.830833,37.7730480000001
-46.8322299999999,37.7819440000001
-46.8405609999999,37.8111040000001
-46.849167,37.8302760000001
-46.858337,37.8472210000001
-46.861946,37.851662
-46.895836,37.8922200000001
-46.90139,37.893608
-46.9069519999999,37.8908310000001
-46.956947,37.8508300000001
---
-46.6588899999999,37.9524990000001
-46.6544489999999,37.8927760000001
-46.653336,37.8838880000001
-46.65139,37.876106
-46.638893,37.8586040000001
-46.633896,37.85611
-46.6269449999999,37.856941
-46.613892,37.8683320000001
-46.610001,37.872772
-46.59639,37.902496
-46.59639,37.9113850000001
-46.6033399999999,37.942772
-46.61306,37.9697190000001
-46.616112,37.9752730000001
-46.62056,37.9788820000001
-46.631668,37.9816670000001
-46.638618,37.9808270000001
-46.64389,37.9783330000001
-46.648613,37.974716
-46.6563949999999,37.965828
-46.658615,37.9594420000001
---
-22.1950039999999,29.900833
-22.194447,29.9080539999999
-22.188057,29.932499
-22.194447,29.9455530000001
-22.237782,30.031109
-22.343334,30.294998
-22.3455579999999,30.3069420000001
-22.3436129999999,30.3674960000001
-22.33778,30.407497
-22.333614,30.4258310000001
-22.323059,30.4602780000001
-22.313057,30.4800000000001
-22.310558,30.492496
-22.31139,30.506107
-22.313614,30.5180550000001
-22.321945,30.5594440000001
-22.330559,30.6338880000001
-22.328892,30.6397210000001
-22.3100009999999,30.7036090000001
-22.293335,30.7811090000001
-22.287781,30.838886
-22.289169,30.900833
-22.289448,30.907776
-22.293892,30.928886
-22.3066669999999,30.9661100000001
-22.315002,30.9791640000001
-22.333614,31.0647200000001
-22.337502,31.089443
-22.334724,31.0969430000001
-22.326946,31.116386
-22.323612,31.1283300000001
-22.321667,31.1413880000001
-22.321667,31.1558300000001
-22.325279,31.166386
-22.36417,31.2575
-22.366947,31.261944
-22.3733369999999,31.269997
-22.377224,31.273052
-22.403336,31.2902760000001
-22.414764,31.2975040000001
-22.423552,31.302231
-22.4261129999999,31.3036080000001
-23.050835,31.5161090000001
-23.1866679999999,31.561665
-23.220837,31.5572200000001
-23.235611,31.5541650000001
-23.306393,31.5458300000001
-23.4172249999999,31.5374980000001
-23.476669,31.5508310000001
-23.534168,31.614719
-23.547501,31.6283300000001
-23.573891,31.6511080000001
-23.613613,31.683609
-23.6391679999999,31.686108
-23.6802789999999,31.68861
-23.748611,31.719997
-23.856392,31.7697220000001
-23.9072229999999,31.844719
-23.950645,31.8773990000001
-23.964169,31.8772200000001
-24.143616,31.8841630000001
-24.1711159999999,31.88583
-24.2676579999999,31.9417990000001
-24.303894,31.962498
-24.310001,31.9652750000001
-24.432224,32.0075000000001
-24.459446,32.0161059999999
-24.704445,31.995552
-24.800835,32.002495
-24.9250029999999,32.0113830000001
-25.035004,32.018608
-25.110558,32.0166630000001
-25.346111,32.0099950000001
-25.421112,31.991108
-25.5041689999999,31.9880520000001
-25.518059,31.9883310000001
-25.5369449999999,32.0049970000001
-25.6158369999999,32.006104
-25.67028,31.983055
-25.672501,31.9816670000001
-25.8141669999999,31.9194410000001
-25.95784,31.96851
-25.995556,31.878052
-25.9588889999999,31.8136099999999
-25.933033,31.769951
-25.911392,31.733887
-25.827503,31.5908319999999
-25.728336,31.421665
-25.751392,31.33083
-25.75528,31.320553
-25.913891,31.1283300000001
-25.928337,31.125275
-25.9832609999999,31.110802
-25.9925,31.107777
-26.020836,31.0955540000001
-26.063057,31.0769420000001
-26.091393,31.0638890000001
-26.1127819999999,31.0511089999999
-26.1841699999999,31.0055540000001
-26.238335,30.9694440000001
-26.3052539999999,30.902048
-26.3908349999999,30.829441
-26.4472239999999,30.8086090000001
-26.4683909999999,30.802219
-26.5427779999999,30.7983320000001
-26.6119459999999,30.800278
-26.681114,30.802498
-26.702503,30.803608
-26.743587,30.8088460000001
-26.799168,30.8166660000001
-26.810558,30.8188860000001
-26.814724,30.821941
-26.816391,30.825554
-26.799168,30.8713870000001
-26.796391,30.8763890000001
-26.790836,30.8849980000001
-26.786667,30.888332
-26.77195,30.8994430000001
-26.8044469999999,30.9105530000001
-26.9608349999999,30.9683300000001
-27.076946,31.0569420000001
-27.203056,31.1616630000001
-27.220837,31.2188870000001
-27.2392179999999,31.278288
-27.281113,31.4136090000001
-27.313057,31.5174980000001
-27.315002,31.6805530000001
-27.315556,31.762218
-27.316391,31.925278
-27.316669,31.9836080000001
-27.316113,31.987499
-27.2894519999999,31.984951
-27.2641679999999,31.96833
-27.209446,31.9647220000001
-27.1429289999999,31.9605460000001
-27.1127819999999,31.9586110000001
-27.053059,31.9677770000001
-26.808064,32.0094910000001
-26.806095,32.0216830000001
-26.8077809999999,32.079994
-26.808891,32.086105
-26.813057,32.0966640000001
-26.839626,32.1334000000001
-26.846111,32.1513820000001
-26.847778,32.156944
-26.851669,32.174995
-26.860279,32.348328
-26.859726,32.394997
-26.853615,32.688889
-26.851669,32.7677760000001
-26.847145,32.890427
-26.9227789999999,32.8761060000001
-26.97139,32.871941
-27.007504,32.8683320000001
-27.025002,32.8658290000001
-27.041115,32.861382
-27.110001,32.84166
-27.130558,32.834717
-27.353336,32.7474980000001
-27.397781,32.729721
-27.440556,32.7094420000001
-27.49667,32.681664
-27.515835,32.673882
-27.59639,32.6522220000001
-27.613335,32.648048
-27.684723,32.631386
-27.706947,32.626663
-27.885281,32.5888820000001
-27.890835,32.587776
-27.903336,32.586937
-27.925003,32.594719
-27.931114,32.5961070000001
-27.9375,32.595833
-28.114723,32.56472
-28.148891,32.5586090000001
-28.159447,32.5552750000001
-28.18417,32.5452730000001
-28.201389,32.534164
-28.208614,32.5266650000001
-28.233612,32.508888
-28.2552799999999,32.4947200000001
-28.286667,32.4766619999999
-28.317223,32.4591600000001
-28.378056,32.43222
-28.415836,32.425552
-28.4350009999999,32.4252780000001
-28.494724,32.4099960000001
-28.50528,32.4066620000001
-28.5250019999999,32.398605
-28.537781,32.390274
-28.5525019999999,32.3755490000001
-28.646114,32.2766649999999
-28.721947,32.189995
-28.862503,32.018608
-28.8752779999999,32.0013890000001
-28.883614,31.9869420000001
-28.912502,31.9233320000001
-28.924168,31.896664
-28.9352799999999,31.868889
-28.938614,31.856667
-28.9411129999999,31.834721
-28.940281,31.8205530000001
-28.945557,31.774166
-28.998337,31.723331
-29.054169,31.6686100000001
-29.1613919999999,31.562775
-29.172501,31.5516660000001
-29.26889,31.4519420000001
-29.2913889999999,31.428055
-29.314724,31.399441
-29.352501,31.360554
-29.390835,31.325832
-29.535278,31.209721
-29.639725,31.1424980000001
-29.679447,31.117775
-29.872501,31.0097200000001
-29.896946,30.999165
-29.899723,30.9994430000001
-29.903614,31.002777
-29.8938899999999,31.038887
-29.8922229999999,31.0449980000001
-29.886112,31.054165
-29.882294,31.0615430000001
-29.887779,31.0638890000001
-29.897781,31.0588870000001
-29.906391,31.053055
-29.921391,31.038887
-29.9286119999999,31.0313870000001
-29.980835,30.9725000000001
-29.999725,30.9466630000001
-30.015278,30.924442
-30.025558,30.91222
-30.076946,30.869999
-30.102501,30.852497
-30.121391,30.8430520000001
-30.136669,30.837776
-30.148056,30.8352780000001
-30.1602209999999,30.8298800000001
-30.181667,30.8197210000001
-30.299446,30.752499
-30.321945,30.739441
-30.335556,30.731388
-30.348335,30.7225
-30.364723,30.709999
-30.475281,30.6333310000001
-30.713612,30.476387
-30.8177799999999,30.4158330000001
-30.835281,30.404999
-30.852501,30.3930549999999
-30.860836,30.3869440000001
-31.05389,30.2205540000001
-31.0608369999999,30.212776
-31.072918,30.1926190000001
-31.081112,30.1883320000001
-31.090279,30.183052
-31.120003,30.16222
-31.281113,30.0238880000001
-31.3027799999999,30.0008320000001
-31.3875009999999,29.8988880000001
-31.39389,29.890553
-31.4194449999999,29.8555530000001
-31.425282,29.8461070000001
-31.429726,29.8352780000001
-31.430557,29.8280530000001
-31.430836,29.8063890000001
-31.432781,29.7919430000001
-31.43639,29.7808300000001
-31.444447,29.765831
-31.46167,29.7458310000001
-31.493893,29.7113880000001
-31.519169,29.6933330000001
-31.5272249999999,29.686386
-31.58139,29.629444
-31.634167,29.5458300000001
-31.6458359999999,29.526943
-31.70417,29.4119420000001
-31.802502,29.3205530000001
-31.830002,29.2969440000001
-31.86528,29.2677760000001
-31.899723,29.2436100000001
-31.951946,29.200832
-32.0644449999999,29.0916630000001
-32.219452,28.9341660000001
-32.313057,28.8263850000001
-32.341949,28.779163
-32.4483339999999,28.65361
-32.526115,28.5683330000001
-32.534447,28.5622220000001
-32.5441739999999,28.5577770000001
-32.5533369999999,28.5524980000001
-32.5616679999999,28.5469440000001
-32.574173,28.5377770000001
-32.700279,28.359722
-32.706116,28.3502770000001
-32.755005,28.2627750000001
-32.767502,28.228054
-32.8594509999999,28.1077770000001
-32.869171,28.1033330000001
-32.886673,28.0916630000001
-32.898338,28.0816649999999
-32.906113,28.074444
-33.040558,27.8999980000001
-33.071945,27.8388860000001
-33.090836,27.797222
-33.1175,27.7302740000001
-33.211945,27.6061100000001
-33.31028,27.4513850000001
-33.369728,27.3511090000001
-33.458893,27.2063870000001
-33.522781,27.105831
-33.5286179999999,27.0961070000001
-33.556396,27.030552
-33.5722269999999,26.991665
-33.573616,26.9852750000001
-33.603889,26.8891640000001
-33.6544489999999,26.7316670000001
-33.7008359999999,26.644165
-33.710556,26.639442
-33.714172,26.635277
-33.719727,26.6255530000001
-33.723892,26.614166
-33.753334,26.5305520000001
-33.7705609999999,26.4686090000001
-33.773613,26.455276
-33.774445,26.4480550000001
-33.7663959999999,26.2844430000001
-33.7638929999999,26.271385
-33.761391,26.2663880000001
-33.757782,26.262218
-33.752502,26.25222
-33.75,26.244783
-33.742783,26.223331
-33.719727,26.1055529999999
-33.714729,26.079166
-33.712227,26.058052
-33.710838,26.003052
-33.710556,25.9711070000001
-33.711945,25.956108
-33.718895,25.8899990000001
-33.721947,25.8686099999999
-33.731392,25.830276
-33.748894,25.768887
-33.753334,25.7575000000001
-33.7672269999999,25.724998
-33.794449,25.675278
-33.851395,25.6286090000001
-33.9144519999999,25.613052
-33.926674,25.6116640000001
-33.932785,25.6124990000001
-33.942223,25.617496
-33.9463959999999,25.6208310000001
-33.971947,25.647499
-33.974449,25.6524959999999
-33.975838,25.6591640000001
-33.979729,25.6708300000001
-33.983337,25.6749990000001
-33.994728,25.6858330000001
-34.022507,25.7016640000001
-34.0319519999999,25.701942
-34.04834,25.6272200000001
-34.048889,25.584442
-34.0352779999999,25.440552
-34.0344469999999,25.4330520000001
-34.027504,25.392498
-34.0175019999999,25.3555530000001
-34.015556,25.3497200000001
-33.999451,25.3200000000001
-33.991951,25.3041650000001
-33.98806,25.292774
-33.984169,25.2811090000001
-33.9747239999999,25.2433320000001
-33.9636149999999,25.191387
-33.9588929999999,25.1641650000001
-33.961418,25.074726
-33.962502,25.0605550000001
-33.9680559999999,25.022636
-33.976669,24.986664
-33.986946,24.9505540000001
-33.991112,24.9391630000001
-33.996117,24.928608
-34.002785,24.9202770000001
-34.013062,24.916386
-34.026672,24.916386
-34.0430599999999,24.9213869999999
-34.049171,24.9224970000001
-34.067505,24.9199980000001
-34.0730589999999,24.9186100000001
-34.077782,24.9161110000001
-34.2016679999999,24.8247180000001
-34.1916729999999,24.7827760000001
-34.1697239999999,24.6549989999999
-34.169174,24.6394420000001
-34.1697239999999,24.6319430000001
-34.171112,24.6252750000001
-34.178062,24.608055
-34.180283,24.5941660000001
-34.179451,24.586666
-34.17028,24.515831
-34.1636119999999,24.482777
-34.1588899999999,24.472221
-34.153336,24.4622190000001
-34.139725,24.445831
-34.107224,24.385555
-34.046951,24.043888
-33.989449,23.694443
-33.983894,23.653332
-33.983894,23.6452750000001
-33.984985,23.6400640000001
-33.984451,23.615555
-33.986389,23.5852780000001
-33.990562,23.54583
-34.008057,23.4519420000001
-34.023338,23.3966639999999
-34.0294489999999,23.387775
-34.0402829999999,23.37611
-34.049171,23.369442
-34.051392,23.3686100000001
-34.08667,23.3652760000001
-34.092781,23.365833
-34.097504,23.368332
-34.093613,23.2408330000001
-34.0838929999999,23.0672190000001
-34.091393,22.9594420000001
-34.050285,22.8183329999999
-34.0480579999999,22.812775
-34.0452799999999,22.807777
-34.0411149999999,22.804443
-34.037224,22.801388
-34.011116,22.783333
-34.0050049999999,22.544998
-34.011948,22.539165
-34.022781,22.5274959999999
-34.0294489999999,22.519165
-34.035561,22.51083
-34.050285,22.4877780000001
-34.056946,22.4711070000001
-34.064171,22.4388890000001
-34.0680619999999,22.4108310000001
-34.06778,22.3944440000001
-34.0647279999999,22.373055
-34.059174,22.355274
-34.054451,22.3024980000001
-34.053894,22.295277
-34.055,22.2886090000001
-34.0772249999999,22.2011110000001
-34.086395,22.1711079999999
-34.092506,22.153889
-34.100563,22.1388850000001
-34.113892,22.128052
-34.128059,22.120277
-34.143059,22.1136090000001
-34.225006,21.949718
-34.2355579999999,21.9380530000001
-34.254448,21.9197200000001
-34.263336,21.913609
-34.276947,21.91333
-34.283058,21.914165
-34.3075029999999,21.916943
-34.336113,21.901665
-34.339447,21.897499
-34.371391,21.8374979999999
-34.375282,21.8258319999999
-34.383057,21.802498
-34.396393,21.7288860000001
-34.397507,21.722221
-34.3905559999999,21.6555520000001
-34.3883359999999,21.6416659999999
-34.381111,21.616943
-34.374725,21.5997199999999
-34.363617,21.580276
-34.3572239999999,21.5630530000001
-34.353615,21.550831
-34.351952,21.535831
-34.352501,21.528332
-34.360283,21.496944
-34.3763959999999,21.4347190000001
-34.378334,21.4288860000001
-34.3808359999999,21.423885
-34.3858339999999,21.423054
-34.391945,21.4236110000001
-34.397224,21.421944
-34.403893,21.41333
-34.4169459999999,21.3719439999999
-34.431671,21.3080519999999
-34.433891,21.29472
-34.433334,21.28722
-34.430283,21.274166
-34.415001,21.2102780000001
-34.406395,21.1872220000001
-34.396393,21.1661110000001
-34.3863909999999,21.136665
-34.3683399999999,21.082497
-34.363892,21.062775
-34.36084,20.965553
-34.360283,20.942497
-34.370285,20.8894419999999
-34.3730619999999,20.884441
-34.3933329999999,20.852497
-34.40889,20.8463860000001
-34.458618,20.7986109999999
-34.445282,20.722221
-34.440559,20.686108
-34.4408189999999,20.662468
-34.446114,20.5958330000001
-34.4513929999999,20.5536080000001
-34.455833,20.5344430000001
-34.464729,20.5044440000001
-34.472504,20.48111
-34.479446,20.465275
-34.482224,20.4602780000001
-34.498611,20.438889
-34.5108339999999,20.4286080000001
-34.5280609999999,20.4158330000001
-34.537506,20.4105530000001
-34.549446,20.4002760000001
-34.559448,20.3874970000001
-34.660835,20.230274
-34.6766739999999,20.1858329999999
-34.710007,20.1194419999999
-34.726395,20.0897220000001
-34.77417,20.0474970000001
-34.822002,20.0000000000001
-34.821945,19.998608
-34.819725,19.984722
-34.815002,19.964996
-34.810005,19.954166
-34.7958369999999,19.929996
-34.785278,19.918053
-34.778893,19.909164
-34.761948,19.8799970000001
-34.752502,19.8577770000001
-34.754448,19.7136080000001
-34.756111,19.683887
-34.758057,19.6780550000001
-34.7613909999999,19.6736110000001
-34.7730559999999,19.67083
-34.776115,19.666386
-34.776672,19.6588859999999
-34.775841,19.651665
-34.771393,19.6399990000001
-34.768616,19.635277
-34.7480619999999,19.602219
-34.712502,19.5455549999999
-34.704727,19.5383300000001
-34.67556,19.516388
-34.6219479999999,19.4236109999999
-34.597229,19.318607
-34.593338,19.32222
-34.5377809999999,19.363331
-34.532501,19.365276
-34.514725,19.364166
-34.5002819999999,19.357498
-34.486389,19.34972
-34.463615,19.336666
-34.446945,19.324165
-34.435005,19.3138890000001
-34.4211119999999,19.301388
-34.409729,19.281944
-34.408615,19.2744410000001
-34.409447,19.2530520000001
-34.413895,19.242222
-34.423058,19.2286110000001
-34.428062,19.2183300000001
-34.4286119999999,19.2108310000001
-34.4261169999999,19.196941
-34.414169,19.132221
-34.409729,19.120831
-34.40667,19.116108
-34.403336,19.1122210000001
-34.374168,19.100277
-34.3463899999999,19.083332
-34.3411179999999,18.999443
-34.356949,18.9136090000001
-34.370285,18.8586079999999
-34.37278,18.8533330000001
-34.383614,18.84972
-34.3855589999999,18.843887
-34.3800049999999,18.8216630000001
-34.377785,18.817776
-34.361115,18.805275
-34.3555599999999,18.803886
-34.308617,18.808609
-34.279449,18.8280530000001
-34.2616729999999,18.840832
-34.251945,18.844997
-34.1561129999999,18.855274
-34.1505579999999,18.853886
-34.112228,18.8274990000001
-34.103889,18.821388
-34.100281,18.8174969999999
-34.091118,18.8047220000001
-34.08667,18.7933310000001
-34.078896,18.7599980000001
-34.07695,18.7452769999999
-34.074448,18.7058299999999
-34.073616,18.601944
-34.0791699999999,18.5466650000001
-34.08445,18.520832
-34.09066,18.5047070000001
-34.097778,18.4880519999999
-34.101112,18.4838869999999
-34.135834,18.4441640000001
-34.146667,18.4402769999999
-34.168892,18.4358330000001
-34.173889,18.4383320000001
-34.177223,18.442219
-34.18306,18.4516640000001
-34.1908339999999,18.458885
-34.2344509999999,18.478886
-34.3438949999999,18.489998
-34.3482279999999,18.490112
-34.3511119999999,18.487778
-34.350006,18.4722209999999
-34.348335,18.465832
-34.3411179999999,18.4494440000001
-34.323059,18.420277
-34.30278,18.4047200000001
-34.255836,18.380276
-34.0386119999999,18.3108330000001
-34.032501,18.310276
-33.92028,18.374443
-33.911949,18.379997
-33.906395,18.389164
-33.904167,18.3955540000001
-33.902229,18.4080540000001
-33.903336,18.422222
-33.911667,18.445553
-33.817223,18.466663
-33.706673,18.441109
-33.6972269999999,18.4369429999999
-33.487228,18.310276
-33.48278,18.3074990000001
-33.466118,18.29472
-33.430557,18.2638850000001
-33.4158399999999,18.248886
-33.3411179999999,18.160553
-33.250557,18.1077770000001
-33.2055589999999,18.1130520000001
-33.204445,18.1197200000001
-33.2000049999999,18.1230550000001
-33.183334,18.1274989999999
-33.177223,18.127777
-33.032501,18.0344430000001
-33.0216669999999,18.023888
-33.0173419999999,18.019238
-33.00528,18.003052
-33.000557,17.991386
-33.000282,17.9833300000001
-33.00528,17.9577750000001
-33.0072249999999,17.9516640000001
-33.0116729999999,17.9424970000001
-33.017227,17.9424970000001
-33.027504,17.953888
-33.043892,17.9247210000001
-33.046112,17.919441
-33.048058,17.913887
-33.046669,17.9077760000001
-33.043335,17.902496
-33.031113,17.8930549999999
-33.0008389999999,17.87611
-32.8308329999999,17.8475
-32.811951,17.8674960000001
-32.77417,17.9027750000001
-32.731117,17.9841650000001
-32.7344509999999,17.9886090000001
-32.768059,18.0377770000001
-32.7761149999999,18.0536080000001
-32.7811129999999,18.064999
-32.78167,18.105
-32.7813949999999,18.112499
-32.7787779999999,18.1317519999999
-32.676674,18.2561069999999
-32.664726,18.2663880000001
-32.6341709999999,18.2872199999999
-32.624451,18.292221
-32.5936129999999,18.305553
-32.577782,18.311665
-32.539169,18.3238870000001
-32.497223,18.332497
-32.47834,18.3349990000001
-32.295006,18.349998
-32.288063,18.3502769999999
-32.275558,18.349163
-32.247223,18.34333
-32.225006,18.338055
-32.213615,18.3349990000001
-32.18,18.319443
-32.147224,18.311943
-31.953613,18.271664
-31.9475019999999,18.271664
-31.927502,18.2744410000001
-31.9163889999999,18.2777750000001
-31.904167,18.279999
-31.898613,18.279999
-31.89278,18.2786100000001
-31.741947,18.221107
-31.7272219999999,18.214722
-31.674725,18.181389
-31.666389,18.174721
-31.5944479999999,18.1144410000001
-31.5516699999999,18.077221
-31.521114,18.048332
-31.513336,18.0413860000001
-31.387779,17.933052
-31.359726,17.909443
-31.330833,17.8877750000001
-31.2227779999999,17.80722
-31.214447,17.8013880000001
-31.1927799999999,17.7874980000001
-31.155704,17.766708
-31.090557,17.7258299999999
-30.933613,17.615276
-30.6958349999999,17.48222
-30.617226,17.4483299999999
-30.59528,17.439163
-30.558056,17.419998
-30.46167,17.3577770000001
-30.449448,17.3486100000001
-30.442223,17.34111
-30.438892,17.3361090000001
-30.430557,17.3302760000001
-30.4219469999999,17.324444
-30.3555559999999,17.283886
-30.346668,17.278889
-30.3413929999999,17.2766650000001
-30.325558,17.2722210000001
-30.2025029999999,17.229443
-30.070557,17.18111
-29.9277799999999,17.1211090000001
-29.917778,17.115833
-29.898613,17.1069410000001
-29.840279,17.086109
-29.717781,17.0588870000001
-29.688057,17.055275
-29.67667,17.0533330000001
-29.524445,17.0033300000001
-29.5150029999999,16.999443
-29.3652799999999,16.936386
-29.360558,16.933052
-29.333336,16.9108310000001
-29.15667,16.8344420000001
-29.101112,16.8202740000001
-29.090279,16.817497
-29.085003,16.815277
-28.905834,16.6708300000001
-28.898613,16.663609
-28.885281,16.647499
-28.882504,16.642498
-28.879448,16.6294440000001
-28.878613,16.6138879999999
-28.875835,16.6094440000001
-28.871948,16.6061099999999
-28.6980589999999,16.5330540000001
-28.645836,16.4916650000001
-28.608334,16.4833300000001
-28.578178,16.48959
-28.496113,16.6249960000001
-28.465,16.6675000000001
-28.460556,16.678055
-28.46167,16.6849980000001
-28.46389,16.6905520000001
-28.468334,16.693333
-28.4780579999999,16.697498
-28.490002,16.6991650000001
-28.494724,16.701111
-28.498611,16.70472
-28.500835,16.710278
-28.500557,16.7172200000001
-28.498611,16.7227750000001
-28.496113,16.727776
-28.4416689999999,16.776665
-28.3691669999999,16.802219
-28.3644449999999,16.8033330000001
-28.348335,16.7986110000001
-28.237782,16.8224980000001
-28.0963899999999,16.8836099999999
-28.088337,16.8902739999999
-28.069725,16.908607
-28.0666689999999,16.9127770000001
-28.063892,16.9175
-28.028614,17.06361
-28.028893,17.071388
-28.030003,17.078331
-28.0338899999999,17.089722
-28.042225,17.1041640000001
-28.049446,17.111664
-28.058056,17.117222
-28.072781,17.1236080000001
-28.08139,17.1291660000001
-28.0927809999999,17.139442
-28.095001,17.144997
-28.099995,17.16328
-28.1022639999999,17.1716580000001
-28.105042,17.181923
-28.108059,17.186386
-28.11639,17.1922190000001
-28.126945,17.1955530000001
-28.1716579999999,17.188332
-28.196114,17.183609
-28.202534,17.184158
-28.2072259999999,17.186108
-28.223614,17.1986080000001
-28.238335,17.213333
-28.244678,17.2216420000001
-28.2469479999999,17.226944
-28.239445,17.2744410000001
-28.238335,17.2808300000001
-28.2358359999999,17.2855530000001
-28.225281,17.2972219999999
-28.22028,17.306942
-28.2191389999999,17.313015
-28.219448,17.3211100000001
-28.224167,17.3316649999999
-28.230003,17.3408319999999
-28.236668,17.348888
-28.24139,17.3511090000001
-28.342224,17.398052
-28.353889,17.3997190000001
-28.372501,17.399441
-28.4022249999999,17.396111
-28.413612,17.3933300000001
-28.423058,17.388054
-28.427223,17.38472
-28.433056,17.375553
-28.535004,17.361385
-28.705002,17.3988880000001
-28.710003,17.4011080000001
-28.713612,17.4047199999999
-28.716393,17.4094430000001
-28.717503,17.4163859999999
-28.716393,17.4227750000001
-28.7108349999999,17.439442
-28.702778,17.461109
-28.6947249999999,17.497776
-28.681221,17.57737
-28.6861109999999,17.588055
-28.693336,17.5952760000001
-28.697502,17.598331
-28.7141689999999,17.602219
-28.727222,17.602219
-28.74028,17.600555
-28.752224,17.602497
-28.756947,17.604443
-28.763058,17.6136090000001
-28.772224,17.635277
-28.775558,17.647499
-28.775837,17.655552
-28.771667,17.6736109999999
-28.768059,17.6849980000001
-28.756668,17.710831
-28.746391,17.749722
-28.779167,17.912498
-28.799168,17.961666
-28.804169,17.971664
-28.813892,17.984722
-28.826946,18.0013890000001
-28.84417,18.0208319999999
-28.855556,18.031387
-28.863335,18.038055
-28.8669469999999,18.041664
-28.870003,18.046387
-28.872223,18.0516660000001
-28.908611,18.175831
-28.9088899999999,18.183609
-28.90778,18.1899990000001
-28.884445,18.3383330000001
-28.836391,18.715275
-28.83667,18.723053
-28.864723,18.9452739999999
-28.868057,18.9577750000001
-28.8736109999999,18.9669420000001
-28.881668,18.9738879999999
-28.8997229999999,18.983887
-28.905281,18.9852750000001
-28.915279,18.9897190000001
-28.923615,18.9955520000001
-28.932224,19.009441
-28.961391,19.1011090000001
-28.962502,19.108055
-28.962223,19.1230550000001
-28.957226,19.140553
-28.952778,19.1511080000001
-28.9411129999999,19.176666
-28.9333339999999,19.191109
-28.899445,19.2538870000001
-28.859726,19.263332
-28.851112,19.256664
-28.8316689999999,19.248055
-28.81139,19.2402759999999
-28.805836,19.238888
-28.7988889999999,19.2391660000001
-28.793613,19.240833
-28.747223,19.259998
-28.7425,19.262497
-28.734447,19.269165
-28.728058,19.2852750000001
-28.725559,19.297775
-28.725281,19.3049960000001
-28.726391,19.319721
-28.728615,19.325275
-28.737225,19.339165
-28.734447,19.358887
-28.718891,19.4183310000001
-28.7108349999999,19.447777
-28.699722,19.466389
-28.6713909999999,19.4894410000001
-28.666668,19.491943
-28.633057,19.4938890000001
-28.595001,19.5133320000001
-28.5298349999999,19.565453
-28.526829,19.569462
-28.484169,19.732498
-28.4836119999999,19.7394410000001
-28.485001,19.7458310000001
-28.4894449999999,19.7566640000001
-28.495003,19.7822190000001
-28.496113,19.797222
-28.495003,19.8036080000001
-28.490002,19.8208310000001
-28.421448,19.99612
-28.4097249999999,19.997776
-28.354725,19.998055
-28.0650019999999,19.9983330000001
-27.8719479999999,19.997776
-27.582226,19.998055
-27.4858359999999,19.9983330000001
-27.369499,19.9987640000001
-27.320278,19.9991650000001
-27.0302809999999,19.9994429999999
-26.409168,20.0000000000001
-25.870834,20.0000000000001
-25.616489,20.000435
-25.415001,20.000275
-25.221668,20.0005530000001
-25.083614,20.001389
-24.8627819999999,20.001663
-24.793613,20.001663
-24.7654079999999,20.000942
-24.812225,20.0444410000001
-24.8263889999999,20.059166
-24.881947,20.1272200000001
-24.886948,20.1372180000001
-24.8863909999999,20.1661110000001
-24.912781,20.2291640000001
-24.919445,20.2449990000001
-24.9316669999999,20.261944
-25.036945,20.3899990000001
-25.1536139999999,20.449718
-25.298058,20.5363879999999
-25.3955569999999,20.6077769999999
-25.39917,20.611664
-25.4369469999999,20.631943
-25.479446,20.6499979999999
-25.5788919999999,20.6877749999999
-25.590836,20.6897200000001
-25.597504,20.689442
-25.636669,20.6791650000001
-25.679447,20.6797220000001
-25.685001,20.68111
-25.689167,20.6838870000001
-25.7630579999999,20.739441
-25.824722,20.783886
-25.878334,20.809166
-25.8833349999999,20.811386
-26.133614,20.8608320000001
-26.140278,20.8608320000001
-26.146667,20.8597220000001
-26.249447,20.796387
-26.3044469999999,20.7572210000001
-26.320835,20.7444420000001
-26.386112,20.6933330000001
-26.3900029999999,20.690277
-26.423058,20.656944
-26.4286119999999,20.6474989999999
-26.433056,20.637218
-26.435505,20.6250529999999
-26.43771,20.619324
-26.4491729999999,20.611385
-26.454445,20.6097219999999
-26.516392,20.6033330000001
-26.5363919999999,20.6019439999999
-26.7675019999999,20.6188890000001
-26.823891,20.639721
-26.828056,20.642498
-26.875557,20.703888
-26.861115,20.7638850000001
-26.847778,20.7952769999999
-26.84528,20.799999
-26.841667,20.803886
-26.83139,20.808052
-26.820557,20.819164
-26.814724,20.8277740000001
-26.805,20.855831
-26.796669,20.8838880000001
-26.7952799999999,20.889999
-26.794724,20.897221
-26.7986149999999,20.9241640000001
-26.809723,20.956944
-26.8119469999999,20.962219
-26.81889,20.969997
-26.828056,20.97583
-26.835003,20.9833300000001
-26.840279,20.993332
-26.84528,21.00333
-26.8497239999999,21.021664
-26.863056,21.1011090000001
-26.86639,21.128887
-26.8666689999999,21.144165
-26.862225,21.1777759999999
-26.8455579999999,21.2769430000001
-26.830002,21.336109
-26.828056,21.341663
-26.821667,21.3741650000001
-26.821114,21.3811069999999
-26.821667,21.4105530000001
-26.823334,21.4322200000001
-26.824169,21.4391630000001
-26.828613,21.457497
-26.830833,21.463055
-26.8422239999999,21.481388
-26.851669,21.50972
-26.853336,21.523609
-26.860836,21.6130519999999
-26.8641699999999,21.659443
-26.864445,21.667221
-26.863056,21.6733320000001
-26.8530579999999,21.6930540000001
-26.8202779999999,21.7483329999999
-26.816669,21.7524990000001
-26.792225,21.771385
-26.787502,21.773888
-26.7708359999999,21.7786100000001
-26.7641679999999,21.778889
-26.739723,21.7755550000001
-26.7286149999999,21.772499
-26.704445,21.761387
-26.691948,21.7599980000001
-26.683891,21.7663880000001
-26.680279,21.770275
-26.67778,21.774998
-26.6663889999999,21.808331
-26.660004,21.8472210000001
-26.661114,21.8619420000001
-26.662502,21.868053
-26.6647219999999,21.873333
-26.668892,21.891666
-26.664448,21.9536090000001
-26.659168,21.9708330000001
-26.644447,22.015831
-26.634445,22.0430530000001
-26.625557,22.05611
-26.618893,22.0638890000001
-26.5419459999999,22.1322210000001
-26.5377809999999,22.1355550000001
-26.5033339999999,22.157497
-26.497223,22.158607
-26.491112,22.157776
-26.478615,22.1594430000001
-26.4311139999999,22.175552
-26.396114,22.195553
-26.392223,22.198608
-26.3411139999999,22.249443
-26.286392,22.366386
-26.202778,22.479164
-26.111565,22.6248090000001
-26.093056,22.6263890000001
-26.01889,22.658054
-26.015278,22.661942
-26.013336,22.6672209999999
-26.012779,22.689442
-26.009445,22.701111
-26.0066679999999,22.70583
-26.0033339999999,22.7097210000001
-25.9991679999999,22.7127760000001
-25.979446,22.721386
-25.968334,22.7244420000001
-25.848335,22.7449990000001
-25.798058,22.7433320000001
-25.74139,22.754444
-25.7311129999999,22.7583310000001
-25.722225,22.7638850000001
-25.711945,22.7755550000001
-25.7066689999999,22.7847209999999
-25.689445,22.8041650000001
-25.681946,22.811108
-25.673615,22.8172190000001
-25.6680559999999,22.8188860000001
-25.614445,22.829998
-25.5763889999999,22.811386
-25.569447,22.811386
-25.563892,22.8130530000001
-25.530834,22.829998
-25.396946,22.91
-25.337223,22.9725000000001
-25.299725,23.0148320000001
-25.264168,23.194443
-25.265835,23.2752760000001
-25.275002,23.4477770000001
-25.2763899999999,23.453053
-25.278336,23.458332
-25.337223,23.5308300000001
-25.389446,23.5961070000001
-25.4233359999999,23.650276
-25.435837,23.670277
-25.453613,23.706944
-25.45528,23.7205540000001
-25.459167,23.729721
-25.468334,23.7427750000001
-25.583614,23.8716660000001
-25.598892,23.8847200000001
-25.611389,23.8938870000001
-25.6211129999999,23.898609
-25.6286129999999,23.905277
-25.6588899999999,24.000275
-25.6569479999999,24.0133320000001
-25.6522249999999,24.0433310000001
-25.650837,24.049442
-25.634167,24.1152759999999
-25.622223,24.1816640000001
-25.6216699999999,24.18861
-25.6244469999999,24.1933330000001
-25.645,24.223888
-25.648613,24.2277759999999
-25.6525,24.2308310000001
-25.671947,24.2399980000001
-25.680279,24.246109
-25.72028,24.281387
-25.754448,24.348888
-25.756668,24.3544430000001
-25.762779,24.3858300000001
-25.762779,24.3933300000001
-25.7613909999999,24.399441
-25.755836,24.416386
-25.753613,24.4216650000001
-25.747501,24.4302750000001
-25.73917,24.434719
-25.736389,24.439442
-25.735558,24.44611
-25.74667,24.472221
-25.7613909999999,24.5013430000001
-25.771946,24.5330540000001
-25.8083339999999,24.6149980000001
-25.816391,24.628887
-25.820557,24.6397210000001
-25.824722,24.6580540000001
-25.827824,24.6771999999999
-25.828613,24.691944
-25.832226,24.801666
-25.812225,24.891941
-25.8108369999999,24.8980520000001
-25.804726,24.906387
-25.771114,24.953609
-25.7369459999999,25.0077740000001
-25.731392,25.0169410000001
-25.7286149999999,25.029163
-25.7286149999999,25.0369420000001
-25.733059,25.0774990000001
-25.737225,25.0958330000001
-25.7486109999999,25.121387
-25.756947,25.135277
-25.762222,25.1522220000001
-25.761948,25.174999
-25.75639,25.351387
-25.752781,25.3702769999999
-25.737225,25.4069440000001
-25.7294459999999,25.421387
-25.67778,25.5097200000001
-25.625027,25.5817030000001
-25.621929,25.585449
-25.6194039999999,25.5868840000001
-25.611027,25.592287
-25.606392,25.5952760000001
-25.550835,25.622219
-25.4702799999999,25.671387
-25.435558,25.684719
-25.2083359999999,25.7694440000001
-25.0419459999999,25.827774
-24.910835,25.8708310000001
-24.8997229999999,25.8736079999999
-24.828613,25.8780520000001
-24.815556,25.8769419999999
-24.810001,25.875275
-24.800556,25.8708310000001
-24.7444459999999,25.871387
-24.738335,25.918331
-24.7108349999999,26.018887
-24.663967,26.1678280000001
-24.6375009999999,26.2652739999999
-24.618893,26.3599970000001
-24.6266669999999,26.388054
-24.628191,26.391874
-24.631889,26.4011420000001
-24.628273,26.411041
-24.606392,26.4402769999999
-24.588337,26.458054
-24.5805589999999,26.464722
-24.563057,26.47583
-24.546391,26.48
-24.530556,26.4849970000001
-24.511112,26.4936100000001
-24.493614,26.504719
-24.4811129999999,26.512775
-24.473335,26.5194440000001
-24.436947,26.5549960000001
-24.314445,26.7169420000001
-24.311668,26.7213860000001
-24.309448,26.7266650000001
-24.307781,26.7402760000001
-24.304169,26.7591630000001
-24.29528,26.7877770000001
-24.279446,26.823608
-24.270836,26.837219
-24.264446,26.845276
-24.2566679999999,26.8519439999999
-24.2469479999999,26.8561100000001
-24.08778,26.880554
-23.927502,26.91972
-23.759769,26.9633140000001
-23.752075,26.9591900000001
-23.691669,26.978333
-23.648613,26.9991650000001
-23.644447,27.001942
-23.6413919999999,27.0063860000001
-23.6405559999999,27.013332
-23.64278,27.018608
-23.654724,27.032497
-23.65889,27.0355530000001
-23.636112,27.0697210000001
-23.589169,27.0986100000001
-23.5247229999999,27.148052
-23.401947,27.334442
-23.397503,27.3449970000001
-23.387222,27.4072190000001
-23.385281,27.4527740000001
-23.383614,27.498608
-23.3841669999999,27.5055540000001
-23.383614,27.5205540000001
-23.382225,27.526386
-23.3758349999999,27.534721
-23.348335,27.55722
-23.33028,27.5672190000001
-23.324722,27.5683330000001
-23.315002,27.565277
-23.308891,27.564163
-23.3019449999999,27.564163
-23.2666699999999,27.5727770000001
-23.2202799999999,27.6013870000001
-23.2180559999999,27.606667
-23.198612,27.697777
-23.199722,27.703888
-23.202503,27.708332
-23.17028,27.7838860000001
-23.0313909999999,27.943886
-22.952778,27.972221
-22.863056,28.0494420000001
-22.8061139999999,28.109722
-22.780003,28.149166
-22.773056,28.1563870000001
-22.7688899999999,28.1594430000001
-22.7638889999999,28.1613880000001
-22.752781,28.164165
-22.735558,28.159721
-22.7294459999999,28.1588860000001
-22.7177809999999,28.1605530000001
-22.703613,28.167774
-22.686436,28.1796340000001
-22.675282,28.1966630000001
-22.6094469999999,28.2983320000001
-22.5783349999999,28.351109
-22.574448,28.361942
-22.5738909999999,28.4561080000001
-22.564445,28.6277770000001
-22.563335,28.6344410000001
-22.559723,28.6455539999999
-22.4908369999999,28.8288880000001
-22.458794,28.9106900000001
-22.451115,28.9249990000001
-22.443336,28.931389
-22.434723,28.937222
-22.413059,28.9505540000001
-22.391113,28.963608
-22.386391,28.965832
-22.368336,28.968052
-22.34417,28.964722
-22.327778,28.9597210000001
-22.31889,28.9594420000001
-22.313335,28.9605520000001
-22.2271079999999,29.024796
-22.224167,29.0449980000001
-22.220558,29.0716629999999
-22.1941679999999,29.274166
-22.19241,29.3736230000001
-22.165836,29.4383320000001
-22.163334,29.4508319999999
-22.136391,29.6699980000001
-22.139168,29.726109
-22.1647219999999,29.810555
-22.175003,29.8288880000001
-22.176945,29.8341639999999
-22.194447,29.893887
---
-28.6113889999999,28.513885
-28.610035,28.4882050000001
-28.613613,28.4597210000001
-28.626392,28.401943
-28.6291689999999,28.397499
-28.6611139999999,28.370277
-28.6652789999999,28.367496
-28.670002,28.365276
-28.686668,28.361111
-28.691669,28.358887
-28.695278,28.3550000000001
-28.697502,28.34972
-28.710003,28.2952770000001
-28.7105559999999,28.2794420000001
-28.711943,28.2008300000001
-28.699722,28.191109
-28.6972239999999,28.1863860000001
-28.696667,28.179165
-28.699448,28.174721
-28.74028,28.11861
-28.810001,28.066944
-28.862225,28.016666
-28.9025,27.8922200000001
-28.918056,27.797497
-29.038334,27.637497
-29.042503,27.636108
-29.073612,27.633053
-29.078335,27.633888
-29.09111,27.643053
-29.10667,27.6291660000001
-29.2063899999999,27.540833
-29.276756,27.4920080000001
-29.300003,27.4513850000001
-29.449448,27.3591650000001
-29.499447,27.312496
-29.525839,27.3005500000001
-29.53278,27.2927740000001
-29.5461119999999,27.2519420000001
-29.5544469999999,27.2149960000001
-29.565002,27.163055
-29.568611,27.1514020000001
-29.618057,27.0188870000001
-29.6211129999999,27.0141639999999
-29.6252779999999,27.011108
-29.6441039999999,27.011726
-29.671669,27.030552
-29.679169,27.0377770000001
-29.681667,27.042774
-29.6875,27.0594440000001
-29.690281,27.0644420000001
-29.693611,27.068333
-29.6975019999999,27.071663
-29.735558,27.100277
-29.8561129999999,27.16
-29.923708,27.191437
-29.951668,27.204441
-29.9925,27.2238880000001
-29.996391,27.2263870000001
-30.046669,27.296944
-30.2261119999999,27.3624990000001
-30.3173289999999,27.378922
-30.318336,27.416943
-30.321392,27.4647219999999
-30.4049109999999,27.5646170000001
-30.4236149999999,27.5705530000001
-30.432503,27.576385
-30.480556,27.6091650000001
-30.488613,27.615555
-30.594448,27.733887
-30.597778,27.738052
-30.599724,27.74361
-30.636391,27.9269410000001
-30.638889,27.9397200000001
-30.644169,27.972775
-30.64917,28.021664
-30.650528,28.079937
-30.554447,28.1469420000001
-30.549446,28.149166
-30.4983369999999,28.16
-30.326668,28.2575000000001
-30.246948,28.3102759999999
-30.210003,28.34861
-30.2058329999999,28.351665
-30.16028,28.377777
-30.145279,28.4002760000001
-30.143059,28.4058300000001
-30.14167,28.41222
-30.128891,28.5213850000001
-30.128334,28.612778
-30.13139,28.624996
-30.135281,28.6744420000001
-30.101391,28.790554
-30.065002,28.8852769999999
-30.055279,28.9063870000001
-29.989841,29.022499
-29.980003,29.0438880000001
-29.953335,29.101387
-29.921112,29.16111
-29.918335,29.165833
-29.913891,29.168888
-29.908337,29.170277
-29.851669,29.157497
-29.848335,29.153332
-29.845837,29.1483309999999
-29.844723,29.1419410000001
-29.836113,29.128052
-29.832226,29.124722
-29.826668,29.1230550000001
-29.820557,29.121944
-29.814445,29.122498
-29.8033369999999,29.1249960000001
-29.7983359999999,29.1272200000001
-29.779449,29.136665
-29.761669,29.1327740000001
-29.7486109999999,29.1330530000001
-29.719448,29.144444
-29.714447,29.146664
-29.667503,29.169167
-29.6602779999999,29.1766660000001
-29.639725,29.2169420000001
-29.633614,29.234165
-29.6311109999999,29.2474980000001
-29.630558,29.271111
-29.627224,29.2838860000001
-29.6219479999999,29.293888
-29.617779,29.2966650000001
-29.606113,29.2986110000001
-29.581949,29.2952770000001
-29.510712,29.2928089999999
-29.5050009999999,29.2933310000001
-29.494446,29.2966650000001
-29.476948,29.3077770000001
-29.474167,29.3124960000001
-29.455559,29.347221
-29.446114,29.3680530000001
-29.442131,29.3800740000001
-29.438892,29.39222
-29.4377779999999,29.4072190000001
-29.4361109999999,29.4136090000001
-29.4333339999999,29.4180529999999
-29.426113,29.4258310000001
-29.416389,29.4299960000001
-29.353336,29.4555550000001
-29.347225,29.456108
-29.342503,29.454998
-29.2786139999999,29.430832
-29.092503,29.3330540000001
-29.084446,29.326385
-29.0805589999999,29.315277
-29.073059,29.292221
-29.070835,29.2794420000001
-29.033611,29.2005540000001
-28.909447,28.9983330000001
-28.879723,28.9536090000001
-28.876392,28.9497180000001
-28.87167,28.946941
-28.841946,28.9333310000001
-28.801392,28.908054
-28.789169,28.898052
-28.764446,28.871109
-28.7616199999999,28.865726
-28.757502,28.8069400000001
-28.706947,28.7925000000001
-28.601112,28.6924970000001
-28.5911139999999,28.6802750000001
-28.571945,28.65583
-28.569447,28.6511080000001
-28.569725,28.6447220000001
-28.571667,28.639442
-28.587223,28.6111110000001
-28.600834,28.594997
-28.607502,28.5788880000001
-28.6088909999999,28.5724980000001
-28.610001,28.565552
---
