-59.473061,-27.298058
-59.4705579999999,-27.330002
-59.468895,-27.34417
-59.460281,-27.367226
-59.4572299999999,-27.374725
-59.443336,-27.401947
-59.4397279999999,-27.408337
-59.4344479999999,-27.412502
-59.429169,-27.410004
-59.4261169999999,-27.402779
-59.4227829999999,-27.3791689999999
-59.4219509999999,-27.3658369999999
-59.4236149999999,-27.3325
-59.427223,-27.325836
---
-59.0700069999999,-26.592224
-59.067505,-26.621391
-59.0647279999999,-26.628891
-59.061111,-26.6355589999999
-59.032227,-26.664448
-59.025841,-26.665001
-59.021393,-26.660835
-59.014725,-26.646667
-59.0008389999999,-26.603889
-58.998062,-26.595001
-58.998062,-26.585556
-59.01973,-26.5347249999999
-59.032501,-26.50639
-59.0369489999999,-26.501114
-59.041389,-26.5025019999999
-59.0452799999999,-26.5077779999999
-59.058617,-26.5363919999999
-59.06778,-26.572781
-59.0700069999999,-26.582779
---
-58.471672,-26.24139
-58.494728,-26.243614
-58.498611,-26.24889
-58.48806,-26.264168
-58.479729,-26.286667
-58.477501,-26.29528
-58.463058,-26.3716699999999
-58.459724,-26.389725
-58.460007,-26.401669
-58.458893,-26.411392
-58.456673,-26.420002
-58.434174,-26.4572259999999
-58.427223,-26.459167
-58.389168,-26.4336129999999
-58.383614,-26.416668
-58.3825069999999,-26.403893
-58.382782,-26.393059
-58.3863909999999,-26.3177799999999
-58.3875049999999,-26.296391
-58.388618,-26.286667
-58.392784,-26.269447
-58.3955609999999,-26.261948
-58.4013899999999,-26.246948
-58.407501,-26.246391
---
-57.8188929999999,-26.426392
-57.816948,-26.446667
-57.797783,-26.4991679999999
-57.793335,-26.504448
-57.7711179999999,-26.512222
-57.76667,-26.508335
-57.739723,-26.469448
-57.739723,-26.460281
-57.743896,-26.443336
-57.7475049999999,-26.437225
-57.7886119999999,-26.3900029999999
-57.80806,-26.4127809999999
---
-57.0886149999999,-26.686111
-57.067223,-26.7238919999999
-57.0627819999999,-26.7288889999999
-57.049446,-26.717224
-57.050285,-26.709446
-57.056396,-26.675835
-57.0644449999999,-26.664448
-57.074173,-26.6555559999999
-57.079445,-26.6513899999999
-57.082504,-26.654446
-57.0863949999999,-26.660835
---
-56.7272259999999,-27.162781
-56.724449,-27.178612
-56.7197269999999,-27.20528
-56.7172239999999,-27.210835
-56.699173,-27.210556
-56.6936109999999,-27.209724
-56.689728,-27.204445
-56.6794509999999,-27.17028
-56.6791689999999,-27.159168
-56.68084,-27.138336
-56.682228,-27.129448
-56.6866679999999,-27.113056
-56.692223,-27.098892
-56.695282,-27.091667
-56.701118,-27.08889
-56.706947,-27.089725
-56.715279,-27.099167
-56.717506,-27.1086119999999
---
-56.321671,-27.572224
-56.318893,-27.579445
-56.315834,-27.583889
-56.300835,-27.6052779999999
-56.296669,-27.6061129999999
-56.2861179999999,-27.602501
-56.281113,-27.600002
-56.277229,-27.595001
-56.273613,-27.577225
-56.2716669999999,-27.5675009999999
-56.270561,-27.555557
-56.27417,-27.549446
-56.28389,-27.540836
-56.294174,-27.539448
-56.313339,-27.551945
-56.320557,-27.563892
---
-54.516396,-37.065834
-54.515556,-37.076393
-54.512779,-37.083618
-54.488892,-37.105835
-54.476669,-37.108063
-54.471115,-37.105835
-54.4669489999999,-37.077507
-54.468338,-37.068062
-54.471115,-37.0611109999999
-54.481392,-37.043335
-54.488892,-37.032784
-54.497223,-37.023338
-54.501945,-37.01973
-54.5066679999999,-37.021118
-54.5116729999999,-37.038612
---
-54.0361179999999,-37.4613949999999
-54.048058,-37.373894
-54.050285,-37.270279
-54.031395,-37.1627809999999
-54.0561139999999,-37.027779
-54.088341,-36.809448
-54.10778,-36.656395
-54.118614,-36.626114
-54.12278,-36.621391
-54.208893,-36.584167
-54.240005,-36.660004
-54.246117,-36.6727829999999
-54.2502819999999,-36.677505
-54.272781,-36.671394
-54.277504,-36.653893
-54.283615,-36.6266709999999
-54.2677839999999,-36.606949
-54.26445,-36.6011119999999
-54.2469479999999,-36.5602799999999
-54.244171,-36.5533369999999
-54.2344509999999,-36.5230559999999
-54.2344509999999,-36.511116
-54.23584,-36.4852829999999
-54.2419509999999,-36.472504
-54.247223,-36.470001
-54.2663959999999,-36.469727
-54.2713929999999,-36.473061
-54.2755579999999,-36.4777829999999
-54.327507,-36.456116
-54.355003,-36.3700029999999
-54.361671,-36.346115
-54.354172,-36.335838
-54.3494489999999,-36.33223
-54.343895,-36.3325039999999
-54.299446,-36.35556
-54.286667,-36.3686139999999
-54.282501,-36.373337
-54.2805559999999,-36.381668
-54.277779,-36.388618
-54.2722239999999,-36.391113
-54.251114,-36.397507
-54.2469479999999,-36.397507
-54.247505,-36.386673
-54.263618,-36.2952799999999
-54.2663959999999,-36.288063
-54.2697299999999,-36.282227
-54.286667,-36.257225
-54.3377839999999,-36.229172
-54.3605579999999,-36.2533339999999
-54.364723,-36.258057
-54.371674,-36.257782
-54.376945,-36.2552799999999
-54.444725,-36.160004
-54.547226,-36.098618
-54.5519489999999,-36.095001
-54.570839,-36.0686109999999
-54.5722269999999,-36.0591739999999
-54.5788959999999,-35.979729
-54.623062,-35.934723
-54.6958389999999,-35.9375
-54.705284,-35.930283
-54.713341,-35.92028
-54.716949,-35.914452
-54.743057,-35.8566739999999
-54.750839,-35.8280559999999
-54.755005,-35.811394
-54.7588959999999,-35.794724
-54.761391,-35.787224
-54.765556,-35.782501
-54.792778,-35.827782
-54.8133389999999,-35.9094469999999
-54.813614,-35.918892
-54.811111,-35.95945
-54.8091739999999,-35.979729
-54.803894,-35.994171
-54.797783,-36.007225
-54.787781,-36.025284
-54.7788929999999,-36.0458369999999
-54.7680589999999,-36.074722
-54.763618,-36.090004
-54.763618,-36.0997239999999
-54.768333,-36.1030579999999
-54.7738949999999,-36.100563
-54.7780609999999,-36.09584
-54.784729,-36.0836179999999
-54.817223,-36.021118
-54.830559,-35.989723
-54.831116,-35.9791719999999
-54.8302839999999,-35.968613
-54.831116,-35.957779
-54.834167,-35.9516679999999
-54.8472289999999,-35.926392
-54.8511119999999,-35.921394
-54.856117,-35.92028
-54.869446,-35.961395
-54.890282,-36.076393
-54.890282,-36.0977779999999
-54.8891679999999,-36.107506
-54.887222,-36.115837
-54.88028,-36.128059
-54.875557,-36.131668
-54.869446,-36.132782
-54.8502809999999,-36.1333389999999
-54.8108369999999,-36.196114
-54.8075029999999,-36.202225
-54.7333369999999,-36.297501
-54.713058,-36.302505
-54.686951,-36.317223
-54.528893,-36.468613
-54.4983369999999,-36.51973
-54.49556,-36.526947
-54.496117,-36.537224
-54.499168,-36.577507
-54.500557,-36.586945
-54.491112,-36.655556
-54.470284,-36.736946
-54.449722,-36.808891
-54.444168,-36.811394
-54.438057,-36.810005
-54.416115,-36.800835
-54.409447,-36.800835
-54.403061,-36.801949
-54.349724,-36.8586119999999
-54.34584,-36.8636169999999
-54.340836,-36.878891
-54.337502,-36.9200059999999
-54.338341,-36.930557
-54.350563,-36.991394
-54.3486179999999,-36.999725
-54.3300019999999,-37.0594479999999
-54.321945,-37.080833
-54.3183359999999,-37.08667
-54.313057,-37.08667
-54.3033369999999,-37.0797269999999
-54.297226,-37.078339
-54.291672,-37.080833
-54.28334,-37.090004
-54.261391,-37.1461179999999
-54.2477799999999,-37.2366709999999
-54.2469479999999,-37.2469479999999
-54.2502819999999,-37.253059
-54.257225,-37.262505
-54.261391,-37.267227
-54.266113,-37.2822269999999
-54.2719499999999,-37.365837
-54.2697299999999,-37.404167
-54.268333,-37.411392
-54.2519449999999,-37.413612
-54.186394,-37.406952
-54.183617,-37.4000019999999
-54.17556,-37.367226
-54.173615,-37.335556
-54.160561,-37.264168
-54.1552809999999,-37.2499999999999
-54.147781,-37.2394489999999
-54.145561,-37.254723
-54.129173,-37.484726
-54.129723,-37.495003
-54.136948,-37.552505
-54.1391679999999,-37.561951
-54.142502,-37.56778
-54.147224,-37.569168
-54.151947,-37.5680619999999
-54.155556,-37.562225
-54.15834,-37.555283
-54.162506,-37.529449
-54.170563,-37.562225
-54.173889,-37.580002
-54.176674,-37.598892
-54.181671,-37.645836
-54.181671,-37.655006
-54.176674,-37.681946
-54.173889,-37.688614
-54.143059,-37.717506
-54.138062,-37.72084
-54.097778,-37.720284
-54.0922239999999,-37.717781
-54.0888899999999,-37.711945
-54.074722,-37.676392
-54.072784,-37.668335
-54.073616,-37.658058
-54.072784,-37.647507
-54.06945,-37.641396
-54.052505,-37.621391
-54.04834,-37.6166689999999
-54.042778,-37.616394
-54.0408399999999,-37.624725
-54.035004,-37.692223
-54.047226,-37.897781
-54.057228,-38.009727
-54.059174,-38.018059
-54.0536119999999,-38.0294489999999
-54.048889,-38.033058
-54.0097269999999,-38.0286179999999
-54.0063929999999,-38.022507
-54.003891,-38.015282
-53.992226,-37.933617
-53.989723,-37.910278
-53.995003,-37.747223
-54.0105589999999,-37.495003
---
