27.6847190000001,-17.96278
27.6799960000001,-17.965
27.637497,-17.98278
27.6494410000001,-18.014446
27.703888,-18.1538929999999
27.7066650000001,-18.158337
27.731667,-18.16917
27.737221,-18.170559
27.742496,-18.170559
27.7536090000001,-18.167503
27.761944,-18.161114
27.769444,-18.146114
27.773331,-18.135281
27.7719420000001,-18.129169
27.763054,-18.115837
27.76083,-18.110558
27.7555540000001,-18.064724
27.756386,-18.057503
27.7602770000001,-18.0436129999999
27.7624970000001,-18.038334
27.765831,-18.0344469999999
27.790554,-18.015278
27.8130530000001,-18.0033339999999
27.8177759999999,-18.001114
27.820553,-17.996391
27.8475000000001,-17.933891
27.8497199999999,-17.928337
27.8486100000001,-17.907501
27.842499,-17.898891
27.829441,-17.8905559999999
27.820274,-17.885281
27.8155520000001,-17.882778
27.811386,-17.88139
27.799721,-17.8822249999999
27.7947200000001,-17.8847239999999
27.7819440000001,-17.901112
27.779163,-17.905834
27.775833,-17.909725
27.771664,-17.9127809999999
---
27.7311099999999,-15.579168
27.7433320000001,-15.6044449999999
27.7455519999999,-15.610001
27.748608,-15.621946
27.750553,-15.666389
27.7513890000001,-15.673334
27.7533300000001,-15.677223
27.833885,-15.781389
27.837498,-15.785002
27.9133300000001,-15.8222239999999
27.918053,-15.8230569999999
27.9622190000001,-15.820835
27.9991650000001,-15.816668
28.004719,-15.815001
28.008053,-15.810835
28.0091630000001,-15.804445
28.0097200000001,-15.789722
28.0108300000001,-15.783335
28.013332,-15.778891
28.046665,-15.730835
28.066109,-15.7138899999999
28.070274,-15.7105559999999
28.074997,-15.7080569999999
28.081108,-15.706945
28.13472,-15.6975
28.1408310000001,-15.696667
28.1469420000001,-15.697224
28.1561090000001,-15.702501
28.1544420000001,-15.635279
28.133331,-15.435278
28.010277,-15.365557
28.0041660000001,-15.3650019999999
27.844997,-15.394167
27.7991640000001,-15.428335
27.7899970000001,-15.4408339999999
27.788055,-15.4466669999999
27.7830540000001,-15.471668
27.7813870000001,-15.485001
27.768608,-15.522779
27.766666,-15.5280569999999
27.7558330000001,-15.554167
---
28.0099980000001,-17.230835
28.0108300000001,-17.2452809999999
28.019444,-17.259167
28.046665,-17.298615
28.054443,-17.305557
28.0772210000001,-17.323059
28.0813870000001,-17.326115
28.09111,-17.330559
28.1166650000001,-17.3325
28.140553,-17.328335
28.1675000000001,-17.319447
28.172222,-17.316948
28.175552,-17.313057
28.184444,-17.299446
28.20583,-17.258614
28.2063870000001,-17.251392
28.1872220000001,-17.1947249999999
28.184998,-17.189445
28.1452750000001,-17.113613
28.13472,-17.101948
28.1305540000001,-17.098892
28.1119420000001,-17.0891689999999
28.098888,-17.0899999999999
28.086666,-17.091946
28.081108,-17.0938909999999
28.076942,-17.096947
28.0619430000001,-17.111115
28.024719,-17.154724
28.016941,-17.175003
---
28.3627780000001,-16.348335
28.3580550000001,-16.350834
28.2219430000001,-16.394169
28.1452750000001,-16.418056
28.0808299999999,-16.4747239999999
28.0233310000001,-16.527225
28.0208320000001,-16.53167
28.020275,-16.546669
28.021385,-16.56139
28.019444,-16.574722
27.9947200000001,-16.651669
27.992775,-16.657223
27.9841650000001,-16.6713909999999
28.025833,-16.69389
28.033333,-16.6991689999999
28.066944,-16.723335
28.07111,-16.726391
28.1019440000001,-16.752224
28.112221,-16.763615
28.1430550000001,-16.789448
28.195274,-16.831669
28.199718,-16.834446
28.3413889999999,-16.912781
28.3438870000001,-16.911945
28.3480529999999,-16.908611
28.35083,-16.904167
28.3730550000001,-16.843891
28.3749960000001,-16.8308329999999
28.3741650000001,-16.823612
28.372219,-16.8183359999999
28.369164,-16.813614
28.364166,-16.795559
28.363331,-16.750557
28.3694420000001,-16.69389
28.391666,-16.563614
28.4144439999999,-16.495556
28.417221,-16.490837
28.4847220000001,-16.418613
28.4941640000001,-16.413891
28.5113870000001,-16.409447
28.5194440000001,-16.4030569999999
28.534164,-16.380558
28.5369420000001,-16.376114
28.5699999999999,-16.273891
28.5722200000001,-16.1569479999999
28.501942,-16.156391
28.4927750000001,-16.177223
28.4736100000001,-16.217781
28.46833,-16.227222
28.461666,-16.235279
28.370277,-16.341114
---
28.0444410000001,-14.332779
28.045555,-14.345835
28.0497210000001,-14.386112
28.069164,-14.444168
28.095554,-14.4169449999999
28.0975000000001,-14.411667
28.1208310000001,-14.353613
28.140274,-14.3136119999999
28.1427760000001,-14.308889
28.1761090000001,-14.261112
28.182777,-14.253056
28.2241630000001,-14.212778
28.228054,-14.209446
28.244442,-14.204168
28.258053,-14.203335
28.283054,-14.205278
28.29472,-14.2025009999999
28.321941,-14.1933349999999
28.434166,-14.139446
28.515553,-14.082224
28.5647200000001,-14.050835
28.636387,-14.019167
28.6630550000001,-14.0091669999999
28.676109,-14.0077779999999
28.693886,-14.0099999999999
28.706387,-14.0077779999999
28.7111090000001,-14.00528
28.714996,-14.0019449999999
28.7386090000001,-13.951113
28.7455520000001,-13.9361109999999
28.7511100000001,-13.919168
28.756107,-13.8880559999999
28.7513890000001,-13.869722
28.7477760000001,-13.865835
28.7269440000001,-13.844168
28.708611,-13.833889
28.703609,-13.831945
28.686943,-13.828056
28.622776,-13.82139
28.590832,-13.8194449999999
28.577221,-13.8202779999999
28.5352750000001,-13.826389
28.3822210000001,-13.860834
28.3261110000001,-13.8847239999999
28.2813870000001,-13.9041669999999
28.249165,-13.923056
28.2411080000001,-13.929724
28.2311100000001,-13.941946
28.22472,-13.950001
28.223888,-13.9530559999999
28.2152750000001,-14.011391
28.213333,-14.030279
28.2119410000001,-14.050001
28.2083320000001,-14.06889
28.2005540000001,-14.098057
28.169167,-14.200556
28.159164,-14.211945
28.143887,-14.225834
28.1216660000001,-14.2402779999999
28.1136089999999,-14.246946
28.082497,-14.281668
28.051388,-14.317501
28.0463869999999,-14.327223
---
28.452499,-17.835281
28.462776,-17.8469469999999
28.4697190000001,-17.854446
28.4766650000001,-17.860836
28.4816670000001,-17.863056
28.506386,-17.870556
28.5319440000001,-17.87278
28.5388869999999,-17.872501
28.544998,-17.8733369999999
28.5547220000001,-17.876392
28.7102780000001,-17.96167
28.7302740000001,-17.976669
28.7352750000001,-17.984447
28.737221,-17.989723
28.746944,-18.002224
28.7524990000001,-18.0036129999999
28.7641639999999,-18.003056
28.773888,-17.998058
28.8074990000001,-17.974724
28.8108330000001,-17.970837
28.824997,-17.947224
28.846943,-17.909168
28.849442,-17.904446
28.844444,-17.797501
28.8430519999999,-17.791389
28.8388860000001,-17.781391
28.8255540000001,-17.765003
28.817219,-17.7588919999999
28.746109,-17.716393
28.740555,-17.716667
28.6077769999999,-17.73917
28.5624960000001,-17.7588919999999
28.5291630000001,-17.783337
28.516109,-17.785278
28.510555,-17.786945
28.5058330000001,-17.789448
28.4974980000001,-17.795559
28.4538880000001,-17.831947
---
28.913055,-13.652779
28.9133300000001,-13.6605569999999
28.918888,-13.678335
28.9197199999999,-13.685556
28.9169430000001,-13.6974999999999
28.909443,-13.720001
28.906944,-13.724724
28.900276,-13.7330569999999
28.8486100000001,-13.769445
28.8377760000001,-13.7730559999999
28.85611,-13.8194449999999
28.9063870000001,-13.8522219999999
28.9938890000001,-13.832224
29.0094410000001,-13.825834
29.0508310000001,-13.793612
29.0541650000001,-13.789722
29.0802760000001,-13.74889
29.1230550000001,-13.636946
29.138054,-13.593889
29.139164,-13.5875019999999
29.241943,-13.476112
29.243053,-13.469446
29.2316670000001,-13.442501
29.208054,-13.422501
29.2030530000001,-13.4202789999999
29.1683310000001,-13.42639
29.16222,-13.4275019999999
29.013611,-13.4688889999999
28.9969440000001,-13.4813899999999
28.9936099999999,-13.485556
28.9786110000001,-13.5075019999999
28.9608309999999,-13.541668
28.9263880000001,-13.609724
---
35.2630540000001,-2.93694399999998
35.2633290000001,-2.94444499999997
35.264717,-2.95027800000003
35.2711110000001,-2.95944500000002
35.274994,-2.96277800000001
35.2844390000001,-2.96722299999999
35.2947160000001,-2.97083399999997
35.3063890000001,-2.97111100000001
35.312492,-2.96916699999997
35.3213880000001,-2.96277800000001
35.3249970000001,-2.95861100000002
35.3291630000001,-2.94694500000003
35.295555,-2.93055599999997
35.273605,-2.91472199999993
35.2666630000001,-2.92527799999999
---
35.8416600000001,-5.34583400000002
35.847221,-5.35444499999994
35.8694380000001,-5.375834
35.8736040000001,-5.37861199999998
35.8869400000001,-5.38694500000003
35.896942,-5.39138899999995
35.909164,-5.395556
35.9163360000001,-5.395557
35.9180530000001,-5.37305599999996
35.9180530000001,-5.36527799999999
35.916382,-5.35777899999999
35.912498,-5.34499999999997
35.8958280000001,-5.32249999999993
35.8769380000001,-5.31944499999992
---
35.9077760000001,-3.04638899999998
35.9097210000001,-3.05111099999999
35.9158330000001,-3.05111099999999
35.919716,-3.04861099999999
35.924995,-3.03833300000002
35.9244380000001,-3.02722299999994
35.919441,-3.02722299999994
35.912773,-3.03611100000001
---
37.1622160000001,-6.92138999999992
37.163605,-6.92750100000001
37.166939,-6.933333
37.180275,-6.95416699999993
37.184441,-6.958889
37.203606,-6.96972299999999
37.210274,-6.97305599999999
37.212219,-6.96472299999999
37.2105480000001,-6.95833399999992
37.203331,-6.94861100000003
37.1708300000001,-6.92500000000001
---
38.6724930000001,1.58666700000003
38.667221,1.58805499999994
38.6555480000001,1.57611100000008
38.65416,1.56944399999998
38.65416,1.55638900000002
38.65416,1.53055499999999
38.654716,1.52416700000009
38.656944,1.51805500000012
38.6694409999999,1.50527800000003
38.675552,1.49444399999999
38.6855550000001,1.46305500000005
38.686943,1.4566660000001
38.6827770000001,1.44388900000001
38.6433259999999,1.39027800000014
38.6477740000001,1.38638900000007
38.6580510000001,1.38555600000007
38.6830519999999,1.38361100000009
38.693886,1.38305500000007
38.7155530000001,1.38305500000007
38.7205510000001,1.38305500000007
38.737778,1.39916700000003
38.7411040000001,1.44527800000003
38.691383,1.57305600000007
38.6877750000001,1.57777799999997
---
38.8455510000001,1.40583300000003
38.830826,1.37194400000004
38.8511050000001,1.36805500000014
38.86055,1.36166600000013
38.8649980000001,1.35750000000007
38.8683320000001,1.35277799999994
38.871109,1.34638899999999
38.879715,1.27722199999999
38.878052,1.27055500000006
38.8636089999999,1.25750000000011
38.859161,1.25250000000011
38.8602749999999,1.24611099999993
38.8741610000001,1.22250000000003
38.898331,1.21194400000002
38.9480510000001,1.22777800000006
38.968048,1.24249999999995
39.0313870000001,1.29416700000013
39.0386050000001,1.3036110000001
39.0552750000001,1.32916700000004
39.0727770000001,1.36250000000001
39.1052700000001,1.47277800000006
39.1183320000001,1.519722
39.11805,1.54583300000007
39.0961070000001,1.60055500000004
39.09166,1.605278
39.081383,1.60916700000007
39.0283279999999,1.61500000000007
38.951942,1.53166699999997
---
39.733604,3.26083299999999
39.737778,3.27499999999992
39.7458270000001,3.29333299999996
39.759438,3.32361099999997
39.766106,3.33333300000004
39.775833,3.34388900000005
39.773331,3.38277800000003
39.750275,3.43972200000002
39.7216640000001,3.48027800000006
39.711105,3.47972200000009
39.6613850000001,3.46361100000001
39.640274,3.44749999999999
39.5527730000001,3.37749999999994
39.5491640000001,3.37166600000006
39.5263820000001,3.33194400000008
39.520554,3.32027800000009
39.5022200000001,3.30555500000014
39.467499,3.2880550000001
39.412773,3.26694400000002
39.3644410000001,3.2419440000001
39.273048,3.08194400000014
39.2636110000001,3.06361100000009
39.263054,3.05694399999999
39.2830510000001,3.02916600000009
39.3186040000001,2.98555499999998
39.3533330000001,2.829722
39.36055,2.79944399999999
39.364716,2.78638899999999
39.3691640000001,2.78138899999999
39.3924940000001,2.75527799999998
39.4063870000001,2.74555500000002
39.411659,2.74305500000008
39.4730529999999,2.72777700000006
39.4908290000001,2.74166600000012
39.49472,2.74638800000002
39.4966660000001,2.75277800000009
39.5024950000001,2.75472200000002
39.5074999999999,2.75361100000009
39.515831,2.74500000000012
39.523888,2.73638899999992
39.5274960000001,2.73166700000002
39.5519409999999,2.69444400000003
39.559441,2.67527799999999
39.5636060000001,2.66250000000002
39.5644380000001,2.65611100000007
39.524719,2.54638900000003
39.520271,2.54250000000013
39.5216600000001,2.43694400000004
39.524994,2.38916599999993
39.555832,2.36416600000001
39.612778,2.38611100000014
39.7002720000001,2.53861100000006
39.7938840000001,2.68388800000008
39.844719,2.77777800000001
39.91111,2.98777800000005
39.9219440000001,3.07138900000007
39.911385,3.09694400000006
39.9013820000001,3.09194400000007
39.8913880000001,3.08888900000011
39.885826,3.08944400000001
39.8122180000001,3.1244440000001
39.792221,3.13472200000001
39.787498,3.13833299999999
39.775833,3.15194400000013
39.7599950000001,3.18083299999995
39.736107,3.24138900000003
39.734718,3.2477770000001
---
39.878883,4.31555500000007
39.8461070000001,4.31694400000009
39.8319400000001,4.31388900000007
39.8141630000001,4.29999900000013
39.8105550000001,4.29527799999994
39.8074950000001,4.28916600000014
39.8063890000001,4.276388
39.8088840000001,4.26305500000012
39.8105550000001,4.25666599999994
39.816109,4.23833300000007
39.8683320000001,4.11638800000003
39.877777,4.10083300000014
39.88472,4.09083299999998
39.890549,4.08833300000009
39.8955540000001,4.08472200000011
39.8991619999999,4.07972100000001
39.91555,4.041111
39.919998,4.02861000000007
39.9302749999999,3.98472199999998
39.9336089999999,3.96555499999999
39.9324950000001,3.93833300000006
39.929161,3.92416600000013
39.925827,3.91111099999995
39.9208300000001,3.89111100000002
39.920273,3.88472200000001
39.919998,3.87805500000013
39.922493,3.82666600000005
40.0172200000001,3.79694400000005
40.0527730000001,3.83138799999995
40.056389,3.83611100000013
40.0580519999999,3.86833300000006
40.058884,3.93750000000006
40.0561070000001,4.12249900000012
40.0502780000001,4.17444399999999
39.993607,4.24138800000009
39.9613879999999,4.27333299999998
---
43.7147220000001,-7.85055599999998
43.724159,-7.81111099999998
43.729721,-7.79388899999992
43.747498,-7.724445
43.7486040000001,-7.68555600000002
43.7344439999999,-7.51666699999998
43.726387,-7.46361200000001
43.676109,-7.36583399999995
43.6722179999999,-7.36138899999997
43.6458280000001,-7.33777800000001
43.6313860000001,-7.32916699999993
43.5980530000001,-7.29861199999993
43.594162,-7.29333400000002
43.565277,-7.25388899999996
43.5591660000001,-7.24083400000001
43.5649950000001,-7.21138999999994
43.5647200000001,-7.19805600000001
43.5594410000001,-7.04527899999999
43.5574950000001,-7.038611
43.5469439999999,-7.036112
43.5372160000001,-7.03388999999993
43.490402,-7.04481900000002
43.5397190000001,-7.01916699999998
43.560829,-6.99944499999992
43.577774,-6.94333399999994
43.567772,-6.76666699999993
43.5583270000001,-6.60083399999996
43.5549930000001,-6.48138899999998
43.5569379999999,-6.34277799999995
43.5694430000001,-6.29583399999996
43.5616610000001,-6.10861199999994
43.561943,-6.09499999999997
43.5658260000001,-6.07583399999993
43.5938870000001,-5.94472299999995
43.623329,-5.88333399999993
43.6480480000001,-5.85416700000002
43.6172180000001,-5.77861100000001
43.594162,-5.75833399999999
43.586662,-5.74888900000002
43.576385,-5.73333400000001
43.5483320000001,-5.69055599999996
43.5438840000001,-5.67777799999999
43.5436099999999,-5.67083400000001
43.544716,-5.64972299999994
43.5452730000001,-5.64194499999996
43.5502780000001,-5.61000099999995
43.552216,-5.54888899999992
43.553886,-5.45972299999994
43.5524980000001,-5.398056
43.5338820000001,-5.288611
43.5249939999999,-5.27111099999996
43.518326,-5.25916699999999
43.495552,-5.23444499999994
43.479721,-5.21444500000001
43.4777760000001,-5.20749999999993
43.47805,-5.19416699999994
43.4699940000001,-5.05639000000002
43.461105,-4.98000000000002
43.448608,-4.88194499999997
43.4283290000001,-4.76055600000001
43.4230500000001,-4.74694499999993
43.419167,-4.73333399999996
43.408607,-4.65666699999997
43.406662,-4.63750099999999
43.4030530000001,-4.59472299999993
43.3963470000001,-4.51455199999998
43.401108,-4.50111199999998
43.4016649999999,-4.42472299999997
43.3977740000001,-4.38999999999999
43.390549,-4.31555599999996
43.390549,-4.273056
43.3961110000001,-4.22388899999999
43.3977740000001,-4.21277800000001
43.4163820000001,-4.12194499999998
43.4424970000001,-4.05139000000003
43.467773,-3.94472300000001
43.492493,-3.81027799999998
43.4913860000001,-3.79000000000002
43.487778,-3.78500000000003
43.4699940000001,-3.766389
43.510277,-3.585556
43.508049,-3.55361099999999
43.505829,-3.54611199999999
43.465553,-3.45138900000001
43.4183269999999,-3.32527799999997
43.3969420000001,-3.22472199999993
43.3535610000001,-3.15059299999996
43.3574980000001,-3.02222299999994
43.383331,-3.0025
43.435555,-2.94138899999996
43.435829,-2.92777799999999
43.432777,-2.85638899999998
43.430275,-2.80777799999993
43.4263840000001,-2.73555599999992
43.390274,-2.56527799999998
43.3786090000001,-2.51388900000001
43.376663,-2.50722300000001
43.361382,-2.48972199999997
43.356384,-2.48555599999997
43.34111,-2.46472299999999
43.334717,-2.45222199999995
43.305832,-2.35416700000002
43.304443,-2.34777800000001
43.2961040000001,-2.29555599999998
43.2911070000001,-2.170278
43.2911070000001,-2.15638899999993
43.296661,-2.12194499999993
43.332497,-1.97472199999999
43.3805540000001,-1.83916699999997
43.391663,-1.79472199999998
43.3922200000001,-1.787778
43.388885,-1.78083299999992
43.359924,-1.78087699999992
43.342499,-1.77694500000001
43.2989810000001,-1.73037699999998
43.3041610000001,-1.711389
43.307777,-1.69277799999992
43.309441,-1.65555599999993
43.2877730000001,-1.50361099999992
43.2730480000001,-1.40888899999999
43.262772,-1.39138899999995
43.2530520000001,-1.38416699999993
43.247215,-1.38249999999994
43.217773,-1.38277799999997
43.20166,-1.38499999999993
43.1366650000001,-1.41138899999999
43.1236040000001,-1.42222199999998
43.1163860000001,-1.42944499999993
43.1030499999999,-1.45166699999999
43.1030499999999,-1.45861099999996
43.095833,-1.46888899999993
43.0911100000001,-1.47250000000003
43.085831,-1.47055599999993
43.0566640000001,-1.44999999999999
43.0516660000001,-1.44583299999999
43.045555,-1.43444499999993
43.0436100000001,-1.42777799999993
43.038055,-1.398056
43.031662,-1.36027799999999
43.034721,-1.34666700000002
43.0391620000001,-1.34305599999993
43.071663,-1.30027799999999
43.0458300000001,-1.20055600000001
43.006386,-1.07277799999997
42.9761050000001,-0.993610999999987
42.9558260000001,-0.946389000000011
42.952499,-0.934166999999945
42.946106,-0.818610999999919
42.952499,-0.790555999999924
42.9569400000001,-0.786945000000003
42.9647220000001,-0.766944999999964
42.96611,-0.759999999999991
42.9655530000001,-0.746667000000002
42.9611049999999,-0.74277799999993
42.9372180000001,-0.724166999999966
42.9224930000001,-0.722778000000005
42.918945,-0.723322999999937
42.909164,-0.732777999999939
42.9044420000001,-0.733888999999976
42.899162,-0.731944999999939
42.8913880000001,-0.723888999999986
42.8866650000001,-0.71888899999999
42.8825000000001,-0.712778000000014
42.7813870000001,-0.56222200000002
42.77861,-0.549444999999935
42.796387,-0.391943999999967
42.82666,-0.323611000000028
42.831108,-0.317777999999976
42.8358310000001,-0.314999999999941
42.8483810000001,-0.308739000000003
42.844162,-0.305555999999967
42.839439,-0.300833000000011
42.817497,-0.262499999999989
42.794167,-0.205555999999945
42.784439,-0.180000000000007
42.7766570000001,-0.151944000000015
42.7575,-0.123610999999983
42.715828,-0.0630560000000173
42.70916,-0.0608330000000024
42.703331,-0.0619439999999258
42.697777,-0.0619439999999258
42.69416,-0.0572220000000243
42.69194,-0.0505559999999718
42.6849980000001,-0.00555599999995593
42.6854400000001,0
42.6869349999999,0.00833299999999326
42.7094420000001,0.111944000000108
42.7222210000001,0.144166999999925
42.73333,0.172222000000033
42.735275,0.178611000000046
42.7347180000001,0.18638900000002
42.717499,0.261944000000142
42.707771,0.269722000000115
42.702499,0.272500000000093
42.686661,0.432777999999985
42.6913829999999,0.501667000000111
42.69194,0.509166999999991
42.6958310000001,0.560000000000059
42.6950000000001,0.595555999999931
42.69194,0.66166700000008
42.6884840000001,0.675506000000098
42.693329,0.680000000000121
42.7080539999999,0.683056000000022
42.7130510000001,0.683889000000022
42.7294390000001,0.681389000000138
42.7480550000001,0.668056000000036
42.7541660000001,0.655555000000106
42.7849960000001,0.651944000000071
42.8391650000001,0.667777999999942
42.8536070000001,0.692778000000089
42.858604,0.712222000000054
42.8591610000001,0.720000000000027
42.833054,0.823611000000142
42.813049,0.896944000000076
42.7852710000001,1.08500000000004
42.784439,1.09166600000003
42.768608,1.12111100000004
42.7608260000001,1.13222200000013
42.753052,1.1400000000001
42.7416610000001,1.1408330000001
42.7369380000001,1.13777800000014
42.731941,1.1408330000001
42.727776,1.144722
42.7236100000001,1.15083300000009
42.7097170000001,1.17388899999992
42.714996,1.32166600000005
42.719994,1.32833299999993
42.7152710000001,1.35916700000013
42.6883320000001,1.39027800000014
42.650833,1.41722199999998
42.601944,1.44583300000011
42.576385,1.43444399999999
42.54583,1.42138899999998
42.493332,1.42416600000007
42.4508289999999,1.44833299999999
42.4416659999999,1.454722
42.4363860000001,1.51222200000012
42.436104,1.53333299999997
42.437218,1.54166699999996
42.467773,1.65444399999996
42.471382,1.66111100000006
42.5030520000001,1.7188890000001
42.509438,1.72361100000001
42.4883270000001,1.78000000000003
42.4699940000001,1.85138900000004
42.446938,1.9063890000001
42.410828,1.95916699999998
42.3841630000001,1.96888900000005
42.374718,1.97666600000014
42.3677750000001,1.98777800000011
42.357216,2.00472200000013
42.3530500000001,2.017222
42.3522190000001,2.02388900000011
42.356941,2.06222200000008
42.3641660000001,2.09361100000001
42.383331,2.11694400000005
42.3933260000001,2.12305500000014
42.398331,2.12416600000006
42.4080510000001,2.12916700000011
42.4172210000001,2.13777700000003
42.421387,2.15138900000005
42.4366610000001,2.26250000000005
42.437218,2.26916600000004
42.434288,2.28053400000005
42.418053,2.332222
42.3805540000001,2.43888900000002
42.3763890000001,2.44277800000009
42.3533330000001,2.46972199999993
42.3430480000001,2.48472200000009
42.3333280000001,2.52583300000009
42.332497,2.54194399999994
42.3419420000001,2.66638900000009
42.357216,2.67444400000011
42.3794399999999,2.65694400000007
42.3844379999999,2.65722199999993
42.401665,2.67833300000001
42.4194410000001,2.72472200000004
42.480553,2.94999999999999
42.474716,3.045278
42.4697190000001,3.04777800000011
42.4597170000001,3.04944400000011
42.439438,3.07583300000005
42.4299930000001,3.09222199999999
42.429161,3.10611100000006
42.4333270000001,3.15833300000014
42.4355550000001,3.17111100000011
42.436806,3.17765500000013
42.4261090000001,3.16916700000002
42.3825,3.15916600000014
42.378883,3.15916600000014
42.3619380000001,3.16611100000011
42.3574980000001,3.17083300000002
42.344994,3.18944399999998
42.3422160000001,3.19388900000001
42.3408279999999,3.19833300000005
42.342499,3.20249999999999
42.3461070000001,3.20249999999999
42.348328,3.2066660000001
42.349442,3.21805500000005
42.3497160000001,3.23416700000001
42.344444,3.26638800000006
42.339439,3.27972199999999
42.324997,3.31722200000002
42.321388,3.31916699999999
42.3177720000001,3.31777800000003
42.267776,3.28666600000008
42.2580490000001,3.27972199999999
42.2433320000001,3.26638800000006
42.2408290000001,3.26277700000003
42.232498,3.21861100000007
42.234993,3.208889
42.241386,3.19666600000011
42.251938,3.18499999999995
42.2558290000001,3.18222200000014
42.2591630000001,3.17833300000007
42.2630540000001,3.164444
42.2624970000001,3.15861100000001
42.2613830000001,3.15361100000001
42.253609,3.14222200000006
42.2288819999999,3.11972200000002
42.2213820000001,3.11638900000014
42.214165,3.11444399999993
42.1966630000001,3.11083300000013
42.192215,3.11027800000005
42.151939,3.11444399999993
42.1369400000001,3.11972200000002
42.118332,3.13388900000001
42.115829,3.14333299999998
42.1166610000001,3.14805599999994
42.1155550000001,3.16222200000004
42.1144410000001,3.16694400000011
42.1072160000001,3.17944399999999
42.101105,3.18499999999995
42.071938,3.208889
42.061104,3.21333299999998
41.946938,3.22055499999999
41.892776,3.2016660000001
41.8674930000001,3.17527800000005
41.84861,3.1236110000001
41.7730480000001,3.01194400000009
41.724716,2.94638900000001
41.7199940000001,2.93944399999998
41.715828,2.9319440000001
41.6274950000001,2.71750000000009
41.6127780000001,2.67666600000007
41.5908280000001,2.60583300000008
41.5772170000001,2.5577770000001
41.570274,2.53777699999995
41.463333,2.27305600000005
41.456383,2.26111100000008
41.4499970000001,2.25388900000007
41.444717,2.24888800000002
41.4374920000001,2.24277699999993
41.342499,2.16472199999993
41.3152770000001,2.15305500000005
41.3086090000001,2.14944400000007
41.29277,2.12388800000014
41.2858280000001,2.11083299999996
41.2752760000001,2.07833299999999
41.268608,2.05416600000001
41.2630540000001,2.01694400000014
41.2630540000001,2.00749999999994
41.263329,1.99805500000008
41.2511060000001,1.88999999999999
41.218605,1.76166699999999
41.2055510000001,1.70138900000006
41.2016600000001,1.67583300000013
41.199165,1.65138899999999
41.1958310000001,1.61638900000008
41.1849980000001,1.53194400000001
41.178604,1.49833300000006
41.12944,1.32249999999993
41.101387,1.20499999999998
41.0624920000001,1.039444
41.0480499999999,0.993055000000084
41.0327760000001,0.964444000000015
41.016663,0.943332999999939
41.0075,0.936389000000077
40.991104,0.924721999999974
40.9849930000001,0.905555000000049
40.9755550000001,0.893333000000041
40.813049,0.704167000000041
40.8055500000001,0.700277999999969
40.8019410000001,0.699444000000085
40.7983320000001,0.698889000000008
40.794716,0.700000000000045
40.783333,0.713055000000054
40.7758330000001,0.723055000000045
40.7663880000001,0.738054999999974
40.73027,0.838611000000128
40.7286070000001,0.857499999999959
40.731384,0.867222000000027
40.733604,0.873333000000116
40.730553,0.888610999999969
40.7283330000001,0.894999999999982
40.7244420000001,0.899999999999977
40.7197190000001,0.902778000000126
40.7027739999999,0.885278000000085
40.684441,0.864167000000066
40.6761090000001,0.851666999999964
40.571663,0.689722000000017
40.5641630000001,0.671111000000053
40.561386,0.657500000000084
40.560272,0.643332999999927
40.5633320000001,0.629444000000035
40.5655520000001,0.623055000000079
40.5758290000001,0.607221999999922
40.5805510000001,0.608054999999922
40.593605,0.615000000000066
40.59166,0.621667000000002
40.5888820000001,0.627499999999998
40.589439,0.63444400000003
40.595833,0.709167000000036
40.6397170000001,0.738054999999974
40.640274,0.731388999999979
40.6374970000001,0.696666999999991
40.6263890000001,0.616667000000007
40.6236040000001,0.603611000000114
40.6127779999999,0.589166999999975
40.56916,0.541944000000001
40.533882,0.519166999999982
40.52874,0.518939000000103
40.44722,0.458333000000039
40.303055,0.358333000000073
40.298607,0.354444000000001
40.236656,0.28055599999999
40.1836010000001,0.213056000000051
40.0361020000001,0.0488890000000879
40.03138,0.0461110000001099
40.0077670000001,0.0327780000000075
39.8933260000001,-0.0372219999999857
39.851387,-0.0844439999999622
39.8286059999999,-0.107221999999922
39.818604,-0.115833000000009
39.736107,-0.179167000000007
39.5197220000001,-0.314721999999961
39.509995,-0.320555999999954
39.49472,-0.326111000000026
39.440552,-0.337221999999997
39.4355550000001,-0.338055999999995
39.1438830000001,-0.241110999999933
39.053604,-0.194999999999993
39.02916,-0.182500000000005
38.9783330000001,-0.143332999999927
38.9297180000001,-0.0922219999999356
38.9088820000001,-0.0699999999999932
38.9011080000001,-0.0600000000000023
38.894165,-0.0491669999999544
38.884254,-0.0330630000000269
38.8622130000001,0.00888900000001058
38.8572080000001,0.0291670000000295
38.8588790000001,0.048610999999994
38.8610990000001,0.05499999999995
38.861656,0.0613890000001334
38.8602680000001,0.0677779999999188
38.854988,0.0863890000000538
38.828323,0.14777800000013
38.805824,0.195556000000011
38.801659,0.201389000000006
38.7580410000001,0.215278000000069
38.732208,0.207222000000002
38.6974870000001,0.164167000000077
38.684708,0.144166999999925
38.6380460000001,0.041667000000075
38.628609,-0.0066669999999931
38.6224980000001,-0.0174999999999272
38.595551,-0.0502779999999348
38.5911100000001,-0.0552779999999302
38.538055,-0.138611000000026
38.5358279999999,-0.151666999999975
38.486382,-0.288611000000003
38.481667,-0.300555999999972
38.473053,-0.317221999999958
38.469994,-0.322778000000028
38.4416660000001,-0.371943999999928
38.430832,-0.386666999999989
38.3249970000001,-0.511666999999932
38.1852720000001,-0.600278000000003
38.046944,-0.65666699999997
37.8922200000001,-0.749167
37.887215,-0.751944999999921
37.8619380000001,-0.759443999999974
37.856941,-0.760556000000008
37.845955,-0.761015999999927
37.801384,-0.801388999999972
37.7488860000001,-0.841943999999955
37.721664,-0.858333000000016
37.71666,-0.860000000000014
37.711937,-0.857500000000016
37.6647190000001,-0.814166999999941
37.657219,-0.80472199999997
37.6477740000001,-0.786945000000003
37.6302720000001,-0.740832999999952
37.62944,-0.734721999999977
37.6358260000001,-0.721944000000008
37.6405490000001,-0.718332999999916
37.6455540000001,-0.718332999999916
37.6438830000001,-0.710278000000017
37.6325000000001,-0.696666999999934
37.6163859999999,-0.708332999999925
37.6069410000001,-0.715555999999992
37.597496,-0.731388999999979
37.593887,-0.744167000000004
37.552216,-0.914999999999964
37.5513840000001,-0.921666999999957
37.5558320000001,-0.952499999999986
37.572777,-0.976111000000003
37.576942,-0.979721999999924
37.5791630000001,-1.04833300000001
37.575272,-1.23861099999993
37.5580520000001,-1.32749999999999
37.549438,-1.35083300000002
37.494438,-1.44277799999998
37.487495,-1.45388899999995
37.4791640000001,-1.46277799999996
37.4655530000001,-1.47194500000001
37.441109,-1.48388899999998
37.4361040000001,-1.48555599999997
37.421944,-1.50944399999992
37.399719,-1.56777799999998
37.3768620000001,-1.63341500000001
37.3727720000001,-1.64361099999996
37.3494420000001,-1.67888899999997
37.3424989999999,-1.68916699999994
37.2322160000001,-1.791111
37.222771,-1.79805599999997
37.2024990000001,-1.80916699999995
37.196388,-1.81166699999994
37.1813890000001,-1.81611099999992
37.150833,-1.82361099999997
37.1305540000001,-1.82555600000001
37.1194379999999,-1.82777799999997
37.0819400000001,-1.84666700000002
36.972221,-1.90222199999999
36.9397200000001,-1.92888900000003
36.9388890000001,-1.93527799999998
36.8958280000001,-1.98638899999997
36.8841629999999,-1.99888900000002
36.810555,-2.058333
36.80555,-2.059167
36.789719,-2.05888899999997
36.779442,-2.06
36.774994,-2.06361199999998
36.73555,-2.11666700000001
36.731384,-2.129167
36.716385,-2.18749999999994
36.724442,-2.19666699999993
36.7455520000001,-2.21722299999999
36.764442,-2.23111199999994
36.8200000000001,-2.28138899999999
36.823608,-2.28666699999997
36.829437,-2.29861099999994
36.8402710000001,-2.34388899999993
36.840828,-2.350278
36.8299940000001,-2.481945
36.81472,-2.55527799999999
36.811386,-2.56055599999996
36.793053,-2.57833299999993
36.7799990000001,-2.59027800000001
36.7697220000001,-2.59555599999999
36.7647170000001,-2.59722199999999
36.752777,-2.60055599999998
36.747215,-2.59999999999997
36.7369380000001,-2.60555599999992
36.722221,-2.61666700000001
36.7011110000001,-2.63944499999997
36.6944429999999,-2.65027800000001
36.685272,-2.6925
36.6816640000001,-2.72250000000003
36.678329,-2.768889
36.695274,-2.85944499999999
36.7052760000001,-2.87416699999994
36.7102740000001,-2.87888900000002
36.7155530000001,-2.88138900000001
36.7247160000001,-2.88805600000001
36.7336040000001,-2.89611099999996
36.744995,-2.91805599999992
36.749718,-2.92888899999997
36.7502750000001,-3.125
36.7480550000001,-3.23083400000002
36.7469410000001,-3.25916699999993
36.739716,-3.32749999999993
36.734718,-3.34638899999999
36.7269440000001,-3.35555599999998
36.721939,-3.35999999999996
36.7169420000001,-3.36055599999997
36.7122190000001,-3.36361099999993
36.6944429999999,-3.41833400000002
36.692772,-3.43277799999998
36.6916660000001,-3.45277800000002
36.692215,-3.46722299999999
36.6944429999999,-3.47972199999998
36.6966630000001,-3.48666700000001
36.7158280000001,-3.52944500000001
36.7469410000001,-3.59527799999995
36.7458270000001,-3.607778
36.740555,-3.63972199999995
36.7336040000001,-3.66944499999994
36.730553,-3.67555599999992
36.728333,-3.69444499999997
36.728607,-3.72555599999998
36.7424930000001,-3.78555599999993
36.7500000000001,-3.81638899999996
36.7524950000001,-3.84888899999999
36.741386,-4.02472299999999
36.7198640000001,-4.17048699999992
36.7133330000001,-4.23972199999997
36.710548,-4.32166699999993
36.710548,-4.32777800000002
36.717499,-4.35972299999992
36.723053,-4.39166699999998
36.722221,-4.39833399999992
36.7202760000001,-4.40472299999993
36.69944,-4.43416699999995
36.6947170000001,-4.43694499999992
36.65583,-4.46194499999996
36.622215,-4.48527799999999
36.6083300000001,-4.495001
36.510551,-4.63305600000001
36.506104,-4.646389
36.488609,-4.70833399999992
36.487778,-4.71472299999999
36.4858320000001,-4.75416799999999
36.48555,-4.76139000000001
36.4872210000001,-4.78166700000003
36.490273,-4.79416800000001
36.4963840000001,-4.81361199999998
36.498886,-4.832223
36.5008320000001,-4.85250100000002
36.5008320000001,-4.87805599999996
36.498886,-4.91388899999998
36.4916610000001,-4.940001
36.448883,-5.07361099999997
36.44416,-5.08666699999992
36.4152760000001,-5.16527799999994
36.4127730000001,-5.17194499999999
36.409721,-5.17666700000001
36.3705520000001,-5.21916699999997
36.233604,-5.31138900000002
36.2286070000001,-5.31361199999992
36.1974949999999,-5.32611200000002
36.1719440000001,-5.33333399999998
36.1625600000001,-5.33450800000003
36.1633070000001,-5.35579899999999
36.1783290000001,-5.38138999999995
36.1794430000001,-5.39527800000002
36.178886,-5.41611199999994
36.1777730000001,-5.42250099999995
36.169167,-5.431667
36.143883,-5.44527799999997
36.133606,-5.44389000000001
36.0838850000001,-5.431667
36.0758290000001,-5.42194499999994
36.0708310000001,-5.42527899999993
36.052216,-5.44889000000001
36.0061040000001,-5.61361099999993
36.073883,-5.79722299999997
36.080551,-5.80722200000002
36.0849989999999,-5.81111099999993
36.098328,-5.82222300000001
36.1077730000001,-5.82916699999998
36.116386,-5.83638999999994
36.120827,-5.84027899999995
36.134995,-5.85416700000002
36.1605529999999,-5.87944499999998
36.164162,-5.88416699999993
36.179161,-5.91138899999999
36.1811070000001,-5.91833399999996
36.1844410000001,-6.02555599999999
36.181156,-6.03267399999999
36.180275,-6.03750000000002
36.19194,-6.05083400000001
36.3052750000001,-6.15833400000002
36.4047160000001,-6.22694499999994
36.469994,-6.26138999999995
36.4816670000001,-6.26305599999995
36.46833,-6.24972199999996
36.4619370000001,-6.23972200000003
36.4613880000001,-6.23333400000001
36.4636080000001,-6.22611099999995
36.4669420000001,-6.21999999999997
36.470833,-6.21527899999995
36.512215,-6.17277799999999
36.516663,-6.17666699999995
36.5749970000001,-6.23083400000002
36.5813830000001,-6.23805600000003
36.613884,-6.29750099999995
36.620552,-6.33722299999994
36.616386,-6.36194499999999
36.616943,-6.36833399999995
36.623886,-6.38666699999993
36.626389,-6.39250099999998
36.634163,-6.40083399999997
36.682777,-6.42750100000001
36.692215,-6.432501
36.69722,-6.435
36.7188870000001,-6.44361099999998
36.7394410000001,-6.44166799999999
36.7436070000001,-6.43722200000002
36.8608320000001,-6.35555599999992
37.01944,-6.578889
37.0919420000001,-6.72583400000002
37.1655500000001,-6.90472299999999
37.2218360000001,-6.95992299999995
37.212608,-6.978722
37.177746,-6.97222799999997
37.191074,-6.99683599999997
37.2130510000001,-7.05333399999995
37.217499,-7.08027800000002
37.220551,-7.12722299999996
37.2172160000001,-7.17333399999995
37.208054,-7.25861200000003
37.2049940000001,-7.28472199999999
37.1972200000001,-7.32555599999995
37.188889,-7.34055599999994
37.183609,-7.33944500000001
37.1797180000001,-7.34444500000001
37.175827,-7.35638899999998
37.1697160000001,-7.38416699999999
37.1808320000001,-7.39861199999996
37.2016600000001,-7.40944499999995
37.253189,-7.43185399999999
37.366943,-7.43472299999996
37.4186100000001,-7.44722299999995
37.457222,-7.46138999999999
37.4813840000001,-7.47138999999999
37.498886,-7.48472299999992
37.522499,-7.50305600000002
37.5285490000001,-7.51253400000002
37.5524980000001,-7.52444500000001
37.69944,-7.44694500000003
37.7438890000001,-7.42305599999992
37.7649990000001,-7.394723
37.774437,-7.37916799999999
37.8152770000001,-7.32000099999999
37.860275,-7.28500099999997
37.870827,-7.27833399999997
37.9283290000001,-7.25361199999998
37.933609,-7.25194499999998
37.9594420000001,-7.25194499999998
37.974716,-7.25472299999996
37.9816670000001,-7.25944500000003
37.9874950000001,-7.25444499999998
37.9908290000001,-7.24555599999997
37.996941,-7.21083399999998
38.0099950000001,-7.12361099999998
38.0280530000001,-7.00666699999999
38.034164,-7.00139000000001
38.1399989999999,-6.95166699999993
38.1627730000001,-6.94388999999995
38.178055,-6.939167
38.209068,-6.93374599999999
38.2177730000001,-6.94055599999996
38.21833,-6.94777900000003
38.215828,-6.96138999999999
38.2094420000001,-6.993334
38.2005540000001,-7.01027899999997
38.195549,-7.01166699999999
38.1916660000001,-7.01694499999996
38.1874920000001,-7.02833399999992
38.174721,-7.08111200000002
38.174438,-7.08777799999996
38.184166,-7.10111099999995
38.1891630000001,-7.10222199999993
38.2258299999999,-7.13
38.246109,-7.14499999999993
38.284439,-7.16972299999998
38.3202740000001,-7.19222300000001
38.4166639999999,-7.27444500000001
38.4222180000001,-7.28083399999997
38.4269410000001,-7.28888899999998
38.4358290000001,-7.30416700000001
38.439995,-7.31305600000002
38.44944,-7.32111199999997
38.703331,-7.267222
38.708328,-7.265556
38.7230530000001,-7.26027900000003
38.728333,-7.25722300000001
38.733887,-7.24555599999997
38.749268,-7.20735499999995
38.7819440000001,-7.16416699999996
38.8355480000001,-7.08416699999998
38.86055,-7.05999999999995
39.019997,-6.95694400000002
39.0263820000001,-6.95479299999994
39.0566640000001,-6.96111200000001
39.0913849999999,-6.98277899999994
39.1072160000001,-7.005
39.116386,-7.02138899999994
39.1227720000001,-7.040278
39.1241610000001,-7.05055599999997
39.11805,-7.05666699999995
39.114716,-7.06555600000002
39.1047210000001,-7.10277799999994
39.104164,-7.11583400000001
39.108604,-7.13388899999995
39.111107,-7.14250099999992
39.116661,-7.14916699999992
39.2130510000001,-7.24277799999999
39.3447190000001,-7.31361199999998
39.3883290000001,-7.32277899999997
39.491386,-7.37138900000002
39.496109,-7.38
39.5997160000001,-7.49972200000002
39.605827,-7.50583399999999
39.6333310000001,-7.52305599999994
39.639999,-7.52694500000001
39.669418,-7.53250499999996
39.649162,-7.41472199999993
39.648331,-7.40750000000003
39.643883,-7.33750099999992
39.644722,-7.33083299999993
39.6486050000001,-7.32555599999995
39.6566620000001,-7.30722200000002
39.6719440000001,-7.26694500000002
39.672218,-7.26027900000003
39.6672209999999,-7.205556
39.6619420000001,-7.166112
39.6588820000001,-7.15249999999992
39.6586070000001,-7.14611100000002
39.662254,-7.05762899999996
39.665253,-7.04811899999999
39.6749950000001,-7.01722199999995
39.724716,-6.98972200000003
40.0102769999999,-6.87083299999995
40.0216600000001,-6.87055599999997
40.044167,-6.88250099999993
40.1016620000001,-6.92888900000003
40.107498,-6.93472299999996
40.112778,-6.9425
40.116661,-6.95055599999995
40.1158290000001,-6.95999999999992
40.117775,-6.97805599999998
40.120552,-6.98722299999997
40.1261060000001,-7.00472300000001
40.139442,-7.01305600000001
40.187775,-7.02722299999994
40.2227710000001,-7.01083399999999
40.230827,-7.00583399999999
40.2589800000001,-6.94652600000001
40.256386,-6.91027799999995
40.2602770000001,-6.88277799999992
40.263329,-6.87388900000002
40.2715230000001,-6.86230299999994
40.3172150000001,-6.83111199999996
40.387772,-6.81555600000002
40.5244369999999,-6.79611199999994
40.73333,-6.81944499999997
40.8488850000001,-6.80166700000001
40.8561100000001,-6.79972299999991
40.8741610000001,-6.80388900000003
40.9474950000001,-6.85722299999998
40.9563830000001,-6.86555599999997
40.95916,-6.87166699999995
40.9747160000001,-6.891389
41.013054,-6.92944499999999
41.0180510000001,-6.931667
41.0309600000001,-6.92440699999997
41.0286100000001,-6.84833300000003
41.0316620000001,-6.83499999999998
41.0455550000001,-6.80555600000002
41.0636060000001,-6.78027800000001
41.077774,-6.76861200000002
41.1024930000001,-6.75444499999998
41.1124950000001,-6.75416799999994
41.1366650000001,-6.75333399999994
41.2080540000001,-6.69055600000002
41.2124940000001,-6.68638900000002
41.24472,-6.64388899999994
41.246384,-6.61805600000002
41.244164,-6.59833299999997
41.239716,-6.58000099999992
41.2422180000001,-6.558333
41.2649989999999,-6.51027899999997
41.3188860000001,-6.43805599999996
41.3805540000001,-6.35777899999999
41.4361040000001,-6.29583399999996
41.5294420000001,-6.21750099999997
41.538887,-6.210556
41.5483320000001,-6.20361100000002
41.5697170000001,-6.19138900000002
41.5760570000001,-6.18874799999992
41.5797200000001,-6.18722199999996
41.5930480000001,-6.19444499999992
41.6377720000001,-6.25222299999996
41.6430510000001,-6.25999999999993
41.66333,-6.30361199999993
41.672218,-6.34722199999993
41.6797180000001,-6.42472299999991
41.680275,-6.434167
41.674721,-6.45277800000002
41.666664,-6.46916700000003
41.6574939999999,-6.49749999999995
41.661385,-6.50611099999992
41.679443,-6.539445
41.691109,-6.55138999999997
41.6980510000001,-6.55222199999997
41.764999,-6.54750100000001
41.8394390000001,-6.52805599999994
41.921944,-6.54861199999999
41.953606,-6.59416699999997
41.948883,-6.60250099999996
41.9405520000001,-6.618334
41.936661,-6.68749999999994
41.936661,-6.69694500000003
41.936661,-6.71694499999995
41.9447170000001,-6.90611199999995
41.94944,-6.93611099999998
41.952774,-6.94472299999995
41.9738619999999,-6.98284799999999
41.9566650000001,-7.00305600000002
41.952499,-7.01444499999997
41.951111,-7.05611099999999
41.9513850000001,-7.06305599999996
41.957497,-7.07749999999993
41.9613880000001,-7.08166699999998
41.966385,-7.08111200000002
41.9802700000001,-7.09250099999997
41.9869380000001,-7.10527799999994
41.99305,-7.12555599999996
41.9949950000001,-7.13361199999997
41.994164,-7.13999999999993
41.9794390000001,-7.18277799999993
41.975273,-7.18722200000002
41.937775,-7.18305600000002
41.9280550000001,-7.17472299999997
41.922775,-7.17361199999993
41.8983310000001,-7.18694499999992
41.8836059999999,-7.20055600000001
41.8838350000001,-7.20734800000002
41.8636090000001,-7.26833299999993
41.844994,-7.33111200000002
41.823326,-7.41055599999993
41.82222,-7.42666700000001
41.831108,-7.60777899999999
41.834999,-7.61194499999999
41.8455510000001,-7.60916700000001
41.8652730000001,-7.59805599999993
41.903053,-7.68638900000002
41.904999,-7.6925
41.904442,-7.70583299999998
41.897499,-7.75944500000003
41.864441,-7.84916699999997
41.855553,-7.86694499999993
41.8524929999999,-7.873334
41.8527760000001,-7.88
41.8808290000001,-7.92111199999999
41.8747180000001,-7.93222199999997
41.8272170000001,-8.03527800000001
41.819519,-8.05506500000001
41.815277,-8.06750099999999
41.8094410000001,-8.08777799999996
41.8091660000001,-8.13166799999993
41.8091660000001,-8.140556
41.8171840000001,-8.16380700000002
41.827499,-8.16166699999997
41.842773,-8.16000199999996
41.857498,-8.16111199999995
41.863052,-8.16527899999994
41.871109,-8.17555600000003
41.8724980000001,-8.18111399999998
41.873886,-8.18777799999998
41.8724980000001,-8.20111700000001
41.8747180000001,-8.20472299999994
41.9038850000001,-8.21777900000001
41.908607,-8.21916800000002
41.913605,-8.218613
41.9238819999999,-8.21277800000001
41.9336090000001,-8.20472299999994
41.974442,-8.16527899999994
41.9988859999999,-8.13472400000001
42.008606,-8.10889099999997
42.013329,-8.09555599999993
42.0163879999999,-8.08944499999996
42.0202710000001,-8.08500099999998
42.0252760000001,-8.08249999999998
42.0299989999999,-8.08166699999998
42.054161,-8.079723
42.06472,-8.08555599999994
42.0688860000001,-8.08999999999998
42.148605,-8.19444499999997
42.15274,-8.20122299999997
42.138611,-8.25194499999992
42.1036070000001,-8.31055599999996
42.0847170000001,-8.44611199999991
42.0847170000001,-8.47361199999995
42.0833280000001,-8.51472299999995
42.082771,-8.521389
42.0591660000001,-8.606945
42.0536040000001,-8.62083399999995
42.045273,-8.64000099999998
41.9713820000001,-8.73861099999993
41.96666,-8.74305700000002
41.961937,-8.74444599999993
41.952499,-8.74500799999998
41.9405520000001,-8.75722300000001
41.929443,-8.77277899999996
41.922775,-8.78388999999993
41.9201890000001,-8.81644299999999
41.899582,-8.84804299999996
41.875549,-8.86527799999993
41.8758320000001,-8.87194599999998
41.8833310000001,-8.88166799999999
41.9336090000001,-8.88833399999999
42.108055,-8.89861300000001
42.1130519999999,-8.89638899999994
42.186943,-8.81083499999994
42.2131080000001,-8.77388999999994
42.2194400000001,-8.75889000000001
42.2402730000001,-8.72277800000001
42.28833,-8.64416699999998
42.3463820000001,-8.58000199999998
42.351662,-8.57972299999994
42.353607,-8.60000000000002
42.349998,-8.61972199999997
42.3405530000001,-8.63222300000001
42.3197170000001,-8.65305699999999
42.314995,-8.65638899999999
42.3097149999999,-8.65805599999999
42.301384,-8.65000199999997
42.29583,-8.64972299999999
42.292221,-8.65472399999999
42.2797160000001,-8.68361299999998
42.2591630000001,-8.76083399999999
42.2533840000001,-8.79411199999998
42.2477720000001,-8.85722399999992
42.2480550000001,-8.86389000000003
42.251389,-8.869167
42.296104,-8.85277899999994
42.328331,-8.82194500000003
42.337776,-8.793612
42.400833,-8.69222299999996
42.414444,-8.67194599999993
42.4277730000001,-8.65611299999995
42.439438,-8.689167
42.435829,-8.70305599999995
42.416664,-8.74222400000002
42.4086070000001,-8.751667
42.3999940000001,-8.77516700000001
42.397163,-8.77716800000002
42.395332,-8.78466700000001
42.391388,-8.84083399999997
42.4194410000001,-8.87916799999999
42.423882,-8.88194499999997
42.4674990000001,-8.90833500000002
42.482773,-8.90389099999999
42.496666,-8.89138999999994
42.500275,-8.88611199999997
42.5008320000001,-8.871668
42.4997180000001,-8.86444499999993
42.4963839999999,-8.85889099999991
42.4916610000001,-8.85638999999992
42.486664,-8.85500100000002
42.4788820000001,-8.85666800000001
42.473885,-8.85805699999992
42.471382,-8.86472300000003
42.4683300000001,-8.870001
42.463333,-8.872501
42.453606,-8.86944599999998
42.4538880000001,-8.86250100000001
42.461937,-8.83611300000001
42.4916610000001,-8.81444499999998
42.5194400000001,-8.80972299999996
42.535828,-8.82555600000001
42.550278,-8.83361200000002
42.5552750000001,-8.83416699999998
42.574715,-8.82777800000002
42.5783310000001,-8.82249999999993
42.5769420000001,-8.81583399999994
42.5738830000001,-8.81055599999996
42.5761110000001,-8.80444499999999
42.5961070000001,-8.77889099999993
42.6380540000001,-8.74694599999992
42.675278,-8.71972299999999
42.6958310000001,-8.719446
42.7011490000001,-8.72154799999993
42.66111,-8.85138899999998
42.6283260000001,-8.91833499999996
42.6252750000001,-8.92333399999995
42.6105499999999,-8.93500099999994
42.6047210000001,-8.93639000000002
42.5999980000001,-8.93527799999993
42.5861050000001,-8.94305600000001
42.532494,-8.99555599999997
42.521385,-9.01694500000002
42.521111,-9.02333499999997
42.525276,-9.03583299999997
42.5288850000001,-9.04138899999998
42.5794369999999,-9.06139000000002
42.609993,-9.056667
42.6708300000001,-9.03472299999999
42.694443,-9.02472299999999
42.70472,-9.02027900000002
42.720833,-9.00638999999995
42.784721,-8.91999999999996
42.793327,-8.91166700000002
42.776382,-9.00861199999997
42.740273,-9.08666799999992
42.752495,-9.10583499999996
42.768883,-9.12333499999994
42.794998,-9.14027800000002
42.7991640000001,-9.13592599999998
42.8024980000001,-9.12666699999994
42.8399960000001,-9.12444499999992
42.893326,-9.14389
42.9258270000001,-9.16277899999994
42.952499,-9.185001
42.9499970000001,-9.19138899999996
42.9158330000001,-9.25722300000001
42.911659,-9.27055699999994
42.9224930000001,-9.29333500000001
43.047218,-9.25916699999999
43.152771,-9.20944600000001
43.157494,-9.20694500000002
43.185829,-9.16972399999992
43.1930540000001,-9.14527899999996
43.1966630000001,-9.13194499999992
43.197495,-9.12555700000001
43.190552,-9.08944500000001
43.2038880000001,-9.03527799999995
43.230553,-8.952223
43.239441,-8.93583499999994
43.2708280000001,-8.97916800000002
43.276108,-8.98166800000001
43.2813869999999,-8.980278
43.2861100000001,-8.96888899999993
43.29361,-8.95027899999997
43.3197170000001,-8.87638999999996
43.3272170000001,-8.82444600000002
43.3030550000001,-8.78277799999995
43.2911070000001,-8.72416699999997
43.287216,-8.70138899999995
43.292221,-8.68944499999998
43.303329,-8.65750099999997
43.38472,-8.40555599999993
43.4038850000001,-8.329723
43.5527729999999,-8.265556
43.7038880000001,-8.00666799999999
43.76416,-7.89805599999994
43.772217,-7.86583399999995
43.764999,-7.85611199999994
43.759995,-7.85555599999998
---
