7.67416600000007,81.7083279999999
7.67610999999999,81.7035980000001
7.68110999999999,81.70166
7.68722100000002,81.7024840000001
7.7016660000001,81.7091520000001
7.70499899999999,81.712769
7.70138800000001,81.7160950000001
7.69585800000004,81.717178
7.69249800000006,81.718048
7.68638700000014,81.7172090000001
7.68138800000008,81.7149960000001
---
7.47722099999999,81.8005370000001
7.482777,81.792206
7.48916500000007,81.7847140000001
7.49277699999999,81.7813720000001
7.56716600000004,81.787506
7.61462299999999,81.7673650000001
7.64276599999994,81.7455670000001
7.68666599999995,81.726929
7.69222100000002,81.7255400000001
7.73861000000011,81.723312
7.73638700000004,81.7266539999999
7.72944400000006,81.7335970000001
7.72166499999997,81.739426
7.69305400000002,81.752213
7.67921100000007,81.7572020000001
7.61055500000003,81.8002620000001
7.60055399999999,81.804153
7.57916599999993,81.809982
7.56805500000007,81.8124849999999
7.48472100000009,81.827209
7.477777,81.8069310000001
---
8.98666400000013,79.8949890000001
9.0011100000001,79.8505400000001
9.07777600000009,79.703049
9.0833320000001,79.6963650000001
9.08777600000008,79.693588
9.09249700000009,79.6930390000001
9.09583100000003,79.6963650000001
9.09777600000007,79.701385
9.10166400000003,79.7252660000001
9.10333100000014,79.744141
9.10249700000003,79.7561040000001
9.083887,79.8263850000001
9.08027600000003,79.836655
9.07444199999992,79.8449860000001
9.03277600000001,79.9008180000001
9.02222099999995,79.9111020000001
9.01805500000006,79.9124910000001
---
9.47555400000005,79.7044370000001
9.47694199999995,79.6988680000001
9.49277500000011,79.6655430000001
9.49555200000003,79.6613770000001
9.49916500000001,79.658035
9.50750000000005,79.652481
9.51361100000014,79.6519320000001
9.54611000000006,79.65332
9.55166400000007,79.654709
9.55583200000012,79.6574860000001
9.55499800000007,79.6638790000001
9.55138799999997,79.6674800000001
9.5347210000001,79.678314
9.52360900000014,79.714996
9.52083200000004,79.7191470000001
9.51666599999993,79.7219239999999
9.49444199999999,79.7272030000001
9.48888600000004,79.72554
9.48083100000002,79.719986
9.47722099999999,79.7163849999999
---
9.61416400000002,79.968872
9.61444299999999,79.908035
9.615274,79.901657
9.61749600000002,79.896942
9.63444299999998,79.871918
9.66749800000008,79.8494260000001
9.68527599999999,79.8472140000001
9.70555299999995,79.8452610000001
9.74666399999995,79.8516540000001
9.75083200000006,79.854706
9.75694299999992,79.8624879999999
9.75888800000013,79.8674770000001
9.75999800000011,79.8822020000001
9.71444300000013,79.8874970000001
9.69222100000002,79.8927610000001
9.67610900000005,79.897217
9.67277500000006,79.9008180000001
9.64999999999998,79.9338680000001
9.64138800000012,79.9463650000001
9.63138600000013,79.971375
9.62416500000006,79.9783170000001
9.61860799999999,79.9780430000001
9.615274,79.974426
---
9.68966500000005,80.340149
9.68283200000013,80.3458180000001
9.67233199999998,80.3561550000001
9.62499800000006,80.4019320000001
9.49222000000003,80.574707
9.48360799999995,80.587204
9.48083100000002,80.59137
9.47166400000009,80.609985
9.4608310000001,80.627197
9.45222100000001,80.639709
9.43388700000008,80.6630400000001
9.42749800000007,80.670532
9.38221900000002,80.7158200000001
9.33166499999993,80.7658230000001
9.29638699999992,80.798599
9.29277600000012,80.8019260000001
9.26194399999991,80.8244320000001
9.22694200000001,80.8447110000001
9.21805400000005,80.8494260000001
9.04083300000002,80.932205
8.97944300000006,80.930267
8.97749699999997,80.925262
8.97444200000001,80.9219210000001
8.95360900000003,80.9127660000001
8.94805300000007,80.9127660000001
8.94305400000013,80.9147030000001
8.93555499999997,80.920822
8.93249900000006,80.924988
8.93055299999997,80.9297030000001
8.9302770000001,80.9352570000001
8.93222000000009,80.9402620000001
8.94083199999994,80.9594270000001
8.94360900000004,80.963608
8.95222100000012,80.9685969999999
8.91666600000013,81.027206
8.74499700000007,81.166092
8.66361000000006,81.222763
8.65111000000002,81.2310940000001
8.64611100000013,81.233047
8.55388600000009,81.2533260000001
8.547777,81.253876
8.54222099999998,81.252213
8.53888700000005,81.2485960000001
8.53694300000012,81.243591
8.53638600000005,81.2374880000001
8.5372200000001,81.2310940000001
8.53999900000002,81.2269290000001
8.55916399999995,81.228867
8.56416500000006,81.2269290000001
8.56833099999994,81.224152
8.57111000000003,81.2199860000001
8.57194300000003,81.2138820000001
8.57083100000006,81.2083280000001
8.53055399999994,81.1513820000001
8.52388799999994,81.14415
8.50472100000002,81.129974
8.5,81.1305390000001
8.49305300000003,81.137207
8.48999800000007,81.1413730000001
8.46277600000013,81.2197110000001
8.45499799999993,81.2544400000001
8.45360900000014,81.265549
8.45472000000007,81.271103
8.45999700000004,81.2797090000001
8.46333100000004,81.283325
8.4763870000001,81.291367
8.48111000000006,81.2933200000001
8.48805199999998,81.293594
8.49305300000003,81.291656
8.49721899999997,81.288879
8.50194400000009,81.2897030000001
8.51999900000004,81.320267
8.52111100000008,81.325821
8.51972000000006,81.331375
8.49499700000013,81.355255
8.48721899999998,81.361374
8.48222000000004,81.363312
8.38444300000003,81.3883210000001
8.37333100000006,81.390823
8.20194200000009,81.423035
8.18444299999993,81.4030460000001
8.18749800000012,81.399155
8.18555500000014,81.39415
8.14944300000002,81.391937
8.09444200000007,81.421371
8.09083199999998,81.4246980000001
8.00027699999993,81.51944
7.82472100000001,81.6138760000001
7.76138900000012,81.6910860000001
7.75138899999996,81.701935
7.74388800000003,81.7080380000001
7.72916600000013,81.7138820000001
7.71588200000002,81.7124560000001
7.70153500000009,81.687347
7.68166900000006,81.686241
7.65049099999999,81.7072140000001
7.63945500000011,81.719078
7.63779900000003,81.7314910000001
7.61186399999997,81.753838
7.57027700000003,81.7722170000001
7.54833200000013,81.764709
7.50722200000001,81.7566530000001
7.50083300000006,81.7572169999999
7.46277700000002,81.7666630000001
7.44472100000002,81.7949830000001
7.44192600000002,81.810349
7.47194400000001,81.816376
7.4738880000001,81.8213810000001
7.4730550000001,81.827484
7.46888800000011,81.8302760000001
7.40527700000007,81.8558200000001
7.35249900000002,81.8713680000001
7.34138799999994,81.8738710000001
7.31222100000002,81.87886
7.2880540000001,81.881653
7.16805500000009,81.8794250000001
7.01361100000008,81.8916629999999
7.00055500000002,81.890549
6.95805500000006,81.881363
6.83166599999998,81.8491520000001
6.76583299999999,81.832214
6.69944300000003,81.8069310000001
6.67916600000007,81.7924800000001
6.67249900000002,81.785263
6.6433320000001,81.7847140000001
6.63638800000001,81.7844240000001
6.62472100000014,81.7822110000001
6.61527600000005,81.7777710000001
6.58805500000005,81.7633210000001
6.50222200000007,81.7097170000001
6.48444400000011,81.699707
6.458055,81.6774750000001
6.43999900000011,81.6611020000001
6.40249899999992,81.611374
6.2525,81.4086000000001
6.19833200000005,81.3241580000001
6.19444299999998,81.314423
6.107777,81.0555420000001
6.10305399999999,81.01915
6.09666600000008,80.991364
6.06202000000002,80.890289
6.04083300000008,80.8291630000001
6.01611000000014,80.7924800000001
6.00472200000007,80.779709
5.97722099999993,80.745255
5.95944400000008,80.700546
5.91833200000002,80.591934
5.91777700000006,80.587204
5.94527600000004,80.453049
5.99055500000009,80.289429
5.99222100000009,80.284149
6.00750000000005,80.243317
6.02611100000001,80.2008210000001
6.0347210000001,80.1844180000001
6.11638700000009,80.1136020000001
6.16805499999992,80.0827640000001
6.23972099999997,80.0460970000001
6.32527700000009,80.0219270000001
6.43236000000007,79.986481
6.52499999999998,79.970261
6.53055500000005,79.969147
6.57500000000005,79.951935
6.64388800000006,79.924698
6.70722200000012,79.8988800000001
6.75111100000009,79.8808139999999
6.792777,79.8608090000001
6.80194300000005,79.8574830000001
6.83638800000006,79.8513790000001
6.93083200000001,79.83638
6.9361100000001,79.836655
6.94166600000011,79.8380430000001
6.96027800000013,79.848038
6.980075,79.8621670000001
6.99305400000009,79.8613740000001
7.12305500000002,79.852768
7.19722100000013,79.830551
7.2683110000001,79.835953
7.29666599999996,79.8338780000001
7.40277700000001,79.81694
7.41444400000006,79.8149870000001
7.60472099999998,79.786102
7.61027699999994,79.793045
7.63444400000009,79.7955320000001
7.6613880000001,79.7969360000001
7.75055500000008,79.783875
7.88388800000001,79.7530520000001
7.92194400000005,79.743317
7.93166500000001,79.739426
7.94555400000007,79.732483
7.96027800000013,79.726654
7.98583200000007,79.7180480000001
7.99638700000014,79.714706
8.00749999999999,79.712204
8.03583100000003,79.706375
8.07944300000003,79.702484
8.19138700000002,79.6974790000001
8.19749800000011,79.6983180000001
8.22083099999998,79.708603
8.24138600000003,79.7227630000001
8.26555400000001,79.7491460000001
8.12860899999998,79.72554
8.12249800000012,79.724701
8.02083199999998,79.729156
8.01472100000007,79.7297059999999
8.00916500000011,79.731094
8.004999,79.7338710000001
7.99777700000004,79.74054
7.99083200000007,79.747482
7.98805400000003,79.751663
7.98499900000007,79.762772
7.98111100000006,79.786926
7.98083200000008,79.800812
7.98333300000007,79.812195
7.98555500000003,79.81694
7.98805400000003,79.8213810000001
7.99555400000014,79.8277740000001
8.00027699999993,79.829987
8.01277699999997,79.8302760000001
8.02249900000004,79.8260960000001
8.03944200000001,79.8144230000001
8.24583100000007,79.8130340000001
8.52944400000013,79.8644260000001
8.53499799999992,79.866089
8.53888700000005,79.8688660000001
8.54166600000008,79.873032
8.55360999999999,79.895828
8.56220599999995,79.9146729999999
8.63083100000006,79.9419250000001
8.72388600000005,79.9499970000001
8.73694200000011,79.949707
8.83888600000012,79.929977
8.93166500000001,79.9163819999999
8.93777699999998,79.9172059999999
8.94055400000008,79.9213710000001
8.97194300000001,79.9730380000001
8.98110999999994,79.9913640000001
9.01138900000007,80.037491
9.01749799999999,80.0452580000001
9.02638800000011,80.0502620000001
9.06138800000002,80.0644230000001
9.17999800000001,80.107208
9.19860800000009,80.1116490000001
9.24805300000008,80.1233060000001
9.25416600000011,80.1227570000001
9.29583200000002,80.1180420000001
9.29999900000001,80.115265
9.30610800000011,80.107758
9.31055499999997,80.098038
9.4113880000001,80.0944370000001
9.42527600000011,80.135818
9.47027599999996,80.1949770000001
9.48499700000013,80.1888730000001
9.49333000000001,80.1835939999999
9.50027699999998,80.1766510000001
9.52083200000004,80.155258
9.53499800000009,80.1347200000001
9.54222099999998,80.120819
9.56360999999993,80.0861050000001
9.57972000000007,80.060532
9.58610900000008,80.0530400000001
9.59055300000006,80.0502620000001
9.59444200000013,80.0519260000001
9.59416400000003,80.065811
9.58972000000006,80.089432
9.53083200000003,80.2380370000001
9.49972000000008,80.2766570000001
9.48888600000004,80.4724880000001
9.48166500000013,80.4933170000001
9.46916399999998,80.5230410000001
9.46277600000008,80.537766
9.45277599999991,80.549423
9.44694299999992,80.557755
9.44472100000013,80.569443
9.43972000000008,80.6085970000001
9.44305400000002,80.6121980000001
9.44805300000013,80.61026
9.4616640000001,80.5888820000001
9.49222000000003,80.536926
9.53166600000009,80.4641570000001
9.53788800000012,80.430656
9.53705400000001,80.4271470000001
9.53288700000007,80.407326
9.53038800000007,80.388489
9.530888,80.3846510000001
9.53255500000012,80.382149
9.55527700000005,80.331665
9.57277500000009,80.3146970000001
9.5849970000001,80.2988740000001
9.63638700000001,80.210266
9.64361000000008,80.196365
9.64777800000002,80.1866460000001
9.64916600000009,80.181091
9.64860900000002,80.174698
9.64666599999998,80.1697080000001
9.64277600000003,80.166931
9.63638700000001,80.1660920000001
9.63166400000006,80.168045
9.61971900000009,80.176926
9.61471900000009,80.186096
9.60416400000003,80.1960910000001
9.59999800000014,80.198868
9.59360900000013,80.199417
9.58833100000004,80.1980290000001
9.5841640000001,80.195251
9.58138700000001,80.1908110000001
9.58222000000001,80.1847080000001
9.59999800000014,80.1205290000001
9.64472200000012,80.024704
9.68597000000005,79.9508820000001
9.68916500000012,79.945816
9.693331,79.9430390000001
9.70305300000007,79.939148
9.74472000000003,79.925812
9.77083199999998,79.925812
9.80999800000001,79.9699859999999
9.81555399999996,79.978592
9.817497,79.9833220000001
9.81888800000013,80.0163880000001
9.81860899999998,80.030273
9.802999,80.1136470000001
9.77812699999998,80.124825
9.76905300000004,80.136024
9.76808700000004,80.1626660000001
9.750134,80.196251
9.75138900000013,80.2263790000001
9.74416400000007,80.233322
9.71248800000001,80.249733
9.69499800000006,80.2744290000001
9.65222199999999,80.307755
9.648888,80.3113710000001
9.61971900000009,80.351929
9.611109,80.364426
9.59416400000003,80.3891600000001
9.59194200000007,80.39415
9.57166500000011,80.4441380000001
9.57638700000001,80.4435880000001
9.57999799999999,80.439972
9.71999699999992,80.272766
9.77445900000004,80.2240520000001
9.76972000000001,80.2024840000001
9.77055400000006,80.1891480000001
9.78166600000003,80.157761
9.78388800000005,80.1530460000001
9.79222099999993,80.140549
9.80444300000011,80.156937
9.80827500000009,80.157433
9.81144200000011,80.15844
9.81394300000011,80.160103
9.81560900000011,80.162605
9.81627700000013,80.1661
9.82833100000005,80.239151
9.82805400000001,80.2449800000001
9.82666399999994,80.2505490000001
9.82333199999994,80.253876
9.81888800000013,80.2566530000001
9.81277700000004,80.257217
9.80166400000002,80.25972
9.791943,80.263885
9.77500000000003,80.2747040000001
---
