20.7458310000001,37.2586060000001
20.749722,37.2494430000001
20.7588880000001,37.2461090000001
20.785831,37.242218
20.8036080000001,37.2438890000001
20.84111,37.251106
20.8497240000001,37.263855
20.845833,37.2724990000001
20.839165,37.281944
20.8302760000001,37.284439
20.7605550000001,37.271942
20.75111,37.268608
---
21.998055,31.466663
21.9983330000001,31.4952960000001
21.9994430000001,31.579166
22.0027770000001,31.9966659999999
22.0041660000001,32.3397219999999
22.0041660000001,32.388054
22.0041660000001,32.4444430000001
22.003609,32.4730530000001
22.0030520000001,32.4938890000001
22.0027770000001,32.52166
22.0019420000001,32.648048
21.998886,33.1669390000001
21.9994239999999,33.1795880000001
22.000275,33.358055
22.000275,33.4547200000001
22.000275,33.468887
21.9997220000001,33.7397160000001
21.9997220000001,33.7602769999999
21.9997220000001,33.7813870000001
21.9994430000001,33.8649980000001
21.998886,33.9549940000001
21.9969440000001,34.0744399999999
21.996449,34.0992810000001
21.9961090000001,34.1166610000001
21.995552,34.339439
21.995552,34.3530500000001
21.9961090000001,34.663887
21.9972189999999,34.7041630000001
22.0005530000001,34.8924940000001
22.00111,34.940277
22.00111,34.960831
22.00111,34.9744420000001
22.00111,34.9886090000001
22.0005530000001,35.15361
21.999165,35.3544390000001
21.997776,35.4450000000001
21.9969440000001,35.7811050000001
21.9983330000001,35.909439
21.998886,36.024994
21.9997220000001,36.2563860000001
21.999165,36.297775
21.998886,36.408607
21.9986080000001,36.5458300000001
21.9983330000001,36.6883320000001
21.9994430000001,36.7280500000001
22.00111,36.821938
22.00111,36.8825000000001
22.0001110000001,36.888466
21.9716640000001,36.8541639999999
21.7869420000001,36.874161
21.637218,36.8999940000001
21.6086080000001,36.9113850000001
21.4358330000001,36.9974980000001
21.4266660000001,37.0030520000001
21.33083,37.06916
21.2916640000001,37.0988850000001
21.25111,37.140442
21.245443,37.1467740000001
21.231943,37.1637730000001
21.2005540000001,37.2008290000001
21.171108,37.2294390000001
21.1619420000001,37.2372210000001
21.1261100000001,37.266388
21.0708310000001,37.3033290000001
21.060276,37.3094410000001
21.051109,37.3102719999999
21.0230520000001,37.308884
21.013332,37.3077770000001
21.0097200000001,37.297218
21.0016630000001,37.2474980000001
21.0211110000001,37.2286070000001
21.0302770000001,37.2222209999999
21.0874980000001,37.1905520000001
21.0977750000001,37.1924970000001
21.098053,37.202217
21.09333,37.212219
21.0841640000001,37.221382
21.0741650000001,37.226105
21.0649989999999,37.233055
21.057777,37.242218
21.0516660000001,37.25222
21.047775,37.2622150000001
21.0517390000001,37.2724990000001
21.060875,37.2698900000001
21.129166,37.23027
21.191774,37.161106
21.197109,37.1556090000001
21.1989440000001,37.14994
21.19961,37.143776
21.19961,37.1362720000001
21.212219,37.1052700000001
21.2036090000001,37.1011050000001
21.183052,37.0941620000001
21.1736109999999,37.09166
21.164719,37.0927730000001
21.1549990000001,37.096664
20.968052,37.1374970000001
20.7961079999999,37.1641619999999
20.7044410000001,37.1705550000001
20.694721,37.172218
20.686108,37.1813890000001
20.6769410000001,37.1883320000001
20.626389,37.207771
20.5658300000001,37.226105
20.5469440000001,37.23027
20.4699969999999,37.2322160000001
20.462776,37.221664
20.4580540000001,37.2008290000001
20.401943,37.184715
20.329166,37.180275
20.2252770000001,37.177216
20.215832,37.1774980000001
20.0186080000001,37.184715
20.0083310000001,37.1869429999999
19.9175000000001,37.2183300000001
19.895832,37.2274930000001
19.864719,37.2427750000001
19.833885,37.2572170000001
19.762775,37.265274
19.731667,37.2658309999999
19.692776,37.2616650000001
19.683887,37.2583310000001
19.6822200000001,37.248886
19.6722220000001,37.2416610000001
19.657497,37.238884
19.57222,37.2380520000001
19.562222,37.2413860000001
19.551666,37.248886
19.5324970000001,37.2647170000001
19.5224990000001,37.2705540000001
19.474998,37.290276
19.4047200000001,37.30555
19.3866649999999,37.3083270000001
19.3586080000001,37.3083270000001
19.299999,37.311943
19.241943,37.3213880000001
19.1519430000001,37.3363880000001
19.0863880000001,37.355553
18.858055,37.433327
18.84972,37.4380490000001
18.724442,37.516388
18.7105520000001,37.548332
18.709442,37.557777
18.7088850000001,37.5947190000001
18.7088850000001,37.6424940000001
18.7169420000001,37.671944
18.7188870000001,37.6894380000001
18.7063870000001,37.750549
18.695274,37.768051
18.664719,37.76194
18.60083,37.8288880000001
18.5749970000001,37.8919369999999
18.57,37.9011080000001
18.5436099999999,37.946106
18.537777,37.954437
18.5180550000001,37.97805
18.4969440000001,37.9986039999999
18.4813879999999,38.0108260000001
18.4263880000001,38.0519410000001
18.348888,38.104164
18.3408320000001,38.0986100000001
18.3111080000001,38.088882
18.303608,38.089996
18.2822190000001,38.1183320000001
18.259163,38.1524960000001
18.2433320000001,38.18055
18.239441,38.19194
18.237221,38.2049940000001
18.222775,38.2713850000001
18.1874960000001,38.3691640000001
18.134441,38.4397200000001
18.1086080000001,38.541664
18.105831,38.550827
18.087498,38.5758290000001
18.0711100000001,38.586388
18.0624960000001,38.5916600000001
18.01083,38.6074980000001
17.994881,38.600693
17.9133299999999,38.5058290000001
17.8711089999999,38.458611
17.851109,38.4491650000001
17.6661110000001,38.370277
17.6627770000001,38.36805
17.5352750000001,38.26194
17.5324969999999,38.257774
17.5280530000001,38.2483290000001
17.498886,38.135551
17.5383299999999,38.096939
17.5438880000001,38.0955510000001
17.5472220000001,38.092216
17.5494420000001,38.0872190000001
17.5519410000001,38.0752719999999
17.553055,38.061661
17.5519410000001,38.055832
17.545555,38.0413820000001
17.537777,38.0280530000001
17.501389,37.9683300000001
17.498055,37.964722
17.4586090000001,37.933884
17.4413870000001,37.8955540000001
17.3819430000001,37.74472
17.3574980000001,37.623055
17.3516650000001,37.594162
17.3486100000001,37.5833280000001
17.325832,37.5169370000001
17.3233300000001,37.5124970000001
17.3200000000001,37.5088880000001
17.315559,37.509956
17.2777750000001,37.5202710000001
17.260277,37.529999
17.255554,37.531662
17.24995,37.532501
17.2319410000001,37.5286100000001
17.195801,37.5205760000001
17.110554,37.4861070000001
17.034214,37.423286
17.043053,37.3813860000001
17.0288890000001,37.2624969999999
17.024998,37.25222
17.015274,37.157776
17.015553,37.1519390000001
17.0163879999999,37.1455540000001
17.020832,37.135826
17.0447200000001,37.112221
17.0511090000001,37.1044390000001
17.077221,37.026108
17.073887,36.9958270000001
17.064442,36.991386
17.0583310000001,36.990555
17.052776,36.991661
17.0480540000001,36.9936070000001
17.029163,37.009438
17.020832,37.0149990000001
17.010555,37.018326
16.795555,37.010277
16.7824970000001,37.009163
16.7716640000001,37.0061040000001
16.7255549999999,36.9888840000001
16.7061080000001,36.980553
16.6961100000001,36.9694440000001
16.6916660000001,36.959999
16.683887,36.9469380000001
16.671387,36.931664
16.6505550000001,36.9166640000001
16.6411090000001,36.9122160000001
16.635555,36.910553
16.536942,36.898331
16.517776,36.8963850000001
16.5116650000001,36.896942
16.5005530000001,36.899437
16.4866640000001,36.906105
16.4594420000001,36.928055
16.439163,36.949715
16.4308320000001,36.954994
16.4252780000001,36.9569400000001
16.288609,36.97361
16.282497,36.9741589999999
16.269444,36.9730530000001
16.2641639999999,36.9713820000001
16.256107,36.9655530000001
16.2500000000001,36.957497
16.2344440000001,36.931389
16.224442,36.9202730000001
16.214996,36.915833
16.146664,36.8894420000001
15.977499,36.826111
15.8080540000001,36.763611
15.7530540000001,36.6977769999999
15.744165,36.6947170000001
15.6591660000001,36.671661
15.489443,36.6261060000001
15.437222,36.6105500000001
15.302776,36.565552
15.234722,36.5427700000001
15.1802770000001,36.479721
15.1499520000001,36.4432830000001
15.068609,36.452217
14.450277,36.515549
14.2780550000001,36.541664
14.262053,36.5428160000001
14.246111,36.5394440000001
13.956944,36.446388
13.8394430000001,36.4869380000001
13.8041650000001,36.4711070000001
13.7022210000001,36.427216
13.6852760000001,36.420555
13.6827770000001,36.418884
13.6772209999999,36.4174960000001
13.663055,36.4105530000001
13.6519430000001,36.4074940000001
13.6383319999999,36.4072190000001
13.6322210000001,36.4074940000001
13.621666,36.4108280000001
13.609444,36.4119420000001
13.6033330000001,36.41111
13.5869430000001,36.406387
13.5677780000001,36.397499
13.519444,36.362221
13.502777,36.3488850000001
13.368055,36.2486040000001
13.0416660000001,36.1594390000001
13.024443,36.1552730000001
12.9958320000001,36.168053
12.9841650000001,36.1697159999999
12.97361,36.152496
12.9697210000001,36.1497190000001
12.955555,36.1427760000001
12.949999,36.141388
12.940554,36.13694
12.9294430000001,36.133606
12.923332,36.1327740000001
12.9083330000001,36.138054
12.891388,36.1488880000001
12.8808330000001,36.159164
12.878054,36.16333
12.8752769999999,36.1652760000001
12.724165,36.143608
12.7069230000001,36.1426930000001
12.7041660000001,36.140274
12.693888,36.116104
12.6941660000001,36.1077730000001
12.699165,36.0986100000001
12.702776,36.0952760000001
12.7069440000001,36.0919420000001
12.716665,36.087776
12.72361,36.081108
12.7249980000001,36.0755540000001
12.724443,36.06916
12.723331,36.0633320000001
12.7155550000001,36.0436100000001
12.7144430000001,36.0308300000001
12.7169440000001,36.0188830000001
12.724165,36.0063860000001
12.7155550000001,35.9647220000001
12.6661149999999,35.70108
12.6280540000001,35.7005540000001
12.6219440000001,35.6997150000001
12.6122209999999,35.695274
12.6041660000001,35.6894380000001
12.5975000000001,35.6822200000001
12.594999,35.6780550000001
12.594166,35.6491620000001
12.5888880000001,35.645554
12.169998,35.3861080000001
12.16111,35.3811040000001
11.9833320000001,35.283882
11.933611,35.265434
11.9175000000001,35.253609
11.9008330000001,35.2355500000001
11.895555,35.227219
11.8863890000001,35.20166
11.8783319999999,35.168327
11.863888,35.134438
11.855833,35.1216659999999
11.845833,35.1108320000001
11.8419440000001,35.1077730000001
11.826944,35.0969390000001
11.809999,35.086105
11.8011090000001,35.0811080000001
11.767776,35.0655520000001
11.7513890000001,35.0608290000001
11.7400000000001,35.0586090000001
11.720554,35.058052
11.6544440000001,35.0641630000001
11.638611,35.069443
11.629721,35.0741650000001
11.617222,35.0822220000001
11.5988880000001,35.09166
11.58861,35.094994
11.5830550000001,35.0961070000001
11.5763870000001,35.0961070000001
11.5577770000001,35.0936050000001
11.535831,35.087494
11.367777,35.013329
11.3488879999999,35.0044400000001
11.3183330000001,34.986382
11.2802770000001,34.968605
11.2694440000001,34.9655530000001
11.256943,34.963882
11.2438890000001,34.9644390000001
11.234165,34.96833
11.228054,34.9738850000001
11.223888,34.978882
11.1983319999999,35.0074999999999
11.174444,35.0055540000001
11.110277,34.9836040000001
10.956665,34.933327
10.9152770000001,34.9786070000001
10.8644430000001,34.975273
10.7349990000001,34.8644409999999
10.7316670000001,34.8611069999999
10.726387,34.8524930000001
10.7233310000001,34.800552
10.745832,34.773331
10.753054,34.766388
10.8022210000001,34.710831
10.8347210000001,34.673882
10.887777,34.5944440000001
10.7844430000001,34.4397200000001
10.631666,34.352776
10.5863880000001,34.31472
10.554165,34.2861100000001
10.3499980000001,34.3280490000001
10.280832,34.3419420000001
10.2449990000001,34.3488850000001
10.2319430000001,34.3477710000001
10.1172220000001,34.3230510000001
10.030277,34.231384
10.025,34.2297210000001
9.97361000000006,34.2197190000001
9.90499900000003,34.2072219999999
9.75805500000013,34.139999
9.55305500000003,34.0858310000001
9.45472100000012,34.094162
9.45388800000012,34.0949940000001
9.41972200000009,34.097771
9.38527700000009,34.1005549999999
8.95527600000014,34.1349950000001
8.80583200000012,34.1299970000001
8.63416500000005,34.1236040000001
8.58464600000002,34.1228030000001
8.58194400000008,34.122772
8.57722100000012,34.120552
8.56527700000004,34.1119380000001
8.55027799999999,34.0991590000001
8.52333300000004,34.0708310000001
8.46027800000002,34.0022200000001
8.44138699999996,33.978882
8.436666,33.969994
8.43083200000007,33.9552760000001
8.42999800000001,33.921944
8.43110999999999,33.9086070000001
8.43138899999997,33.887772
8.43027699999999,33.875275
8.42583300000001,33.8524929999999
8.41416500000003,33.823051
8.40888800000005,33.8144380000001
8.38444300000003,33.789719
8.36774799999995,33.7713240000001
8.37277599999999,33.721664
8.37416600000006,33.7161100000001
8.38055400000013,33.7016600000001
8.38638900000012,33.693329
8.39055400000012,33.6908260000001
8.3966660000001,33.6902770000001
8.40833300000014,33.6874920000001
8.43416600000006,33.672218
8.438332,33.6694410000001
8.441666,33.6661070000001
8.46416700000009,33.6399989999999
8.46972100000011,33.6319430000001
8.47055400000011,33.625549
8.46916599999997,33.5097200000001
8.46481399999999,33.508884
8.46166600000009,33.5061040000001
8.4377770000001,33.3877719999999
8.43805499999996,33.373886
8.44888900000007,33.335831
8.45111100000003,33.3311080000001
8.45666500000004,33.322777
8.45805500000012,33.317215
8.46250000000003,33.26944
8.46250000000003,33.2624970000001
8.45861100000013,33.252777
8.40444400000007,33.174995
8.3974990000001,33.1688840000001
8.39277600000008,33.166107
8.35999900000007,33.160828
8.3530540000001,33.160828
8.27833199999998,33.1658330000001
8.22250000000003,33.178055
8.14779099999993,33.1886290000001
8.13697800000006,33.1864240000001
8.12861099999998,33.179993
8.11833200000001,33.169716
8.11166600000001,33.15583
8.10500000000002,33.1280520000001
8.09694300000007,33.114716
7.99952500000006,33.0336070000001
7.99524800000006,33.030281
7.93055500000003,32.992493
7.92499900000001,32.991104
7.91805600000004,32.991104
7.88721600000008,32.9968260000001
7.84606300000013,33.014969
7.79249999999996,33.050552
7.7888880000001,33.053886
7.78111100000001,33.0966640000001
7.76361100000014,33.2574999999999
7.74444399999999,33.439163
7.74472100000003,33.4586110000001
7.74333300000006,33.470276
7.68499900000006,33.6472170000001
7.66249900000003,33.705826
7.66027700000001,33.7113879999999
7.64861100000002,33.7269440000001
7.53194400000007,33.8783260000001
7.518888,33.892776
7.38665900000007,34.022217
7.38305500000013,34.025551
7.37499900000006,34.0308299999999
7.36998899999998,34.0322420000001
7.30444399999993,34.032776
7.28003799999993,34.029747
7.25666600000005,34.0252760000001
7.25000000000006,34.025833
7.24500000000012,34.0272220000001
7.24083300000012,34.0299989999999
7.19972100000001,34.0991590000001
7.17166600000007,34.1633300000001
7.08999900000003,34.193886
7.04250000000013,34.22361
7.02166699999998,34.2344440000001
7.01777700000002,34.236938
6.97750000000008,34.2786100000001
6.97416600000008,34.2824940000001
6.96642699999995,34.2947010000001
6.96222200000005,34.304443
6.95916700000004,34.3222200000001
6.95833299999998,34.3352740000001
6.95944400000008,34.3544390000001
6.95861100000008,34.367493
6.93637899999999,34.4285740000001
6.9344440000001,34.4333270000001
6.91611100000006,34.4699940000001
6.91249899999997,34.47361
6.88916599999993,34.4911040000001
6.88080100000008,34.4856830000001
6.87888800000007,34.4844440000001
6.86111099999999,34.486664
6.75694400000009,34.523331
6.747499,34.5272220000001
6.74388900000008,34.529999
6.74055499999992,34.5347210000001
6.73694399999994,34.544441
6.73444400000005,34.5627749999999
6.73472199999998,34.6027760000001
6.73083300000008,34.626663
6.72722099999999,34.6374970000001
6.71666600000009,34.6547160000001
6.69999999999993,34.6791610000001
6.67777700000011,34.70472
6.62172399999997,34.751205
6.60583299999996,34.7627719999999
6.36666600000001,34.8499980000001
6.29111100000011,34.856384
6.27277800000007,34.858055
6.2616660000001,34.86055
6.23749900000013,34.870552
6.1399990000001,34.9163820000001
6.13166600000005,34.921661
6.11749900000007,34.935272
6.10777800000005,34.946106
6.09916600000003,34.958328
6.08861100000013,34.96833
6.08444400000013,34.9711070000001
6.06111000000004,34.981384
6.01394399999998,34.9878230000001
5.97361100000006,34.976662
5.96194399999996,34.9744420000001
5.94972100000012,34.975555
5.87805500000007,34.986382
5.81416599999994,35.028328
5.69277799999998,35.105827
5.68388800000002,35.104996
5.63250000000005,35.1038820000001
5.50777699999998,35.289993
5.50277699999998,35.292496
5.49194399999999,35.2949980000001
5.48027700000011,35.2927700000001
5.47555500000004,35.2905499999999
5.46333300000009,35.281944
5.45277700000008,35.2722170000001
5.44111099999992,35.2697220000001
5.43555500000014,35.2711110000001
5.38222200000001,35.2994380000001
5.37805500000002,35.3019410000001
5.36694399999993,35.311386
5.36055499999998,35.319443
5.35361100000006,35.3330540000001
5.35055499999999,35.3438870000001
5.34972199999999,35.3499980000001
5.35027700000006,35.356384
5.35222099999999,35.3611070000001
5.39388799999995,35.4149929999999
5.40055500000005,35.422218
5.40527700000013,35.4241640000001
5.42138900000009,35.436386
5.42472199999997,35.4399950000001
5.42944400000005,35.4474950000001
5.43138900000008,35.4524990000001
5.43305500000008,35.464165
5.43138900000008,35.504715
5.42833299999995,35.5224990000001
5.42527799999999,35.533333
5.36722200000003,35.7222210000001
5.36166600000007,35.7302700000001
5.3480550000001,35.7513890000001
5.34583300000008,35.7561040000001
5.33722200000011,35.774994
5.33111100000002,35.7969440000001
5.32861000000003,35.8216630000001
5.2683320000001,35.799438
5.26277700000003,35.7980500000001
5.25138900000013,35.7955550000001
5.23749899999996,35.795273
5.2313880000001,35.7958300000001
5.22027700000001,35.798332
5.21055499999994,35.802216
5.20305500000006,35.8080520000001
5.18138900000008,35.8274990000001
5.17222199999998,35.83194
5.16611100000006,35.8324970000001
5.15388900000011,35.8308260000001
5.143888,35.827217
5.12944400000004,35.8200000000001
5.10527700000011,35.8027730000001
5.088055,35.78611
5.08527800000007,35.781662
5.08194400000008,35.778328
5.07527700000003,35.7738880000001
4.79861100000011,35.774437
4.64027700000014,35.924721
4.622499,35.940552
4.61972100000003,35.8997190000001
4.6177770000001,35.7097170000001
4.61918300000008,35.699234
4.61805500000003,35.6961060000001
4.61749900000001,35.6758270000001
4.61722200000003,35.641937
4.61774300000013,35.6084520000001
4.6169440000001,35.5808260000001
4.61666600000001,35.5469440000001
4.61673500000001,35.5088810000001
4.61388900000009,35.146942
4.61277799999999,34.9502719999999
4.61222200000003,34.8213880000001
4.61249900000001,34.7738880000001
4.61222200000003,34.7130510000001
4.61111100000011,34.4822160000001
4.61055499999992,34.407776
4.60968200000002,34.3881910000001
4.59666600000003,34.3741610000001
4.32055500000007,34.096107
4.22277700000012,33.9966660000001
3.76472200000012,33.5302730000001
3.75222200000007,33.516937
3.75269700000013,33.5112380000001
3.75805500000007,33.3877719999999
3.76416599999993,33.244995
3.76611100000014,33.1838840000001
3.808333,33.12722
3.88861100000008,33.016663
3.86333300000007,32.978607
3.83722200000005,32.9383320000001
3.81194400000004,32.8980480000001
3.80388900000003,32.8747180000001
3.78055500000011,32.8002779999999
3.75583300000005,32.7194440000001
3.753333,32.669167
3.75194399999998,32.6352770000001
3.74583300000006,32.479164
3.7436110000001,32.4044420000001
3.61638199999999,32.202888
3.61104499999999,32.194435
3.59511400000008,32.1988830000001
3.57503800000006,32.2008290000001
3.51411199999995,32.195732
3.51138900000007,32.1933289999999
3.52111099999996,32.1358260000001
3.524722,32.1194380000001
3.52861100000007,32.10305
3.53250000000014,32.0936050000001
3.53972199999993,32.0872190000001
3.55194400000011,32.080276
3.56611100000003,32.0738830000001
3.58222200000012,32.068489
3.59138900000011,32.0258330000001
3.59388899999999,31.9511110000001
3.59472199999999,31.9502750000001
3.621666,31.946388
3.68249999999995,31.936386
3.68777800000004,31.933331
3.70388800000001,31.922222
3.78138899999999,31.8569410000001
3.78805499999999,31.8499980000001
3.80694400000004,31.8216630000001
3.81722200000007,31.794441
3.80027800000005,31.784443
3.76138900000007,31.7486080000001
3.71583299999998,31.706108
3.713055,31.701942
3.65361100000013,31.5408330000001
3.69888900000012,31.459721
3.74555499999997,31.37722
3.79472200000004,31.288055
3.79527800000005,31.285275
3.79583300000013,31.2038880000001
3.79527800000005,31.1766660000001
3.69694399999992,30.9836080000001
3.69194399999992,30.9747199999999
3.671111,30.95472
3.56555500000007,30.8913879999999
3.53055499999994,30.872219
3.52166699999998,30.8677750000001
3.50749999999999,30.8619420000001
3.49339400000014,30.858818
3.52833299999998,30.847221
3.66000000000008,30.786388
3.64305499999995,30.741943
3.63888900000006,30.7391660000001
3.63611100000008,30.7352750000001
3.63305500000001,30.7244420000001
3.61111099999994,30.631107
3.60472199999998,30.6033330000001
3.60444400000006,30.5963859999999
3.60444400000006,30.5897219999999
3.60611099999994,30.5780530000001
3.60861100000005,30.567219
3.61055499999998,30.5624960000001
3.61388899999992,30.558887
3.62,30.5594440000001
3.63444399999997,30.5722200000001
3.64888900000005,30.5780530000001
3.65972199999999,30.580555
3.67805500000009,30.5822220000001
3.69027799999992,30.5822220000001
3.70999999999998,30.5811080000001
3.86000000000001,30.553886
3.86472200000009,30.551941
3.87055500000008,30.5444410000001
3.87305500000014,30.5333330000001
3.87305500000014,30.5211110000001
3.86861099999999,30.504997
3.86583299999995,30.500832
3.86166600000001,30.491386
3.86416600000007,30.480553
3.8858330000001,30.4347190000001
3.92527800000011,30.361385
3.94027800000009,30.336109
3.95777800000013,30.2819440000001
3.96083299999992,30.271942
3.96083299999992,30.264999
3.95638800000006,30.248886
3.95416600000004,30.2372210000001
3.95444400000014,30.217499
3.95916699999992,30.208611
3.96250000000003,30.2052760000001
3.97055499999999,30.199718
4.0397210000001,30.1666640000001
4.09361099999995,30.152222
4.10555599999992,30.1438870000001
4.11166600000013,30.136108
4.11749900000012,30.121944
4.11888900000002,30.116386
4.11916600000001,30.1036110000001
4.12111099999998,30.0852780000001
4.12360999999999,30.074165
4.12805500000007,30.065277
4.13472199999995,30.0583310000001
4.23388900000009,29.987778
4.29138900000004,29.9594420000001
4.34444400000012,29.848053
4.34499900000003,29.8419420000001
4.3463890000001,29.836666
4.35166600000008,29.828331
4.36555499999997,29.808331
4.37138800000014,29.800278
4.37944400000004,29.79472
4.38499900000011,29.793331
4.42972199999997,29.7925
4.43638799999997,29.7925
4.46888799999999,29.799999
4.49611100000004,29.8063890000001
4.55499900000007,29.8163870000001
4.56027699999999,29.81472
4.56583300000011,29.8066640000001
4.61749900000001,29.6986080000001
4.64361100000013,29.6433299999999
4.65611100000001,29.614719
4.68333200000001,29.498333
4.68444400000004,29.4927750000001
4.68305500000002,29.4874990000001
4.67694399999993,29.4800000000001
4.6638880000001,29.46611
4.66027700000006,29.462776
4.65444400000007,29.4622190000001
4.63805500000012,29.466389
4.63138899999996,29.4666630000001
4.59499899999997,29.4644430000001
4.58888800000005,29.463886
4.52555499999994,29.432777
4.39333199999999,29.328331
4.38666599999999,29.3216630000001
4.34611000000012,29.2436100000001
4.34027800000001,29.2152750000001
4.34166599999992,29.2097210000001
4.34611000000012,29.200832
4.38611000000003,29.1594430000001
4.41222199999993,29.131386
4.49583200000001,29.0174980000001
4.498333,29.013332
4.49972200000002,29.008053
4.498333,29.002499
4.49611100000004,28.997776
4.48500000000013,28.9811100000001
4.48305499999998,28.9763870000001
4.48222199999998,28.970276
4.47777700000006,28.8930550000001
4.47777700000006,28.8874970000001
4.48166700000007,28.8313870000001
4.48277799999994,28.825832
4.48472200000003,28.8211100000001
4.49472100000014,28.803886
4.4994440000001,28.8019409999999
4.50611000000009,28.8016660000001
4.51583300000004,28.805832
4.52249900000004,28.805553
4.53194400000012,28.801388
4.55277700000005,28.78833
4.56194400000004,28.7766650000001
4.53749900000003,28.7124980000001
4.51416599999999,28.6952739999999
4.51027799999997,28.6924970000001
4.50527799999998,28.690552
4.48694400000005,28.6888890000001
4.48222199999998,28.6866650000001
4.45583199999993,28.672775
4.42722100000003,28.654163
4.42361100000011,28.6508329999999
4.41750000000002,28.636108
4.416111,28.630833
4.40194400000007,28.5847210000001
4.37305500000002,28.5058330000001
4.34999900000003,28.4883310000001
4.33361100000013,28.477776
4.32805499999995,28.4766650000001
4.29000000000008,28.363052
4.34555499999999,28.205555
4.34750000000003,28.200832
4.352777,28.1924969999999
4.43277699999999,28.084442
4.50222200000007,28.028053
4.55110999999999,27.9297220000001
4.55638900000014,27.868053
4.55777700000004,27.862499
4.59888800000004,27.7913860000001
4.60138799999993,27.7874980000001
4.666111,27.771664
4.68972200000007,27.773609
4.69583299999999,27.7741659999999
4.69999999999999,27.7766649999999
4.70944400000013,27.7874980000001
4.71499900000003,27.7888870000001
4.75472200000013,27.783607
4.76027799999991,27.7822190000001
4.78777700000006,27.768887
4.89249999999998,27.6666640000001
4.89777800000007,27.6586070000001
4.90194400000013,27.648888
4.94361000000004,27.524441
5.01638800000006,27.455276
5.02582800000005,27.458563
5.06444400000004,27.4602780000001
5.07388900000007,27.4602780000001
5.08361099999996,27.458054
5.143888,27.4080540000001
5.15416600000009,27.3983309999999
5.15944400000001,27.388885
5.16750000000008,27.369999
5.17361099999994,27.360832
5.20833299999998,27.320274
5.22611000000001,27.299999
5.23583299999996,27.295555
5.28249900000003,27.274998
5.331388,27.254719
5.41916700000007,27.2358320000001
5.42861100000005,27.2358320000001
5.43888900000013,27.237778
5.5025,27.254719
5.51194399999997,27.2575000000001
5.52111100000013,27.2627750000001
5.540277,27.2777750000001
5.54888799999998,27.281944
5.57860999999997,27.2816659999999
5.58916700000003,27.2761080000001
5.64777800000007,27.240833
5.70361000000003,27.20583
5.71361100000013,27.1980550000001
5.77194400000008,27.1427760000001
5.791111,27.110275
5.85944399999994,26.981667
5.86555500000003,26.923885
5.88749999999999,26.8611110000001
5.89222099999995,26.8502770000001
5.89833299999992,26.839443
5.90500000000003,26.829441
5.92388799999998,26.827221
5.955555,26.825832
5.96527799999996,26.8222200000001
5.97527700000006,26.8172190000001
5.98000000000002,26.808609
6.00916600000005,26.735554
6.01750000000004,26.697498
6.01055500000007,26.6761090000001
6.00499900000005,26.6669430000001
6.00277700000004,26.656387
6.01444400000014,26.612221
6.02833299999998,26.565277
6.07222200000001,26.4474980000001
6.07777700000008,26.4374960000001
6.08750000000003,26.4366650000001
6.09694400000001,26.4399990000001
6.10749900000008,26.445553
6.12472200000013,26.456944
6.13305500000001,26.4649960000001
6.14138800000012,26.4752770000001
6.15416600000009,26.495277
6.15888900000004,26.504719
6.16527700000012,26.5138850000001
6.17361100000011,26.5236090000001
6.18305500000008,26.5283320000001
6.20166600000005,26.52861
6.211389,26.5272220000001
6.22111000000001,26.5236090000001
6.294444,26.4594420000001
6.30110999999999,26.4502749999999
6.34638900000004,26.372498
6.38305499999996,26.307777
6.39250000000004,26.301388
6.401388,26.3005519999999
6.46555500000005,26.298054
6.49638799999997,26.31361
6.58333299999993,26.3661079999999
6.63524799999999,26.406284
6.63722100000001,26.4072189999999
6.646388,26.4049989999999
6.65527700000007,26.396664
6.68333200000001,26.3608320000001
6.69861000000003,26.3230550000001
6.70194400000003,26.31361
6.70138800000001,26.3038860000001
6.70361000000003,26.274719
6.70833300000004,26.2661090000001
6.82611100000008,26.1191640000001
6.84110999999996,26.10083
6.85027700000012,26.0944440000001
6.90305499999999,26.0641630000001
6.93277700000004,26.0522190000001
6.96388800000005,26.0477750000001
7.0183320000001,25.9844440000001
7.10944400000005,25.8502770000001
7.16805599999998,25.729721
7.21111100000007,25.6238860000001
7.29777700000005,25.4549979999999
7.33944400000007,25.3741650000001
7.34833200000003,25.365555
7.35833300000007,25.35722
7.36749900000001,25.3522190000001
7.37666599999994,25.349163
7.38555500000001,25.3497200000001
7.39611100000002,25.348888
7.40666600000009,25.3447190000001
7.41583300000008,25.3388860000001
7.42527800000011,25.3311080000001
7.47250000000003,25.272778
7.4780550000001,25.262775
7.49111099999999,25.2355540000001
7.49500000000006,25.226944
7.49360999999999,25.2163889999999
7.49749900000006,25.2069440000001
7.51638800000006,25.200275
7.57249900000005,25.181389
7.5833330000001,25.1838870000001
7.59277700000007,25.1899990000001
7.59916600000008,25.199444
7.623333,25.243889
7.624999,25.253052
7.6244440000001,25.262775
7.62527799999998,25.271664
7.63222200000007,25.2833330000001
7.64083300000004,25.291386
7.65000000000003,25.2961079999999
7.67805499999997,25.2997209999999
7.68777799999992,25.298885
7.77444400000013,25.288055
7.78333299999997,25.286388
7.84083299999998,25.2583309999999
7.85055500000004,25.2533300000001
7.87277699999999,25.225555
7.90194400000007,25.186108
7.89777800000002,25.139442
7.893888,25.1197200000001
7.8883330000001,25.10833
7.88888800000001,25.0991630000001
7.89222100000012,25.0891650000001
7.89749899999998,25.080276
7.92111100000005,25.053886
7.95527700000002,25.0177760000001
8.00333200000011,24.9702760000001
8.0413880000001,24.9438860000001
8.06083299999995,24.948608
8.07333199999994,24.946388
8.083887,24.9427760000001
8.09333200000009,24.9344440000001
8.15666599999992,24.8747220000001
8.16527700000006,24.865555
8.17555400000009,24.8438870000001
8.19277800000003,24.8044429999999
8.20861099999996,24.7283330000001
8.21083299999998,24.7149960000001
8.21861100000012,24.66
8.22055399999994,24.63361
8.21999900000003,24.6216660000001
8.23805400000003,24.4797210000001
8.26277700000014,24.3369410000001
8.27833199999998,24.253052
8.28444300000007,24.230553
8.29305499999998,24.2099990000001
8.30361000000005,24.1924970000001
8.31611099999998,24.177219
8.33055499999995,24.162777
8.34916500000003,24.153332
8.37583200000006,24.1402740000001
8.46833200000009,24.161388
8.477777,24.1658330000001
8.52611000000013,24.2019419999999
8.55499800000007,24.2286110000001
8.56055500000014,24.2366640000001
8.56416500000006,24.2458310000001
8.56916600000011,24.2544440000001
8.583055,24.269165
8.59194400000007,24.2674979999999
8.68694299999993,24.2011110000001
8.69588900000008,24.1744610000001
8.68833200000012,24.1497189999999
8.68555500000002,24.1388850000001
8.68472100000014,24.126389
8.68833200000012,24.0869410000001
8.69166600000011,24.060833
8.69388800000007,24.048332
8.69777699999997,24.0374980000001
8.70388800000006,24.015553
8.71805399999994,23.9258310000001
8.72777700000012,23.8238870000001
8.7247220000001,23.787498
8.72194300000001,23.7763860000001
8.71749900000003,23.7677760000001
8.71166600000004,23.7597200000001
8.70527599999997,23.7391660000001
8.70444299999997,23.5574990000001
8.705555,23.5374980000001
8.70805500000006,23.525833
8.71416700000003,23.517776
8.76527600000003,23.496944
8.77833200000009,23.4983329999999
8.80138799999992,23.5041659999999
8.81138800000008,23.5083309999999
8.81805400000007,23.5155530000001
8.82166500000005,23.526108
8.82749899999999,23.533607
8.83472100000012,23.5402760000001
8.84249899999992,23.5461079999999
8.86860999999993,23.562775
8.90611100000007,23.5816649999999
8.91833300000002,23.583611
8.98860899999994,23.5830540000001
8.99888800000008,23.5802760000001
9.004999,23.5722200000001
9.00527799999998,23.5652770000001
9.0002770000001,23.5566640000001
8.99166500000001,23.5505519999999
8.96472200000011,23.5358310000001
8.95749900000004,23.5286100000001
8.95694400000008,23.5161090000001
8.959721,23.503609
8.96361000000007,23.4933320000001
8.96888700000011,23.4852750000001
8.98666600000013,23.460552
8.99499900000001,23.4552760000001
9.01416599999999,23.448055
9.02500000000003,23.4486080000001
9.12972099999996,23.4730529999999
9.14527700000014,23.4786110000001
9.17416600000013,23.492775
9.17916500000001,23.5005530000001
9.18138900000002,23.5124970000001
9.17944299999994,23.532776
9.17944299999994,23.5452770000001
9.18166500000012,23.5563890000001
9.19277799999998,23.572498
9.27194400000008,23.6463850000001
9.27999900000009,23.6522220000001
9.42861000000005,23.664997
9.44083200000006,23.664444
9.44416600000005,23.6547199999999
9.43861000000004,23.646111
9.44027699999998,23.63583
9.44944399999991,23.631386
9.53527600000001,23.623333
9.54611000000006,23.6261099999999
9.55472200000014,23.631386
9.5791660000001,23.649441
9.59777600000012,23.6602750000001
9.66444399999995,23.6930540000001
9.67166500000002,23.6947210000001
9.86694300000005,23.669167
10.0836110000001,23.5366630000001
10.429998,23.323887
10.444166,23.3149990000001
10.459166,23.303886
10.6644440000001,23.0602760000001
10.69861,23.009441
10.7980540000001,22.944164
10.8655550000001,22.9013860000001
10.8997210000001,22.879997
10.922447,22.8665050000001
10.976944,22.893608
11.1983319999999,22.971107
11.209166,22.9747199999999
11.215832,22.975277
11.277498,22.9719430000001
11.283054,22.970833
11.4016670000001,22.935555
11.4158330000001,22.9308320000001
11.429443,22.790276
11.5075,22.65472
11.516109,22.6419409999999
11.534443,22.6255530000001
11.550554,22.6133310000001
11.593887,22.5811080000001
11.6099990000001,22.569443
11.621666,22.561665
11.636389,22.5563890000001
11.653332,22.553333
11.6655540000001,22.5527759999999
11.6724990000001,22.553333
11.7991660000001,22.572777
11.926666,22.5977750000001
11.9927769999999,22.611385
12.0747200000001,22.56361
12.165833,22.5033300000001
12.3397220000001,22.4416660000001
12.3547210000001,22.436386
12.483055,22.4063870000001
12.487221,22.4088860000001
12.608055,22.461666
12.621666,22.4669420000001
12.6733320000001,22.331665
12.747221,22.2233310000001
12.7155550000001,22.199718
12.672222,22.1658330000001
12.6652770000001,22.1580540000001
12.659443,22.149998
12.6552770000001,22.1405530000001
12.6499999999999,22.125275
12.6472210000001,22.114441
12.639999,22.074444
12.637499,22.049999
12.636389,22.004719
12.6386110000001,21.977219
12.6438880000001,21.9527739999999
12.6519430000001,21.931942
12.660276,21.919167
12.669443,21.9069440000001
12.684721,21.893887
12.701387,21.8830530000001
12.7883320000001,21.8319440000001
12.7974990000001,21.827774
12.801491,21.8283460000001
12.946943,21.8886110000001
12.9619430000001,21.8952750000001
13.048887,21.9408300000001
13.05361,21.9433330000001
13.1377770000001,22.0205540000001
13.142776,22.0294420000001
13.146387,22.059444
13.150833,22.075554
13.182777,22.146385
13.1902770000001,22.159721
13.320833,22.2694440000001
13.340555,22.285
13.35861,22.294167
13.371666,22.2955550000001
13.3777770000001,22.295277
13.382776,22.2936100000001
13.4955540000001,22.227497
13.660276,22.138332
13.669722,22.133888
13.779165,22.084442
13.922499,22.1983300000001
13.9627760000001,22.2302740000001
13.9683320000001,22.2383310000001
14.0097220000001,22.314442
14.0116650000001,22.3197210000001
14.028889,22.370831
14.0516660000001,22.434444
14.120832,22.5524980000001
14.1255550000001,22.5549960000001
14.136389,22.5586089999999
14.1641650000001,22.566944
14.1702770000001,22.5666660000001
14.2158319999999,22.559166
14.231943,22.5552749999999
14.234165,22.550278
14.2402760000001,22.5116649999999
14.3300000000001,22.449444
14.3791660000001,22.449165
14.4677770000001,22.4466630000001
14.4797209999999,22.4455530000001
14.489443,22.4419439999999
14.496111,22.434444
14.5130540000001,22.399998
14.516943,22.389442
14.519444,22.3847200000001
14.5230540000001,22.3813860000001
14.5286100000001,22.3802760000001
14.535555,22.380833
14.5541650000001,22.384163
14.5711100000001,22.3888850000001
14.5802760000001,22.3938870000001
14.592222,22.4033319999999
14.600277,22.416111
14.6294439999999,22.4699970000001
14.637438,22.5000000000001
14.691387,22.7024989999999
14.701944,22.701664
14.706944,22.6999970000001
14.7161100000001,22.6955530000001
14.750277,22.68222
14.765833,22.6774980000001
14.8049980000001,22.6702770000001
14.823055,22.668888
14.848055,22.6677740000001
14.8594440000001,22.6705549999999
14.9769440000001,22.75333
15.014999,22.7861100000001
15.0713880000001,22.84222
15.078333,22.849163
15.0944440000001,22.8683320000001
15.099443,22.8772200000001
15.1047210000001,22.892776
15.107777,22.916664
15.1113870000001,22.926666
15.11611,22.9358330000001
15.1208320000001,22.9383320000001
15.202499,22.9769440000001
15.2133330000001,22.9805529999999
15.2311099999999,22.9847220000001
15.2833330000001,22.9913860000001
15.3358330000001,22.9972190000001
15.3563879999999,22.9983330000001
15.3688890000001,22.998055
15.3799990000001,22.9961090000001
15.4008330000001,22.9894410000001
15.410555,22.9861110000001
15.418888,22.980831
15.426666,22.9744420000001
15.4605539999999,22.9380530000001
15.4688870000001,22.932777
15.487221,22.9230540000001
15.5091650000001,22.9194410000001
15.5222210000001,22.9197200000001
15.534721,22.921387
15.545555,22.925278
15.5619430000001,22.9372220000001
15.706388,23.108608
15.710293,23.1181560000001
15.711111,23.1436080000001
15.7105540000001,23.1702770000001
15.701111,23.2444419999999
15.686943,23.3055530000001
15.683611,23.32972
15.6816650000001,23.3569410000001
15.6849990000001,23.3813860000001
15.6891649999999,23.40361
15.6924989999999,23.4144440000001
15.700832,23.4338870000001
15.712221,23.451385
15.721388,23.4688870000001
15.7258320000001,23.479164
15.7416650000001,23.531666
15.7497220000001,23.5641630000001
15.756666,23.5972210000001
15.7583330000001,23.6088870000001
15.7575000000001,23.66333
15.7491660000001,23.7938880000001
15.746666,23.806942
15.7305549999999,23.8649980000001
15.707777,23.9458310000001
15.703333,23.9563870000001
15.6994439999999,23.9672200000001
15.696388,23.9791640000001
15.695276,23.9913860000001
15.6987090000001,23.999603
15.7087060000001,23.999634
15.8327770000001,24.0000000000001
16.132774,24.0000000000001
16.2661090000001,23.9991649999999
18.2994420000001,23.9991649999999
18.5324970000001,23.9991649999999
18.754303,23.999805
18.832775,23.9991649999999
19.432777,23.999443
19.465832,23.999722
19.499065,24.0027470000001
19.507221,24.0011099999999
19.521111,24.0008320000001
19.9063870000001,24.000275
19.9888880000001,24.000275
20.0019419999999,24.0008320000001
20.00222,24.0111079999999
20.00222,24.0433310000001
20.0005530000001,24.1544420000001
19.9969439999999,24.45583
19.9991650000001,24.5772210000001
20.0000000000001,24.634441
20.000275,24.7636110000001
19.9994429999999,24.9824980000001
19.999119,25.000832
21.010296,25.001131
21.999695,25.001423
22.0008320000001,25.0991630000001
22.00111,25.2163889999999
21.9997220000001,25.407219
22.002499,25.77861
21.9997220000001,26.3397220000001
21.996387,26.648609
21.9961090000001,26.6747209999999
21.995277,26.8380550000001
21.996666,26.9144440000001
21.9986080000001,26.971664
22.000275,27.0930520000001
22.0005530000001,27.138054
21.998055,27.2677760000001
21.9961090000001,27.3272210000001
21.9941640000001,27.386665
21.994442,27.41222
21.9994430000001,27.724163
22.00333,28.222775
22.003609,28.261108
22.0027770000001,28.3191640000001
21.9994430000001,28.5966640000001
21.995831,29.013332
21.995552,29.0708310000001
21.995552,29.0927770000001
21.995552,29.1136090000001
21.995552,29.1352770000001
21.995552,29.156387
21.995552,29.178055
21.995552,29.2499999999999
21.9974980000001,29.5272220000001
21.998055,29.6119420000001
22.0005530000001,30.1011090000001
22.0008320000001,30.2716640000001
22.0008320000001,30.377499
22.0008320000001,30.463055
22.0008320000001,30.4991650000001
22.000275,30.598888
21.9994430000001,30.6911090000001
21.999165,30.7483330000001
21.9983330000001,31.1652760000001
21.9983330000001,31.207497
21.9983330000001,31.2711110000001
21.999165,31.277496
22.079998,31.3200000000001
22.1061100000001,31.334999
22.199718,31.3847200000001
22.2102780000001,31.3922200000001
22.2136080000001,31.395832
22.221943,31.4088860000001
22.224442,31.413887
22.23,31.4294429999999
22.23222,31.4411090000001
22.23222,31.4555550000001
22.226387,31.4725
22.216389,31.4855540000001
22.1980550000001,31.502777
22.1813890000001,31.513611
22.170555,31.515831
22.165554,31.5161090000001
22.1516650000001,31.5116650000001
22.03083,31.4661100000001
21.9983330000001,31.453888
---
