5.839444,-55.104446
5.85111,-55.01889
5.849722,-55.013336
5.84611,-54.946671
5.853055,-54.864449
5.857222,-54.864449
5.875555,-54.88028
5.878888,-54.883896
5.884444,-54.892227
5.885833,-54.897507
5.884999,-54.903618
5.873333,-54.968895
5.867222,-54.990005
5.865277,-54.995003
5.863333,-55.006393
5.902222,-55.101952
5.906944,-55.110558
5.930833,-55.141396
5.937499,-55.148056
5.953333,-55.160004
5.958055,-55.162224
5.964167,-55.162781
5.969444,-55.161392
5.973055,-55.158058
5.977777,-55.148895
6.001666,-55.056396
6.003055,-55.044174
6.000833,-55.032501
5.988055,-54.970284
5.985277,-54.876945
5.982499,-54.779449
5.96244,-54.709946
5.954721,-54.639168
5.906944,-54.344452
5.898055,-54.298615
5.879722,-54.204727
5.871388,-54.178612
5.821111,-54.030006
5.816111,-54.021118
5.751389,-53.99028
5.745277,-53.989449
5.739721,-53.990837
5.731111,-53.99556
5.724166,-54.002785
5.718611,-54.010834
5.711111,-54.016945
5.657222,-54.045006
5.652499,-54.047226
5.647222,-54.048615
5.599444,-54.052505
5.586389,-54.051949
5.575555,-54.049171
5.535277,-54.049728
5.518888,-54.053894
5.499722,-54.062225
5.483333,-54.073334
5.458055,-54.09584
5.437778,-54.116394
5.429444,-54.121948
5.421389,-54.127228
5.395277,-54.142227
5.346944,-54.166946
5.3375,-54.174446
5.322499,-54.186668
5.308055,-54.200005
5.285,-54.245003
5.261666,-54.276672
5.248055,-54.290283
5.208627,-54.317329
5.148333,-54.347778
5.112222,-54.378891
5.087777,-54.402229
5.073333,-54.415001
5.024166,-54.448059
5.009722,-54.45417
4.998333,-54.45639
4.867777,-54.476112
4.760555,-54.478058
4.747777,-54.477501
4.736666,-54.474724
4.732499,-54.471947
4.669167,-54.439728
4.609722,-54.424171
4.593333,-54.420006
4.579721,-54.420006
4.567222,-54.421112
4.561944,-54.422501
4.548333,-54.429451
4.535832,-54.437782
4.525555,-54.448059
4.515555,-54.451393
4.509166,-54.452225
4.410649,-54.440239
4.369166,-54.431396
4.237222,-54.39389
4.16361,-54.365005
4.052221,-54.361115
4.046666,-54.362228
4.040555,-54.361671
4.030277,-54.358063
3.933888,-54.290283
3.812222,-54.193893
3.808611,-54.190559
3.801944,-54.176392
3.799166,-54.151947
3.796389,-54.140839
3.791667,-54.131393
3.785555,-54.123894
3.626944,-53.99778
3.609167,-53.98806
3.593889,-53.984169
3.448333,-54.001114
3.312778,-54.071114
3.295,-54.094452
3.285,-54.112228
3.270555,-54.125282
3.199166,-54.184723
3.190555,-54.189728
3.145278,-54.206116
3.126667,-54.208336
3.121944,-54.208618
3.096204,-54.195747
3.043889,-54.176117
2.956388,-54.160835
2.950833,-54.160835
2.801666,-54.193893
2.790833,-54.196671
2.781111,-54.200562
2.768888,-54.208618
2.758611,-54.21917
2.7525,-54.226669
2.725,-54.252785
2.712778,-54.261116
2.633889,-54.313057
2.624444,-54.317223
2.606667,-54.319725
2.590278,-54.323891
2.523889,-54.351952
2.504722,-54.360283
2.492222,-54.36834
2.484722,-54.374725
2.434722,-54.420563
2.365,-54.499168
2.329195,-54.603783
2.321111,-54.628891
2.319722,-54.634445
2.318333,-54.646667
2.321111,-54.678337
2.3225,-54.683891
2.327222,-54.692505
2.331388,-54.695282
2.378611,-54.712502
2.384166,-54.712502
2.393055,-54.707779
2.395833,-54.703613
2.397778,-54.698616
2.397778,-54.691948
2.399167,-54.686394
2.403333,-54.683891
2.443611,-54.685837
2.45,-54.686394
2.453888,-54.689171
2.458889,-54.698059
2.470555,-54.741112
2.471666,-54.746948
2.471111,-54.759727
2.469166,-54.764725
2.456847,-54.775383
2.445,-54.788612
2.4375,-54.801392
2.435555,-54.806396
2.434166,-54.818611
2.434722,-54.838615
2.4375,-54.856392
2.440278,-54.8675
2.443611,-54.870834
2.546389,-54.966667
2.554722,-54.972229
2.534722,-55.091949
2.527222,-55.111946
2.438889,-55.503334
2.401111,-55.698616
2.399167,-55.710281
2.399167,-55.716949
2.401111,-55.728889
2.468333,-55.860283
2.471111,-55.864449
2.478055,-55.871391
2.490278,-55.879723
2.503889,-55.893059
2.518333,-55.913063
2.523056,-55.921951
2.529166,-55.936394
2.531944,-55.947227
2.533333,-55.959724
2.532777,-55.965836
2.525833,-55.979446
2.518333,-55.985558
2.453888,-56
2.447778,-56.000839
2.3575,-56.08445
2.249166,-56.115837
2.208889,-56.036392
2.053333,-55.906952
2.045278,-55.90139
2.039166,-55.900558
1.908333,-55.898613
1.901944,-55.899445
1.897222,-55.90139
1.893055,-55.904167
1.882778,-55.914452
1.858889,-55.938614
1.853333,-55.946671
1.845278,-55.965836
1.838333,-55.993057
1.836944,-55.998894
1.835556,-56.017784
1.836944,-56.037224
1.8425,-56.059174
1.845833,-56.06945
1.851389,-56.08445
1.863611,-56.113335
1.891667,-56.201668
1.925278,-56.32695
1.934166,-56.426392
1.944499,-56.470634
1.955555,-56.473618
1.968611,-56.481117
2.017222,-56.549171
2.023889,-56.562782
2.026667,-56.573616
2.028055,-56.585838
2.028055,-56.646118
2.026111,-56.67028
2.026111,-56.682045
2.026111,-56.684174
2.02874,-56.691872
2.140833,-56.775002
2.193333,-56.810562
2.283333,-56.853889
2.428055,-56.917778
2.483055,-56.944725
2.749166,-57.098061
2.754722,-57.105278
2.756944,-57.111671
2.757778,-57.118896
2.759722,-57.125282
2.814444,-57.194168
2.821389,-57.201393
2.827777,-57.203896
2.878889,-57.213341
2.986111,-57.215279
2.9925,-57.212502
2.999722,-57.206116
3.005555,-57.203896
3.0125,-57.205002
3.035833,-57.210281
3.065,-57.220284
3.103611,-57.255005
3.138055,-57.281952
3.143888,-57.285278
3.181389,-57.290001
3.264166,-57.292503
3.270555,-57.292503
3.303889,-57.288338
3.316667,-57.281395
3.323889,-57.281113
3.330277,-57.28334
3.3775,-57.301392
3.383333,-57.306946
3.347222,-57.429451
3.346389,-57.530556
3.359444,-57.599449
3.360555,-57.606117
3.36,-57.618057
3.356389,-57.642227
3.413888,-57.657784
3.445278,-57.641396
3.455,-57.637222
3.461111,-57.636948
3.466666,-57.638062
3.518611,-57.654449
3.538333,-57.668617
3.610278,-57.734726
3.617222,-57.746948
3.624166,-57.760559
3.647778,-57.812225
3.652778,-57.821114
3.665,-57.835838
3.673611,-57.841118
3.689722,-57.845558
3.695555,-57.84639
3.7225,-57.846947
3.740833,-57.849167
3.746111,-57.850563
3.771667,-57.859451
3.790833,-57.8675
3.809166,-57.876671
3.886666,-57.929169
3.894722,-57.934723
3.909722,-57.946945
3.916667,-57.953896
3.929166,-57.968895
3.963611,-58.016396
3.994722,-58.040283
4.008333,-58.047226
4.152222,-58.071396
4.159166,-58.071396
4.174166,-58.065559
4.18611,-58.05806
4.202499,-58.047226
4.209722,-58.041115
4.216666,-58.034172
4.239721,-58.002785
4.279444,-57.959167
4.287777,-57.953896
4.293056,-57.952507
4.317222,-57.949173
4.349166,-57.948616
4.503611,-57.902779
4.628888,-57.846947
4.654722,-57.838615
4.666944,-57.838615
4.6725,-57.840004
4.681944,-57.84417
4.764444,-57.884727
4.772222,-57.890839
4.776111,-57.900284
4.779444,-57.917778
4.787777,-57.92334
4.804999,-57.926392
4.821944,-57.92334
4.855556,-57.90139
4.927777,-57.841118
5.010278,-57.688057
5.0125,-57.676392
5.011666,-57.67028
5.000278,-57.634171
4.992499,-57.613892
4.991944,-57.608063
4.989166,-57.473618
4.989166,-57.42028
4.989721,-57.413895
5.026111,-57.327225
5.069722,-57.323059
5.082222,-57.320839
5.160277,-57.296951
5.172222,-57.287781
5.176389,-57.278336
5.177777,-57.265839
5.175278,-57.254723
5.169999,-57.246391
5.157222,-57.238617
5.146388,-57.23584
5.140833,-57.228889
5.141388,-57.222778
5.157777,-57.198334
5.168611,-57.188614
5.180833,-57.188614
5.214999,-57.202507
5.232222,-57.212502
5.259945,-57.235207
5.222777,-57.256393
5.220555,-57.268059
5.223332,-57.279167
5.229444,-57.286392
5.303611,-57.324448
5.359722,-57.299446
5.372777,-57.278336
5.380278,-57.272224
5.384999,-57.270004
5.401388,-57.265839
5.486111,-57.248505
5.51611,-57.188339
5.521667,-57.180283
5.528333,-57.17334
5.537222,-57.168335
5.542222,-57.166389
5.557777,-57.161667
5.671666,-57.138893
5.683332,-57.136948
5.701666,-57.135002
5.761666,-57.133614
5.773333,-57.131393
5.937499,-57.070557
5.942222,-57.068336
5.949721,-57.062225
5.989444,-56.9925
5.996944,-56.972504
5.997499,-56.95945
5.996944,-56.953339
5.965555,-56.700562
5.940504,-56.603622
5.948333,-56.554451
5.945833,-56.483063
5.945,-56.476952
5.889166,-56.260559
5.818333,-56.017784
5.78361,-55.916389
5.781388,-55.911667
5.774722,-55.904724
5.770555,-55.902229
5.765833,-55.900284
5.737222,-55.894447
5.723332,-55.894447
5.674444,-55.898613
5.671908,-55.899559
5.674999,-55.890007
5.683332,-55.884171
5.698889,-55.879723
5.711111,-55.878059
5.724166,-55.877502
5.775833,-55.891113
5.867222,-55.921394
5.875555,-55.926674
5.882222,-55.926674
5.887221,-55.924728
5.894722,-55.91806
5.945833,-55.859726
5.951944,-55.851952
5.956666,-55.836395
5.959999,-55.819168
5.966944,-55.771118
5.9675,-55.765007
5.974444,-55.620285
5.977777,-55.548615
5.964167,-55.412781
5.959999,-55.377228
5.951944,-55.34417
5.948333,-55.333893
5.924722,-55.269173
5.9225,-55.264168
5.915833,-55.253891
5.898055,-55.23056
5.907499,-55.183891
5.908333,-55.17778
5.907499,-55.171669
5.905555,-55.166672
5.883611,-55.120003
5.880833,-55.116112
5.8775,-55.111946
5.868055,-55.10778
5.855,-55.108612
5.844166,-55.111389
5.835833,-55.116669
5.822173,-55.127968
---
