-26.238335,30.969444
-26.18417,31.005554
-26.112782,31.051109
-26.091393,31.063889
-26.063057,31.076942
-26.020836,31.095554
-25.9925,31.107777
-25.983261,31.110802
-25.928337,31.125275
-25.913891,31.12833
-25.75528,31.320553
-25.751392,31.33083
-25.728336,31.421665
-25.827503,31.590832
-25.911392,31.733887
-25.933033,31.769951
-25.958889,31.81361
-25.995556,31.878052
-25.95784,31.96851
-25.990837,31.998608
-26.037224,32.074715
-26.148613,32.10083
-26.162224,32.10305
-26.261391,32.061104
-26.393333,32.07222
-26.425003,32.089165
-26.492226,32.123055
-26.505836,32.129166
-26.796669,32.1325
-26.839626,32.1334
-26.813057,32.096664
-26.808891,32.086105
-26.807781,32.079994
-26.806095,32.021683
-26.808064,32.009491
-27.053059,31.967777
-27.112782,31.958611
-27.142929,31.960546
-27.209446,31.964722
-27.264168,31.96833
-27.289452,31.984951
-27.316113,31.987499
-27.316669,31.983608
-27.316391,31.925278
-27.315556,31.762218
-27.315002,31.680553
-27.313057,31.517498
-27.281113,31.413609
-27.239218,31.278288
-27.220837,31.218887
-27.203056,31.161663
-27.076946,31.056942
-26.960835,30.96833
-26.804447,30.910553
-26.77195,30.899443
-26.786667,30.888332
-26.790836,30.884998
-26.796391,30.876389
-26.799168,30.871387
-26.816391,30.825554
-26.814724,30.821941
-26.810558,30.818886
-26.799168,30.816666
-26.743587,30.808846
-26.702503,30.803608
-26.681114,30.802498
-26.611946,30.800278
-26.542778,30.798332
-26.468391,30.802219
-26.447224,30.808609
-26.390835,30.829441
-26.305254,30.902048
---
