47.553329,7.769722
47.558052,7.906388
47.553886,7.91361
47.552773,7.918888
47.552216,7.931944
47.556107,8.033333
47.560555,8.086666
47.561661,8.092222
47.565552,8.099722
47.568329,8.102499
47.571938,8.103888
47.578331,8.108055
47.581108,8.110832
47.617218,8.185276
47.620827,8.193333
47.621666,8.198889
47.621666,8.205555
47.619438,8.240833
47.613052,8.283333
47.611664,8.288055
47.605827,8.2925
47.579994,8.390833
47.573608,8.435833
47.602493,8.464998
47.612221,8.477499
47.631104,8.51111
47.634163,8.519999
47.632774,8.531387
47.623329,8.558332
47.621384,8.562222
47.614441,8.565554
47.598537,8.56943
47.59137,8.57642
47.599442,8.591389
47.601662,8.594721
47.646111,8.629166
47.649719,8.630833
47.653328,8.629444
47.656105,8.626944
47.66111,8.620832
47.667732,8.610254
47.66861,8.580555
47.668327,8.551388
47.667496,8.545832
47.664444,8.536943
47.656944,8.528055
47.65361,8.525833
47.649719,8.518332
47.647217,8.495277
47.646942,8.475555
47.669441,8.424721
47.678329,8.413332
47.699715,8.407221
47.703888,8.406666
47.767494,8.473331
47.769997,8.47611
47.772499,8.479443
47.806389,8.559721
47.806938,8.566111
47.804161,8.60861
47.803604,8.614721
47.79805,8.661388
47.786659,8.685555
47.761383,8.734999
47.758049,8.736944
47.75444,8.736944
47.713882,8.734999
47.709717,8.734165
47.705673,8.730698
47.703888,8.729166
47.696625,8.720222
47.695,8.745277
47.692215,8.761389
47.681725,8.800133
47.710274,8.774721
47.713333,8.772778
47.717499,8.772221
47.722771,8.777777
47.735275,8.799999
47.737221,8.804165
47.735832,8.808887
47.718048,8.835278
47.698883,8.855833
47.654148,8.883299
47.651382,8.892776
47.650276,8.904999
47.650551,8.917776
47.653053,8.934166
47.657494,8.947777
47.667496,8.973331
47.672775,8.985554
47.679161,8.996666
47.682495,9.004999
47.687775,9.024166
47.688889,9.0425
47.685829,9.078333
47.684998,9.086943
47.662842,9.261095
47.575851,9.478322
47.540451,9.566724
47.505783,9.557772
47.499718,9.559721
47.496666,9.562222
47.491104,9.567499
47.470276,9.590277
47.46833,9.594166
47.468887,9.611666
47.460274,9.646944
47.458328,9.65111
47.455551,9.65361
47.398605,9.673332
47.394997,9.673054
47.387772,9.669998
47.381386,9.664999
47.373055,9.650555
47.369995,9.641666
47.36805,9.631388
47.367218,9.625832
47.367252,9.624422
47.367493,9.614443
47.359993,9.605276
47.354164,9.599722
47.284164,9.539999
47.274544,9.533569
47.231384,9.502222
47.215271,9.491388
47.200272,9.485832
47.192215,9.484165
47.179718,9.484444
47.16555,9.489721
47.15361,9.49861
47.139999,9.505554
47.121666,9.511389
47.109444,9.512777
47.100273,9.512499
47.092499,9.510277
47.057457,9.474637
47.061104,9.485277
47.06472,9.506388
47.07,9.538055
47.07,9.544722
47.063835,9.598635
47.056664,9.6325
47.050278,9.719444
47.023598,9.870277
47.022491,9.875555
47.003876,9.891943
47.000267,9.893055
46.993324,9.889444
46.98082,9.880833
46.970543,9.875555
46.962769,9.873333
46.958603,9.87361
46.941658,9.87611
46.939156,9.879444
46.912773,9.934999
46.866386,10.058887
46.850273,10.109444
46.849716,10.122776
46.851105,10.140276
46.851341,10.141807
46.852776,10.15111
46.857216,10.170555
46.874992,10.22361
46.878883,10.231388
46.933609,10.313332
46.955551,10.323332
46.986382,10.345833
46.994995,10.353611
46.997215,10.357222
47.002777,10.385555
47.003609,10.391109
47.001106,10.400833
46.984161,10.429998
46.937775,10.487499
46.934212,10.488913
46.871353,10.471235
46.763054,10.447498
46.635826,10.470833
46.619438,10.486387
46.615273,10.486666
46.594719,10.486111
46.590553,10.485277
46.562492,10.475555
46.551666,10.471109
46.546387,10.465277
46.542503,10.457531
46.539162,10.44972
46.549438,10.337221
46.553886,10.305555
46.555832,10.301666
46.583885,10.247499
46.587219,10.245554
46.59111,10.245277
46.599442,10.246944
46.613884,10.253054
46.61805,10.254166
46.622215,10.253611
46.636665,10.241665
46.638885,10.238609
46.639999,10.233332
46.632217,10.18111
46.611382,10.119165
46.543053,10.0525
46.539993,10.050278
46.507217,10.044722
46.498055,10.044167
46.453331,10.044443
46.449165,10.044998
46.445831,10.046665
46.443054,10.049166
46.438332,10.055555
46.432495,10.067221
46.424164,10.08861
46.423332,10.092777
46.390274,10.153889
46.272499,10.177221
46.268326,10.176388
46.257217,10.172499
46.25444,10.169722
46.23333,10.140833
46.228882,10.133888
46.227219,10.129999
46.220551,10.078609
46.220276,10.072777
46.221107,10.066666
46.222771,10.063055
46.22805,10.05722
46.291664,9.994999
46.331383,9.982498
46.334717,9.981943
46.346664,9.991388
46.354439,9.99361
46.357773,9.991943
46.361938,9.984722
46.379166,9.949999
46.379997,9.943888
46.383331,9.91111
46.383049,9.904999
46.36972,9.852777
46.35833,9.813055
46.342209,9.770555
46.302773,9.714998
46.298332,9.708332
46.297218,9.696943
46.291939,9.624722
46.296944,9.581944
46.30555,9.547222
46.306938,9.5425
46.319717,9.521387
46.38472,9.458611
46.387772,9.456665
46.426666,9.450277
46.472496,9.455
46.5075,9.372776
46.508606,9.360832
46.504715,9.302221
46.503883,9.296944
46.500275,9.288887
46.495827,9.281944
46.487778,9.273611
46.448051,9.249722
46.440277,9.25
46.433327,9.253054
46.431389,9.256943
46.428329,9.272778
46.423332,9.280554
46.419998,9.282221
46.35305,9.296944
46.348885,9.297499
46.32666,9.293333
46.323051,9.291943
46.292496,9.276667
46.23671,9.24341
46.230553,9.238609
46.186661,9.189444
46.179161,9.180555
46.176941,9.177221
46.171661,9.158609
46.168049,9.144439
46.160271,9.132221
46.121109,9.083332
46.05722,9.035831
46.022499,9.016666
45.976944,8.998055
45.973328,8.996666
45.94416,9.0175
45.935829,9.025
45.931664,9.031944
45.924164,9.066666
45.915833,9.079443
45.912498,9.081388
45.901939,9.085554
45.899162,9.085554
45.895554,9.083887
45.837776,9.036665
45.829437,8.998333
45.845276,8.951111
45.868889,8.93611
45.872772,8.936666
45.876938,8.936388
45.900833,8.926666
45.949715,8.9
45.955826,8.895555
45.984161,8.826666
45.988609,8.813055
46.031662,8.816944
46.03611,8.82361
46.054443,8.849998
46.056938,8.852499
46.061104,8.853333
46.072495,8.850555
46.079163,8.846666
46.08194,8.844166
46.089439,8.835278
46.096664,8.826111
46.100555,8.818333
46.121109,8.747221
46.108589,8.728855
46.105553,8.72361
46.102493,8.714998
46.10083,8.701111
46.101387,8.691944
46.120277,8.617777
46.122215,8.613888
46.23333,8.460554
46.245827,8.445555
46.248604,8.444443
46.291107,8.434166
46.295273,8.434999
46.317215,8.443333
46.323326,8.447498
46.33416,8.458332
46.36805,8.465832
46.37722,8.46611
46.444443,8.461666
46.452217,8.459999
46.459999,8.451666
46.461937,8.447498
46.463333,8.436388
46.463051,8.430277
46.453606,8.365276
46.449997,8.357222
46.424721,8.30611
46.422493,8.302776
46.419716,8.299999
46.226105,8.139999
46.219719,8.143888
46.188889,8.158333
46.180832,8.159443
46.176666,8.158888
46.153053,8.150276
46.149437,8.148888
46.013329,8.014721
46.008331,8.00861
46.00222,7.998055
45.996941,7.973055
45.994164,7.95
45.994164,7.911111
45.991104,7.902499
45.977776,7.881944
45.972496,7.876666
45.948326,7.866388
45.919052,7.855742
45.918755,7.8483
45.923607,7.783889
45.93222,7.743333
45.943329,7.709167
45.979996,7.653055
45.98111,7.647499
45.981667,7.536666
45.941109,7.458055
45.929443,7.429722
45.916107,7.393332
45.914719,7.378888
45.920555,7.338888
45.923882,7.300278
45.92305,7.295555
45.921944,7.291111
45.898048,7.230277
45.882217,7.196944
45.879166,7.188611
45.879166,7.183055
45.880829,7.117499
45.882217,7.105
45.883606,7.099444
45.887497,7.09111
45.896942,7.077777
45.909164,7.062778
45.931938,7.038054
45.961937,7.030555
45.996666,7.008611
45.999443,7.005833
46.055275,6.933055
46.088051,6.873888
46.14222,6.788055
46.148048,6.783889
46.162498,6.781111
46.166107,6.780833
46.378326,6.799999
46.404228,6.807016
46.415276,6.809444
46.41861,6.808332
46.427773,6.803055
46.43055,6.800278
46.434166,6.791389
46.447495,6.737778
46.45472,6.702777
46.464165,6.633611
46.45916,6.52
46.457771,6.510278
46.453049,6.491944
46.406944,6.328333
46.401382,6.31111
46.394165,6.295555
46.357773,6.246388
46.354996,6.243333
46.344719,6.236388
46.333885,6.23
46.322495,6.225555
46.319717,6.228055
46.31551,6.243747
46.26194,6.271944
46.21833,6.245555
46.173332,6.189166
46.17083,6.185833
46.15361,6.152222
46.149437,6.133611
46.148048,6.12361
46.146942,5.996388
46.201942,5.967222
46.205276,5.96611
46.209442,5.966666
46.212494,5.968055
46.221939,5.981388
46.233887,6.009166
46.241386,6.03
46.250549,6.060833
46.249718,6.072499
46.246666,6.0825
46.253052,6.107778
46.260551,6.117222
46.264442,6.119166
46.268051,6.118055
46.297489,6.106109
46.30555,6.115
46.311943,6.120277
46.363052,6.154166
46.369995,6.15861
46.373886,6.158333
46.37722,6.157222
46.386383,6.151667
46.388611,6.148333
46.409721,6.111111
46.426384,6.071111
46.44944,6.086944
46.539719,6.135278
46.583054,6.129722
46.585831,6.127222
46.589996,6.127777
46.59333,6.129999
46.682777,6.269166
46.711388,6.346666
46.714439,6.355
46.720551,6.366666
46.758049,6.434999
46.774437,6.452777
46.78083,6.4575
46.785271,6.458611
46.839439,6.446944
46.895828,6.460278
46.971664,6.528333
46.979996,6.566388
46.994438,6.620832
46.997215,6.629722
47.004166,6.639722
47.034164,6.678333
47.063889,6.699444
47.130829,6.793333
47.164989,6.849721
47.16777,6.838888
47.171104,6.8375
47.173607,6.839722
47.291939,6.971666
47.364998,7.000833
47.361664,6.980833
47.358887,6.931389
47.356941,6.88111
47.360275,6.879999
47.364716,6.88111
47.372772,6.884444
47.497215,6.990555
47.508049,7.025
47.499054,7.14642
47.445831,7.178333
47.442215,7.187499
47.421944,7.241111
47.42083,7.246944
47.421944,7.251389
47.432495,7.275555
47.440277,7.308332
47.439438,7.336944
47.438606,7.343611
47.434017,7.355897
47.433609,7.358055
47.432495,7.3825
47.434166,7.388333
47.445274,7.415555
47.460548,7.433054
47.469994,7.452777
47.494995,7.496944
47.500549,7.502222
47.544441,7.497222
47.54805,7.49861
47.550552,7.501389
47.556664,7.513055
47.559715,7.521667
47.565552,7.546665
47.576385,7.550833
47.581383,7.557221
47.583611,7.567222
47.584999,7.586944
47.58448,7.588268
47.603882,7.640555
47.606384,7.674444
47.603607,7.676944
47.579437,7.671944
47.576385,7.669999
47.574165,7.666666
47.561104,7.621111
47.550552,7.656111
47.543327,7.697223
---
47.70694,8.709721
47.710548,8.708332
47.713051,8.705
47.713608,8.698889
47.712494,8.675278
47.711105,8.670555
47.707497,8.670277
47.701771,8.673298
47.697495,8.675554
47.693344,8.678595
47.696808,8.710255
---
