37.314049,74.8461
37.325447,74.832764
37.331833,74.823044
37.399742,74.684265
37.391197,74.669617
37.388771,74.662201
37.386261,74.639435
37.381676,74.551315
37.381798,74.542206
37.394012,74.432205
37.399284,74.400818
37.403168,74.38916
37.406776,74.322495
37.409264,74.261108
37.409546,74.247208
37.407043,74.239975
37.40065,74.228592
37.39537,74.227768
37.383987,74.228592
37.336182,74.146103
37.31144,74.040268
37.269737,73.87915
37.26474,73.8647
37.259178,73.851379
37.255844,73.846375
37.24778,73.838318
37.239166,73.832764
37.231392,73.824707
37.228058,73.819717
37.226662,73.81192
37.221649,73.738586
37.238304,73.640549
37.239693,73.63443
37.242752,73.629425
37.250809,73.620819
37.257202,73.619141
37.262482,73.61998
37.267204,73.621643
37.289154,73.636108
37.300545,73.64444
37.304153,73.649429
37.306664,73.656647
37.310272,73.701096
37.307777,73.720535
37.308617,73.726654
37.337242,73.764999
37.341125,73.768875
37.345291,73.771927
37.350296,73.773605
37.431427,73.776657
37.434296,73.775986
37.438644,73.747208
37.437798,73.711655
37.436691,73.682755
37.435303,73.674988
37.434738,73.660538
37.436119,73.619431
37.438065,73.606644
37.448341,73.571381
37.457512,73.549423
37.464455,73.533051
37.471107,73.516388
37.472496,73.510269
37.47361,73.496933
37.476105,73.456375
37.475822,73.435532
37.462753,73.307205
37.458031,73.291367
37.453018,73.276932
37.402985,73.157761
37.362701,73.107758
37.304062,73.001389
37.25293,72.898605
37.247086,72.886383
37.234856,72.848038
37.233749,72.840271
37.235695,72.827774
37.23597,72.820831
37.234856,72.813034
37.229568,72.798874
37.226234,72.793594
37.210403,72.778046
37.180679,72.758881
37.135384,72.733871
37.112328,72.722214
37.090652,72.708038
37.029495,72.666412
37.021202,72.658508
37.00174,72.518036
37.002838,72.431366
37.002556,72.410248
36.989494,72.346634
36.978104,72.306351
36.967003,72.279968
36.944267,72.226898
36.941177,72.22081
36.830383,72.047745
36.75042,71.931366
36.692101,71.842758
36.684601,71.820267
36.678215,71.781662
36.674889,71.759155
36.671844,71.695251
36.67601,71.6772
36.693222,71.626083
36.697388,71.61499
36.700378,71.610062
36.724167,71.582626
36.737862,71.570526
36.760681,71.554688
36.766487,71.551147
36.926689,71.466385
36.944733,71.45694
37.058044,71.432205
37.075829,71.429428
37.16111,71.43692
37.171127,71.43808
37.20723,71.44693
37.211952,71.448593
37.224541,71.45755
37.236671,71.469437
37.254456,71.480545
37.263626,71.484985
37.273346,71.488312
37.28363,71.490265
37.309303,71.491882
37.3703,71.493317
37.418083,71.487198
37.558151,71.495712
37.56839,71.496643
37.604546,71.50296
37.614227,71.505829
37.726746,71.541931
37.795654,71.573883
37.799545,71.578049
37.815651,71.588593
37.836769,71.591095
37.874275,71.593597
37.902618,71.591934
37.908455,71.588593
37.917946,71.579453
37.942062,71.546371
37.946228,71.534149
37.948456,71.515366
37.946571,71.499023
37.925385,71.435806
37.907043,71.389709
37.887871,71.334717
37.892311,71.323318
37.922035,71.252777
37.924538,71.250824
37.927589,71.251389
37.937584,71.253601
37.982323,71.266098
38.085129,71.315262
38.126801,71.336655
38.135704,71.342209
38.143753,71.349991
38.152367,71.355545
38.162094,71.358871
38.19265,71.36554
38.197937,71.366089
38.236275,71.366379
38.248497,71.363037
38.253502,71.359146
38.293785,71.314423
38.300453,71.297485
38.302666,71.275269
38.302109,71.267761
38.30294,71.25444
38.305443,71.241928
38.315163,71.219986
38.324333,71.204987
38.347946,71.177765
38.369896,71.163605
38.382751,71.150421
38.385735,71.145538
38.462959,70.996368
38.470459,70.97998
38.472115,70.967209
38.47184,70.953049
38.441544,70.779434
38.409866,70.71138
38.354294,70.647491
38.310951,70.599152
38.260384,70.548325
38.256218,70.544434
38.24733,70.538879
38.166756,70.491928
38.157028,70.488586
38.022278,70.346939
38.01506,70.336929
38.001732,70.314987
37.998947,70.30748
37.998589,70.297211
37.97644,70.279984
37.949295,70.252472
37.937263,70.236649
37.928932,70.209427
37.941154,70.170258
37.933372,70.161377
37.923195,70.159363
37.918106,70.159149
37.871719,70.165543
37.853943,70.175537
37.850052,70.179977
37.835335,70.198593
37.832832,70.211105
37.829224,70.222763
37.825058,70.234146
37.821991,70.239151
37.812546,70.246933
37.773949,70.268051
37.768677,70.270264
37.728981,70.282211
37.702339,70.286377
37.69706,70.285812
37.615746,70.253601
37.536232,70.155823
37.529045,70.134995
37.528786,70.120819
37.531326,70.094711
37.532448,70.088593
37.533844,70.082489
37.541336,70.062454
37.541656,70.038879
37.541931,70.032211
37.545547,70.013885
37.564995,69.958603
37.568886,69.954163
37.578606,69.946091
37.598328,69.937195
37.606941,69.928864
37.611938,69.918045
37.614441,69.905823
37.614998,69.899155
37.613052,69.884155
37.60833,69.867477
37.599998,69.8461
37.582771,69.793045
37.574402,69.67189
37.578606,69.5811
37.583878,69.528595
37.580826,69.515823
37.455826,69.382751
37.451103,69.380264
37.419716,69.376648
37.388046,69.37442
37.344154,69.381363
37.32444,69.389984
37.276939,69.405823
37.207214,69.426086
37.196411,69.421249
37.17527,69.409988
37.1586,69.388596
37.128601,69.338043
37.118599,69.321106
37.115273,69.315262
37.104164,69.286652
37.097214,69.262207
37.094154,69.246643
37.116386,69.204987
37.150764,69.151047
37.159988,69.130539
37.163048,69.125259
37.166939,69.120819
37.250832,69.033325
37.256386,69.029709
37.29361,69.011932
37.30777,68.99971
37.319717,68.979156
37.321938,68.973877
37.324997,68.961929
37.338326,68.89444
37.3386,68.887772
37.322495,68.809418
37.274994,68.664154
37.270828,68.660263
37.243881,68.639435
37.219437,68.631927
37.20388,68.6297
37.200546,68.623871
37.119987,68.414993
37.108887,68.334427
37.030548,68.284149
37.021103,68.194427
37.020546,68.187195
37.014442,68.174149
36.932526,68.058014
36.936104,68.001389
37.088326,67.791656
37.0961,67.782211
37.10833,67.775543
37.114441,67.773605
37.119713,67.77388
37.185822,67.779877
37.192215,67.789978
37.199432,67.798035
37.211662,67.809143
37.225822,67.818878
37.256104,67.836105
37.26194,67.838043
37.281662,67.84137
37.312492,67.843597
37.330551,67.843872
37.352493,67.84082
37.383606,67.832764
37.397774,67.826385
37.416382,67.81749
37.446098,67.81749
37.479156,67.825272
37.484993,67.827484
37.505829,67.838318
37.54055,67.859146
37.545547,67.862762
37.599716,67.903046
37.61721,67.917206
37.636108,67.937195
37.668327,67.974701
37.678329,67.987762
37.683876,67.997482
37.691101,68.006104
37.738884,68.051926
37.765274,68.073044
37.794716,68.091095
37.80999,68.099716
37.858887,68.123032
37.884438,68.129974
37.908882,68.138046
37.919441,68.1436
37.928047,68.150543
37.932213,68.161652
37.935822,68.180542
37.942146,68.238388
37.944992,68.252777
37.950829,68.269714
37.954437,68.27388
37.958885,68.277481
38.04615,68.337814
38.085548,68.35498
38.157211,68.37915
38.163879,68.380814
38.183601,68.384155
38.189987,68.38472
38.195541,68.384155
38.210274,68.37886
38.224434,68.372482
38.23777,68.36499
38.241936,68.361649
38.245827,68.358032
38.26194,68.342758
38.273323,68.331375
38.30027,68.284424
38.303047,68.27916
38.311104,68.261932
38.326385,68.226379
38.332214,68.215546
38.335548,68.211105
38.424438,68.127197
38.428329,68.123871
38.433052,68.121368
38.541382,68.07193
38.546387,68.070541
38.664711,68.074158
38.797218,68.113312
38.797493,68.120529
38.799995,68.133041
38.803879,68.14444
38.808601,68.154984
38.817215,68.169983
38.824165,68.178589
38.843323,68.19136
38.854439,68.196365
38.865829,68.195526
38.896103,68.186371
38.900826,68.183868
38.904709,68.180267
38.931381,68.15387
38.943878,68.14444
38.956657,68.135818
38.976379,68.12886
38.98555,68.123871
38.99749,68.113312
39.000275,68.107758
39.008049,67.984421
38.996941,67.934708
38.979156,67.875809
38.976654,67.863312
38.976936,67.855545
38.977768,67.848602
38.990273,67.750824
38.993607,67.725266
38.996658,67.709427
38.999435,67.703873
39.013054,67.696091
39.015991,67.695267
39.115547,67.702774
39.125549,67.699707
39.13472,67.694702
39.138046,67.690262
39.164993,67.63443
39.171936,67.617477
39.173325,67.603043
39.17305,67.588043
39.171661,67.566666
39.166939,67.533325
39.166664,67.526093
39.16777,67.517761
39.169441,67.510269
39.209717,67.381927
39.212494,67.376373
39.220268,67.369141
39.225266,67.367477
39.236656,67.366379
39.27166,67.3647
39.28878,67.365997
39.294716,67.407761
39.299164,67.410538
39.365273,67.430817
39.370544,67.432205
39.43721,67.439972
39.462494,67.442474
39.483582,67.441956
39.528877,67.50444
39.615273,67.681931
39.625824,67.709717
39.629158,67.729706
39.630547,67.759155
39.621376,67.827484
39.619987,67.83638
39.618324,67.844147
39.611382,67.863037
39.600548,67.907761
39.567215,68.082489
39.556656,68.14888
39.553604,68.175262
39.536659,68.353317
39.535553,68.38472
39.537498,68.473312
39.544998,68.511383
39.550545,68.52916
39.55471,68.540268
39.624161,68.606094
39.636383,68.617477
39.644997,68.625259
39.656097,68.629974
39.771103,68.628586
39.839432,68.637207
39.858238,68.64267
39.862495,68.656097
39.871933,68.714157
39.871376,68.722214
39.867767,68.726654
39.863327,68.729156
39.854164,68.734146
39.844437,68.736923
39.833054,68.748596
39.829437,68.753326
39.827492,68.760818
39.828606,68.767487
39.876938,68.890549
39.883049,68.901382
39.886383,68.905823
39.89138,68.909149
39.897774,68.908875
39.902489,68.906372
39.949715,68.863037
39.959991,68.850266
39.977768,68.829437
39.993881,68.815262
40.007774,68.808029
40.065269,68.783875
40.070549,68.785263
40.076328,68.81926
40.078327,68.822098
40.079994,68.825264
40.075272,68.932755
40.068054,68.984146
40.068329,68.991364
40.069992,68.997482
40.076103,69.007217
40.089714,69.009995
40.101105,69.00943
40.111938,69.007767
40.130821,68.998032
40.139992,68.993042
40.144157,68.988876
40.148331,68.984421
40.150826,68.900818
40.1511,68.885269
40.149994,68.878311
40.148048,68.873306
40.145271,68.868042
40.12949,68.799377
40.128159,68.791374
40.122215,68.762207
40.116386,68.713882
40.117714,68.702362
40.121933,68.681366
40.139992,68.636658
40.152489,68.614426
40.1586,68.60582
40.162766,68.601379
40.166939,68.598038
40.17305,68.597763
40.178329,68.600815
40.181381,68.612762
40.184067,68.641998
40.19471,68.689148
40.196098,68.695526
40.198875,68.708328
40.201385,68.7211
40.203606,68.734711
40.208046,68.768326
40.238602,69.032211
40.238884,69.039429
40.234718,69.061646
40.230171,69.078934
40.211105,69.127472
40.206383,69.140823
40.196938,69.18692
40.194153,69.201385
40.191376,69.218597
40.189713,69.23526
40.191101,69.249146
40.196655,69.296936
40.201385,69.308029
40.207497,69.31749
40.211937,69.321381
40.327774,69.339157
40.339157,69.338318
40.37471,69.328323
40.498329,69.262207
40.507217,69.257217
40.595543,69.269989
40.749718,69.339706
40.764717,69.348038
40.768883,69.351654
40.772491,69.356094
40.779434,69.365265
40.794716,69.389984
40.80027,69.400269
40.802216,69.406097
40.80999,69.437195
40.81221,69.450546
40.811104,69.459152
40.782211,69.534424
40.779434,69.539978
40.753326,69.569717
40.749161,69.573318
40.731102,69.583054
40.71888,69.593597
40.660545,69.662201
40.649994,69.675812
40.643608,69.685806
40.641663,69.693588
40.638603,69.709991
40.637497,69.726089
40.638603,69.732483
40.640549,69.738586
40.644997,69.74971
40.647217,69.753876
40.657768,69.767487
40.674995,69.782486
40.684433,69.789429
40.705826,69.808594
40.713051,69.817764
40.715546,69.823044
40.722488,69.847214
40.733879,69.900269
40.740273,69.939972
40.744713,69.966385
40.74749,69.978867
40.754112,70
40.769981,70.050262
40.855797,70.248032
40.860512,70.257767
40.894112,70.316666
40.904388,70.330276
40.932724,70.358871
40.937164,70.362762
40.947166,70.369141
40.958282,70.374695
40.964951,70.376648
40.976891,70.377197
40.99939,70.375809
41.004395,70.37442
41.010231,70.374146
41.02272,70.378586
41.027725,70.381653
41.036339,70.389435
41.039948,70.39415
41.04245,70.399429
41.046341,70.411377
41.049118,70.423874
41.050224,70.430542
41.048286,70.447479
41.043282,70.460815
41.03875,70.465149
41.04023,70.466385
41.03717,70.471924
41.030228,70.481094
40.97744,70.548599
40.870224,70.658035
40.827446,70.667206
40.771057,70.708038
40.769669,70.716934
40.762451,70.755829
40.760506,70.763611
40.755508,70.776657
40.752449,70.782211
40.744392,70.788879
40.725594,70.796799
40.706329,70.777481
40.676888,70.736923
40.673271,70.731094
40.55938,70.534988
40.491051,70.415268
40.47438,70.376083
40.468269,70.363876
40.458275,70.346649
40.449944,70.340546
40.444382,70.339981
40.430618,70.345169
40.376404,70.375534
40.351051,70.45665
40.349663,70.465271
40.255211,70.589432
40.237434,70.599991
40.228813,70.60582
40.213547,70.621368
40.210213,70.625809
40.206322,70.641098
40.20549,70.64888
40.204102,70.700821
40.203819,70.716095
40.20771,70.742203
40.210487,70.755554
40.219101,70.793045
40.228271,70.822495
40.239662,70.850815
40.242714,70.870529
40.244942,70.957764
40.244843,70.98204
40.239937,70.990814
40.232155,70.995819
40.227158,70.996933
40.215218,70.996368
40.202438,70.993866
40.189934,70.989426
40.186325,70.984985
40.181053,70.974426
40.176605,70.963318
40.172997,70.951385
40.169106,70.925262
40.168831,70.918045
40.171318,70.886108
40.109093,70.678589
40.103539,70.661102
40.098534,70.657761
40.091591,70.656097
40.057968,70.657486
40.047699,70.660263
40.036865,70.661652
40.010468,70.655548
40.004631,70.653046
39.989349,70.6436
39.980736,70.635818
39.970451,70.622482
39.958237,70.603043
39.907936,70.50444
39.90683,70.498032
39.907387,70.489975
39.910439,70.484711
39.920998,70.471375
39.924889,70.468048
39.929611,70.465546
39.936272,70.467209
39.964897,70.484711
39.973503,70.492477
39.984627,70.506104
39.987122,70.511383
39.988235,70.517761
39.99379,70.535538
39.996567,70.540817
40.009346,70.5522
40.019356,70.558319
40.026299,70.560257
40.031296,70.558868
40.035469,70.555542
40.046021,70.542206
40.05574,70.516098
40.057686,70.508606
40.070183,70.426651
40.081291,70.354431
40.082962,70.348602
40.087685,70.335541
40.093796,70.323608
40.102409,70.317764
40.116302,70.310532
40.120186,70.307205
40.123795,70.302765
40.129913,70.291656
40.135193,70.279709
40.207764,70.052475
40.216377,70.024155
40.218315,70.015823
40.218872,70.007767
40.218407,70
40.170273,69.817764
40.132767,69.692474
40.118881,69.636932
40.111938,69.60582
40.107498,69.579437
40.107216,69.57222
40.109436,69.565811
40.113052,69.561371
40.129715,69.548325
40.131378,69.540817
40.127213,69.536926
40.080551,69.503876
40.065269,69.494705
40.054161,69.489151
40.03611,69.483871
40.030548,69.484421
39.968597,69.500275
39.956657,69.510818
39.950272,69.520828
39.943321,69.529709
39.93721,69.52916
39.931938,69.526093
39.928329,69.521652
39.92083,69.498322
39.90416,69.438034
39.901932,69.424988
39.904709,69.419434
39.909431,69.416931
39.924713,69.412766
39.935265,69.410812
39.939987,69.408325
39.951935,69.398041
39.991104,69.35054
39.994156,69.344986
39.996384,69.338318
39.994713,69.332489
39.991104,69.328049
39.887215,69.284988
39.838326,69.267761
39.798607,69.257217
39.766388,69.24942
39.760277,69.248871
39.75444,69.249146
39.749435,69.250549
39.740273,69.255554
39.736382,69.258881
39.7286,69.267761
39.708046,69.294708
39.700546,69.302765
39.691933,69.308594
39.681664,69.311371
39.659714,69.314148
39.630272,69.314148
39.605553,69.311646
39.593048,69.307755
39.566101,69.301086
39.55471,69.301926
39.539436,69.306091
39.530273,69.311096
39.523323,69.319992
39.518051,69.33194
39.516937,69.340546
39.536942,69.506653
39.540276,69.526093
39.546104,69.543594
39.554161,69.558868
39.564713,69.57193
39.573326,69.579437
39.576942,69.583878
39.57888,69.589706
39.582214,69.609146
39.58638,69.672211
39.587769,69.708038
39.58194,69.750275
39.576385,69.772766
39.568604,69.791092
39.56221,69.801086
39.548332,69.818878
39.542221,69.829987
39.537498,69.842758
39.536942,69.85054
39.554436,69.966095
39.584366,70.181366
39.577385,70.237488
39.551506,70.301926
39.582039,70.356094
39.605103,70.472214
39.60817,70.491928
39.607056,70.507492
39.584282,70.620819
39.580673,70.633881
39.577065,70.638321
39.561218,70.652771
39.548447,70.662766
39.543999,70.664993
39.518158,70.671646
39.50705,70.672668
39.489265,70.694702
39.425377,70.7211
39.410934,70.848602
39.40094,70.99054
39.40094,70.997757
39.403168,71.010818
39.408447,71.02832
39.411781,71.032761
39.420403,71.040268
39.425407,71.043594
39.453468,71.055817
39.477074,71.065811
39.488197,71.071381
39.496529,71.079163
39.510429,71.097214
39.514877,71.108032
39.533218,71.196091
39.569626,71.326385
39.6063,71.406372
39.6213,71.473038
39.620193,71.479706
39.615196,71.492752
39.604362,71.514709
39.583527,71.539978
39.576027,71.547485
39.567139,71.55304
39.562134,71.554428
39.556572,71.554428
39.550461,71.551926
39.545464,71.548599
39.537964,71.540268
39.521019,71.524704
39.510735,71.518326
39.504906,71.515823
39.498787,71.514999
39.493233,71.515274
39.48407,71.519714
39.471565,71.529434
39.464066,71.537201
39.461014,71.54248
39.454346,71.563873
39.449905,71.589157
39.448509,71.60498
39.450188,71.654434
39.453239,71.681091
39.458801,71.705826
39.464073,71.723312
39.466026,71.736374
39.465195,71.751389
39.462135,71.756653
39.458252,71.759995
39.448799,71.764435
39.419632,71.774704
39.414627,71.775818
39.403236,71.776093
39.391022,71.774429
39.385742,71.771103
39.367119,71.74971
39.354622,71.738037
39.343506,71.732208
39.337395,71.731369
39.327118,71.733871
39.308784,71.742752
39.288231,71.759155
39.281006,71.767761
39.277946,71.773041
39.275452,71.779434
39.274612,71.787201
39.284904,71.851379
39.286568,71.857208
39.291016,71.868317
39.306564,71.899429
39.326859,71.933868
39.344078,71.963608
39.35186,71.979156
39.375481,72.06192
39.374641,72.07666
39.37159,72.082214
39.36409,72.089706
39.355202,72.094986
39.341309,72.101654
39.274635,72.139709
39.194916,72.243317
39.191856,72.248596
39.191856,72.255829
39.194359,72.261108
39.197693,72.265549
39.257149,72.306366
39.277145,72.312195
39.296036,72.316086
39.314369,72.323318
39.319382,72.32666
39.336319,72.342209
39.340485,72.353317
39.358543,72.415817
39.359375,72.422211
39.358543,72.429977
39.352715,72.453323
39.349655,72.484421
39.363823,72.593048
39.367989,72.604156
39.384933,72.626923
39.396599,72.639435
39.400764,72.650543
39.401871,72.664154
39.397713,72.688873
39.377983,72.777481
39.372154,72.800812
39.370483,72.809143
39.362434,72.858322
39.361603,72.866379
39.353264,73.15387
39.355766,73.173309
39.358269,73.185532
39.394653,73.343872
39.401321,73.36026
39.40715,73.363037
39.412987,73.363037
39.430763,73.365265
39.436874,73.366379
39.441872,73.369705
39.469925,73.491364
39.473259,73.517487
39.473259,73.531937
39.460762,73.65416
39.454826,73.655685
39.365486,73.668869
39.344093,73.669983
39.339096,73.668045
39.292992,73.645538
39.265488,73.631088
39.256599,73.625259
39.247429,73.620529
39.242706,73.618591
39.232147,73.617203
39.220482,73.623871
39.082436,73.721649
39.073547,73.72998
39.066605,73.740265
39.054375,73.7686
39.044937,73.7836
38.999939,73.839157
38.995209,73.843048
38.989372,73.8461
38.976036,73.851379
38.969093,73.853317
38.953545,73.851379
38.949097,73.848328
38.945206,73.844147
38.941597,73.839157
38.93882,73.832764
38.936592,73.824158
38.936317,73.816666
38.937431,73.803314
38.936592,73.781097
38.932152,73.756653
38.926598,73.743042
38.91243,73.723312
38.894936,73.711655
38.88076,73.704987
38.875488,73.704437
38.864098,73.705261
38.852715,73.711929
38.842705,73.719437
38.833817,73.727478
38.761604,73.763046
38.649834,73.802185
38.637154,73.803314
38.631042,73.804977
38.617706,73.810257
38.607712,73.817764
38.591042,73.842209
38.541046,73.936646
38.538826,73.9422
38.53466,73.960541
38.533546,73.974152
38.536598,74.068878
38.543549,74.079163
38.547432,74.083054
38.552711,74.083878
38.559372,74.081375
38.564934,74.078049
38.569931,74.074432
38.574104,74.069717
38.579933,74.066666
38.592987,74.061371
38.599373,74.059982
38.604652,74.060532
38.666878,74.122757
38.673264,74.134155
38.676323,74.140549
38.678268,74.149155
38.679375,74.156937
38.674377,74.354706
38.659927,74.394989
38.56382,74.677765
38.527428,74.788589
38.519928,74.79776
38.474648,74.852203
38.470482,74.856644
38.426598,74.867752
38.415207,74.868591
38.392929,74.865341
38.388824,74.8647
38.384102,74.862762
38.375206,74.856094
38.363548,74.843872
38.360214,74.838593
38.349098,74.825272
38.337433,74.813034
38.329376,74.805817
38.320488,74.799988
38.306038,74.794434
38.295212,74.794144
38.195213,74.79248
38.078827,74.814697
38.073555,74.816666
38.064659,74.824707
38.051605,74.844437
38.044662,74.860809
38.043274,74.866928
38.029106,74.899994
38.022713,74.909714
38.017715,74.913605
38.012161,74.916656
38.006332,74.916931
37.995216,74.916656
37.915215,74.909988
37.84716,74.902771
37.841324,74.905823
37.831612,74.913315
37.823273,74.921921
37.817719,74.932205
37.808548,74.954163
37.804657,74.965546
37.795219,74.984985
37.790497,74.988586
37.783829,74.991089
37.773552,74.988586
37.763832,74.983871
37.695488,74.947205
37.686874,74.94136
37.682991,74.937195
37.679657,74.931931
37.67382,74.919708
37.666878,74.909149
37.657707,74.904434
37.647156,74.902771
37.604103,74.921097
37.586586,74.930267
37.571037,74.940811
37.562981,74.949417
37.556313,74.959152
37.525208,75.029709
37.521317,75.041367
37.516602,75.0522
37.511047,75.062485
37.500488,75.076385
37.406586,75.187485
37.321854,75.096649
37.312683,75.078873
37.247383,74.945251
37.237328,74.915741
---
