6.52861000000007,99.209442
6.52888799999999,99.202499
6.53027700000001,99.196945
6.53472099999999,99.1805880000001
6.53777700000006,99.169495
6.54333200000013,99.161118
6.54888799999992,99.159988
6.55166500000001,99.1641690000001
6.568333,99.1944429999999
6.57027700000009,99.199158
6.57132300000012,99.2145080000001
6.57500000000005,99.2452700000001
6.57416599999999,99.2514040000001
6.57194399999997,99.2561190000001
6.56777800000009,99.258896
6.56138800000002,99.2594450000001
6.55333200000013,99.2538910000001
6.53249899999997,99.2191620000001
---
6.49194300000011,99.658875
6.49333200000007,99.6527710000001
6.49694300000004,99.6494290000001
6.58277700000014,99.597763
6.58777700000013,99.595535
6.59388799999999,99.5949860000001
6.59944300000012,99.596649
6.60361000000006,99.5994260000001
6.60833300000007,99.608597
6.70299499999993,99.6628110000001
6.68472099999997,99.6783140000001
6.68055399999997,99.681091
6.67555400000003,99.6830440000001
6.58833200000004,99.6977540000001
6.54944300000005,99.7038730000001
6.54333200000013,99.703049
6.53861000000006,99.701096
6.52555500000011,99.6930390000001
6.49638700000008,99.6680450000001
---
7.15277700000007,100.525528
7.15499900000003,100.520813
7.16055500000004,100.520813
7.16527700000012,100.523033
7.17138799999998,100.530807
7.17416600000001,100.534973
7.17249900000007,100.539139
7.1697210000001,100.541924
7.16416500000014,100.541641
7.15944400000012,100.539688
7.15611000000013,100.536087
---
7.19416500000006,99.383041
7.19638700000002,99.378036
7.20000000000005,99.374695
7.20472100000001,99.372757
7.21722100000005,99.371643
7.25527799999998,99.3688660000001
7.25861100000009,99.372482
7.26861000000014,99.3885960000001
7.27055500000012,99.3936
7.26833200000004,99.398331
7.26088000000004,99.401047
7.23416500000013,99.4191440000001
7.20000000000005,99.397766
7.19666600000005,99.3941499999999
7.19472100000002,99.3891600000001
---
7.46305500000011,99.106644
7.46361100000013,99.0983280000001
7.46944300000001,99.085815
7.4755540000001,99.0774840000001
7.48694300000005,99.0663759999999
7.49972100000002,99.0566410000001
7.5141660000001,99.0485990000001
7.52583200000009,99.0424800000001
7.55610899999999,99.0316620000001
7.58750000000009,99.027771
7.63416599999999,99.022217
7.63666600000005,99.0241550000001
7.63805500000007,99.027481
7.63861100000008,99.0319370000001
7.63472200000001,99.041367
7.61110999999994,99.0683290000001
7.60194300000001,99.074707
7.48305399999998,99.111923
7.47527700000012,99.112762
7.47166500000003,99.112198
7.46805500000011,99.110809
---
7.59055500000011,99.1160890000001
7.59277700000007,99.104156
7.59916600000008,99.0924840000001
7.64305500000006,99.045258
7.64861000000013,99.0416560000001
7.65583199999992,99.040543
7.66416500000003,99.0419310000001
7.66944300000011,99.045822
7.67249900000002,99.051926
7.67333200000002,99.059708
7.66861000000011,99.112198
7.6672210000001,99.119431
7.665277,99.1219180000001
7.65888800000005,99.1252590000001
7.64333200000004,99.1271970000001
7.63527700000009,99.1269230000001
7.59416600000009,99.1219180000001
7.59194400000007,99.1197050000001
---
7.92777600000011,98.4302670000001
7.92860999999999,98.424149
7.93138800000003,98.4199830000001
7.9361100000001,98.4180450000001
7.94027599999998,98.420822
7.94360999999998,98.4313660000001
7.94360999999998,98.4369200000001
7.93777699999998,98.4383090000001
7.93309399999993,98.435165
7.93055399999992,98.434708
---
7.89777800000002,98.5999909999999
7.89861000000008,98.5949860000001
7.90833300000008,98.5785980000001
7.91194299999995,98.574997
7.91694400000006,98.573044
8.0799980000001,98.5322110000001
8.09083199999998,98.5297090000001
8.12138599999992,98.526093
8.11860800000011,98.530273
8.10735300000005,98.5369420000001
8.07888600000013,98.5935970000001
8.05361000000011,98.6097110000001
8.048609,98.6119230000001
7.96861000000013,98.611649
7.95472100000006,98.6113740000001
7.91083200000008,98.6077580000001
7.90527699999996,98.6063690000001
7.90111100000007,98.603592
---
7.90461700000009,98.413933
7.91199899999998,98.432945
7.90610999999996,98.441086
7.87166499999995,98.4363710000001
7.75861099999997,98.3149869999999
7.755833,98.310806
7.75722199999996,98.3052520000001
7.775555,98.288879
7.77972100000011,98.2861020000001
7.7847210000001,98.2841490000001
7.79083300000008,98.2836
7.92222100000004,98.2719269999999
8.18027700000005,98.281662
8.18638600000014,98.282486
8.18694300000004,98.2963710000001
8.18611000000004,98.3024750000001
8.18388700000014,98.30748
8.17833099999996,98.3158110000001
8.171944,98.323318
8.162193,98.332764
8.13249800000006,98.33638
8.11027500000006,98.3416600000001
8.10749800000013,98.344437
8.083887,98.389984
8.08138700000012,98.4019320000001
8.01513100000005,98.4186330000001
7.99745800000011,98.4186330000001
7.97911299999993,98.400063
7.94175300000001,98.3998410000001
---
8.083887,98.611649
8.10527599999995,98.577209
8.11221899999998,98.570541
8.11722000000003,98.568329
8.12333100000012,98.5691530000001
8.16083099999992,98.6013790000001
8.18249900000006,98.621368
8.18916500000006,98.628311
8.18638600000014,98.6324770000001
8.18166499999995,98.63443
8.15666599999992,98.635544
8.08861000000002,98.6194310000001
8.08444200000008,98.6166529999999
---
9.02999899999992,98.2533260000001
9.03444300000012,98.243591
9.03861000000012,98.241089
9.05110900000005,98.241089
9.1236080000001,98.2433170000001
9.15722099999999,98.2488710000001
9.15805399999999,98.2808230000001
9.15249800000004,98.289154
9.11055400000004,98.3163760000001
9.10082999999997,98.3205410000001
9.09027500000008,98.323608
9.08416399999999,98.324432
9.07777600000009,98.323608
9.07164000000006,98.3199620000001
9.04305499999998,98.3027650000001
9.04027600000012,98.2983249999999
9.03055400000005,98.266663
---
9.37971900000014,97.871918
9.40055499999994,97.8374940000001
9.40277700000013,97.835266
9.40555400000005,97.8338780000001
9.40972100000005,97.8330540000001
9.43221999999997,97.847214
9.43221999999997,97.851379
9.43083200000007,97.854706
9.42666400000002,97.8605350000001
9.4197200000001,97.866379
9.41333200000003,97.8699800000001
9.40471999999994,97.8738710000001
9.39499899999998,97.8780360000001
9.38444299999998,97.881088
9.3819410000001,97.8791500000001
---
9.42527600000011,97.870255
9.42666400000002,97.8666530000001
9.43944199999999,97.847763
9.44277599999998,97.8461
9.45472000000001,97.846649
9.45860900000008,97.8474880000001
9.46361000000002,97.851929
9.47416500000008,97.873032
9.47555400000005,97.876373
9.47555400000005,97.883881
9.47166400000009,97.890274
9.46277600000008,97.9044340000001
9.46055400000012,97.906647
9.44027499999999,97.900818
9.43749800000006,97.8988800000001
---
9.50610900000009,99.675812
9.51055500000007,99.6660920000001
9.51472099999995,99.663315
9.52027700000014,99.662201
9.52444300000002,99.6649929999999
9.54166600000008,99.689148
9.54226100000011,99.698822
9.54138799999998,99.704437
9.53861000000001,99.7086029999999
9.53305399999999,99.7099910000001
9.52194400000002,99.70694
9.51333199999999,99.701935
9.50777599999998,99.693314
9.50610900000009,99.681366
---
9.57249800000011,98.4633180000001
9.57388700000007,98.4577640000001
9.57888600000001,98.457214
9.58277500000008,98.4599910000001
9.585554,98.464432
9.584721,98.4691470000001
9.57999799999999,98.469711
9.57786900000008,98.4691470000001
9.5749990000001,98.4674840000001
---
9.41361000000012,99.970535
9.41749800000008,99.9447020000001
9.4205530000001,99.940536
9.42610900000011,99.9394230000001
9.546944,99.9322050000001
9.57610900000009,99.986099
9.588053,100.074432
9.58861000000007,100.080833
9.56916400000011,100.09166
9.56277699999993,100.092209
9.55471999999997,100.08638
9.54520400000007,100.077316
9.47360799999996,100.069717
9.468054,100.068329
9.423609,100.022491
9.42166500000008,100.017487
9.41361000000012,99.976089
---
9.60471899999993,99.680817
9.60749800000002,99.676651
9.61249700000008,99.674423
9.62916399999995,99.673599
9.62694199999999,99.6783140000001
9.62003499999992,99.684357
9.61555299999998,99.688034
9.60999700000002,99.689148
9.60666500000002,99.6855320000001
---
9.70610800000009,98.3944400000001
9.70833200000004,98.390823
9.72638699999999,98.381363
9.73277500000006,98.380814
9.7380520000001,98.3824770000001
9.74305299999997,98.3847200000001
9.77083199999998,98.408325
9.76860999999997,98.411652
9.75620499999997,98.416397
9.75194400000004,98.4177550000001
9.73555399999998,98.4202580000001
9.72916400000008,98.420822
9.72499800000003,98.4177550000001
9.71416500000004,98.4072110000001
---
9.68221999999992,100.065536
9.70277600000009,100.002777
9.70499800000005,99.998032
9.71138800000011,99.9905400000001
9.76027700000009,99.970535
9.7658330000001,99.9691470000001
9.77111099999996,99.970825
9.79305500000004,99.983871
9.79638700000004,99.9874880000001
9.79694400000011,100.028053
9.79472200000009,100.032761
9.78834900000004,100.0383
9.78333300000014,100.048027
9.75861000000003,100.077477
9.73555399999998,100.083328
9.68666500000001,100.081673
---
11.563053,102.591919
11.564165,102.589142
11.566666,102.583313
11.5994420000001,102.533577
11.6013870000001,102.531357
11.6049980000001,102.531082
11.6908319999999,102.52858
11.6941639999999,102.529419
11.751944,102.549133
11.754396,102.560226
11.698053,102.603851
11.6958310000001,102.60553
11.660276,102.610519
11.6452770000001,102.610237
11.5661090000001,102.597198
11.5636100000001,102.59552
---
11.952497,102.433296
11.956942,102.314407
11.9744420000001,102.291351
12.1305520000001,102.251938
12.15,102.250549
12.1513880000001,102.253326
12.1483329999999,102.27388
12.14217,102.301682
12.1397210000001,102.31192
12.1361100000001,102.320541
12.131386,102.328323
12.1144430000001,102.351646
12.1108300000001,102.356369
12.1066650000001,102.359993
12.101387,102.363037
12.095831,102.36554
12.0830540000001,102.369431
12.0722200000001,102.374687
12.017776,102.411102
12.0083330000001,102.417763
12,102.426453
11.99222,102.434128
11.9786090000001,102.444962
11.973331,102.447739
11.9705520000001,102.447456
11.954165,102.435791
---
12.283333,102.237488
12.285276,102.235527
12.296387,102.23526
12.298887,102.236923
12.2994420000001,102.2397
12.2963830000001,102.243378
12.292221,102.244713
12.288054,102.244713
12.2838880000001,102.241089
---
12.923332,100.685257
12.924442,100.682213
12.9263880000001,100.680267
12.938332,100.671654
12.9441640000001,100.669708
12.9474980000001,100.669434
12.9497200000001,100.671097
12.952776,100.676376
12.9536090000001,100.679703
12.9536090000001,100.683037
12.9516639999999,100.684982
12.948608,100.685806
12.947567,100.683868
12.931387,100.69165
12.9283310000001,100.692467
12.9249990000001,100.69165
12.923609,100.688873
---
13.129164,100.813026
13.131109,100.811096
13.1366649999999,100.808319
13.1458319999999,100.805252
13.1494430000001,100.804977
13.1741660000001,100.804977
13.1777759999999,100.805542
13.1802769999999,100.807213
13.1799980000001,100.809982
13.1747490000001,100.81369
13.1505550000001,100.821381
13.1397210000001,100.822769
13.1316640000001,100.818878
13.1294420000001,100.816673
---
20.3472179999999,100.089432
20.3486060000001,100.09137
20.3094409999999,100.105263
20.2883300000001,100.16304
20.295551,100.168053
20.356663,100.227203
20.379162,100.25
20.385273,100.256378
20.3891640000001,100.265266
20.390831,100.271927
20.3927729999999,100.287491
20.3936079999999,100.308594
20.393051,100.316383
20.390831,100.32666
20.388607,100.332764
20.3822170000001,100.343323
20.3655430000001,100.359909
20.344162,100.376083
20.329998,100.382477
20.3127749999999,100.385818
20.3041650000001,100.389427
20.243328,100.415543
20.233051,100.421921
20.190887,100.454353
20.1852720000001,100.46138
20.1494410000001,100.512772
20.144997,100.520538
20.1441610000001,100.52388
20.144718,100.526932
20.1624680000001,100.574829
20.1577680000001,100.58046
20.100273,100.57222
20.0830540000001,100.569717
20.023888,100.552757
20.011387,100.549149
19.8874969999999,100.511383
19.881939,100.509163
19.8766630000001,100.506104
19.868053,100.498322
19.85944,100.486099
19.814999,100.446091
19.779163,100.416382
19.7644420000001,100.406097
19.7544440000001,100.40416
19.7436070000001,100.405823
19.738556,100.407562
19.6277729999999,100.445534
19.5447199999999,100.484421
19.5419430000001,100.485809
19.5377769999999,100.4897
19.526665,100.503601
19.518887,100.516388
19.494717,100.57193
19.4930500000001,100.578323
19.4930500000001,100.582764
19.4939730000001,100.584953
19.534443,100.610527
19.5419430000001,100.61554
19.5469440000001,100.623596
19.551662,100.639977
19.5522189999999,100.648041
19.551662,100.651932
19.5336070000001,100.699997
19.5124970000001,100.74942
19.5091629999999,100.754707
19.5049970000001,100.758614
19.487495,100.769989
19.48555,100.772217
19.48444,100.775269
19.48555,100.778053
19.5205540000001,100.813599
19.559998,100.852203
19.5774960000001,100.867477
19.598331,100.883881
19.619717,100.912201
19.621384,100.956383
19.621384,100.960823
19.619717,101.028587
19.6186070000001,101.035812
19.605274,101.063599
19.5902750000001,101.086113
19.5933299999999,101.212769
19.596405,101.219353
19.593887,101.234154
19.588608,101.253883
19.582775,101.264709
19.57333,101.275818
19.570831,101.277771
19.562218,101.281097
19.558609,101.281662
19.525276,101.285263
19.5213850000001,101.285263
19.5177760000001,101.284988
19.4772190000001,101.268883
19.475273,101.266663
19.4736060000001,101.26416
19.4713819999999,101.257767
19.470829,101.236923
19.4686050000001,101.222214
19.4661060000001,101.216377
19.4619410000001,101.211929
19.4594380000001,101.210541
19.4527740000001,101.209152
19.384441,101.201103
19.3647189999999,101.201103
19.3538859999999,101.202477
19.106106,101.289978
19.0927730000001,101.305817
19.0541650000001,101.350273
19.0461079999999,101.354713
19.038609,101.354431
19.0163880000001,101.344147
19.011387,101.34082
19.0074999999999,101.336647
18.996384,101.318604
18.9797169999999,101.302467
18.971939,101.297493
18.9038850000001,101.258041
18.8958280000001,101.253883
18.889717,101.251938
18.8688849999999,101.24971
18.741383,101.236923
18.6902730000001,101.268051
18.6869390000001,101.268883
18.6805499999999,101.267487
18.6399960000001,101.242752
18.635273,101.239433
18.5627750000001,101.183594
18.557499,101.176651
18.540554,101.147217
18.521942,101.113312
18.521111,101.109993
18.5180550000001,101.104431
18.5138850000001,101.100273
18.4519389999999,101.060532
18.446384,101.058029
18.4397160000001,101.056374
18.4283290000001,101.056374
18.421383,101.057747
18.415829,101.060257
18.387657,101.086693
18.376942,101.09166
18.3749960000001,101.093872
18.3719410000001,101.098877
18.3474960000001,101.14888
18.342495,101.160263
18.1752739999999,101.176651
18.087219,101.170822
18.022499,101.143333
17.960552,101.116379
17.9536059999999,101.111099
17.935272,101.092484
17.924995,101.08194
17.918327,101.07193
17.910828,101.054428
17.9063840000001,101.042213
17.8997189999999,101.028053
17.89555,101.02388
17.8902740000001,101.021103
17.8061070000001,100.9897
17.764999,100.980553
17.7611079999999,100.980553
17.750145,100.98439
17.7430500000001,100.987488
17.73666,100.989151
17.7291599999999,100.9897
17.71944,100.987488
17.6558300000001,100.957489
17.643608,100.949417
17.619164,100.924149
17.602497,100.912201
17.5963860000001,100.910263
17.581108,100.910538
17.575275,100.912773
17.570831,100.916656
17.5672190000001,100.921371
17.5647200000001,100.9272
17.5638850000001,100.930817
17.5643460000001,100.941307
17.565552,100.963043
17.562496,100.984711
17.5605550000001,100.991089
17.544441,101.02832
17.538052,101.038589
17.5097200000001,101.068047
17.498051,101.07666
17.495827,101.079163
17.461105,101.152206
17.4597170000001,101.158867
17.459995,101.162773
17.462215,101.164993
17.5313530000001,101.227173
17.624718,101.309708
17.6572190000001,101.35582
17.742493,101.487488
17.744438,101.506943
17.785831,101.582489
17.790554,101.585823
17.793888,101.585823
17.7986070000001,101.582207
17.8024980000001,101.578049
17.813835,101.559708
17.8536070000001,101.573608
17.8594400000001,101.575821
17.8636090000001,101.579712
17.8869400000001,101.628311
17.89222,101.643883
17.90583,101.689148
17.9727710000001,101.741653
18.0344430000001,101.75972
18.0422210000001,101.76416
18.056942,101.774147
18.0633320000001,101.779984
18.06694,101.789146
18.06694,101.79332
18.044163,101.850807
18.0344430000001,101.86998
18.030277,101.882202
18.0299990000001,101.890266
18.0308299999999,101.897774
18.0341640000001,101.907211
18.03944,101.914146
18.127495,101.99942
18.186108,102.042763
18.197216,102.052757
18.208328,102.070831
18.2149830000001,102.089394
18.2094500000001,102.108223
18.208328,102.1436
18.206104,102.15387
18.203884,102.159714
18.198605,102.171097
18.193886,102.178864
18.188049,102.181091
18.1383290000001,102.213318
18.0877760000001,102.257767
18.0502740000001,102.295258
18.044998,102.30304
17.983883,102.419434
17.9799960000001,102.42804
17.9705510000001,102.472488
17.973049,102.514999
17.9736060000001,102.531662
17.9727710000001,102.539146
17.9705510000001,102.549149
17.9569399999999,102.593872
17.950272,102.603592
17.939995,102.609711
17.918606,102.612762
17.8947180000001,102.612762
17.8877750000001,102.611649
17.8822170000001,102.609154
17.819996,102.683594
17.883053,102.730553
17.9624940000001,102.84137
17.9747160000001,102.858597
18.0047190000001,102.94136
18.007221,102.95166
18.0058330000001,102.962486
17.998329,102.97998
17.9955479999999,102.985527
17.981937,103.00499
17.978882,103.014709
17.978607,103.0186
17.9805490000001,103.025269
17.988327,103.038307
17.99416,103.044983
17.998329,103.048866
18.007221,103.056374
18.0170400000001,103.063133
18.0249559999999,103.067207
18.0366630000001,103.071663
18.123026,103.06942
18.143887,103.112762
18.153606,103.127762
18.165272,103.140823
18.274998,103.256653
18.3302760000001,103.248871
18.3383290000001,103.240257
18.3408320000001,103.238586
18.346664,103.236649
18.353886,103.236366
18.3627739999999,103.2397
18.372498,103.246368
18.397217,103.271103
18.4072190000001,103.281662
18.416939,103.296944
18.421108,103.305252
18.4311070000001,103.371368
18.434994,103.397217
18.434441,103.41748
18.4216609999999,103.507767
18.393887,103.606087
18.389164,103.618042
18.3852730000001,103.626373
18.337776,103.75943
18.3111080000001,103.842484
18.3199960000001,103.926376
18.3263850000001,103.936371
18.3288840000001,103.942467
18.331387,103.957489
18.331387,103.966087
18.329441,103.972488
18.3249969999999,103.980553
18.3216629999999,103.985527
18.24194,104.044434
18.234718,104.049423
18.1997180000001,104.07193
18.1530490000001,104.090553
18.1397170000001,104.093323
18.1141620000001,104.100273
18.1047170000001,104.103317
18.0150029999999,104.195534
18.003052,104.207207
17.988049,104.216927
17.9824940000001,104.219437
17.9372180000001,104.239433
17.887634,104.256996
17.871384,104.262497
17.858608,104.270264
17.8499980000001,104.277771
17.8411060000001,104.293869
17.826385,104.335541
17.73666,104.396942
17.728607,104.401382
17.7236060000001,104.40416
17.7038840000001,104.41748
17.655273,104.454987
17.64333,104.467758
17.561386,104.631363
17.558331,104.640549
17.555553,104.646103
17.537777,104.678589
17.5297200000001,104.69136
17.523331,104.699142
17.50333,104.718323
17.414719,104.789429
17.401661,104.796654
17.3819389999999,104.805542
17.361385,104.809418
17.28611,104.813599
17.2424930000001,104.814423
17.190273,104.809143
17.152775,104.802467
17.1333310000001,104.797493
17.0911060000001,104.774429
17.0436100000001,104.748596
17.031666,104.744141
17.0144420000001,104.741364
17.0069430000001,104.740807
16.9772190000001,104.739967
16.9691620000001,104.739967
16.9467160000001,104.742416
16.910275,104.745529
16.75333,104.760818
16.728329,104.768333
16.721107,104.76915
16.7049940000001,104.76944
16.6938860000001,104.7686
16.6833310000001,104.766937
16.6605530000001,104.761383
16.6549949999999,104.758881
16.6363830000001,104.753052
16.5738870000001,104.743042
16.558609,104.742203
16.534443,104.745529
16.528332,104.747208
16.5174980000001,104.752777
16.350273,104.905823
16.3422200000001,104.914146
16.299721,104.961929
16.287594,104.978851
16.276943,104.992477
16.251663,105.012497
16.2336040000001,105.023041
16.219715,105.025543
16.1880490000001,105.024986
16.1813850000001,105.026382
16.166386,105.031662
16.137218,105.043053
16.128609,105.046654
16.114998,105.05748
16.097496,105.076927
16.0924950000001,105.084427
16.056385,105.188873
16.0513880000001,105.213318
16.0491640000001,105.227203
16.046387,105.245247
16.043888,105.276382
16.0386090000001,105.308594
16.0194440000001,105.408867
16.017498,105.414993
16.013885,105.419708
16.011944,105.421654
16.003052,105.429153
16.000465,105.429749
15.993887,105.391937
15.993053,105.388603
15.9894410000001,105.383881
15.983332,105.377762
15.9733309999999,105.371368
15.9333320000001,105.346367
15.9299980000001,105.345543
15.9219440000001,105.345543
15.918888,105.346367
15.8280540000001,105.389427
15.80722,105.401093
15.770832,105.430267
15.7605550000001,105.440811
15.756943,105.449142
15.7572210000001,105.469437
15.760277,105.483047
15.763332,105.488312
15.7666659999999,105.497208
15.767498,105.504707
15.765554,105.510818
15.748886,105.55748
15.728054,105.596367
15.7244420000001,105.600807
15.7138860000001,105.609154
15.67861,105.632477
15.659721,105.637772
15.6452770000001,105.639427
15.63361,105.63916
15.594721,105.63443
15.5766640000001,105.628036
15.471109,105.606369
15.4366800000001,105.600327
15.4330540000001,105.599991
15.418888,105.585541
15.414999,105.5811
15.405832,105.565811
15.396111,105.54248
15.3944440000001,105.531662
15.1747210000001,105.474701
15.1249980000001,105.468872
15.113331,105.469147
15.1036090000001,105.471649
15.0988860000001,105.474991
15.0702760000001,105.524429
15.0005550000001,105.590553
14.9116650000001,105.577209
14.8830530000001,105.566383
14.8586080000001,105.545258
14.8258300000001,105.520828
14.82111,105.517487
14.809443,105.513046
14.805832,105.512497
14.648054,105.52832
14.6111090000001,105.535812
14.6041640000001,105.536926
14.5777760000001,105.537773
14.5633320000001,105.536102
14.5572199999999,105.533867
14.5311110000001,105.515266
14.503887,105.493317
14.450554,105.444427
14.4047200000001,105.370529
14.369442,105.297493
14.343054,105.229713
14.341942,105.226646
14.3422200000001,105.223038
14.3496480000001,105.210602
14.352221,105.200981
14.352221,105.197197
14.348331,105.184708
14.344997,105.179703
14.342775,105.17804
14.3024980000001,105.164703
14.256109,105.15332
14.246386,105.146652
14.241108,105.139709
14.230831,105.121368
14.221664,105.097763
14.21833,105.084427
14.217497,105.076927
14.21833,105.069443
14.2272210000001,105.053307
14.236385,105.042213
14.2424960000001,105.036102
14.2477759999999,105.033051
14.2888869999999,105.00943
14.3091640000001,105.001389
14.3255540000001,104.995529
14.346386,105.001389
14.3688869999999,105.006943
14.3724980000001,105.007492
14.3788850000001,105.005829
14.3833330000001,105.001938
14.384998,104.99942
14.3886110000001,104.990807
14.393332,104.970833
14.4012410000001,104.918289
14.419443,104.889709
14.446943,104.812477
14.448332,104.805542
14.430277,104.645538
14.4288860000001,104.642761
14.4038870000001,104.610527
14.3938879999999,104.600273
14.3724980000001,104.588882
14.36722,104.581673
14.3652739999999,104.575546
14.3627760000001,104.55304
14.3561080000001,104.480553
14.3569410000001,104.473038
14.3594420000001,104.467209
14.366161,104.458557
14.3766630000001,104.423027
14.4066659999999,104.288589
14.4088880000001,104.278587
14.3855550000001,104.12886
14.3836100000001,104.118591
14.3594420000001,104.056091
14.354469,104.044998
14.350554,104.040543
14.3458310000001,104.033051
14.3444420000001,104.029984
14.3391650000001,103.922211
14.3902760000001,103.722763
14.427221,103.699142
14.4399990000001,103.695824
14.4430540000001,103.69165
14.443888,103.688309
14.4477770000001,103.659149
14.4255540000001,103.572487
14.420553,103.556641
14.4022220000001,103.5186
14.3966659999999,103.507767
14.3755530000001,103.47554
14.371664,103.466927
14.3574980000001,103.388893
14.35722,103.376923
14.3574980000001,103.361366
14.358053,103.337769
14.3586079999999,103.326103
14.358887,103.311653
14.3558310000001,103.279709
14.351109,103.268051
14.3352870000001,103.244263
14.3313870000001,103.187187
14.32972,103.180542
14.3172210000001,103.143883
14.2911300000001,103.094643
14.276665,103.068604
14.2713870000001,103.061653
14.264999,103.056091
14.2381530000001,103.036331
14.23111,103.02887
14.227776,103.024147
14.221943,103.013321
14.2133309999999,102.993042
14.2091639999999,102.976646
14.2077750000001,102.965553
14.204998,102.959991
14.1913870000001,102.945251
14.17861,102.937477
14.1727750000001,102.935532
14.1686120000001,102.935387
14.1494430000001,102.939972
14.141943,102.939423
14.036665,102.902481
13.993053,102.858032
13.955553,102.809418
13.9458310000001,102.798866
13.936943,102.791656
13.929443,102.786926
13.9174980000001,102.782494
13.8886110000001,102.775543
13.858053,102.765549
13.843609,102.759987
13.7733330000001,102.728867
13.765833,102.724426
13.7619440000001,102.719994
13.758888,102.714996
13.716942,102.629433
13.690275,102.574997
13.6852760000001,102.56749
13.678886,102.561653
13.6702770000001,102.558029
13.6552770000001,102.559143
13.6500000000001,102.562187
13.6441650000001,102.568329
13.6372200000001,102.578049
13.6247200000001,102.597763
13.6055529999999,102.600273
13.580553,102.563873
13.5744420000001,102.553589
13.5708310000001,102.544983
13.569164,102.538307
13.5677759999999,102.527206
13.5619429999999,102.46582
13.5622200000001,102.439423
13.5686089999999,102.396652
13.573887,102.377197
13.500832,102.359993
13.4930529999999,102.359711
13.3791640000001,102.356087
13.3138870000001,102.353317
13.3066650000001,102.352768
13.2989749999999,102.350098
13.288887,102.346367
13.277498,102.345543
13.2716660000001,102.347763
13.1686100000001,102.391937
13.1547200000001,102.398331
13.1169410000001,102.417213
12.9766640000001,102.492477
12.8052770000001,102.534988
12.798054,102.534149
12.784998,102.531097
12.7566660000001,102.523613
12.7507950000001,102.521652
12.739164,102.508614
12.73472,102.50499
12.698053,102.501938
12.6908320000001,102.501389
12.6808320000001,102.503883
12.6722200000001,102.507217
12.664999,102.512207
12.660555,102.516937
12.655832,102.524147
12.6497210000001,102.538307
12.6472210000001,102.564423
12.6438880000001,102.573318
12.6408329999999,102.578323
12.604719,102.631363
12.601109,102.636108
12.451942,102.779427
12.4158520000001,102.787781
12.3802759999999,102.752213
12.371109,102.745247
12.363052,102.741364
12.195553,102.717209
12.1730540000001,102.716087
12.165554,102.716377
12.1536100000001,102.720543
11.8472189999999,102.842743
11.835831,102.847473
11.8288860000001,102.852753
11.786943,102.886917
11.778879,102.898422
11.7719440000001,102.904968
11.763611,102.908859
11.7522220000001,102.913857
11.739164,102.916924
11.6619430000001,102.924683
11.6544440000001,102.924973
11.650831,102.924683
11.6413880000001,102.921913
11.6358510000001,102.916092
11.720552,102.908859
11.73472,102.906631
11.7458310000001,102.901642
11.874977,102.803627
11.956108,102.777763
12.0263880000001,102.763046
12.0294440000001,102.762207
12.172499,102.644989
12.1774980000001,102.638046
12.2038860000001,102.595543
12.2038860000001,102.559418
12.203331,102.555542
12.198608,102.554153
12.116665,102.521927
12.195276,102.337769
12.292221,102.319153
12.3058320000001,102.334152
12.315554,102.344711
12.3369430000001,102.363602
12.3430540000001,102.36554
12.3466639999999,102.36499
12.3516640000001,102.362198
12.3586770000001,102.355743
12.363052,102.336113
12.3583320000001,102.339432
12.3372190000001,102.342758
12.3344420000001,102.342484
12.33222,102.340271
12.31222,102.314148
12.3091640000001,102.309418
12.298054,102.265266
12.303053,102.25
12.309998,102.236923
12.3258300000001,102.216087
12.3436090000001,102.197197
12.4211100000001,102.120819
12.4769420000001,102.070541
12.4813860000001,102.06694
12.488052,102.065536
12.496109,102.069443
12.532776,102.067757
12.5649990000001,102.061096
12.5674969999999,102.060257
12.566109,102.024986
12.565275,102.021652
12.556942,102.006104
12.525,101.94664
12.5699979999999,101.89415
12.5741650000001,101.890549
12.6108300000001,101.869431
12.633053,101.862762
12.6463870000001,101.859711
12.649166,101.858597
12.651388,101.856644
12.654999,101.852203
12.681387,101.809982
12.6943549999999,101.786797
12.7033310000001,101.763046
12.706108,101.753601
12.70722,101.746643
12.706108,101.722763
12.703886,101.708328
12.700275,101.695251
12.692497,101.678589
12.6874980000001,101.671097
12.678331,101.664429
12.65472,101.655823
12.648333,101.650269
12.6455540000001,101.644707
12.6324980000001,101.567757
12.6061080000001,101.388893
12.6122189999999,101.374977
12.6291640000001,101.335274
12.63722,101.314987
12.6444440000001,101.293869
12.65361,101.262497
12.656942,101.245529
12.6599980000001,101.227478
12.675276,101.109154
12.676109,101.085541
12.673054,101.07193
12.6477780000001,100.994141
12.640924,100.97522
12.612497,100.97554
12.6052759999999,100.974701
12.6024970000001,100.973602
12.5980530000001,100.969994
12.597498,100.966927
12.60083,100.954437
12.611387,100.932213
12.6827749999999,100.853867
12.701387,100.839157
12.731386,100.840553
12.73472,100.84137
12.74972,100.85054
12.766943,100.865807
12.7686100000001,100.868317
12.7686100000001,100.875526
12.9844420000001,100.919983
13.07222,100.901657
13.1938880000001,100.94165
13.19972,100.943588
13.2038860000001,100.943588
13.2247200000001,100.939697
13.24333,100.934143
13.2772220000001,100.918869
13.2919430000001,100.91304
13.294998,100.912491
13.3022209999999,100.91304
13.3322200000001,100.9272
13.3372190000001,100.934418
13.3411080000001,100.9561
13.3458310000001,100.967758
13.35083,100.975273
13.3549980000001,100.979156
13.3572200000001,100.98082
13.3686079999999,100.985527
13.381941,100.988312
13.3858320000001,100.988037
13.4628090000001,100.976349
13.462776,100.915268
13.4702760000001,100.853867
13.4722190000001,100.843597
13.474342,100.838989
13.48222,100.825272
13.483887,100.818604
13.4930529999999,100.758881
13.519165,100.579163
13.5111100000001,100.562477
13.50861,100.552467
13.4916190000001,100.467819
13.4877760000001,100.429428
13.487749,100.40123
13.482498,100.333054
13.46833,100.222214
13.42503,100.089188
13.4199980000001,100.066673
13.4177760000001,100.060532
13.4166660000001,100.057747
13.409998,100.048027
13.403332,100.041931
13.315554,99.9738770000001
13.291077,99.9567870000001
13.2772220000001,99.9574890000001
13.2716660000001,99.9586030000001
13.261944,99.962769
13.2577759999999,99.9655460000001
13.2144430000001,99.998322
13.207499,100.005257
13.1969430000001,100.015823
13.186386,100.026657
13.1694430000001,100.051651
13.164444,100.060806
13.1538870000001,100.071114
13.143332,100.075272
13.049166,100.104156
13.0430550000001,100.104713
13.037498,100.103043
13.02861,100.098038
13.0194440000001,100.08638
13.0086100000001,100.076393
13.004444,100.073318
12.97472,100.054428
12.955553,100.045532
12.748608,99.971649
12.7377760000001,99.9685970000001
12.6744420000001,99.961655
12.6408329999999,99.959991
12.6360210000001,99.9607849999999
12.620831,99.960266
12.46833,99.973038
12.4566649999999,99.9749909999999
12.451109,99.9763790000001
12.3438870000001,100.006943
12.2002749999999,100.022217
12.1941640000001,100.021378
12.183887,100.017487
12.0897200000001,99.971649
12.0713860000001,99.9552610000001
12.0438880000001,99.9263760000001
12.0244430000001,99.9041600000001
12,99.8797000000001
11.989164,99.869431
11.976942,99.860809
11.949165,99.8466490000001
11.9252760000001,99.8358150000001
11.9019430000001,99.82666
11.7361090000001,99.7822110000001
11.7294430000001,99.7749939999999
11.6941639999999,99.7405400000001
11.686943,99.7341460000001
11.5191650000001,99.6424870000001
11.509722,99.638046
11.4980530000001,99.6358180000001
11.484163,99.6352690000001
11.4552760000001,99.6305390000001
11.3922210000001,99.609421
11.3561080000001,99.589706
11.3486080000001,99.5833280000001
11.3352760000001,99.5688780000001
11.1594430000001,99.5041660000001
11.115553,99.491928
11.095552,99.4908140000001
11.071386,99.493866
11.0599980000001,99.5033260000001
11.0516640000001,99.508881
11.0427759999999,99.513611
11.03722,99.5147090000001
11.030277,99.5147090000001
11.012499,99.511383
11.006943,99.5099950000001
10.997335,99.5056000000001
10.978331,99.4966430000001
10.9672199999999,99.493591
10.9533310000001,99.493317
10.931387,99.498596
10.921665,99.5024870000001
10.885277,99.482758
10.7694440000001,99.418594
10.760555,99.4136050000001
10.676109,99.3619230000001
10.6722199999999,99.3449860000001
10.6702770000001,99.3399810000001
10.667498,99.335815
10.660831,99.3285980000001
10.646666,99.3149870000001
10.525276,99.2422030000001
10.5205540000001,99.239975
10.466665,99.238876
10.4597210000001,99.238876
10.372219,99.1949770000001
10.3697189999999,99.152206
10.365553,99.149155
10.353886,99.1497189999999
10.3138870000001,99.1524810000001
10.3083320000001,99.1535950000001
10.299166,99.158325
10.200554,99.1930390000001
10.1363870000001,99.1594240000001
10.1266630000001,99.154984
10.110275,99.150269
10.083332,99.1505429999999
9.99916500000006,99.158035
9.90916400000003,99.1674800000001
9.85194200000001,99.1697080000001
9.846386,99.16832
9.79097399999995,99.1443790000001
9.7633320000001,99.147491
9.72999800000002,99.1552579999999
9.64666599999998,99.1746980000001
9.63638700000001,99.1780400000001
9.46416500000009,99.2605439999999
9.45583199999999,99.2660980000001
9.42722100000009,99.285812
9.4130540000001,99.299423
9.38527700000009,99.3030400000001
9.37277399999994,99.280273
9.34249700000004,99.233597
9.33916500000004,99.2299800000001
9.33499699999993,99.2272030000001
9.33027600000014,99.2249910000001
9.32333200000005,99.2247010000001
9.31083100000006,99.2258150000001
9.29361000000006,99.2291560000001
9.26527599999991,99.2349850000001
9.25416600000011,99.2374880000001
9.24444200000005,99.241364
9.236109,99.246933
9.22527500000012,99.2577670000001
9.21971899999994,99.2660980000001
9.21749699999998,99.270828
9.20249699999999,99.3691410000001
9.19277599999998,99.440262
9.1919420000001,99.4466400000001
9.192497,99.453049
9.19694299999998,99.469147
9.20360899999997,99.4833219999999
9.21083099999998,99.495255
9.21444300000002,99.4988710000001
9.26916499999999,99.579712
9.318331,99.7074890000001
9.318331,99.743042
9.318331,99.750275
9.31360999999998,99.7697140000001
9.31293900000009,99.7723850000001
9.315832,99.7947080000001
9.31638700000008,99.801086
9.30583200000001,99.8385930000001
9.30388599999992,99.843597
9.30083100000013,99.8477630000001
9.29110900000006,99.851654
9.22805399999999,99.869141
9.12888500000008,99.8899840000001
8.97221900000011,99.918869
8.89110900000009,99.9260860000001
8.86138700000009,99.9288640000001
8.64749900000004,99.953598
8.6252750000001,99.9586030000001
8.60527600000006,99.96582
8.58777600000002,99.976089
8.57583000000011,99.984711
8.57222000000002,99.9883120000001
8.56305300000008,100
8.55138799999997,100.023323
8.54583200000002,100.031662
8.54277600000012,100.035812
8.53527600000001,100.041931
8.52666500000004,100.047211
8.51361099999997,100.054703
8.46249800000004,100.079437
8.41999800000002,100.098587
8.40944299999995,100.110237
8.38305300000013,100.152191
8.38083100000011,100.157204
8.37999700000006,100.1633
8.38110900000004,100.168854
8.39860900000008,100.186081
8.468054,100.179413
8.49305300000003,100.163017
8.50361099999998,100.152763
8.50944300000009,100.144707
8.50944300000009,100.137772
8.51055500000007,100.131363
8.51527600000009,100.129433
8.51999900000004,100.131653
8.52277600000014,100.135818
8.52472099999994,100.141663
8.52388799999994,100.147774
8.52166599999998,100.152481
8.51027699999997,100.169128
8.503332,100.175797
8.46110900000002,100.209976
8.44916499999994,100.218582
8.44083200000006,100.224136
8.40666600000003,100.238022
8.35583100000002,100.256363
8.31944299999998,100.268044
8.30305299999998,100.271912
8.28499799999997,100.274406
8.26694300000003,100.276642
8.21083099999998,100.281647
8.15111000000013,100.289963
8.13333300000005,100.292473
8.10971999999998,100.296082
7.98333300000007,100.326637
7.93766699999998,100.337769
7.85749900000008,100.358582
7.80055400000003,100.372742
7.77833300000003,100.377747
7.74305400000009,100.383324
7.71333299999998,100.387482
7.60061000000002,100.411095
7.53527700000012,100.423752
7.50611000000004,100.431572
7.49694300000004,100.434586
7.49111000000005,100.43692
7.40972100000005,100.459702
7.36666600000001,100.478302
7.31638700000013,100.503593
7.29388799999998,100.515533
7.27138800000012,100.534409
7.26083300000005,100.544693
7.24388800000008,100.562469
7.24111000000011,100.56665
7.23749900000013,100.569977
7.22194400000006,100.580811
7.21638800000005,100.581917
7.20472100000001,100.579697
7.19944299999992,100.578033
7.19111000000004,100.572197
7.18916500000006,100.567467
7.19055500000013,100.561897
7.19583199999994,100.546082
7.20166600000005,100.53775
7.28611000000001,100.438858
7.4617770000001,100.398186
7.49461000000008,100.394363
7.54561000000012,100.379692
7.77611100000001,100.295517
7.78027700000007,100.29274
7.78749900000008,100.285797
7.79333200000008,100.270813
7.792777,100.26442
7.77861000000001,100.209702
7.77611100000001,100.205544
7.77113700000007,100.204277
7.73166600000002,100.15303
7.72277600000007,100.147751
7.710555,100.146088
7.69722100000001,100.146637
7.63361100000009,100.150803
7.6211100000001,100.151917
7.61555500000003,100.15303
7.546944,100.173019
7.52055500000006,100.180801
7.51055500000012,100.184967
7.37833199999994,100.266083
7.35777700000011,100.287193
7.34083300000003,100.304962
7.33805500000005,100.309128
7.33861100000007,100.315247
7.34111000000007,100.319702
7.34166600000003,100.325813
7.34083300000003,100.332199
7.33277699999996,100.359131
7.330555,100.363861
7.32777699999997,100.368027
7.31944400000009,100.373291
7.30841700000008,100.376663
7.21055500000011,100.391083
7.20555500000012,100.393044
7.167777,100.415802
7.15944400000012,100.421082
7.15305400000005,100.428848
7.15083200000004,100.433578
7.13416600000011,100.499977
7.12805500000002,100.529137
7.12861000000009,100.535248
7.13055400000002,100.540253
7.13583299999999,100.548859
7.16611000000012,100.580811
7.17277600000011,100.587753
7.17749900000007,100.589973
7.17777600000011,100.61441
7.15499900000003,100.640533
7.143888,100.649979
7.085555,100.688858
7.02722200000005,100.727753
7.01527700000008,100.736633
6.984444,100.760803
6.96944300000013,100.777191
6.95805500000006,100.793579
6.95583199999999,100.798309
6.95499899999999,100.804688
6.95555499999995,100.817749
6.91583299999996,100.916367
6.88861100000003,100.958862
6.86694300000011,100.993027
6.84972099999993,101.021088
6.84472200000005,101.029968
6.84333199999998,101.035522
6.84305499999999,101.042473
6.84694400000006,101.05246
6.85222100000004,101.060791
6.8579860000001,101.068047
6.85861,101.13887
6.86027700000011,101.184967
6.87055400000008,101.355553
6.87333200000006,101.359711
6.87805500000007,101.361923
6.88472200000012,101.362198
6.88916599999993,101.359421
6.91388799999999,101.335823
6.91666599999996,101.331673
6.93333200000012,101.299408
6.93777700000004,101.289688
6.93388700000003,101.33638
6.87860999999998,101.477478
6.85805400000004,101.526932
6.85138800000004,101.541367
6.84555399999999,101.549713
6.83055500000006,101.567207
6.82222200000001,101.572769
6.78111100000001,101.593323
6.64416599999998,101.676651
6.57327800000002,101.720573
6.53694299999995,101.742477
6.52833300000009,101.747757
6.50722200000001,101.761932
6.48416500000008,101.779984
6.46999900000003,101.793587
6.4541660000001,101.812477
6.2880540000001,102.01442
6.28222200000005,102.022476
6.26583300000004,102.047737
6.23613799999998,102.09523
6.15416499999998,102.09053
6.03833200000008,102.011093
6.01888800000012,101.989143
6.01222100000007,101.981918
6.00472200000007,101.975517
5.98166600000002,101.956917
5.96944299999996,101.948303
5.96472199999999,101.946091
5.94833200000011,101.94136
5.92749899999995,101.940804
5.90888799999999,101.942459
5.89777800000002,101.944962
5.87972100000007,101.947189
5.8727760000001,101.946907
5.86194299999994,101.943848
5.85388799999998,101.938293
5.74333200000007,101.833862
5.74138700000003,101.829147
5.73944299999999,101.824142
5.73972100000003,101.8172
5.74111000000005,101.81163
5.74277699999993,101.806084
5.74722100000014,101.796631
5.75277699999992,101.788567
5.76472200000006,101.779694
5.77388900000005,101.775253
5.78249899999997,101.769974
5.78888799999993,101.762482
5.78972099999993,101.74913
5.78861000000001,101.743584
5.76097100000004,101.699547
5.76138900000001,101.69635
5.76361099999997,101.691643
5.77083299999998,101.684967
5.81499899999994,101.660248
5.82527700000003,101.657204
5.83166600000004,101.656631
5.83777700000007,101.657471
5.84861000000006,101.660522
5.85555500000004,101.660797
5.86055500000003,101.658859
5.90249900000003,101.610519
5.90805400000011,101.602463
5.91611,101.582474
5.9172210000001,101.57637
5.91666600000002,101.569977
5.91083200000008,101.555237
5.88057100000009,101.506042
5.86305400000003,101.452187
5.80722099999997,101.311897
5.72138799999999,101.261368
5.70972200000006,101.258873
5.70583200000004,101.256088
5.67333200000002,101.226067
5.66999900000013,101.222473
5.66722099999998,101.218307
5.65472100000005,101.19635
5.6474990000001,101.183029
5.6383320000001,101.164978
5.63249899999994,101.151642
5.63110999999998,101.145813
5.63194299999998,101.139687
5.6383320000001,101.132187
5.72916599999996,101.057457
5.77962300000002,100.994659
5.78805400000005,100.99025
5.79499900000002,100.990517
5.80610899999999,100.993584
5.89611100000013,101.035797
5.90361000000013,101.042473
5.9113880000001,101.054962
5.91472099999999,101.065521
5.914444,101.072479
5.91694400000006,101.083588
5.92083299999996,101.093582
5.92694400000005,101.101357
5.93110999999999,101.104141
5.984444,101.119423
5.99055500000009,101.120239
6.001666,101.117737
6.05027700000005,101.106354
6.11888800000008,101.099136
6.17860999999999,101.109413
6.18055400000009,101.11441
6.18333200000006,101.118851
6.18722099999997,101.121628
6.19416500000006,101.121628
6.24888800000014,101.115517
6.25166600000011,101.111359
6.253333,101.105797
6.26944400000008,101.009697
6.24249800000007,100.955544
6.23972099999997,100.95137
6.23861000000005,100.945801
6.23444399999994,100.857468
6.23805400000003,100.854141
6.24277700000005,100.852188
6.26027799999997,100.849136
6.28499900000014,100.846916
6.29696399999995,100.84787
6.31944399999992,100.854691
6.32555500000001,100.854141
6.419443,100.833588
6.43611000000004,100.822746
6.50194399999998,100.75415
6.50361100000003,100.748581
6.48000000000008,100.716919
6.4533330000001,100.681351
6.44749800000011,100.666641
6.44749800000011,100.661087
6.44833199999999,100.654968
6.45138800000007,100.64386
6.51555500000012,100.436897
6.53610999999995,100.387482
6.54076600000008,100.379044
6.54388799999998,100.374397
6.58277700000014,100.336906
6.58694400000013,100.334412
6.59194400000013,100.332474
6.60416600000008,100.33136
6.61805400000003,100.33165
6.62416600000006,100.331093
6.63527700000009,100.328583
6.69472100000013,100.305527
6.69888800000012,100.30275
6.70166599999993,100.298859
6.70388800000012,100.293854
6.7066660000001,100.264137
6.71111000000008,100.214981
6.70936800000004,100.203842
6.7066660000001,100.198853
6.70249899999993,100.195801
6.69305400000007,100.191643
6.687499,100.189957
6.62583200000006,100.174683
6.61888800000014,100.174408
6.60416600000008,100.180527
6.59083300000003,100.187737
6.58111100000013,100.19191
6.56944400000009,100.193573
6.47666500000003,100.171356
6.46694400000007,100.166924
6.46305499999994,100.164139
6.436666,100.141922
6.42494699999992,100.127113
6.44888800000001,100.122192
6.52861000000007,100.1008
6.53277700000007,100.098312
6.53638699999999,100.094971
6.53777700000006,100.089417
6.53722100000005,100.083038
6.53472099999999,100.078857
6.53138800000005,100.075256
6.51694400000008,100.068863
6.50888800000001,100.063019
6.50611000000004,100.058853
6.50749999999994,100.053299
6.51027799999991,100.049133
6.51749900000004,100.042473
6.55194300000011,100.014687
6.58361100000002,99.991074
6.62055400000014,99.9744110000001
6.68638699999997,99.929413
6.77722200000011,99.847198
6.82249899999999,99.7919160000001
6.82527700000003,99.7877660000001
6.82694400000008,99.775269
6.82999999999998,99.7641600000001
6.84555399999999,99.712494
6.84777700000006,99.7074890000001
6.85555500000004,99.7013850000001
6.879999,99.6844180000001
6.88555500000012,99.6833189999999
6.9830540000001,99.679153
6.98861000000005,99.679153
7.02583199999998,99.681366
7.03194300000007,99.682205
7.04222099999993,99.685806
7.05666500000012,99.692474
7.0627770000001,99.700272
7.06472099999996,99.705261
7.06805499999996,99.7088780000001
7.11138799999998,99.741653
7.12444299999993,99.7497099999999
7.13028200000008,99.7344210000001
7.11249900000007,99.6902620000001
7.11055499999998,99.6852570000001
7.13805500000001,99.5905460000001
7.14027699999997,99.5858150000001
7.143888,99.5822140000001
7.14805499999994,99.579712
7.23527600000006,99.535538
7.29888799999998,99.3949890000001
7.30444300000005,99.386658
7.36749800000007,99.342758
7.37194299999999,99.3399810000001
7.37722100000008,99.338593
7.39055500000001,99.339706
7.42083300000002,99.343048
7.43583200000012,99.348877
7.44194299999998,99.3497159999999
7.45388799999995,99.348038
7.61749800000001,99.276657
7.65580199999994,99.2598110000001
7.66805499999998,99.2430420000001
7.73777700000011,99.1383210000001
7.72972100000004,99.122757
7.70222200000012,99.1155400000001
7.69472100000013,99.1088710000001
7.69194299999992,99.1047060000001
7.69083200000006,99.0991520000001
7.69805400000001,99.046936
7.70305400000001,99.03804
7.71138900000005,99.0327610000001
7.71638799999999,99.0305480000001
7.75150500000001,99.0251160000001
7.81388800000002,99.016663
7.81944399999998,99.0180510000001
7.89499999999998,99.0363770000001
7.97583200000008,98.9569400000001
8.01610899999997,98.8852690000001
8.0133320000001,98.881088
7.99666600000012,98.8424840000001
7.99555400000014,98.838043
8.0166660000001,98.773605
8.02027700000008,98.7702640000001
8.05944300000004,98.7472080000001
8.07610900000003,98.743591
8.08277500000003,98.743591
8.10777499999995,98.7469330000001
8.18083199999995,98.7469330000001
8.19333100000011,98.7458190000001
8.21694200000007,98.741928
8.22666400000014,98.7380370000001
8.30249800000001,98.701096
8.30555300000003,98.6969300000001
8.30555300000003,98.69136
8.30499800000013,98.6849820000001
8.30249800000001,98.6738740000001
8.29972099999998,98.6694340000001
8.29305499999998,98.6624910000001
8.28472099999999,98.6566470000001
8.274721,98.646103
8.27694300000002,98.6244200000001
8.28111100000007,98.621643
8.28611000000001,98.6197050000001
8.29222100000004,98.6191410000001
8.32333200000005,98.6233060000001
8.33499699999999,98.6255340000001
8.35694100000001,98.6316530000001
8.36110900000006,98.63443
8.3630520000001,98.639435
8.36902400000002,98.655212
8.37249800000006,98.6577610000001
8.37805400000002,98.6577610000001
8.38361000000003,98.656372
8.38555500000001,98.651657
8.38221900000002,98.6180420000001
8.3597200000001,98.5533140000001
8.35444300000012,98.539429
8.32472000000001,98.4738770000001
8.29916600000001,98.4413600000001
8.29694400000005,98.446091
8.28416400000009,98.4544370000001
8.273888,98.4577640000001
8.230276,98.4680480000001
8.22388599999994,98.468597
8.21777500000007,98.4677580000001
8.15388700000005,98.4408109999999
8.14916600000004,98.438583
8.14583200000004,98.4349819999999
8.14305499999995,98.4308169999999
8.134165,98.3930510000001
8.13777700000009,98.3824770000001
8.14277600000014,98.373596
8.20805400000006,98.31694
8.27444300000008,98.2741550000001
8.42166500000013,98.229431
8.52777700000001,98.198318
8.544443,98.1944270000001
8.56360999999998,98.193314
8.58360900000002,98.202209
8.58638600000012,98.2063750000001
8.61138699999992,98.2244260000001
8.69611000000009,98.2349849999999
8.8538860000001,98.2608180000001
8.91083099999997,98.2869260000001
8.925276,98.293594
8.97360800000007,98.3272090000001
9.01055499999995,98.3391570000001
9.06027600000004,98.3469390000001
9.11471900000004,98.3513790000001
9.20749899999998,98.328049
9.23916400000002,98.3474880000001
9.32388699999996,98.386108
9.34481600000004,98.388794
9.35499799999997,98.389984
9.38305300000007,98.396942
9.39416500000004,98.3999939999999
9.54305500000009,98.449417
9.55333099999996,98.4533230000001
9.55527700000005,98.458038
9.72999800000002,98.562195
9.73555399999998,98.563599
9.741108,98.562485
9.80638699999997,98.54248
9.87805400000008,98.5466460000001
9.90860900000013,98.574707
10.151665,98.689148
10.1705529999999,98.6980290000001
10.2433300000001,98.723312
10.320276,98.744431
10.3319420000001,98.7466430000001
10.338053,98.7460939999999
10.3486080000001,98.742752
10.378054,98.748871
10.409721,98.7594300000001
10.428886,98.768326
10.436386,98.774704
10.442221,98.7824860000001
10.455832,98.796936
10.464165,98.802475
10.5166660000001,98.8238830000001
10.523054,98.8247070000001
10.5897200000001,98.8022
10.6002750000001,98.791931
10.6094420000001,98.779984
10.6169410000001,98.77388
10.6302759999999,98.773605
10.672775,98.7827610000001
10.6822200000001,98.7872009999999
10.729998,98.823044
10.733887,98.8260960000001
10.767221,98.8555450000001
10.7705540000001,98.8591460000001
10.773333,98.8633120000001
10.7747210000001,98.868866
10.7752760000001,98.875259
10.7765270000001,98.8979190000001
10.8222200000001,98.935257
10.9580540000001,99.0488740000001
11.0099980000001,99.106644
11.016666,99.1147000000001
11.0241660000001,99.128036
11.0302720000001,99.144135
11.0333330000001,99.1535950000001
11.041388,99.1663820000001
11.0474990000001,99.174149
11.099165,99.2133180000001
11.1594430000001,99.2544400000001
11.176664,99.265549
11.2788870000001,99.324432
11.3499980000001,99.358322
11.5683310000001,99.465546
11.626387,99.5519260000001
11.6277750000001,99.5574800000001
11.630552,99.5619200000001
11.63722,99.5691530000001
11.7336080000001,99.6358180000001
11.7500000000001,99.640549
11.820553,99.660812
11.826942,99.6616520000001
11.8291650000001,99.6569370000001
11.8291650000001,99.649994
11.831665,99.6308140000001
11.8344420000001,99.626648
11.8724980000001,99.589432
11.8813860000001,99.584717
11.8919430000001,99.5813750000001
12.015833,99.5566410000001
12.101664,99.5633090000001
12.131109,99.57193
12.136665,99.573318
12.1413879999999,99.5713810000001
12.145832,99.5644230000001
12.1883320000001,99.49971
12.2986090000001,99.4555510000001
12.3258300000001,99.4483180000001
12.3369430000001,99.445816
12.4988860000001,99.428864
12.574434,99.4362340000001
12.665276,99.305252
12.7236080000001,99.245255
12.7319410000001,99.2397
12.741665,99.2355350000001
13.0508310000001,99.1141509999999
13.055832,99.112198
13.068888,99.1116490000001
13.1711099999999,99.120255
13.1758310000001,99.1208190000001
13.1799980000001,99.123871
13.189999,99.1347200000001
13.196665,99.14888
13.1991650000001,99.160263
13.203581,99.203384
13.206665,99.208603
13.2161080000001,99.2127689999999
13.2347200000001,99.213882
13.405832,99.2172090000001
13.418331,99.216095
13.462776,99.211655
13.473886,99.2088780000001
13.541666,99.1883090000001
13.578054,99.1769260000001
13.634722,99.1691440000001
13.6652759999999,99.1702580000001
13.727781,99.1739650000001
13.7697200000001,99.130814
13.773609,99.1277620000001
13.9347210000001,99.0363770000001
14.0108320000001,99.003326
14.0747200000001,98.9760890000001
14.083609,98.971649
14.0999980000001,98.94136
14.102221,98.937195
14.1313860000001,98.8866580000001
14.1849980000001,98.8072050000001
14.217497,98.7597200000001
14.316109,98.6202550000001
14.3191640000001,98.6169280000001
14.3266639999999,98.6108090000001
14.381941,98.5713810000001
14.386387,98.5691530000001
14.446943,98.5408170000001
14.4866640000001,98.51944
14.578331,98.4680480000001
14.605831,98.4477540000001
14.61722,98.438873
14.6338880000001,98.422211
14.638887,98.4136050000001
14.6427760000001,98.404434
14.64851,98.39502
14.656942,98.385269
14.709997,98.330551
14.719997,98.320267
14.806942,98.26416
14.8166660000001,98.259995
14.871386,98.246933
14.876663,98.248032
14.8958319999999,98.2549900000001
14.9016649999999,98.2555540000001
14.9208320000001,98.2549900000001
14.9358310000001,98.2491459999999
14.9636100000001,98.2358090000001
14.9680539999999,98.233322
14.9938470000001,98.2161560000001
15.074999,98.2010960000001
15.2044430000001,98.2030490000001
15.226778,98.2054750000001
15.221664,98.2266540000001
15.220831,98.2322080000001
15.2211090000001,98.239151
15.2711110000001,98.397766
15.2841639999999,98.4202580000001
15.354719,98.421646
15.3599970000001,98.4224849999999
15.363609,98.4258120000001
15.387777,98.497482
15.3872200000001,98.5036010000001
15.3663860000001,98.542755
15.3608300000001,98.550812
15.3530519999999,98.556641
15.3480530000001,98.5583190000001
15.341942,98.5594180000001
15.3299980000001,98.558868
15.32972,98.563599
15.3366640000001,98.5699920000001
15.3530519999999,98.579987
15.362776,98.5836030000001
15.382774,98.5894320000001
15.4169430000001,98.5935970000001
15.4463860000001,98.595825
15.458332,98.5963750000001
15.4716639999999,98.595535
15.4833320000001,98.5894320000001
15.5330540000001,98.5769350000001
15.5552770000001,98.5713810000001
15.5916650000001,98.565536
15.604998,98.5649870000001
15.6169409999999,98.565536
15.6438880000001,98.5708310000001
15.6618799999999,98.575577
15.6983320000001,98.5688779999999
15.722775,98.5652620000001
15.9658319999999,98.61499
16.046108,98.6316530000001
16.117218,98.6760859999999
16.1244389999999,98.68248
16.12833,98.692749
16.1302760000001,98.7049870000001
16.123886,98.7810970000001
16.1227720000001,98.7869260000001
16.1202739999999,98.791092
16.106663,98.798035
16.104164,98.802475
16.10305,98.808029
16.1036070000001,98.814987
16.1086079999999,98.8238830000001
16.134163,98.852768
16.1377750000001,98.856094
16.1461070000001,98.8610990000001
16.254166,98.913315
16.268608,98.918594
16.3791620000001,98.9283140000001
16.3858300000001,98.9280400000001
16.3911059999999,98.9263760000001
16.3988840000001,98.920258
16.4019389999999,98.916656
16.4386060000001,98.8649900000001
16.402496,98.827484
16.3530499999999,98.7885890000001
16.2763860000001,98.7158200000001
16.274719,98.713318
16.2811090000001,98.692749
16.284996,98.6896970000001
16.381939,98.6680450000001
16.4491620000001,98.665268
16.460274,98.6624910000001
16.4649959999999,98.6602630000001
16.6308290000001,98.563599
16.6852720000001,98.5224910000001
16.722771,98.4860990000001
16.7297170000001,98.4794310000001
16.734993,98.477768
16.740829,98.478043
16.745827,98.4797059999999
16.7738880000001,98.491364
16.777496,98.494705
16.7802770000001,98.4985960000001
16.784164,98.508881
16.7852750000001,98.5149990000001
16.8547170000001,98.549988
16.883884,98.543869
16.941105,98.511108
17.015831,98.4616550000001
17.0533290000001,98.423599
17.052776,98.4005430000001
17.050552,98.374695
17.1408309999999,98.3044280000001
17.173885,98.2727660000001
17.235828,98.2055510000001
17.257774,98.179428
17.313885,98.118866
17.415829,98.05304
17.5283319999999,97.9688720000001
17.5689660000001,97.9238740000001
17.619995,97.854706
17.626942,97.847214
17.684162,97.793869
17.703327,97.77832
17.8538860000001,97.690262
17.8644409999999,97.6866460000001
17.870552,97.685532
17.881939,97.6866460000001
17.9158289999999,97.699142
17.928883,97.7061
17.9324950000001,97.7094270000001
17.935551,97.713318
17.9472160000001,97.737488
17.9508290000001,97.7413640000001
17.9544409999999,97.7447050000001
17.9669380000001,97.752213
17.972218,97.7519379999999
17.977493,97.750275
18.128609,97.6871950000001
18.1749950000001,97.652481
18.212494,97.627197
18.2213820000001,97.6222080000001
18.231384,97.6180419999999
18.2366600000001,97.6163790000001
18.242771,97.616653
18.2516630000001,97.620819
18.2552759999999,97.624146
18.261387,97.6322020000001
18.2630540000001,97.637772
18.265831,97.641937
18.273609,97.647766
18.2802770000001,97.647217
18.290276,97.6430510000001
18.309441,97.626648
18.3205530000001,97.61026
18.325554,97.5949860000001
18.327774,97.577209
18.327774,97.563599
18.3230510000001,97.5538640000001
18.3188860000001,97.5513760000001
18.3086090000001,97.548599
18.291386,97.5463710000001
18.275829,97.54248
18.2686080000001,97.535812
18.2661090000001,97.531097
18.2649990000001,97.524704
18.267776,97.5138850000001
18.275829,97.5013890000001
18.282497,97.4944310000001
18.3266640000001,97.454987
18.335831,97.4499970000001
18.342495,97.4494170000001
18.3669400000001,97.4505460000001
18.373608,97.4499970000001
18.385551,97.4477540000001
18.3961070000001,97.4441380000001
18.4105530000001,97.4374849999999
18.488884,97.3961030000001
18.498051,97.3910980000001
18.5138850000001,97.378586
18.5202750000001,97.3710939999999
18.5249980000001,97.362198
18.5280530000001,97.3583220000001
18.5349960000001,97.3505400000001
18.538887,97.3474880000001
18.5441630000001,97.3458250000001
18.5508310000001,97.345261
18.5624960000001,97.346375
18.57222,97.349991
18.5830540000001,97.3599850000001
18.579655,97.3622890000001
18.5605550000001,97.3672030000001
18.5558320000001,97.3697050000001
18.500275,97.4385830000001
18.4972149999999,97.4424740000001
18.4949950000001,97.44693
18.4927710000001,97.458603
18.4961050000001,97.506653
18.5,97.5447080000001
18.5141640000001,97.5580290000001
18.5544429999999,97.624146
18.5561069999999,97.6297
18.562218,97.652771
18.5738870000001,97.7397000000001
18.574165,97.7466430000001
18.5724980000001,97.7519379999999
18.5694430000001,97.76915
18.569996,97.774704
18.5747180000001,97.7766570000001
18.6047170000001,97.77887
18.6349949999999,97.780273
18.671661,97.781937
18.685272,97.7810970000001
18.8655509999999,97.747757
18.869442,97.7447050000001
18.8883290000001,97.7219240000001
18.8905530000001,97.7174840000001
18.9158290000001,97.68692
18.9236070000001,97.6808170000001
18.9280510000001,97.6783140000001
18.934162,97.6772
18.9388850000001,97.678864
19.0297200000001,97.7455290000001
19.0333330000001,97.7488710000001
19.0652730000001,97.780273
19.0711100000001,97.7883150000001
19.089996,97.819443
19.096943,97.8338780000001
19.1011090000001,97.8363800000001
19.1066630000001,97.8374940000001
19.1677740000001,97.840546
19.2071000000001,97.841812
19.289997,97.834152
19.3572199999999,97.803589
19.3624950000001,97.8019260000001
19.3958279999999,97.792206
19.401939,97.7924800000001
19.5216640000001,97.866379
19.5701750000001,97.86908
19.5736080000001,97.9049840000001
19.575829,97.9099880000001
19.5991630000001,97.9594270000001
19.6038860000001,97.969147
19.6402740000001,98.0316620000001
19.6438870000001,98.0349879999999
19.6480520000001,98.0374910000001
19.6588859999999,98.039703
19.67194,98.039703
19.698605,98.0305480000001
19.710552,98.02832
19.723328,98.0280460000001
19.798332,98.045532
19.8033290000001,98.047211
19.8074990000001,98.0499880000001
19.8099980000001,98.0547030000001
19.8099980000001,98.0686040000001
19.8086089999999,98.0808260000001
19.7830540000001,98.139435
19.7611080000001,98.173309
19.754997,98.1810910000001
19.726383,98.215271
19.689995,98.2422030000001
19.689716,98.3230440000001
19.694439,98.332764
19.695274,98.3472140000001
19.6958270000001,98.391098
19.6936679999999,98.4760280000001
19.709717,98.5205380000001
19.7419400000001,98.6491550000001
19.81472,98.8313750000001
19.8163870000001,98.8369290000001
19.8144419999999,98.8422090000001
19.781666,98.886108
19.7705540000001,98.896103
19.7711110000001,98.9458160000001
19.7805520000001,98.995529
19.7833330000001,98.9997100000001
19.7869420000001,99.003326
19.8288840000001,99.0297090000001
19.842773,99.0361020000001
19.8483310000001,99.0372010000001
19.866108,99.039154
19.879719,99.0383150000001
19.8913840000001,99.02887
19.896107,99.0266570000001
19.9208300000001,99.0230410000001
19.9277729999999,99.0224910000001
20.0372199999999,99.0408170000001
20.0483320000001,99.0430450000001
20.0908320000001,99.068878
20.0974960000001,99.0763850000001
20.102776,99.0855410000001
20.1252750000001,99.158035
20.128052,99.1702580000001
20.128052,99.183868
20.125553,99.202209
20.117218,99.243866
20.10722,99.2619320000001
20.095829,99.2783200000001
20.0861090000001,99.2897030000001
20.0783309999999,99.2958219999999
20.075275,99.299713
20.0674970000001,99.3130340000001
20.066109,99.3255460000001
20.068054,99.3383180000001
20.0919420000001,99.4383090000001
20.0952760000001,99.450546
20.100273,99.459717
20.117218,99.4855350000001
20.1199950000001,99.4897000000001
20.145618,99.515732
20.147217,99.533875
20.1494410000001,99.5388790000001
20.159161,99.542755
20.193607,99.5552519999999
20.199718,99.555817
20.2066610000001,99.5552519999999
20.211384,99.5530400000001
20.3088870000001,99.502213
20.3527760000001,99.522766
20.347496,99.5341490000001
20.32333,99.6110989999999
20.311943,99.6663820000001
20.3108290000001,99.673599
20.328053,99.77916
20.331387,99.7974849999999
20.3363840000001,99.809143
20.3444400000001,99.82222
20.3536070000001,99.8297119999999
20.358887,99.8327640000001
20.367496,99.8363800000001
20.376663,99.838882
20.4047160000001,99.851379
20.421383,99.863312
20.427219,99.86998
20.432217,99.8777620000001
20.4347189999999,99.883606
20.4552730000001,99.959152
20.4538840000001,99.966095
20.44083,99.9780430000001
20.4302750000001,99.983597
20.418884,99.9849849999999
20.4130520000001,99.9871980000001
20.3833309999999,100.019989
20.3499980000001,100.075546
20.3488409999999,100.081322
---
