40.901108,20.811943
40.899994,20.802498
40.904442,20.759163
40.905273,20.75333
40.907776,20.743332
40.911057,20.735119
40.911942,20.733887
41.088051,20.669998
41.090271,20.654999
41.093185,20.600613
41.162773,20.578331
41.246384,20.519165
41.304443,20.502499
41.320549,20.495552
41.331108,20.492775
41.34333,20.496109
41.347221,20.497498
41.348053,20.50222
41.350273,20.524166
41.373055,20.549999
41.403885,20.562222
41.408051,20.562496
41.411385,20.561386
41.459717,20.50861
41.497772,20.471664
41.500832,20.469719
41.515831,20.460552
41.518883,20.458885
41.522217,20.457775
41.526382,20.458054
41.55555,20.46611
41.63472,20.533886
41.727776,20.514164
41.743889,20.516941
41.75222,20.519997
41.776939,20.533607
41.874542,20.568951
41.882187,20.589642
41.869164,20.605553
41.862495,20.615276
41.858604,20.623333
41.855827,20.631664
41.85611,20.702499
41.856667,20.713055
41.860275,20.726387
41.863884,20.733055
41.874161,20.744164
41.918884,20.773888
41.925552,20.777222
41.929718,20.778332
41.938332,20.778889
41.946663,20.778053
41.974442,20.761665
41.981384,20.759441
41.993332,20.759163
42.04277,20.769722
42.050827,20.771942
42.074715,20.785
42.082497,20.792774
42.085274,20.796108
42.089996,20.807777
42.119995,20.914997
42.198883,21.104721
42.202499,21.116943
42.202499,21.12833
42.201385,21.13361
42.198051,21.141941
42.149994,21.215275
42.145271,21.221107
42.147774,21.304996
42.151382,21.30611
42.193054,21.344444
42.195549,21.348053
42.262497,21.459999
42.265831,21.466663
42.267776,21.481941
42.254166,21.61972
42.239716,21.681389
42.232773,21.70472
42.232216,21.710831
42.232773,21.721386
42.237495,21.738331
42.256943,21.778889
42.263329,21.788609
42.274162,21.793888
42.27861,21.794441
42.294167,21.799721
42.303329,21.806664
42.328331,21.841389
42.330826,21.850277
42.331108,21.855553
42.31694,22.023609
42.302216,22.061943
42.300552,22.07222
42.300552,22.083332
42.313889,22.184719
42.315277,22.195
42.316383,22.198887
42.32,22.206108
42.326111,22.210831
42.329437,22.212776
42.333611,22.213886
42.337219,22.216389
42.339722,22.218609
42.34166,22.221943
42.360275,22.308609
42.361382,22.324444
42.35833,22.332775
42.355827,22.335552
42.323883,22.365276
42.279442,22.407776
42.150833,22.517776
42.148605,22.521111
42.103333,22.609444
42.065277,22.685833
42.027771,22.817497
42.026939,22.828609
41.941666,22.875832
41.934715,22.878052
41.885277,22.895832
41.879166,22.899441
41.807777,22.942497
41.77861,22.961941
41.773605,22.967499
41.771942,22.972221
41.770271,22.999722
41.767494,23.00972
41.765274,23.012775
41.762215,23.014721
41.734718,23.029999
41.728333,23.032776
41.720551,23.031387
41.71666,23.02972
41.699997,23.018608
41.690826,23.011387
41.665833,22.986942
41.641663,22.956387
41.634438,22.952499
41.626106,22.951664
41.59861,22.951664
41.476387,22.959164
41.374161,22.966663
41.366104,22.964722
41.358604,22.960831
41.35305,22.955555
41.344719,22.942497
41.342125,22.935604
41.343048,22.926388
41.34861,22.813053
41.346939,22.803886
41.331665,22.781387
41.32444,22.772221
41.315315,22.763988
41.309441,22.75972
41.305275,22.759441
41.301941,22.760555
41.299721,22.763611
41.296661,22.765274
41.25174,22.761543
41.227776,22.758053
41.16333,22.74361
41.159164,22.741943
41.148888,22.735832
41.144722,22.729164
41.142776,22.720554
41.119995,22.590275
41.119438,22.585552
41.119995,22.58083
41.121384,22.484722
41.121384,22.450275
41.121384,22.434719
41.134438,22.34333
41.153328,22.304722
41.170555,22.262497
41.171387,22.256664
41.16777,22.205555
41.133606,21.980553
41.129997,21.97361
41.095276,21.916111
41.07444,21.909164
41.067215,21.910553
41.056938,21.913887
41.053329,21.913609
41.049438,21.911942
40.932777,21.792221
40.928886,21.780277
40.872772,21.599998
40.872215,21.57972
40.873055,21.573608
40.874992,21.57
40.891106,21.548332
40.904716,21.536663
40.907219,21.533607
40.908882,21.52972
40.910553,21.513611
40.919167,21.41972
40.91777,21.415554
40.911659,21.405552
40.906944,21.399719
40.888054,21.380554
40.878326,21.36861
40.874443,21.356667
40.871941,21.343052
40.868607,21.31472
40.857498,21.150833
40.857216,21.121555
40.855888,20.98349
40.891663,20.984165
40.893608,20.983887
40.895248,20.982445
40.906387,20.971943
40.908607,20.968887
40.914162,20.957222
40.919167,20.944164
40.935555,20.848331
40.932495,20.840832
40.92083,20.830276
40.908882,20.82111
---
