-9.46337955653343,124.343093259953
-9.33997920587001,124.046161166169
-9.33333199999998,124.066673
-9.30750099999995,124.136383
-9.3016659999999,124.150818
-9.29555499999998,124.159149
-9.28000100000003,124.170822
-9.26305599999989,124.181091
-9.26027899999997,124.184982
-9.22166599999997,124.290543
-9.18722199999996,124.413307
-9.185833,124.418869
-9.18527799999998,124.424988
-9.18480145515861,124.445727297301
---
-8.53916699999996,127.171371
-8.57583199999999,127.126373
-8.604445,127.093323
-8.63555700000001,127.063309
-8.68027899999998,127.01944
-8.68277699999999,127.015266
-8.72888799999998,126.887772
-8.75611099999992,126.789703
-8.75527999999991,126.776657
-8.75666799999999,126.764427
-8.76694499999996,126.699417
-8.77444499999996,126.658867
-8.77638999999994,126.65332
-8.80833399999989,126.585541
-8.81416699999994,126.578049
-8.85166499999997,126.540268
-8.86444499999993,126.532761
-8.879999,126.528053
-8.89972299999994,126.520538
-8.92999999999995,126.496368
-8.94972200000001,126.476646
-8.95249899999999,126.472488
-8.95499999999998,126.461647
-8.97555499999993,126.324432
-8.98222199999992,126.258614
-8.98083300000002,126.239433
-8.98083300000002,126.225807
-8.98749900000001,126.164146
-8.99027599999999,126.15332
-8.99444399999999,126.1436
-9.00444599999997,126.126373
-9.01277900000002,126.114151
-9.03305599999999,126.086647
-9.12694399999992,125.943588
-9.13249999999994,125.924149
-9.13305500000001,125.918053
-9.13249999999994,125.891373
-9.13027799999992,125.8797
-9.12916599999994,125.867752
-9.13027799999992,125.848328
-9.13166599999994,125.842758
-9.147223,125.783051
-9.21833199999992,125.559143
-9.26833299999998,125.404427
-9.27250099999998,125.394707
-9.29416700000002,125.354713
-9.29666700000001,125.350807
-9.31027799999998,125.330276
-9.34833299999997,125.286377
-9.39888999999999,125.234993
-9.414446,125.223312
-9.42333399999995,125.211647
-9.42722300000003,125.201927
-9.42999999999995,125.191093
-9.43528699999996,125.129417
-9.43595521779628,125.127988771271
-9.21179607108957,124.972051973563
-9.06614247425358,125.164049896665
-8.95403931930286,124.945448744511
-8.95012700000001,124.951897
-8.93472300000002,124.970543
-8.75944499999991,125.093048
-8.74110999999988,125.094994
-8.71277800000001,125.10054
-8.69111099999998,125.106087
-8.680834,125.109421
-8.66249999999997,125.118317
-8.65420099999994,125.124107
-8.65055699999999,125.126648
-8.64027800000002,125.136932
-8.63472400000001,125.145264
-8.61249900000001,125.218597
-8.60972199999998,125.229431
-8.57194499999997,125.424149
-8.54277799999988,125.606934
-8.53055599999999,125.708328
-8.52638999999999,125.724991
-8.50666799999988,125.787201
-8.50277899999998,125.796944
-8.49805499999991,125.805817
-8.48972099999992,125.818047
-8.48583200000002,125.827766
-8.48166700000002,125.844147
-8.48027799999994,125.856369
-8.48222199999992,125.888603
-8.48360999999994,125.907761
-8.48777799999999,125.938026
-8.49444399999999,125.965553
-8.50055699999996,125.986649
-8.52027900000002,126.021652
-8.52444500000001,126.03804
-8.52500199999992,126.044144
-8.52444500000001,126.076393
-8.50138999999996,126.220261
-8.499166,126.231934
-8.47749900000002,126.285538
-8.44777900000003,126.337486
-8.44111099999992,126.344994
-8.42944499999999,126.353867
-8.42749999999995,126.358871
-8.42527799999999,126.410263
-8.42749999999995,126.421921
-8.44972200000001,126.493042
-8.45305400000001,126.503326
-8.46527699999996,126.518333
-8.48166700000002,126.536102
-8.48694399999999,126.544434
-8.48777799999999,126.550537
-8.48638699999992,126.563026
-8.42416799999995,126.771378
-8.38416699999999,126.861099
-8.37722200000002,126.874687
-8.37194399999993,126.883041
-8.36027699999994,126.898613
-8.32444399999997,127.00499
-8.33249999999993,127.195534
-8.333055,127.20166
-8.39277799999996,127.298866
-8.39555499999994,127.30304
-8.39972299999994,127.305817
-8.40964399999996,127.308357
-8.42416799999995,127.308594
-8.43361099999998,127.304428
-8.47083299999997,127.266663
-8.47360999999995,127.262497
-8.47749900000002,127.253052
---
