10.7622200000001,-60.94445
10.739166,-60.963058
10.7147220000001,-60.987228
10.7022210000001,-61.0130619999999
10.700277,-61.0180589999999
10.6891650000001,-61.027504
10.680555,-61.0330579999999
10.6758330000001,-61.035278
10.491943,-61.0458369999999
10.486387,-61.0450059999999
10.3947220000001,-61.02195
10.3897210000001,-61.0200039999999
10.358889,-61.003334
10.3461090000001,-60.99556
10.342499,-60.992226
10.1586090000001,-61.000839
10.1405540000001,-61.008057
10.1027770000001,-61.0836179999999
10.0919440000001,-61.1072239999999
10.0755540000001,-61.152229
10.069443,-61.199722
10.0688880000001,-61.206116
10.066944,-61.4052809999999
10.068333,-61.526672
10.0752770000001,-61.6744459999999
10.076944,-61.679726
10.0788880000001,-61.7055589999999
10.081665,-61.803337
10.0805549999999,-61.808891
10.071388,-61.833618
10.0622220000001,-61.8583369999999
10.0425000000001,-61.88028
10.038055,-61.902779
10.0374980000001,-61.909172
10.039165,-61.914726
10.042776,-61.91806
10.0511090000001,-61.923058
10.0552769999999,-61.924446
10.0622220000001,-61.9241709999999
10.0677780000001,-61.922501
10.0741650000001,-61.915283
10.127777,-61.81778
10.197222,-61.647781
10.2344440000001,-61.511116
10.2383330000001,-61.5013959999999
10.2433320000001,-61.492783
10.270277,-61.464447
10.278332,-61.458336
10.2891650000001,-61.4550019999999
10.299166,-61.452507
10.5636100000001,-61.460556
10.5788879999999,-61.465561
10.5977760000001,-61.4736179999999
10.630833,-61.489723
10.639721,-61.501945
10.668333,-61.543892
10.670555,-61.5486149999999
10.6844440000001,-61.5977779999999
10.6847210000001,-61.604729
10.6791650000001,-61.619728
10.67861,-61.626114
10.6780550000001,-61.6544489999999
10.6802770000001,-61.6594469999999
10.683887,-61.6627809999999
10.7063880000001,-61.663895
10.7091660000001,-61.662224
10.711666,-61.658058
10.741665,-61.605835
10.742777,-61.5997239999999
10.750555,-61.480003
10.752777,-61.4325029999999
10.753887,-61.4266739999999
10.756388,-61.422501
10.7755549999999,-61.390839
10.783888,-61.378334
10.790277,-61.2425
10.789444,-61.1963959999999
10.791666,-61.185005
10.7955550000001,-61.1750029999999
10.7980540000001,-61.1708369999999
10.81111,-61.156395
10.814722,-61.146118
10.8158320000001,-61.1405559999999
10.8241650000001,-61.079445
10.826111,-61.075562
10.83861,-61.0338899999999
10.841944,-61.016945
10.83861,-60.928337
10.834166,-60.910835
10.830832,-60.907784
10.823889,-60.9080579999999
10.8191660000001,-60.9102779999999
10.797222,-60.9230579999999
---
11.2013870000001,-60.644173
11.198889,-60.668892
11.201944,-60.6877819999999
11.183611,-60.736389
11.1816650000001,-60.741112
11.1741660000001,-60.7541729999999
11.1683330000001,-60.762222
11.1416660000001,-60.797501
11.152498,-60.839172
11.154165,-60.844727
11.1583330000001,-60.847504
11.1638869999999,-60.848335
11.176943,-60.847229
11.242222,-60.7566679999999
11.2758329999999,-60.700836
11.301388,-60.657784
11.344999,-60.532501
11.3461090000001,-60.526672
11.333611,-60.521118
11.327499,-60.5205609999999
11.2738880000001,-60.5247269999999
11.262499,-60.5272289999999
11.259165,-60.5311129999999
11.2572210000001,-60.534447
11.203054,-60.63945
---
