33.723328,10.9377770000001
33.6730500000001,10.882776
33.6541599999999,10.8722210000001
33.638611,10.865
33.6811070000001,10.861666
33.6872180000001,10.8611110000001
33.696663,10.8563879999999
33.7049940000001,10.8502770000001
33.7163850000001,10.8391670000001
33.729721,10.8224980000001
33.734161,10.81111
33.734161,10.802776
33.7338870000001,10.7955550000001
33.7280499999999,10.7780550000001
33.7227710000001,10.7680550000001
33.718048,10.7655540000001
33.713333,10.7677760000001
33.7086110000001,10.764999
33.7061080000001,10.7599980000001
33.7063830000001,10.74361
33.706665,10.737221
33.7094420000001,10.732222
33.7130510000001,10.7283330000001
33.730827,10.7191660000001
33.7405550000001,10.7144430000001
33.7466659999999,10.713888
33.7602769999999,10.7144430000001
33.8808290000001,10.72611
33.8855510000001,10.7286109999999
33.889442,10.732222
33.8913880000001,10.738054
33.895554,10.765276
33.8961110000001,10.796389
33.8780520000001,10.9122220000001
33.857498,10.968332
33.816666,11.0430549999999
33.809715,11.0511090000001
33.80555,11.0541650000001
33.79805,11.0572199999999
33.789162,11.0527760000001
33.7852710000001,11.049166
33.7563860000001,11.010277
33.753609,11.0052779999999
33.7499999999999,10.99361
---
34.6174930000001,11.0350000000001
34.6305540000001,11.0008319999999
34.6458280000001,10.964167
34.649994,10.960833
34.655273,10.9611110000001
34.6608280000001,10.9630549999999
34.664719,10.9663889999999
34.668053,10.9708330000001
34.6691670000001,10.9774990000001
34.6661070000001,11.0483320000001
34.6405490000001,11.064722
---
34.6686100000001,11.128887
34.668884,11.122221
34.6716610000001,11.1172220000001
34.6758270000001,11.1141660000001
34.6819380000001,11.1152760000001
34.6980510000001,11.1208320000001
34.7027740000001,11.12361
34.710831,11.1305540000001
34.821106,11.230833
34.823608,11.2361110000001
34.823326,11.2424980000001
34.8180540000001,11.2697220000001
34.811943,11.287777
34.8033290000001,11.302221
34.746109,11.2858309999999
34.7394410000001,11.278889
34.731941,11.2572210000001
34.7205510000001,11.2219430000001
34.711105,11.1924989999999
34.703606,11.1772210000001
34.6786040000001,11.1416660000001
34.675278,11.1372200000001
---
37.11805,10.801666
37.1183320000001,10.794998
37.1216660000001,10.790833
37.1263890000001,10.791943
37.129166,10.7969440000001
37.130272,10.8038880000001
37.1252750000001,10.814722
37.1194379999999,10.808611
---
37.1390690000001,9.85358200000013
37.1415630000001,9.86719099999993
37.1435170000001,9.87330400000002
37.1512990000001,9.88858400000004
37.1571430000001,9.89802900000012
37.16465,9.90608800000007
37.193848,9.92887500000006
37.1985780000001,9.93165399999992
37.2046890000001,9.93082200000003
37.2094190000001,9.92860000000002
37.213585,9.92527000000001
37.2163620000001,9.92026900000013
37.2177510000001,9.91360300000014
37.2288670000001,9.85860400000001
37.248047,9.92693900000012
37.26194,10.040277
37.261108,10.0563890000001
37.214722,10.1855550000001
37.2083280000001,10.2030540000001
37.186386,10.252499
37.1727750000001,10.2572210000001
37.157494,10.213333
37.1627730000001,10.2152770000001
37.168884,10.214722
37.172218,10.2105540000001
37.1730500000001,10.202776
37.168884,10.149443
37.166939,10.1433320000001
37.1608279999999,10.1338880000001
37.1569440000001,10.130278
37.1522220000001,10.127777
37.1469420000001,10.1258320000001
37.141663,10.125555
37.138054,10.1297210000001
37.1352770000001,10.134722
37.132217,10.148333
37.1274950000001,10.191387
37.1280750000001,10.2117670000001
37.124718,10.209166
37.06916,10.1708320000001
37.0588840000001,10.168055
37.0447160000001,10.169998
37.0344390000001,10.174721
36.9908290000001,10.197222
36.9866640000001,10.2002770000001
36.979164,10.207777
36.8893280000001,10.3326720000001
36.884438,10.343332
36.879715,10.3458330000001
36.874161,10.345554
36.870277,10.342222
36.8144379999999,10.2930550000001
36.8133320000001,10.2894440000001
36.8152770000001,10.2836090000001
36.818054,10.2786100000001
36.8222200000001,10.2755550000001
36.828331,10.2747209999999
36.833885,10.276667
36.8377760000001,10.2802770000001
36.842499,10.281111
36.8472210000001,10.278889
36.8486100000001,10.2722210000001
36.847496,10.2652760000001
36.833885,10.2074989999999
36.8280490000001,10.198055
36.817215,10.1941660000001
36.804443,10.191387
36.796387,10.1919440000001
36.790833,10.1933330000001
36.7874980000001,10.1974980000001
36.7858280000001,10.204166
36.7858280000001,10.2438890000001
36.7867890000001,10.256151
36.7491610000001,10.311943
36.7399980000001,10.3261110000001
36.737221,10.33111
36.7330549999999,10.3427770000001
36.7258300000001,10.367777
36.723328,10.3819430000001
36.7227710000001,10.4072210000001
36.724037,10.415316
36.7297209999999,10.4361099999999
36.7386090000001,10.4586110000001
36.7522200000001,10.484165
36.7711110000001,10.5194440000001
36.7777710000001,10.5280550000001
36.7824939999999,10.530832
36.8177719999999,10.547222
36.8533330000001,10.5627770000001
36.8613820000001,10.57
36.878326,10.5991649999999
36.8763890000001,10.622776
36.8769380000001,10.654999
36.8780520000001,10.6702770000001
36.879715,10.6847210000001
36.8833310000001,10.705
36.890274,10.7213880000001
36.9455490000001,10.8130550000001
36.956108,10.8252770000001
36.996384,10.868332
37.03083,10.8916659999999
37.037498,10.8919430000001
37.0430530000001,10.8938880000001
37.0461040000001,10.898054
37.0883330000001,11.029165
37.088051,11.0377770000001
37.085831,11.0436100000001
37.0816650000001,11.0469440000001
37.051384,11.0677780000001
36.9044420000001,11.1022210000001
36.8149950000001,11.039721
36.807777,11.031666
36.760277,10.9808330000001
36.7436070000001,10.967499
36.6480480000001,10.897221
36.591942,10.864721
36.5499950000001,10.840555
36.5352710000001,10.8330550000001
36.503052,10.8219429999999
36.4827730000001,10.812777
36.4736100000001,10.80722
36.4655530000001,10.800278
36.4630510000001,10.794998
36.45916,10.7830540000001
36.453331,10.7408330000001
36.434166,10.6736110000001
36.397774,10.572222
36.3841630000001,10.547499
36.3708270000001,10.5302770000001
36.362854,10.5224479999999
36.3511050000001,10.512777
36.3330540000001,10.500277
36.3283310000001,10.497499
36.3183290000001,10.493055
36.287498,10.4802760000001
36.2605510000001,10.470833
36.2497180000001,10.467222
36.1888890000001,10.456665
36.1694410000001,10.455276
36.1233290000001,10.455276
36.117218,10.4561100000001
36.1055530000001,10.4580550000001
36.0566640000001,10.471666
35.972221,10.519997
35.868607,10.5999980000001
35.8561100000001,10.609722
35.840828,10.6249980000001
35.788605,10.6858330000001
35.7870409999999,10.6887720000001
35.7716600000001,10.739721
35.7272190000001,10.8141649999999
35.721664,10.8155540000001
35.7122190000001,10.820276
35.7080540000001,10.8233320000001
35.704437,10.8274990000001
35.698883,10.837221
35.685272,10.862778
35.6788860000001,10.8799990000001
35.6733320000001,10.907221
35.67083,10.9297220000001
35.664162,10.9730550000001
35.6597209999999,10.992777
35.653053,11.0099980000001
35.64666,11.0199990000001
35.639717,11.028055
35.6349950000001,11.030277
35.6280520000001,11.0299990000001
35.5627210000001,11.013714
35.5216599999999,11.0299990000001
35.3955540000001,11.020277
35.3894420000001,11.019165
35.375832,11.0186100000001
35.345833,11.022499
35.331383,11.029444
35.3108290000001,11.0452770000001
35.2994380000001,11.0563890000001
35.274994,11.0847210000001
35.2630540000001,11.1008320000001
35.248055,11.124443
35.2358320000001,11.128887
35.1752780000001,11.077221
35.1672209999999,11.070276
35.164719,11.0652770000001
35.162773,11.0594440000001
35.161659,11.0527760000001
35.159164,11.0474990000001
35.1486049999999,11.035555
35.1319429999999,11.022499
35.121941,11.018055
35.110275,11.0149990000001
35.0926739999999,11.0142920000001
35.071663,11.0161090000001
35.058052,11.015554
35.047218,11.0116650000001
34.888611,10.909443
34.7936100000001,10.8230550000001
34.6747209999999,10.7344439999999
34.6658330000001,10.7283330000001
34.6527710000001,10.7113880000001
34.649994,10.70611
34.6447220000001,10.6802770000001
34.6424939999999,10.6588879999999
34.6374970000001,10.640554
34.6347200000001,10.635277
34.6313860000001,10.6311089999999
34.623604,10.6241660000001
34.551109,10.5802760000001
34.5463870000001,10.577776
34.542221,10.574444
34.538887,10.57
34.534439,10.5591660000001
34.523605,10.499443
34.52166,10.4936100000001
34.5005489999999,10.4374980000001
34.495277,10.4275000000001
34.4886090000001,10.418888
34.464722,10.3983329999999
34.4558260000001,10.392221
34.435829,10.3749980000001
34.407494,10.3361110000001
34.3280490000001,10.160555
34.3233260000001,10.1497210000001
34.3197170000001,10.138054
34.318329,10.131388
34.317215,10.1166650000001
34.31472,10.111387
34.3066640000001,10.104721
34.2180480000001,10.036943
34.1911090000001,10.021387
34.171135,10.0124700000001
34.1702730000001,10.0083329999999
34.1669390000001,10.0058330000001
34.1097179999999,10.0141659999999
34.080276,10.019165
34.0363850000001,10.0308320000001
34.0144420000001,10.036943
34.0047149999999,10.041666
33.9530490000001,10.0688880000001
33.935272,10.0797210000001
33.9144440000001,10.0963880000001
33.829163,10.1661110000001
33.7486040000001,10.2663880000001
33.7127760000001,10.314444
33.700272,10.3319440000001
33.686104,10.3561099999999
33.6730500000001,10.390276
33.6507419999999,10.4572050000001
33.63916,10.473331
33.6374970000001,10.48
33.638885,10.486666
33.649437,10.5302770000001
33.671387,10.605555
33.683884,10.6313880000001
33.6924970000001,10.6455550000001
33.702217,10.658333
33.7049940000001,10.6633320000001
33.70694,10.6691670000001
33.712494,10.6947210000001
33.709999,10.708611
33.707771,10.714167
33.7041630000001,10.718332
33.694717,10.722776
33.683052,10.724722
33.6761090000001,10.724722
33.605553,10.717222
33.584442,10.7091660000001
33.57444,10.704721
33.571106,10.7005540000001
33.5599980000001,10.6811100000001
33.553329,10.672777
33.5430530000001,10.668333
33.536942,10.6688879999999
33.4936070000001,10.689444
33.4899980000001,10.693609
33.4733280000001,10.739721
33.472221,10.746944
33.472771,10.754166
33.4766620000001,10.765833
33.5311050000001,10.90361
33.537773,10.9122220000001
33.5449980000001,10.919722
33.5538860000001,10.9258330000001
33.5633320000001,10.93111
33.5694429999999,10.93222
33.5816650000001,10.9308320000001
33.5863880000001,10.9286099999999
33.5905530000001,10.925554
33.5941620000001,10.921665
33.6027760000001,10.907221
33.606384,10.9030550000001
33.61055,10.9000000000001
33.6172179999999,10.900276
33.6205520000001,10.9044440000001
33.629997,10.933611
33.637215,10.974722
33.63694,10.981388
33.635551,10.987778
33.625549,11.025833
33.6169430000001,11.0486110000001
33.6083300000001,11.0630550000001
33.5941620000001,11.0788880000001
33.5816650000001,11.088888
33.5724950000001,11.094444
33.554443,11.105
33.5449980000001,11.109722
33.528328,11.113888
33.516106,11.1150000000001
33.495552,11.1141660000001
33.4894409999999,11.1133330000001
33.4686050000001,11.105
33.4522860000001,11.10231
33.4297180000001,11.10111
33.2949980000001,11.1180550000001
33.2833330000001,11.1199990000001
33.2699970000001,11.1283320000001
33.214996,11.168055
33.210831,11.17111
33.2080540000001,11.175833
33.206383,11.18222
33.1827769999999,11.3427770000001
33.1816640000001,11.3650000000001
33.1805500000001,11.4211099999999
33.1849980000001,11.431944
33.1883320000001,11.4361100000001
33.193886,11.436388
33.198051,11.4333320000001
33.2019420000001,11.440832
33.1877749999999,11.481943
33.171135,11.526081
33.14666,11.5250000000001
33.1259160000001,11.5221750000001
33.1091610000001,11.5191650000001
33.095787,11.5147380000001
33.0760040000001,11.505602
33.073608,11.503887
33.051941,11.4963870000001
33.034996,11.4916650000001
32.942909,11.4837000000001
32.8638840000001,11.4772210000001
32.657776,11.4669440000001
32.644165,11.466389
32.627777,11.4705540000001
32.617218,11.474998
32.5988850000001,11.494444
32.582771,11.514166
32.5797200000001,11.519722
32.5674970000001,11.5369430000001
32.5536040000001,11.552776
32.5402760000001,11.5627770000001
32.5361100000001,11.5649990000001
32.512497,11.576944
32.496384,11.582777
32.4908290000001,11.5833319999999
32.4766619999999,11.582777
32.464996,11.580555
32.4422149999999,11.567499
32.431664,11.5555550000001
32.4249950000001,11.546389
32.4094010000001,11.515881
32.389999,11.483332
32.3530499999999,11.414721
32.319443,11.3258320000001
32.261665,11.1819310000001
32.246384,11.1441650000001
32.1997150000001,11.029165
32.1391600000001,10.8825000000001
32.1325000000001,10.8780540000001
32.1183320000001,10.8711110000001
32.0924990000001,10.8597219999999
32.041382,10.830555
32.029999,10.820276
32.019997,10.807777
31.96611,10.7180540000001
31.9630550000001,10.7066649999999
31.962498,10.69861
31.8661080000001,10.61861
31.856388,10.6136090000001
31.761387,10.530832
31.741386,10.5049990000001
31.7327769999999,10.491943
31.722221,10.4722209999999
31.720276,10.466665
31.719997,10.4513870000001
31.721107,10.4369429999999
31.7241630000001,10.423332
31.727219,10.409721
31.728886,10.395277
31.730553,10.379999
31.7311100000001,10.356667
31.7294429999999,10.342222
31.722221,10.319443
31.7197190000001,10.314444
31.7130550000001,10.3063890000001
31.6941640000001,10.2872220000001
31.5099980000001,10.1394440000001
31.5005530000001,10.134443
31.4888880000001,10.1325000000001
31.4224970000001,10.1233330000001
31.315319,10.169847
31.2047200000001,10.218054
31.191109,10.2230550000001
31.079166,10.2638870000001
31.074444,10.2652760000001
30.914165,10.2908330000001
30.906666,10.2905540000001
30.86972,10.277498
30.7505530000001,10.2230550000001
30.7308310000001,10.21361
30.726109,10.210278
30.5880550000001,10.0836110000001
30.4613880000001,9.98222199999992
30.3616640000001,9.89777800000013
30.354164,9.89110900000009
30.347775,9.88249600000012
30.3411100000001,9.86999900000012
30.3377760000001,9.85805500000004
30.3380550000001,9.85027700000006
30.3424990000001,9.83111000000014
30.315956,9.73513600000001
30.2780530000001,9.63749900000005
30.2343900000001,9.53711299999992
30.2483330000001,9.53416600000003
30.3033330000001,9.52055500000006
30.5099980000001,9.468054
30.6338880000001,9.43638800000008
30.840275,9.38360999999998
31.0327760000001,9.33416599999993
31.170555,9.29861100000011
31.5005530000001,9.21333300000003
31.6241650000001,9.18138900000002
31.9127770000001,9.10583300000002
32.00008,9.08256
32.0911100000001,9.05916600000006
32.0999980000001,9.05527699999999
32.12944,9.00833299999999
32.2180480000001,8.86444299999999
32.326111,8.68833200000012
32.40416,8.55999899999995
32.491661,8.41527700000006
32.5312190000001,8.35098299999999
32.533333,8.34861000000012
32.573608,8.34277700000013
32.710274,8.32333200000005
32.7383270000001,8.31944299999998
32.7930530000001,8.31222200000008
32.8341600000001,8.3061100000001
32.876663,8.27416600000009
33.0280530000001,8.15777600000013
33.1144410000001,8.09027700000007
33.11055,8.07888800000012
33.1091610000001,8.07222200000012
33.1072160000001,8.04944399999999
33.108055,8.0413880000001
33.112778,8.02277800000007
33.114998,8.01610899999997
33.2044369999999,7.775555
33.208611,7.76499900000005
33.2147220000001,7.75694400000003
33.2188870000001,7.75277700000009
33.229164,7.74305500000003
33.248329,7.73194400000011
33.2866590000001,7.72638799999993
33.3186040000001,7.72416600000014
33.3730550000001,7.72444400000006
33.399162,7.72472199999993
33.419403,7.72502699999995
33.507774,7.67555500000009
33.673882,7.5586110000001
33.6786040000001,7.5561100000001
33.8105550000001,7.5149990000001
33.887497,7.49249900000007
33.91333,7.49166600000007
33.926384,7.49277699999999
33.9427720000001,7.49777699999993
33.9522170000001,7.50277699999992
33.9677730000001,7.50861100000003
33.9944379999999,7.51777700000008
34.01416,7.51861099999996
34.0719150000001,7.51526000000001
34.083054,7.518055
34.1019440000001,7.52722199999999
34.1066670000001,7.53055500000005
34.1894380000001,7.61972100000014
34.199715,7.63222200000007
34.204994,7.64138799999995
34.212494,7.65694400000012
34.219994,7.68166599999995
34.2238850000001,7.7016660000001
34.2263870000001,7.73111100000011
34.230553,7.75111100000009
34.236382,7.76750000000004
34.2424930000001,7.77749900000009
34.250549,7.78416599999997
34.2547150000001,7.78666600000008
34.330826,7.81944399999998
34.3463820000001,7.82444399999997
34.366104,7.82277799999997
34.3783260000001,7.82305500000001
34.3894420000001,7.82555500000007
34.4124980000001,7.83972200000005
34.423332,7.85055500000004
34.436104,7.86888900000014
34.509163,8.03611000000001
34.521942,8.07027600000004
34.5327220000001,8.10655200000002
34.536659,8.11833200000001
34.539162,8.12333300000012
34.64444,8.251665
34.654442,8.25527799999998
34.6591640000001,8.25361100000003
34.6627730000001,8.25027700000004
34.6661070000001,8.2444440000001
34.6758270000001,8.23222200000009
34.6838839999999,8.22499800000014
34.6902770000001,8.22499800000014
34.700272,8.22916600000002
34.71666,8.24194300000011
34.7205510000001,8.2452770000001
34.7380520000001,8.26527599999997
34.740105,8.27015500000005
34.7427750000001,8.27694300000002
34.748886,8.28611000000001
34.752777,8.28861000000006
34.758331,8.29027699999995
34.8344420000001,8.27722199999999
34.8516620000001,8.27333300000009
34.9655530000001,8.28611000000001
35.099159,8.32444400000009
35.104721,8.32611100000014
35.109444,8.32860900000009
35.1213840000001,8.33888800000005
35.1922150000001,8.40111000000007
35.2872159999999,8.34499899999992
35.293327,8.33611100000013
35.308327,8.32222200000007
35.317215,8.31638700000008
35.339165,8.30833200000012
35.3677750000001,8.30277599999994
35.379997,8.30138800000003
35.392776,8.30138800000003
35.4049990000001,8.30416500000013
35.427216,8.3094440000001
35.4441600000001,8.31472200000002
35.457771,8.32222200000007
35.5844420000001,8.34888799999999
35.623604,8.34527600000013
35.6347200000001,8.34555400000005
35.6536100000001,8.34416599999992
35.671944,8.34166499999992
35.677498,8.34027700000001
35.687775,8.33611100000013
35.6924970000001,8.33361100000002
35.7047200000001,8.32388899999995
35.721939,8.30222100000003
35.728607,8.29499800000013
35.743889,8.28083200000009
35.7491610000001,8.27749800000009
35.758606,8.27361100000002
35.775833,8.26861000000014
35.811104,8.26333200000005
35.8224950000001,8.26166499999994
35.856384,8.26055500000012
35.9133300000001,8.26444400000003
35.9302750000001,8.268888
35.961937,8.28027700000001
35.9653130000001,8.28297300000014
36.0000000000001,8.29083300000013
36.0974960000001,8.3052770000001
36.1955490000001,8.319166
36.214439,8.31944299999998
36.286659,8.33138799999995
36.2961040000001,8.33638799999994
36.357498,8.37166599999995
36.3749920000001,8.37444300000004
36.413605,8.37666500000006
36.4266660000001,8.37610999999993
36.4447169999999,8.37361000000004
36.4508290000001,8.37222100000002
36.455551,8.36972000000009
36.45916,8.36555500000009
36.479996,8.30694400000004
36.4827730000001,8.29333300000008
36.4827730000001,8.28499999999997
36.4813840000001,8.27749800000009
36.48111,8.25388699999996
36.481941,8.23777800000011
36.4838870000001,8.21527699999996
36.488884,8.19583299999999
36.4949950000001,8.18666600000006
36.499161,8.18333200000006
36.505272,8.18166499999995
36.51194,8.18194399999993
36.524162,8.18361100000004
36.5294420000001,8.18555500000014
36.5436100000001,8.19388800000002
36.551666,8.1999990000001
36.5605550000001,8.21527699999996
36.5672150000001,8.23138800000004
36.5716630000001,8.250832
36.6027760000001,8.3472210000001
36.60527,8.3522210000001
36.651939,8.43805499999996
36.6572190000001,8.44749800000005
36.6647190000001,8.45583200000004
36.669441,8.45861100000013
36.717216,8.47527700000006
36.723328,8.47611000000006
36.7436070000001,8.4763870000001
36.8311080000001,8.63805399999995
36.881943,8.63222099999996
36.941368,8.62203
36.9538880000001,8.6672210000001
36.962494,8.75944300000003
36.9611050000001,8.76610900000003
36.963608,8.77972199999999
36.977219,8.82138800000007
36.9819410000001,8.83249899999993
36.995277,8.85805500000009
37.006943,8.87777699999992
37.0186230000001,8.89628800000014
37.03083,8.91555399999993
37.0516660000001,8.94055400000008
37.070274,8.95944400000002
37.0863880000001,8.97333100000009
37.11055,8.98555399999998
37.1522220000001,9.04333300000008
37.1608279999999,9.06611100000003
37.162323,9.08092700000003
37.187775,9.15833299999997
37.22805,9.32777600000003
37.301384,9.56027599999993
37.3336110000001,9.65277700000007
37.335548,9.65888799999999
37.338051,9.67249900000013
37.3405530000001,9.734444
37.3402710000001,9.74305299999997
37.330284,9.85472300000004
37.3280560000001,9.86055600000003
37.3247220000001,9.86472300000003
37.284164,9.87055400000003
37.27861,9.8686100000001
37.2647170000001,9.86055200000004
37.2560960000001,9.85444100000001
37.249992,9.84499500000004
37.24749,9.839718
37.2358170000001,9.81221600000003
37.23526,9.80471599999993
37.231651,9.78416300000004
37.2288670000001,9.778885
37.2249830000001,9.77555100000001
37.220261,9.77277200000009
37.214149,9.77166000000011
37.20887,9.77332699999999
37.178856,9.78443300000004
37.1507720000001,9.808313
37.1421360000001,9.83164000000011
37.139351,9.84524700000009
---
37.508331,8.90416499999998
37.5102770000001,8.89833300000004
37.514999,8.8958320000001
37.5211110000001,8.8949990000001
37.525833,8.89611100000008
37.5286100000001,8.90110999999996
37.5305480000001,8.90722100000005
37.539444,8.93777699999998
37.538055,8.94472100000007
37.5319440000001,8.94722200000001
37.5205540000001,8.94777699999997
37.516663,8.94416599999994
37.5147170000001,8.93833200000006
37.510826,8.91777600000012
---
