21.4302750000001,-71.145844
21.433331,-71.150009
21.4458310000001,-71.1502839999999
21.470833,-71.150558
21.509441,-71.140015
21.5111080000001,-71.135559
21.50861,-71.131393
21.5036090000001,-71.12973
21.448055,-71.1277919999999
21.4413870000001,-71.128067
21.437496,-71.1316679999999
21.434444,-71.1358339999999
21.431942,-71.1402889999999
---
21.6280520000001,-72.4658359999999
21.6452750000001,-72.468063
21.6997180000001,-72.4566799999999
21.706108,-72.448624
21.713333,-72.433624
21.710831,-72.428619
21.6988870000001,-72.427505
21.692776,-72.428619
21.6497190000001,-72.444458
21.6444440000001,-72.446671
21.632774,-72.4566799999999
21.629719,-72.4605559999999
---
21.652775,-71.473618
21.6633300000001,-71.476395
21.668331,-71.478058
21.6727749999999,-71.480835
21.696941,-71.4983369999999
21.7044410000001,-71.5050049999999
21.7194440000001,-71.535004
21.7344440000001,-71.53334
21.7241629999999,-71.466675
21.7208329999999,-71.462784
21.7161100000001,-71.460846
21.6997180000001,-71.4572299999999
21.6941640000001,-71.45639
21.687222,-71.456955
21.662777,-71.462234
21.658333,-71.464737
21.654999,-71.468903
---
21.781666,-71.6377869999999
21.7722210000001,-71.6336209999999
21.744164,-71.643616
21.7399980000001,-71.653625
21.7397190000001,-71.6588899999999
21.7597200000001,-71.6741789999999
21.76722,-71.6808469999999
21.7877770000001,-71.713058
21.789719,-71.718903
21.792221,-71.75
21.792774,-71.7572329999999
21.7908330000001,-71.769455
21.783607,-71.796951
21.7819440000001,-71.802231
21.7763860000001,-71.8111109999999
21.774719,-71.816391
21.7744410000001,-71.823059
21.7763860000001,-71.827515
21.7974970000001,-71.841125
21.802498,-71.842789
21.8397220000001,-71.8505709999999
21.845833,-71.8505709999999
21.854721,-71.8477779999999
21.838886,-71.695007
21.8363880000001,-71.6816709999999
21.8327750000001,-71.670288
21.8302760000001,-71.665283
21.8272210000001,-71.661118
21.8233300000001,-71.657791
---
21.741665,-72.27417
21.744164,-72.287231
21.758888,-72.300842
21.826942,-72.3297269999999
21.855831,-72.327225
21.832222,-72.290558
21.795555,-72.247787
21.7744410000001,-72.2422329999999
21.7627749999999,-72.2522279999999
21.75111,-72.262222
---
21.823608,-71.881958
21.8241650000001,-71.889175
21.8272210000001,-71.901672
21.904999,-72.029175
21.9380530000001,-72.035843
21.942776,-72.03334
21.9466630000001,-72.030014
21.9491650000001,-72.026672
21.9538880000001,-72.017227
21.957775,-72.005005
21.9572220000001,-71.973068
21.9530530000001,-71.9472349999999
21.9458309999999,-71.917511
21.9433330000001,-71.912231
21.9397200000001,-71.90889
21.935276,-71.906403
21.8472210000001,-71.8841709999999
---
