24.1477780000001,53.956665
24.1438870000001,53.953331
24.140831,53.949165
24.1391640000001,53.9436040000001
24.1325000000001,53.8999940000001
24.137218,53.821388
24.124996,53.7841640000001
24.1600000000001,53.681107
24.1602750000001,53.674995
24.1555519999999,53.6655500000001
24.1522219999999,53.6547160000001
24.1511080000001,53.6416630000001
24.152496,53.6349950000001
24.154999,53.6299970000001
24.162777,53.623886
24.16972,53.6247180000001
24.177498,53.6313860000001
24.183052,53.6402740000001
24.221664,53.708611
24.2674979999999,53.845833
24.269165,53.8511050000001
24.2672200000001,53.856941
24.191109,53.9591600000001
24.1822200000001,53.964439
24.1766660000001,53.9652710000001
---
24.258331,53.271942
24.2766649999999,53.2436070000001
24.3016660000001,53.2527770000001
24.3288880000001,53.3411100000001
24.319443,53.3488850000001
24.310276,53.3477710000001
24.3011090000001,53.3455510000001
24.2744410000001,53.334717
24.267776,53.324165
---
24.309719,53.0988850000001
24.316109,53.0874939999999
24.3255540000001,53.079437
24.3347210000001,53.078606
24.3438869999999,53.0805510000001
24.352776,53.085831
24.355831,53.0930480000001
24.353611,53.095833
24.3419420000001,53.1052700000001
24.320553,53.1086040000001
24.311386,53.1097180000001
---
24.269165,54.2338870000001
24.2705540000001,54.2272189999999
24.273609,54.2230530000001
24.310276,54.1797180000001
24.313889,54.1763840000001
24.3188860000001,54.174721
24.324997,54.174438
24.32972,54.177216
24.353611,54.2038880000001
24.35611,54.2086110000001
24.35611,54.2152710000001
24.35083,54.2313839999999
24.3483310000001,54.2363819999999
24.344444,54.239998
24.3197210000001,54.2572170000001
24.298054,54.269997
24.291943,54.268608
24.2888870000001,54.2647170000001
---
24.266941,52.6105500000001
24.2699969999999,52.606384
24.2841640000001,52.59166
24.294998,52.581383
24.299442,52.5786060000001
24.3141630000001,52.573051
24.3197210000001,52.5719380000001
24.326111,52.5716630000001
24.3397219999999,52.5727770000001
24.355,52.5794370000001
24.362778,52.5861050000001
24.365833,52.590828
24.3724980000001,52.626938
24.3733330000001,52.633049
24.3722190000001,52.639717
24.361664,52.653053
24.346943,52.658882
24.3152770000001,52.6561050000001
24.3108330000001,52.6536100000001
24.2719420000001,52.619995
24.268608,52.6161040000001
---
24.320274,53.386108
24.3299980000001,53.3774950000001
24.339165,53.3780520000001
24.3599970000001,53.3816600000001
24.3688890000001,53.3874970000001
24.373886,53.397774
24.3741649999999,53.408051
24.3722190000001,53.41777
24.366943,53.428329
24.3574980000001,53.433327
24.3483310000001,53.4302750000001
24.324718,53.3980480000001
---
24.417221,54.467216
24.4374960000001,54.382217
24.4547200000001,54.3302760000001
24.4597210000001,54.328331
24.464443,54.331108
24.4752770000001,54.341942
24.502499,54.380272
24.498055,54.3905490000001
24.4333310000001,54.471664
24.4297220000001,54.475273
24.4236110000001,54.475273
24.418888,54.4724960000001
---
24.495277,54.5172200000001
24.4966660000001,54.506386
24.50222,54.4958270000001
24.509163,54.48555
24.5174980000001,54.4761050000001
24.526943,54.4705510000001
24.5369420000001,54.469719
24.545555,54.4780500000001
24.504719,54.515549
---
24.50111,54.429993
24.502499,54.4191670000001
24.5052759999999,54.4077760000001
24.514721,54.400833
24.523609,54.404442
24.587776,54.454437
24.589996,54.4655530000001
24.5861090000001,54.4713820000001
24.5761110000001,54.4738850000001
24.5083310000001,54.4613880000001
24.5027769999999,54.451111
24.50111,54.440826
---
25.566387,55.613884
25.5694429999999,55.6097180000001
25.574165,55.6111070000001
25.583332,55.6166610000001
25.583611,55.620552
25.575275,55.619438
25.57,55.617493
---
25.6261100000001,56.2380410000001
25.636015,56.2697219999999
25.611111,56.322777
25.605553,56.3336110000001
25.596943,56.3458330000001
25.5916630000001,56.3480530000001
25.5258329999999,56.368332
25.5130540000001,56.3691640000001
25.465832,56.3652730000001
25.421108,56.3602750000001
25.382221,56.3655550000001
25.3419420000001,56.3758320000001
25.3208310000001,56.38166
25.2616649999999,56.3727720000001
25.1016650000001,56.3574980000001
25.081665,56.356384
25.0691640000001,56.3566670000001
24.979382,56.3735280000001
24.9794430000001,56.3652730000001
24.977497,56.35305
24.9758300000001,56.347496
24.9733310000001,56.342773
24.969444,56.339012
24.966389,56.335274
24.9602780000001,56.333885
24.9541659999999,56.3341600000001
24.926109,56.3391650000001
24.920555,56.3402710000001
24.907497,56.3399960000001
24.9013860000001,56.338608
24.896664,56.3358310000001
24.89333,56.33194
24.8891640000001,56.3222200000001
24.886108,56.3105550000001
24.8788870000001,56.296104
24.872498,56.2888870000001
24.867775,56.2852710000001
24.857273,56.280472
24.8538860000001,56.2780530000001
24.848331,56.2683260000001
24.841942,56.2533260000001
24.8336110000001,56.2261050000001
24.8249970000001,56.1887660000001
24.7816660000001,56.179718
24.741943,56.146385
24.7402760000001,56.141106
24.7347220000001,56.104164
24.7380519999999,56.0769420000001
24.739719,56.071106
24.7447200000001,56.0616610000001
24.752777,56.053886
24.862778,55.9827730000001
24.872776,55.9783330000001
24.8783300000001,55.9774930000001
24.883888,55.9794390000001
24.8877749999999,55.9827730000001
24.8899990000001,55.987495
24.8911090000001,55.993607
24.8911090000001,56.0005490000001
24.8888850000001,56.0133290000001
24.883888,56.024162
24.878609,56.0330510000001
24.8661080000001,56.0508270000001
24.938889,56.037498
24.9538880000001,56.031944
24.9624979999999,56.026665
24.9691660000001,56.0188830000001
24.9747200000001,56.009438
24.9794430000001,55.990829
24.9819870000001,55.9765700000001
24.9836080000001,55.954437
24.981388,55.936104
24.979721,55.9297180000001
24.9733310000001,55.914719
24.9636080000001,55.8955540000001
24.9555550000001,55.8819430000001
24.942219,55.866386
24.9202770000001,55.8455510000001
24.8936079999999,55.820274
24.8780520000001,55.807777
24.872498,55.804993
24.866386,55.803604
24.8602750000001,55.8030550000001
24.8411100000001,55.803604
24.729721,55.8138890000001
24.7016640000001,55.8200000000001
24.6497190000001,55.843605
24.5961070000001,55.812492
24.5738870000001,55.783882
24.5705530000001,55.78083
24.5638890000001,55.7794420000001
24.553333,55.7813869999999
24.476944,55.797775
24.4166640000001,55.8200000000001
24.3188860000001,55.815277
24.314999,55.811943
24.2591630000001,55.779999
24.2477760000001,55.776665
24.2408330000001,55.776108
24.2352750000001,55.7772219999999
24.2308310000001,55.779999
24.228333,55.784996
24.2136080000001,55.8594440000001
24.2144430000001,55.865555
24.2233310000001,55.8852770000001
24.229164,55.894165
24.233887,55.9036100000001
24.2355539999999,55.9091639999999
24.2377780000001,55.928055
24.237221,55.935829
24.234722,55.9491650000001
24.231667,55.953331
24.226665,55.9561080000001
24.087219,56.0227740000001
24.0822220000001,56.024437
24.076111,56.0247190000001
24.07111,56.015274
24.0661090000001,55.998886
24.035,55.8752750000001
24.019997,55.801384
24.03083,55.6874920000001
24.0313870000001,55.67305
24.02972,55.6463850000001
24.0261080000001,55.62944
23.9727750000001,55.510277
23.907776,55.533607
23.902222,55.54277
23.8991660000001,55.547218
23.8880540000001,55.5574950000001
23.8838880000001,55.559441
23.871944,55.561386
23.7805520000001,55.5652770000001
23.7736090000001,55.56472
23.7619440000001,55.561386
23.758053,55.558884
23.6416660000001,55.485832
23.5072210000001,55.421944
23.326111,55.361382
23.289165,55.347221
23.2744410000001,55.340553
23.250553,55.3274989999999
23.237221,55.319717
23.2013850000001,55.296387
23.157776,55.2674940000001
23.1219439999999,55.2441640000001
23.117496,55.2416610000001
23.1058310000001,55.2383270000001
23.0205540000001,55.214996
23.014442,55.2138820000001
23.0005530000001,55.212776
22.9183310000001,55.2122189999999
22.894165,55.2133329999999
22.8516650000001,55.2172160000001
22.8205530000001,55.2186050000001
22.8074990000001,55.21833
22.79361,55.2172160000001
22.6997180000001,55.1991650000001
22.6333290000001,55.141659
22.9388900000001,52.583328
24.116659,51.583328
24.25972,51.5836110000001
24.264442,51.623329
24.2611080000001,51.7258300000001
24.178333,51.7736050000001
24.152496,51.769997
24.1291660000001,51.7727740000001
24.049721,51.7869420000001
24.039719,51.789444
24.0163310000001,51.798729
24.0102769999999,51.801941
24.0024990000001,51.807777
23.999996,51.8114169999999
23.9963870000001,51.8166659999999
23.993053,51.8280490000001
23.9880520000001,51.854164
23.987499,51.9341660000001
23.9555549999999,52.080551
23.9563870000001,52.0913850000001
23.9699969999999,52.2074969999999
23.973888,52.2316670000001
23.98,52.25444
23.999084,52.321533
24.0049970000001,52.340271
24.049721,52.429718
24.054996,52.4386060000001
24.121666,52.523048
24.1855550000001,52.57666
24.1944429999999,52.581665
24.1997180000001,52.5913850000001
24.200554,52.6183320000001
24.1963880000001,52.630554
24.1897200000001,52.637772
24.1666640000001,52.6536100000001
24.1430549999999,52.6724930000001
24.136387,52.681938
24.136387,52.772217
24.1377750000001,52.9436040000001
24.121666,53.0555499999999
24.124165,53.0802760000001
24.1358300000001,53.145828
24.136108,53.2244420000001
24.1027760000001,53.325829
24.107498,53.4149930000001
24.1061100000001,53.4597170000001
24.089443,53.523331
24.086109,53.5355529999999
24.0738870000001,53.5533290000001
24.0672190000001,53.5605550000001
24.0569420000001,53.5647200000001
24.0488849999999,53.570274
24.044167,53.5808260000001
24.044167,53.5947190000001
24.059719,53.874161
24.139442,54.1186070000001
24.1438870000001,54.128883
24.183052,54.186386
24.2177770000001,54.245827
24.2522200000001,54.381943
24.281666,54.424164
24.289719,54.430832
24.3352780000001,54.4563830000001
24.366943,54.469444
24.406944,54.4761050000001
24.4136090000001,54.478882
24.436108,54.4944379999999
24.4397200000001,54.5055540000001
24.4388890000001,54.5169370000001
24.4327770000001,54.5391619999999
24.43222,54.5491640000001
24.434444,54.5591660000001
24.438053,54.570274
24.443886,54.5808260000001
24.66333,54.6691670000001
24.717777,54.657494
24.721664,54.648605
24.7469440000001,54.650276
24.801388,54.7077710000001
24.953609,54.946388
24.9760440000001,55.0063710000001
24.983055,55.016937
25.0058330000001,55.049995
25.0180550000001,55.066383
25.0855520000001,55.1297150000001
25.1388850000001,55.1780549999999
25.1541629999999,55.1916660000001
25.1702770000001,55.205551
25.188053,55.2169420000001
25.2047200000001,55.2291640000001
25.24361,55.263885
25.2819440000001,55.301941
25.3055949999999,55.326714
25.3119430000001,55.3308260000001
25.3611110000001,55.3697200000001
25.394241,55.4248500000001
25.407497,55.4591600000001
25.41333,55.46833
25.4274980000001,55.4794390000001
25.459438,55.4930190000001
25.47361,55.504166
25.511868,55.518074
25.539997,55.5274959999999
25.5591659999999,55.53833
25.567776,55.5436100000001
25.5758320000001,55.550552
25.5816650000001,55.559715
25.5814630000001,55.56879
25.570807,55.5680770000001
25.5622829999999,55.562397
25.5480749999999,55.545582
25.5388389999999,55.5420300000001
25.5260519999999,55.544399
25.519423,55.5503199999999
25.5187110000001,55.5597920000001
25.5260519999999,55.5787350000001
25.5267620000001,55.5917590000001
25.532919,55.6284600000001
25.5400240000001,55.6358030000001
25.550678,55.6391179999999
25.5608619999999,55.6367490000001
25.5753060000001,55.642197
25.589165,55.652496
25.6230550000001,55.6911090000001
25.6611139999999,55.747101
25.717499,55.8552700000001
25.7233310000001,55.8636090000001
25.8758320000001,56.020271
25.883888,56.0272220000001
25.8947220000001,56.0313870000001
25.928608,56.0436099999999
26.0197220000001,56.07222
26.0322190000001,56.0749970000001
26.065559,56.0799410000001
26.08416,56.1474910000001
26.0836110000001,56.158878
26.0147210000001,56.185551
25.9080509999999,56.165821
25.8325,56.1391600000001
25.734989,56.140831
25.6661090000001,56.1472210000001
25.6625000000001,56.15897
25.654989,56.183331
---
