-7.99694499999998,39.6530530000001
-7.99611199999998,39.646942
-7.97638899999998,39.6133270000001
-7.97305599999999,39.6099930000001
-7.95611200000002,39.59333
-7.95194500000002,39.590828
-7.94583399999993,39.5913850000001
-7.94389000000001,39.5961070000001
-7.94389000000001,39.6030500000001
-7.91333400000002,39.652496
-7.78361099999995,39.801109
-7.73333400000001,39.842216
-7.70694399999996,39.8627780000001
-7.68305600000002,39.8786090000001
-7.67444499999993,39.8825
-7.65944500000001,39.8880540000001
-7.646389,39.8949969999999
-7.63888899999995,39.901108
-7.64250099999992,39.904442
-7.65249999999992,39.908051
-7.67777799999993,39.909996
-7.689167,39.908051
-7.73694499999999,39.8963850000001
-7.76333399999999,39.889442
-7.87527799999992,39.8477710000001
-7.87944499999992,39.844994
-7.90722299999993,39.826385
-7.911112,39.8236079999999
-7.919445,39.811386
-7.97499999999997,39.7277760000001
-7.98944499999993,39.6988830000001
-7.993334,39.682495
---
-6.21388899999999,39.4502719999999
-6.21388899999999,39.454994
-6.20166699999999,39.5002750000001
-6.19833399999993,39.503609
-6.19361099999992,39.5058290000001
-6.18666699999994,39.5058290000001
-6.15388999999993,39.5002750000001
-6.14388899999994,39.4899980000001
-6.13222300000001,39.491386
-6.12944499999998,39.4955520000001
-6.13027899999997,39.501663
-6.13277799999997,39.5058290000001
-6.13694499999997,39.5083309999999
-6.14166699999998,39.5105510000001
-6.18472299999996,39.528328
-6.19000099999994,39.5297160000001
-6.37527799999998,39.572777
-6.38694500000003,39.574997
-6.41416699999996,39.569443
-6.42500000000001,39.5666660000001
-6.44416699999999,39.559166
-6.45638899999994,39.5447160000001
-6.46194500000001,39.5366590000001
-6.46861200000001,39.516106
-6.47055599999999,39.5044400000001
-6.47055599999999,39.497498
-6.47000000000003,39.491386
-6.46666699999992,39.481667
-6.46111200000001,39.4736100000001
-6.45222299999995,39.4624940000001
-6.44194499999998,39.4522170000001
-6.43805599999996,39.44944
-6.42916700000001,39.4455490000001
-6.39027800000002,39.429718
-6.38499999999993,39.428329
-6.31138900000002,39.3994370000001
-6.246667,39.3083270000001
-6.245833,39.302216
-6.24722299999996,39.289993
-6.25055599999996,39.2863850000001
-6.26407399999999,39.2845540000001
-6.31194499999992,39.2911070000001
-6.31805600000001,39.2905500000001
-6.32222300000001,39.2877730000001
-6.32166699999999,39.281662
-6.32000099999999,39.2769390000001
-6.31,39.25972
-6.30722200000002,39.256386
-6.246667,39.2083280000001
-6.22694499999994,39.2013850000001
-6.17777799999999,39.1905520000001
-6.15194500000001,39.196663
-6.14499999999998,39.203606
-6.13638999999995,39.207771
-6.120001,39.211105
-6.08777800000001,39.212494
-6.06888999999995,39.211105
-6.04027799999994,39.202217
-6.02666799999997,39.1961060000001
-6.02388999999999,39.193329
-6.01916699999998,39.18972
-6.01361200000002,39.1883320000001
-5.99999999999994,39.1876600000001
-5.96250099999992,39.186386
-5.95694399999996,39.186386
-5.92027899999994,39.1891630000001
-5.90944499999995,39.19194
-5.90166799999997,39.1972200000001
-5.87333399999994,39.2391660000001
-5.87111199999998,39.243889
-5.74361099999993,39.2905500000001
-5.73333400000001,39.293884
-5.72999999999996,39.296661
-5.72388899999999,39.304161
-5.72305599999999,39.3091660000001
-5.72527799999995,39.313049
-5.75999999999999,39.340553
-5.80166699999995,39.359718
-5.80777799999993,39.36055
-5.84444499999995,39.3624950000001
-5.85083400000002,39.3549960000001
-5.85555599999992,39.35305
-5.89833399999992,39.3536070000001
-5.91194499999995,39.354164
-5.91749999999996,39.3549960000001
-5.95361099999997,39.3666610000001
-5.98777899999999,39.379715
-6.01166699999999,39.3905490000001
-6.01957699999997,39.3951800000001
-6.05444499999999,39.424164
-6.09277800000001,39.424164
-6.1225,39.4213870000001
-6.13416699999999,39.4236070000001
-6.18749999999994,39.435272
-6.210556,39.4466630000001
---
-5.46416799999992,39.730553
-5.43611099999993,39.651665
-5.433333,39.6474990000001
-5.42916699999995,39.6441650000001
-5.41972299999998,39.6408310000001
-5.413611,39.639999
-5.39444400000002,39.639999
-5.369167,39.6441650000001
-5.34388899999999,39.6488880000001
-5.33916799999997,39.6511080000001
-5.29750099999995,39.684715
-5.25666699999999,39.720276
-5.20611200000002,39.7427749999999
-5.19055599999996,39.7449950000001
-5.168612,39.745552
-5.16305599999993,39.745552
-5.15916700000002,39.7427749999999
-5.15777799999995,39.737221
-5.13861199999997,39.6936040000001
-5.13388900000001,39.691383
-5.04916700000001,39.679161
-5.00888899999995,39.6741640000001
-4.94138900000002,39.676941
-4.93583399999994,39.6783290000001
-4.919445,39.682495
-4.90111200000001,39.689438
-4.90861100000001,39.857216
-4.91472199999998,39.8702770000001
-4.98833400000001,39.8730550000001
-5.00416799999994,39.86972
-5.01833299999993,39.863327
-5.02111100000002,39.8594440000001
-5.02194500000002,39.8530500000001
-5.04972299999991,39.838882
-5.10305599999998,39.82444
-5.13305600000001,39.8338850000001
-5.13722200000001,39.836662
-5.15940599999999,39.8556330000001
-5.21972299999999,39.856667
-5.23194499999994,39.8552700000001
-5.25194499999998,39.8511050000001
-5.39361200000002,39.8016660000001
-5.40749999999997,39.7949980000001
-5.46277799999996,39.736107
---
-1.00027799999998,32.4852750000001
-1.00027799999998,32.615555
-0.999999999999943,32.6841660000001
-0.999715999999921,32.742416
-0.999707999999941,32.89035
-0.999999999999943,33.0011059999999
-1.00027799999998,33.1108320000001
-0.999721999999963,33.186386
-0.999999999999943,33.296104
-1.00027799999998,33.40583
-1.000722,33.438873
-1.00027799999998,33.4608310000001
-1.00111099999998,33.9202730000001
-1.00194499999998,33.9211040000001
-1.00111099999998,33.9483260000001
-1.00083399999994,34.0169370000001
-1.00138899999996,34.0205540000001
-1.03916699999996,34.0755540000001
-1.22722199999998,34.409721
-1.27777800000001,34.500275
-1.398889,34.7172160000001
-1.707222,35.2688830000001
-1.935833,35.678329
-2.04833400000001,35.880829
-2.133083,36.0332790000001
-2.19999999999999,36.1533280000001
-2.29833399999995,36.325554
-2.49694499999993,36.685272
-2.77888899999999,37.1958310000001
-2.79445299999998,37.22258
-2.82555599999995,37.27861
-2.90694499999995,37.425278
-2.935,37.494438
-2.94111199999998,37.5080490000001
-2.94916699999993,37.522499
-2.995833,37.6027760000001
-3.05138899999997,37.6752779999999
-3.186667,37.698051
-3.26749999999993,37.7124940000001
-3.31194399999998,37.719994
-3.316667,37.690552
-3.39749999999998,37.6130519999999
-3.40555599999993,37.6074980000001
-3.418612,37.60083
-3.43083300000001,37.5994420000001
-3.45027800000003,37.5999980000001
-3.504167,37.6136090000001
-3.51027799999997,37.6213839999999
-3.51249999999999,37.626106
-3.51111099999997,37.6444400000001
-3.51249999999999,37.686386
-3.52611100000001,37.7336040000001
-3.53138899999993,37.7411040000001
-3.545278,37.748604
-3.55611099999993,37.7513890000001
-3.57861099999997,37.7563860000001
-3.61277799999999,37.7638850000001
-3.61777799999999,37.765831
-3.64972299999999,37.781662
-3.65111100000001,37.783051
-3.70055599999995,37.851387
-4.10583400000002,38.417496
-4.15500099999997,38.4866640000001
-4.253334,38.624443
-4.32249999999993,38.721107
-4.54999999999995,39.037773
-4.63944500000002,39.1616590000001
-4.66961799999996,39.2030260000001
-4.68722199999996,39.214439
-4.69555599999995,39.218605
-4.74777799999993,39.220833
-4.84861199999995,39.2205510000001
-4.92111199999999,39.1847149999999
-4.938334,39.174164
-4.94027799999992,39.1644440000001
-4.93333299999995,39.157776
-4.92222299999997,39.1549990000001
-4.89888999999994,39.158607
-4.87972299999996,39.167221
-4.87027799999998,39.1699980000001
-4.85916700000001,39.1699980000001
-4.85361199999994,39.1619420000001
-4.87972299999996,39.147774
-4.89055599999995,39.1449970000001
-4.92277799999999,39.137772
-4.94833399999999,39.1341630000001
-4.95916699999998,39.1333310000001
-5.05139000000003,39.126938
-5.24389000000002,39.078049
-5.31305600000002,39.05555
-5.45972299999994,39
-5.54666700000001,38.9666600000001
-5.60749999999996,38.929443
-5.76999999999993,38.8594439999999
-5.95694399999996,38.8029629999999
-5.99194499999999,38.787498
-5.99999999999994,38.784668
-6.03388999999993,38.775833
-6.04555599999992,38.7763820000001
-6.055834,38.779999
-6.06500099999994,38.7847209999999
-6.14666699999998,38.8383330000001
-6.26777800000002,38.84333
-6.31722300000001,38.844994
-6.328889,38.8455510000001
-6.351111,38.851662
-6.38139000000001,38.8677750000001
-6.38916699999993,38.8738859999999
-6.44111199999998,38.914993
-6.45222299999995,38.930275
-6.47333300000003,38.965828
-6.48972200000003,39.016937
-6.48972200000003,39.027496
-6.48583399999995,39.0372160000001
-6.47805599999998,39.04361
-6.476945,39.0483320000001
-6.48305599999998,39.0558320000001
-6.57055599999995,39.14222
-6.58615099999992,39.155449
-6.61416700000001,39.1674960000001
-6.73750000000001,39.243889
-6.81638900000002,39.3049930000001
-6.83111199999996,39.344162
-6.84805599999993,39.389999
-6.85888999999997,39.4591600000001
-6.86249999999995,39.4688870000001
-6.89166699999998,39.492775
-6.91305599999993,39.499443
-6.92472299999991,39.5013890000001
-6.935,39.504997
-6.94333399999994,39.5097200000001
-6.96833399999997,39.5252760000001
-6.98361199999994,39.5377730000001
-6.99431299999992,39.547882
-7.08277800000002,39.5402760000001
-7.166945,39.4836040000001
-7.22194500000001,39.4211040000001
-7.26361200000002,39.3916630000001
-7.29111199999994,39.374992
-7.45916699999992,39.299721
-7.49888900000002,39.28833
-7.57916699999998,39.274437
-7.606112,39.275551
-7.63027899999997,39.277496
-7.75777799999992,39.299721
-7.74277799999999,39.319443
-7.731112,39.3249970000001
-7.73527799999999,39.3341600000001
-7.74527799999998,39.350555
-7.814167,39.4466630000001
-8,39.4455490000001
-8.27500199999997,39.34861
-8.29694599999999,39.32972
-8.29472399999992,39.3191600000001
-8.26786199999992,39.295288
-8.29666700000001,39.305275
-8.40333399999992,39.309998
-8.54833399999995,39.3399960000001
-8.66666800000002,39.354164
-8.71694600000001,39.3558270000001
-8.82249999999993,39.458611
-8.911112,39.533882
-8.86389000000003,39.4569400000001
-8.85889099999991,39.448051
-8.86694499999993,39.4052730000001
-8.90249999999992,39.387772
-8.91138999999998,39.3924940000001
-8.91027800000001,39.4027710000001
-8.940834,39.4577710000001
-9.17222400000003,39.6333310000001
-9.18805699999996,39.6430510000001
-9.19916699999993,39.6463850000001
-9.34722299999993,39.6508330000001
-9.35889099999991,39.6499940000001
-9.369167,39.647217
-9.56222299999996,39.6999970000001
-9.57166699999999,39.703331
-9.65611299999995,39.7319410000001
-9.71666699999997,39.734993
-9.75500099999999,39.730553
-9.80222299999997,39.7844390000001
-9.83805699999994,39.802498
-9.84861199999995,39.804993
-9.86166800000001,39.8063890000001
-9.872501,39.8041610000001
-9.92388899999997,39.791107
-9.99305699999996,39.826385
-10.021667,39.8897170000001
-10.049446,39.9230500000001
-10.055834,39.9299930000001
-10.064167,39.935555
-10.120834,39.9705509999999
-10.13028,39.9747159999999
-10.170279,39.9827730000001
-10.182779,39.9813840000001
-10.202286,39.9756390000001
-10.213057,39.9783330000001
-10.2238899999999,39.986664
-10.219168,39.993607
-10.211113,39.9963840000001
-10.178612,39.999443
-10.167778,39.9974980000001
-10.1572229999999,39.9941640000001
-10.1497229999999,39.9891660000001
-10.140001,39.985275
-10.129168,39.9872210000001
-10.125,39.9963840000001
-10.1405559999999,40.047218
-10.148335,40.0669400000001
-10.167778,40.1136090000001
-10.194723,40.1280520000001
-10.247778,40.1325000000001
-10.297224,40.223053
-10.298056,40.2327730000001
-10.2774999999999,40.2588880000001
-10.2691669999999,40.2672200000001
-10.264446,40.25972
-10.24889,40.2213820000001
-10.249723,40.208611
-10.244722,40.1988830000001
-10.2363889999999,40.203888
-10.205002,40.2319409999999
-10.202501,40.240555
-10.208612,40.2480550000001
-10.371113,40.398605
-10.447779,40.433884
-10.478174,40.4368130000001
-10.4958339999999,40.4308320000001
-10.503056,40.424721
-10.540279,40.3813860000001
-10.5591679999999,40.354164
-10.567223,40.342499
-10.571945,40.3336110000001
-10.6775019999999,40.158882
-10.7791669999999,40.019722
-10.808889,39.9627760000001
-10.815001,39.942215
-10.831667,39.8983309999999
-10.848612,39.8683320000001
-10.860834,39.846939
-10.871389,39.831108
-10.885557,39.811943
-10.895834,39.802498
-10.907778,39.7880550000001
-10.9205569999999,39.766937
-10.9433349999999,39.6955490000001
-10.944723,39.6899950000001
-10.945557,39.683884
-10.946112,39.6638869999999
-10.9886109999999,39.5277710000001
-10.9919449999999,39.5180510000001
-10.9952789999999,39.5083309999999
-11,39.499443
-11.078056,39.3913880000001
-11.135279,39.315277
-11.1466669999999,39.3002780000001
-11.158056,39.284996
-11.168056,39.2680510000001
-11.170834,39.2569430000001
-11.1736129999999,39.2391660000001
-11.174723,39.2269440000001
-11.174168,39.2083280000001
-11.172224,39.203606
-11.164167,39.191109
-11.154724,39.174164
-11.1425019999999,39.1405490000001
-11.141945,39.134438
-11.1425019999999,39.128883
-11.165556,38.9313890000001
-11.168056,38.913605
-11.172224,38.8977740000001
-11.2708339999999,38.6724930000001
-11.2811129999999,38.6552730000001
-11.289167,38.6430510000001
-11.2997229999999,38.6272200000001
-11.342779,38.5711059999999
-11.3725009999999,38.5338820000001
-11.4153119999999,38.4917070000001
-11.399168,38.421661
-11.395279,38.411942
-11.377224,38.3777770000001
-11.3669449999999,38.361382
-11.361668,38.35305
-11.350834,38.3372190000001
-11.345001,38.3305510000001
-11.285002,38.173607
-11.2563299999999,38.0966950000001
-11.259445,38.0386050000001
-11.262222,38.026939
-11.278921,37.962494
-11.285002,37.941383
-11.2911129999999,37.9274980000001
-11.3044449999999,37.900276
-11.326668,37.868607
-11.3388899999999,37.861664
-11.451113,37.81916
-11.480001,37.809715
-11.4852789999999,37.809715
-11.490002,37.811661
-11.496668,37.818054
-11.509445,37.8247150000001
-11.5147229999999,37.8247150000001
-11.519445,37.8233260000001
-11.534168,37.818054
-11.538334,37.815826
-11.5611109999999,37.791939
-11.6027789999999,37.6933290000001
-11.6397229999999,37.597221
-11.7147239999999,37.4780500000001
-11.7180559999999,37.4747160000001
-11.727329,37.462044
-11.723612,37.4027710000001
-11.722778,37.396385
-11.702778,37.2677760000001
-11.690556,37.1936040000001
-11.6894449999999,37.188049
-11.673334,37.125832
-11.669168,37.116104
-11.6644459999999,37.108055
-11.5913909999999,36.9977720000001
-11.5691679999999,36.8344420000001
-11.5686109999999,36.82972
-11.570557,36.824997
-11.575834,36.8166660000001
-11.585835,36.8063890000001
-11.6175,36.7858280000001
-11.643612,36.7661060000001
-11.663889,36.746109
-11.6819459999999,36.7249980000001
-11.7147239999999,36.677773
-11.740278,36.561943
-11.7408349999999,36.55555
-11.740278,36.5502780000001
-11.723612,36.520828
-11.720835,36.5172200000001
-11.713335,36.5111079999999
-11.683889,36.375549
-11.696112,36.342499
-11.7075,36.2938840000001
-11.709446,36.26722
-11.706667,36.1897200000001
-11.704168,36.1855550000001
-11.672501,36.1752780000001
-11.6677779999999,36.173882
-11.6625,36.173882
-11.645557,36.176666
-11.6416679999999,36.178886
-11.593889,36.173332
-11.577778,36.163055
-11.434723,35.9430540000001
-11.430834,35.9333270000001
-11.4147219999999,35.838333
-11.415279,35.83194
-11.416668,35.8266600000001
-11.420834,35.81694
-11.483334,35.7333300000001
-11.5583339999999,35.6724930000001
-11.584723,35.6524960000001
-11.589445,35.6436080000001
-11.606668,35.576385
-11.6075,35.5702740000001
-11.5947229999999,35.439438
-11.592779,35.434715
-11.575834,35.2386090000001
-11.573334,35.011108
-11.572111,34.9667279999999
-11.50889,34.9644390000001
-11.486668,34.959717
-11.477222,34.9555510000001
-11.383057,34.8905490000001
-11.360279,34.867218
-11.354168,34.859718
-11.3322239999999,34.80555
-11.3313899999999,34.7994380000001
-11.201113,34.7102740000001
-11.196945,34.707497
-11.145279,34.653328
-11.137779,34.641106
-11.13389,34.632217
-11.131111,34.6280520000001
-11.123611,34.6219410000001
-11.1094459999999,34.6149980000001
-11.105001,34.6136090000001
-11.028334,34.5938870000001
-11.0222229999999,34.592499
-11.016668,34.5930480000001
-10.983891,34.59861
-10.979168,34.600555
-10.9516679999999,34.6272200000001
-10.931391,34.6397170000001
-10.921946,34.643051
-10.890278,34.649994
-10.761112,34.663055
-10.7288889999999,34.663055
-10.673613,34.658882
-10.6547239999999,34.6569440000001
-10.6458339999999,34.6527710000001
-10.641945,34.649994
-10.6069449999999,34.621109
-10.5616679999999,34.584999
-10.5388889999999,34.5808260000001
-10.534466,34.5802229999999
-10.516668,34.575829
-10.4094449999999,34.565552
-10.396667,34.565552
-10.367779,34.5691600000001
-10.346668,34.5733260000001
-10.05139,34.5361100000001
-10.0405559999999,34.5336070000001
-10.020279,34.526665
-10.010834,34.5224989999999
-9.97500000000002,34.504715
-9.96305699999994,34.4963839999999
-9.95138899999995,34.482773
-9.88138999999995,34.426666
-9.81166799999994,34.373886
-9.75027799999998,34.3347170000001
-9.745001,34.3333280000001
-9.73277899999994,34.325272
-9.627501,34.2058260000001
-9.603613,34.176384
-9.57117499999993,34.13636
-9.50777799999992,34.0744399999999
-9.48472399999997,34.0436100000001
-9.48277899999999,34.039444
-9.48472399999997,34.013329
-9.48750100000001,34.0024950000001
-9.48944499999999,33.997498
-9.52666899999997,33.957222
-9.54639099999991,33.950272
-9.55722200000002,33.9483260000001
-9.57055699999995,33.9483260000001
-9.57611300000002,33.9497150000001
-9.57944500000002,33.9530490000001
-9.58750199999992,33.958611
-9.59833300000003,33.9605480000001
-9.61055599999997,33.9599990000001
-9.62861299999992,33.958611
-9.67333400000001,33.9530490000001
-9.68611099999998,33.946106
-9.69278000000003,33.9394380000001
-9.70765899999992,33.9196090000001
-9.70581199999998,33.91803
-9.68416799999994,33.9002760000001
-9.65972299999993,33.871384
-9.58750199999992,33.769997
-9.58277900000002,33.7558289999999
-9.58472299999994,33.578888
-9.59500100000002,33.5494380000001
-9.61250099999995,33.5336070000001
-9.61527799999993,33.5294420000001
-9.62194599999992,33.508888
-9.62250099999994,33.4961090000001
-9.62194599999992,33.4844440000001
-9.61583499999995,33.4377750000001
-9.61194599999993,33.428886
-9.60777899999999,33.4261090000001
-9.60305599999998,33.423882
-9.58555599999994,33.421387
-9.57138999999995,33.4144440000001
-9.54972299999991,33.40361
-9.54555699999992,33.4008330000001
-9.53805699999992,33.393883
-9.49027799999999,33.3224950000001
-9.48555599999997,33.3144380000001
-9.48416700000001,33.308884
-9.48416700000001,33.3019409999999
-9.49222399999996,33.2547150000001
-9.50500099999994,33.2088850000001
-9.50722300000001,33.2047200000001
-9.50916699999993,33.1924970000001
-9.49416699999995,33.1347200000001
-9.49277899999998,33.12944
-9.49027799999999,33.1258320000001
-9.42472299999997,33.0374980000001
-9.41336100000001,33.0264280000001
-9.40450399999992,33.0218510000001
-9.39499999999993,33.0169370000001
-9.38000099999999,33.004715
-9.373335,32.997772
-9.38416699999993,32.9677730000001
-9.39611200000002,32.946388
-9.40361200000001,32.9402770000001
-9.40507700000001,32.9403990000001
-9.39027800000002,32.9152760000001
-9.37722399999996,32.8747180000001
-9.375834,32.8494420000001
-9.37194599999998,32.838882
-9.335556,32.77166
-9.32944500000002,32.7638850000001
-9.28222299999993,32.7027739999999
-9.27416799999992,32.6283260000001
-9.26666799999998,32.551384
-9.26666799999998,32.5452730000001
-9.26111199999997,32.5369420000001
-9.25027799999992,32.5266650000001
-9.22555699999998,32.509438
-9.21722399999999,32.503883
-9.20083399999993,32.4991610000001
-9.18388899999997,32.4955520000001
-9.17916700000001,32.4936070000001
-9.17500100000001,32.4902730000001
-9.16888999999992,32.4833300000001
-9.12972300000001,32.425552
-9.12833399999994,32.4199980000001
-9.12833399999994,32.413887
-9.13250199999999,32.3655550000001
-9.13472400000001,32.3016660000001
-9.13472400000001,32.267776
-9.13194499999992,32.249443
-9.12305600000002,32.2258300000001
-9.11749999999995,32.2169420000001
-9.09972399999998,32.1997150000001
-9.06611299999997,32.163887
-9.063334,32.159996
-9.06222300000002,32.1536100000001
-9.05872199999993,32.0949400000001
-9.05194499999993,32.086388
-9.04222299999998,32.0613860000001
-9.04083399999996,32.0561070000001
-9.04083399999996,32.0422209999999
-9.04444499999994,32.031105
-9.04694599999993,32.0269390000001
-9.05305700000002,32.0194400000001
-9.064167,32.0091630000001
-9.07249999999999,31.996109
-9.07361199999997,31.9905550000001
-9.07305699999995,31.984444
-9.07111199999997,31.979721
-9.06472400000001,31.971943
-9.03333499999997,31.941109
-9.02916699999997,31.937496
-9.01889,31.934166
-9.00055699999996,31.9313890000001
-8.98000100000002,31.9313890000001
-8.96777899999995,31.9322200000001
-8.95749999999998,31.935555
-8.94861199999997,31.941109
-8.94166799999999,31.9480550000001
-8.93083399999995,31.9561080000001
-8.91416699999996,31.897778
-8.89777900000001,31.8349990000001
-8.88754699999993,31.7951870000001
-8.88506699999999,31.785538
-8.89055599999995,31.7736090000001
-8.90750100000002,31.748886
-8.91805499999998,31.7386050000001
-8.91796099999993,31.7286130000001
-8.917778,31.709164
-8.91638899999998,31.7036090000001
-8.90888999999999,31.683609
-8.83972399999999,31.5927770000001
-8.83027800000002,31.582497
-8.81861099999998,31.5730550000001
-8.81388999999996,31.5708310000001
-8.80833399999995,31.569443
-8.75139000000001,31.563889
-8.66638899999992,31.4855540000001
-8.63361199999991,31.4147190000001
-8.62000099999995,31.2955550000001
-8.58166699999998,31.2302740000001
-8.57888999999994,31.2261090000001
-8.57666799999998,31.220554
-8.57750099999998,31.208332
-8.58027799999996,31.1972200000001
-8.59527800000001,31.1702770000001
-8.61055599999997,31.148609
-8.61472299999997,31.1391640000001
-8.61555699999997,31.132774
-8.61500199999995,31.119442
-8.61277999999999,31.1013870000001
-8.60750000000002,31.0788879999999
-8.59972399999992,31.059444
-8.59027900000001,31.0411109999999
-8.57972299999994,31.024166
-8.55222300000003,30.9824980000001
-8.54277799999994,30.971386
-8.53583299999997,30.9641650000001
-8.52861200000001,30.957775
-8.47555699999992,30.913609
-8.46000099999998,30.9013860000001
-8.38166799999999,30.8527759999999
-8.35972400000003,30.8397220000001
-8.34611100000001,30.8319440000001
-8.265556,30.7941670000001
-8.19833399999999,30.7708320000001
-8.19224700000001,30.7712400000001
-8.14499999999993,30.7594410000001
-7.995001,30.7072220000001
-7.97027799999995,30.696941
-7.91500100000002,30.668888
-7.88694499999997,30.6544420000001
-7.87388900000002,30.6466640000001
-7.83388899999994,30.6174960000001
-7.77805599999999,30.5774990000001
-7.69638900000001,30.5205540000001
-7.67944499999993,30.50972
-7.61805599999997,30.473888
-7.60888999999992,30.4688870000001
-7.58027799999996,30.4558300000001
-7.55972300000002,30.4486079999999
-7.538611,30.4419439999999
-7.52138899999994,30.437496
-7.48500100000001,30.431942
-7.45944500000002,30.429443
-7.45249999999993,30.429443
-7.42777799999999,30.426109
-7.40527799999995,30.42083
-7.37222300000002,30.411942
-7.35638899999998,30.406944
-7.27972299999999,30.3791660000001
-7.22027799999995,30.354443
-7.1875,30.3380550000001
-7.15055599999999,30.318607
-7.13694500000003,30.3113860000001
-7.043612,30.2466660000001
-7.01499999999999,30.2266650000001
-6.96250099999992,30.1883320000001
-6.94749999999993,30.175552
-6.940834,30.1686100000001
-6.91916800000001,30.141666
-6.85138899999998,30.0705530000001
-6.84576699999997,30.064854
-6.82833399999998,30.0452770000001
-6.82222299999995,30.037498
-6.811667,30.0205540000001
-6.80222200000003,30.002499
-6.79277799999994,29.984165
-6.77888999999999,29.9499970000001
-6.76777800000002,29.919998
-6.76444500000002,29.9094430000001
-6.75527899999997,29.891388
-6.74638899999997,29.8794440000001
-6.65388999999993,29.761387
-6.64166699999998,29.7458310000001
-6.627501,29.732498
-6.620001,29.726109
-6.60361199999994,29.7147220000001
-6.58638999999999,29.703888
-6.39972299999999,29.6130519999999
-6.33777799999996,29.5711099999999
-6.32472200000001,29.5633320000001
-6.29527899999994,29.550278
-6.26861200000002,29.5422210000001
-6.25750099999993,29.539444
-6.05638999999996,29.498333
-6.01777799999996,29.49472
-5.99999999999994,29.4952770000001
-5.97972299999998,29.4977760000001
-5.94583399999999,29.5047190000001
-5.92305599999992,29.5163879999999
-5.893889,29.535275
-5.88611100000003,29.5413860000001
-5.851945,29.5700000000001
-5.83361099999996,29.5869410000001
-5.82333399999999,29.597221
-5.81555600000002,29.6033330000001
-5.79888899999997,29.6141660000001
-5.76972299999994,29.62611
-5.75944499999997,29.629444
-5.748334,29.631943
-5.74194499999993,29.6325000000001
-5.72194499999995,29.631664
-5.68555599999996,29.62611
-5.57916699999993,29.5975000000001
-5.520556,29.5730550000001
-5.49638899999997,29.5622220000001
-5.46638999999993,29.543888
-5.44805600000001,29.5344430000001
-5.42750099999995,29.5272220000001
-5.38555599999995,29.5136110000001
-5.293612,29.487221
-5.23666699999995,29.4761090000001
-5.18444499999998,29.458611
-5.17500000000001,29.4541660000001
-5.16277799999995,29.4458310000001
-5.15249999999998,29.435276
-5.14250099999998,29.4247210000001
-5.12527799999992,29.4141650000001
-5.10138899999998,29.403332
-5.04111199999994,29.379719
-4.99999999999994,29.365276
-4.99527799999998,29.363052
-4.95138900000001,29.3513870000001
-4.93972300000002,29.3491629999999
-4.92111199999999,29.3466639999999
-4.88388899999995,29.341942
-4.85027799999995,29.340832
-4.79777799999999,29.3413890000001
-4.76333399999999,29.347775
-4.73694499999993,29.3558310000001
-4.72250099999997,29.3616640000001
-4.70861100000002,29.3683320000001
-4.69472299999995,29.375275
-4.63805600000001,29.397778
-4.60333300000002,29.4111100000001
-4.57833399999998,29.4202770000001
-4.55222200000003,29.428333
-4.54111199999994,29.430832
-4.53472199999999,29.4313890000001
-4.50111199999998,29.4302750000001
-4.45583299999998,29.4269410000001
-4.44805600000001,29.423885
-4.44805600000001,29.437775
-4.44638900000001,29.6724970000001
-4.43805600000002,29.7663880000001
-4.33833399999997,29.929165
-4.33000099999992,29.9413870000001
-4.26944399999996,30.0261080000001
-4.08666699999998,30.172222
-4.07749999999999,30.1769409999999
-3.96527799999996,30.2247200000001
-3.93916699999994,30.2255550000001
-3.92805599999997,30.2280540000001
-3.79083300000002,30.3183330000001
-3.78666700000002,30.32111
-3.771389,30.3399960000001
-3.770556,30.346107
-3.77083299999998,30.3674960000001
-3.772223,30.373055
-3.77749999999998,30.3813860000001
-3.78611099999995,30.400833
-3.77777799999996,30.404163
-3.77166699999998,30.404999
-3.76611100000002,30.4047200000001
-3.74833299999995,30.401665
-3.71110899999996,30.3913880000001
-3.689167,30.396664
-3.55833299999995,30.444721
-3.54722299999997,30.4491650000001
-3.540278,30.4552760000001
-3.50555599999996,30.5022200000001
-3.48916700000001,30.5344430000001
-3.46222299999999,30.5877760000001
-3.45999999999992,30.592499
-3.45861100000002,30.5980530000001
-3.45749999999993,30.618053
-3.45611100000002,30.623608
-3.453889,30.6283299999999
-3.45055600000001,30.6316639999999
-3.41888899999992,30.66222
-3.41472199999993,30.664719
-3.40361099999996,30.6675000000001
-3.39694499999996,30.667221
-3.391389,30.665833
-3.38666699999999,30.6636090000001
-3.38305600000001,30.6600000000001
-3.38055600000001,30.65583
-3.376667,30.646111
-3.37388900000002,30.6352769999999
-3.373628,30.6322710000001
-3.37333299999995,30.6288870000001
-3.37011399999994,30.6222000000001
-3.35055599999998,30.635555
-3.34277800000001,30.641388
-3.33249999999993,30.651665
-3.32944500000002,30.65583
-3.32388899999995,30.663887
-3.28277799999995,30.738331
-3.29888899999992,30.7619440000001
-3.30000000000001,30.7674980000001
-3.29861099999994,30.7730520000001
-3.28499999999997,30.801109
-3.28222199999999,30.8049960000001
-3.26111100000003,30.832222
-3.25694499999992,30.8349990000001
-3.163611,30.8533330000001
-3.15749999999997,30.853886
-3.14527800000002,30.852219
-3.09055599999999,30.8361090000001
-3.085556,30.8338850000001
-3.07833299999999,30.827499
-2.99473199999994,30.837227
-2.97879399999999,30.8436620000001
-2.99138900000003,30.754444
-2.98972199999997,30.742775
-2.97638899999998,30.6661110000001
-2.97194500000001,30.656944
-2.96777800000001,30.6541630000001
-2.95416699999993,30.653889
-2.94861100000003,30.652496
-2.94527799999997,30.6488880000001
-2.91888899999992,30.612778
-2.89499999999998,30.568333
-2.893056,30.5633320000001
-2.893889,30.5572200000001
-2.898056,30.547497
-2.94903299999999,30.494825
-2.94722199999995,30.484997
-2.86666699999995,30.4202770000001
-2.86194499999999,30.4175
-2.85083300000002,30.4147190000001
-2.84472199999993,30.415276
-2.59138899999999,30.4797209999999
-2.46749999999992,30.519444
-2.45777800000002,30.5233309999999
-2.45361100000002,30.526108
-2.39916699999998,30.5733300000001
-2.39083299999993,30.58083
-2.38805600000001,30.5847210000001
-2.38583399999993,30.5897219999999
-2.34750000000003,30.6997180000001
-2.34805599999993,30.7127760000001
-2.349445,30.7183299999999
-2.36083400000001,30.7344440000001
-2.38055600000001,30.7822190000001
-2.36055599999997,30.8249969999999
-2.357778,30.8291660000001
-2.349445,30.834442
-2.33055599999994,30.8438870000001
-2.32083399999999,30.8477750000001
-2.30444499999993,30.8516650000001
-2.29138899999998,30.8519440000001
-2.26666699999993,30.8502769999999
-2.25555599999996,30.847221
-2.23305599999992,30.84333
-2.21527799999996,30.8430520000001
-2.19249999999994,30.8475000000001
-2.18694399999993,30.848888
-2.10749999999996,30.8783300000001
-2.09972199999999,30.8830530000001
-2.09333399999997,30.890274
-2.08861100000001,30.8930550000001
-2.083056,30.894444
-2.07611100000003,30.894165
-2.07138899999995,30.8922200000001
-2.03826500000002,30.871429
-1.92944499999993,30.808331
-1.84666700000002,30.8247180000001
-1.80055599999997,30.8349990000001
-1.73222199999992,30.819443
-1.72527799999995,30.8172190000001
-1.70055600000001,30.8111080000001
-1.65489999999994,30.830936
-1.520556,30.748886
-1.51361100000003,30.748886
-1.438334,30.7399980000001
-1.43694399999993,30.7391660000001
-1.38722199999995,30.686108
-1.38944500000002,30.6374970000001
-1.33444499999996,30.5677760000001
-1.32694500000002,30.561665
-1.16305599999993,30.471664
-1.15833400000002,30.469444
-1.10722199999998,30.4555550000001
-1.09555599999999,30.4533310000001
-1.09055599999994,30.4552760000001
-1.07388899999995,30.4658320000001
-1.06777799999998,30.4733310000001
-1.063334,30.4822199999999
-1.06555599999996,30.59333
-1.021389,30.6866650000001
-1.01527800000002,30.693886
-1.01083399999993,30.7036090000001
-0.997777999999983,30.751389
-0.997736999999972,30.761385
-0.997221999999965,30.8886110000001
-0.997499999999945,31.059998
-0.998332999999946,31.272499
-0.998888999999963,31.293053
-0.999443999999983,31.5469440000001
-0.999721999999963,31.6772190000001
---
