38.965828,64.372757
38.977211,64.361099
38.988045,64.3461
38.991104,64.340271
38.991936,64.333054
38.986938,64.308594
38.983879,64.297211
38.974159,64.26944
38.971375,64.264435
38.962494,64.242752
38.956657,64.226089
38.953606,64.214706
38.950546,64.19664
38.952492,64.181931
38.954994,64.173874
38.975548,64.132477
38.99749,64.09166
39.003883,64.0811
39.024712,64.051651
39.034721,64.036102
39.068054,63.98333
39.113884,63.893051
39.153603,63.813881
39.2061,63.712769
39.209435,63.708046
39.224159,63.693878
39.263329,63.657211
39.27916,63.643608
39.32972,63.595825
39.364441,63.561378
39.393608,63.526382
39.403603,63.510826
39.423325,63.4786
39.498329,63.342491
39.528328,63.280823
39.566666,63.199158
39.599159,63.130272
39.61721,63.093323
39.64444,63.038605
39.666939,63
39.697769,62.955269
39.735825,62.901657
39.748878,62.879715
39.784439,62.819443
39.79055,62.807495
39.799721,62.789436
39.829437,62.727211
39.909714,62.584435
39.926941,62.559715
39.934158,62.551102
40.030823,62.441933
40.033844,62.440483
40.075272,62.424164
40.089432,62.419441
40.104713,62.418053
40.110275,62.418602
40.121933,62.422218
40.13472,62.428047
40.220268,62.41082
40.278046,62.39888
40.420273,62.35527
40.428879,62.349998
40.436378,62.342216
40.44249,62.329994
40.469154,62.274994
40.473877,62.259163
40.475266,62.251389
40.476654,62.229713
40.478043,62.221931
40.48027,62.213608
40.486107,62.201385
40.493607,62.19249
40.504211,62.185532
40.564438,62.141106
40.606659,62.112495
40.714714,62.046944
40.723602,62.042496
40.839973,61.999298
40.872765,61.987495
40.882492,61.985268
40.907211,61.98333
40.918327,61.984436
40.924164,61.986107
40.935265,61.987495
40.945824,61.987495
40.966385,61.985268
40.976097,61.983047
40.999718,61.974991
41.017494,61.966103
41.038048,61.952774
41.050545,61.943047
41.111664,61.893326
41.125549,61.874161
41.202774,61.73777
41.256386,61.638603
41.262215,61.626099
41.267494,61.611382
41.301102,61.454437
41.303604,61.438324
41.30249,61.424713
41.301384,61.418602
41.299164,61.412766
41.292221,61.40332
41.273605,61.395828
41.262215,61.393883
41.219986,61.382767
41.208046,61.376656
41.198601,61.368599
41.18721,61.35527
41.17527,61.334991
41.17083,61.323608
41.165268,61.306099
41.162766,61.29361
41.162209,61.286942
41.161377,61.273323
41.1661,61.248878
41.168602,61.241661
41.195824,61.173325
41.202217,61.161934
41.2061,61.158043
41.220268,61.152771
41.2286,61.147217
41.231934,61.141937
41.234161,61.133331
41.237213,61.085823
41.23027,61.022491
41.209877,61.004204
41.232491,60.983879
41.236382,60.979713
41.24305,60.969711
41.248604,60.955826
41.250549,60.947487
41.251389,60.932495
41.257774,60.811935
41.258049,60.704994
41.252777,60.679993
41.245827,60.65638
41.231659,60.59388
41.218323,60.531937
41.217209,60.518326
41.217491,60.511108
41.219437,60.488327
41.222763,60.471657
41.227486,60.45694
41.230545,60.450546
41.240547,60.43499
41.243881,60.429993
41.263054,60.408882
41.282768,60.38221
41.29277,60.366661
41.302216,60.349998
41.308601,60.3386
41.314438,60.325829
41.33638,60.271935
41.341103,60.257217
41.349159,60.222763
41.359436,60.194153
41.369987,60.166664
41.375549,60.152771
41.381104,60.140274
41.400269,60.106659
41.410271,60.091103
41.414154,60.086937
41.418327,60.083878
41.432213,60.078606
41.44249,60.076942
41.453606,60.077774
41.5186,60.092491
41.524712,60.094154
41.537498,60.099434
41.542221,60.103325
41.55027,60.112213
41.558044,60.121101
41.561104,60.126099
41.57222,60.154434
41.574997,60.166939
41.579437,60.178047
41.588882,60.185822
41.594437,60.186378
41.599434,60.185547
41.627769,60.164154
41.635826,60.157211
41.659714,60.136108
41.724159,60.080276
41.736938,60.071381
41.75222,60.069443
41.757774,60.069717
41.763329,60.073051
41.781105,60.088043
41.79361,60.10083
41.800545,60.111107
41.804993,60.12249
41.806938,60.135551
41.80555,60.1511
41.794998,60.193321
41.783333,60.21888
41.778046,60.232491
41.773605,60.248878
41.772491,60.256943
41.773605,60.263054
41.776657,60.268326
41.781662,60.272217
41.787216,60.275269
41.79277,60.275826
41.80249,60.273323
41.815269,60.264442
41.822769,60.256104
41.829437,60.245827
41.858887,60.183052
41.862213,60.177773
41.883873,60.152763
41.884995,60.153046
41.898048,60.145271
41.911102,60.137215
42.032494,60.028046
42.163605,60.026657
42.217491,60.014442
42.294441,59.921379
42.297775,59.9161
42.300827,59.909714
42.316101,59.857498
42.322495,59.735825
42.308884,59.622215
42.301933,59.568054
42.296944,59.549721
42.29361,59.529991
42.291664,59.487213
42.29277,59.457214
42.294998,59.440826
42.299721,59.425552
42.347771,59.284721
42.354439,59.27388
42.36277,59.267769
42.372215,59.263885
42.387215,59.260277
42.402489,59.257774
42.413048,59.2575
42.431107,59.26194
42.441933,59.261383
42.45166,59.258606
42.472763,59.24305
42.480545,59.235825
42.491936,59.223045
42.502777,59.20916
42.541107,59.155823
42.544159,59.149162
42.546387,59.141663
42.546104,59.126938
42.53138,59.093323
42.525551,59.068054
42.52388,59.047218
42.525269,59.02388
42.53138,58.982491
42.533333,58.973602
42.540833,58.95166
42.604164,58.850273
42.63221,58.811661
42.643051,58.797493
42.65416,58.784721
42.658043,58.780548
42.669716,58.768883
42.70388,58.730545
42.794159,58.622765
42.797493,58.617493
42.797775,58.609718
42.795273,58.604164
42.784164,58.597771
42.777489,58.595268
42.765549,58.592491
42.753883,58.590828
42.724991,58.587212
42.707771,58.585266
42.695541,58.582497
42.676102,58.574997
42.670547,58.571663
42.662491,58.562767
42.659431,58.55027
42.657768,58.52166
42.659157,58.461105
42.66082,58.422493
42.663048,58.406097
42.664711,58.397217
42.674438,58.36721
42.688599,58.333603
42.695541,58.310272
42.697487,58.293884
42.695541,58.273048
42.69249,58.260277
42.651932,58.164436
42.645546,58.154434
42.64138,58.149994
42.630821,58.143051
42.62027,58.143883
42.615547,58.145828
42.607773,58.15332
42.601105,58.164154
42.588326,58.199432
42.578606,58.229156
42.572769,58.254715
42.563881,58.286659
42.558327,58.299721
42.551933,58.310822
42.548332,58.314995
42.521378,58.342766
42.313881,58.517494
42.308601,58.518326
42.304436,58.515549
42.301102,58.510551
42.29805,58.498047
42.294716,58.441658
42.294441,58.419441
42.296661,58.411934
42.300827,58.4086
42.30555,58.406654
42.310547,58.405823
42.316101,58.406097
42.352776,58.415543
42.364441,58.416939
42.384995,58.413322
42.398331,58.40638
42.40638,58.39888
42.420273,58.379433
42.429993,58.363052
42.446938,58.324997
42.462769,58.283333
42.471375,58.251389
42.503883,58.101662
42.5075,58.076385
42.508049,58.053604
42.504639,58.026604
42.498047,58.016388
42.445541,57.943604
42.399162,57.948044
42.382492,57.960548
42.377769,57.962769
42.36721,57.963608
42.354439,57.959717
42.342216,57.954163
42.265274,57.908325
42.210823,57.872765
42.187767,57.8386
42.153603,57.664436
42.15332,57.627487
42.154991,57.61277
42.163048,57.579994
42.170273,57.522217
42.173325,57.497772
42.17527,57.473877
42.173882,57.444992
42.171104,57.417496
42.162491,57.38694
42.156097,57.369438
42.149719,57.352219
42.138603,57.323608
42.126656,57.29583
42.119438,57.27916
42.109718,57.26416
42.095268,57.245827
42.063606,57.211105
42.044159,57.196381
42.033607,57.189987
42.026939,57.187492
41.99749,57.173325
41.983047,57.162491
41.961105,57.142494
41.944992,57.124435
41.941658,57.119713
41.928879,57.099998
41.926384,57.094437
41.92083,57.07666
41.9161,57.058044
41.910545,57.032494
41.909988,57.025826
41.905266,57.007217
41.902771,57.001663
41.893051,56.986938
41.884995,56.978325
41.866104,56.970825
41.854164,56.968597
41.681938,56.977486
41.476654,57.039436
41.466934,57.04277
41.448875,57.052216
41.436653,57.061935
41.412209,57.083054
41.401382,57.095825
41.391937,57.112213
41.389717,57.119713
41.345825,57.133881
41.269989,57.059158
41.265831,57.054993
41.260277,57.044716
41.258606,57.031105
41.269989,56.9561
41.274994,56.930275
41.278877,56.913879
41.286385,56.893326
41.290276,56.877213
41.297775,56.843605
41.299438,56.827492
41.298882,56.798332
41.293327,56.751106
41.291664,56.744995
41.287216,56.697212
41.288048,56.666939
41.289162,56.644157
41.296104,56.54277
41.298294,56.533752
41.296944,56.523605
41.306381,56.360275
41.315269,56.214996
41.325554,56.014999
41.328453,56.000961
41.353882,56.000275
41.576385,55.999435
41.896103,55.999161
42.132767,55.999161
42.216385,56
42.481102,55.999718
42.760277,55.998878
43.011665,55.998604
43.081383,55.999435
43.346939,55.999161
43.626656,55.998329
43.878876,55.998047
43.948601,55.998878
44.509438,55.998604
44.734161,55.99749
45.001106,55.99749
45.002998,56.000015
45.063606,56.257217
45.09388,56.387497
45.153877,56.648605
45.168602,56.714157
45.172966,56.750191
45.178329,56.7575
45.183601,56.779434
45.247772,57.063606
45.320549,57.39222
45.363609,57.589714
45.404469,57.779636
45.453606,58.008049
45.509438,58.273048
45.568604,58.560547
45.569958,58.565514
45.571106,58.569717
45.570595,58.570824
45,59.652977
44.211098,61.149162
44.198326,61.1661
44.07972,61.311661
43.829994,61.614441
43.663048,61.814713
43.54361,61.95694
43.484787,62.025108
43.488327,62.044716
43.532768,62.382492
43.546387,62.488045
43.562492,62.614998
43.589157,62.82666
43.636383,63.21138
43.619438,63.422493
43.609993,63.537498
43.590271,63.767212
43.570549,63.997215
43.56916,64.021378
43.54805,64.458038
43.600273,64.585541
43.703323,64.843323
43.73777,64.931366
43.652489,65.026932
43.48082,65.216095
43.432495,65.268326
43.339432,65.478592
43.324997,65.511108
43.317215,65.526932
43.153603,65.638046
42.989433,65.748032
42.877213,65.82193
42.996941,66.123871
42.80027,66.110535
42.671661,66.101089
42.604439,66.095825
42.423866,66.070786
42.423325,66.036652
42.33638,66.034424
42.263885,66.033051
42.046104,66.02916
42.003052,66.02916
42.003052,66.526382
41.89666,66.539154
41.83638,66.545532
41.74527,66.556641
41.732765,66.558594
41.716934,66.562485
41.460548,66.636108
41.174995,66.719986
41.164833,66.759491
41.161934,66.777771
41.149994,66.875809
41.143295,67.071945
41.144997,67.159149
41.149162,67.35054
41.15416,67.439423
41.158882,67.4897
41.167496,67.536102
41.182213,67.639984
41.191658,67.740265
41.19249,67.75499
41.192215,67.763046
41.183327,67.935532
41.130547,67.989426
41.064995,68.098328
41.065544,68.106094
41.064438,68.112488
41.051659,68.140274
41.03611,68.15416
40.986382,68.145538
40.979713,68.14415
40.907494,68.116089
40.879433,68.103317
40.862495,68.087769
40.851936,68.074432
40.840828,68.053864
40.810272,68.048035
40.70388,68.212769
40.691376,68.233322
40.68055,68.256943
40.677795,68.265472
40.658882,68.304428
40.653603,68.316666
40.597771,68.455261
40.594437,68.479706
40.599716,68.608032
40.607498,68.631653
40.610275,68.636658
40.617493,68.645538
40.621658,68.649155
40.671661,68.651932
40.718048,68.628586
40.738884,68.589157
40.861382,68.568054
40.919991,68.593597
40.936935,68.616653
40.946655,68.646103
40.9468,68.648743
40.951935,68.664429
40.969986,68.709717
40.975548,68.719986
40.978874,68.724426
40.986938,68.732758
40.991936,68.735809
41.010551,68.741928
41.030823,68.746933
41.04805,68.75444
41.063324,68.763611
41.077217,68.774429
41.084435,68.783325
41.086937,68.788315
41.118599,68.875259
41.199715,69.031662
41.216103,69.063034
41.228325,69.066086
41.271935,69.073044
41.35083,69.080551
41.356102,69.079163
41.360275,69.064423
41.363052,69.058868
41.36721,69.055252
41.372765,69.054703
41.379433,69.056366
41.387772,69.07222
41.459717,69.226654
41.470825,69.25499
41.484161,69.346375
41.484718,69.361374
41.575554,69.489975
41.666939,69.632202
41.673325,69.642212
41.698044,69.751938
41.700272,69.765274
41.703323,69.786377
41.706673,69.845856
41.708603,69.909714
41.708046,69.917755
41.70916,69.924423
41.711662,69.930817
41.714439,69.936096
41.780266,70.058029
41.825264,70.134995
41.831375,70.144989
41.844421,70.156647
41.876083,70.182755
41.955238,70.244141
42.039406,70.333054
42.046356,70.342484
42.055237,70.357758
42.060516,70.368591
42.065796,70.379425
42.073021,70.396378
42.094681,70.4561
42.098297,70.468323
42.101074,70.481369
42.099968,70.488312
42.091072,70.505554
42.076912,70.52388
42.068855,70.531097
42.064682,70.534424
42.059128,70.534988
42.046913,70.533325
42.041634,70.534714
42.038017,70.539154
42.035797,70.546097
42.020241,70.608597
42.018852,70.617752
42.019684,70.62442
42.021629,70.630539
42.025795,70.63443
42.031075,70.637772
42.048576,70.645538
42.068024,70.651932
42.079689,70.656937
42.091629,70.662201
42.101631,70.668869
42.192734,70.743866
42.197739,70.748032
42.201073,70.752777
42.20385,70.758041
42.204681,70.788315
42.203293,70.797211
42.194962,70.827484
42.194122,70.835815
42.194405,70.843323
42.19635,70.856934
42.20385,70.881363
42.206352,70.886932
42.217735,70.907761
42.250801,70.966934
42.254669,70.97081
42.258575,70.975815
42.265518,70.98526
42.296356,71.027771
42.301628,71.038589
42.305237,71.051086
42.30468,71.059143
42.302742,71.067215
42.297745,71.080551
42.284134,71.112198
42.281075,71.118042
42.274132,71.127197
42.271072,71.132751
42.249687,71.172485
42.222458,71.223602
42.214127,71.2397
42.206627,71.259995
42.204681,71.267761
42.204193,71.275055
42.204132,71.276093
42.195511,71.276382
42.18885,71.274429
42.178848,71.267761
42.170242,71.25972
42.141907,71.222488
42.044411,70.986923
42.040802,70.974991
42.038574,70.953598
42.04052,70.936646
42.044685,70.920822
42.046631,70.90387
42.043579,70.883331
42.039963,70.871094
42.036629,70.866653
42.032181,70.862488
42.023018,70.855255
42.016357,70.853317
41.985237,70.849152
41.974129,70.849716
41.969406,70.852203
41.953575,70.85498
41.941345,70.853317
41.934402,70.851379
41.929405,70.848328
41.92524,70.844147
41.922462,70.838882
41.920799,70.832764
41.913574,70.785263
41.911903,70.755829
41.912735,70.747757
41.91246,70.709717
41.910515,70.696091
41.904961,70.685257
41.803574,70.535538
41.796631,70.526093
41.788017,70.518326
41.78302,70.514999
41.754135,70.503326
41.747185,70.501389
41.736351,70.495529
41.727737,70.487762
41.719955,70.479156
41.71302,70.469986
41.633301,70.308594
41.624962,70.285263
41.617744,70.261108
41.61219,70.242752
41.602753,70.212769
41.594688,70.19664
41.587746,70.187485
41.577469,70.181091
41.553017,70.17804
41.547188,70.178314
41.536346,70.180267
41.52829,70.187195
41.524956,70.19165
41.518845,70.203049
41.516899,70.210815
41.515793,70.219711
41.514679,70.266388
41.515511,70.288589
41.514961,70.296936
41.510788,70.323318
41.505516,70.347763
41.501625,70.363312
41.496902,70.376648
41.482452,70.405823
41.473007,70.421646
41.465233,70.429703
41.453285,70.440262
41.41217,70.474152
41.411064,70.481094
41.410507,70.496643
41.416344,70.522217
41.421898,70.540268
41.440788,70.592484
41.447174,70.609711
41.454399,70.626373
41.463844,70.641937
41.474396,70.663315
41.476341,70.669434
41.478287,70.682755
41.476341,70.699707
41.474258,70.707748
41.467171,70.71666
41.463287,70.719986
41.402451,70.766663
41.393845,70.772491
41.380508,70.780823
41.35746,70.792755
41.352455,70.794144
41.340508,70.794434
41.321342,70.790817
41.250504,70.813309
41.20356,70.988312
41.161057,71.156937
41.182167,71.202484
41.189941,71.211105
41.192444,71.216385
41.195221,71.229156
41.196335,71.243317
41.194946,71.251938
41.191887,71.257492
41.125504,71.397217
41.119942,71.409424
41.118553,71.418045
41.120224,71.431366
41.124664,71.435532
41.137169,71.439972
41.149117,71.440811
41.195778,71.4422
41.230225,71.4422
41.257454,71.439148
41.329674,71.434418
41.335503,71.434418
41.348831,71.438034
41.353836,71.44165
41.352448,71.450272
41.346336,71.46138
41.319115,71.500549
41.317169,71.503601
41.307167,71.529984
41.30217,71.54332
41.300781,71.550262
41.299393,71.559143
41.300499,71.573318
41.303001,71.578598
41.312447,71.593323
41.319115,71.603592
41.331062,71.616379
41.33606,71.619705
41.391335,71.64888
41.403275,71.65416
41.422722,71.659149
41.428833,71.659988
41.440781,71.660812
41.451614,71.659424
41.460777,71.654709
41.468002,71.645828
41.471054,71.640274
41.477997,71.631088
41.490501,71.620819
41.500786,71.618317
41.507454,71.620529
41.553001,71.641373
41.556335,71.646103
41.557167,71.652771
41.557724,71.68248
41.556335,71.69136
41.553276,71.69693
41.362167,71.863312
41.353836,71.870255
41.333282,71.887207
41.328835,71.889435
41.302444,71.89444
41.281059,71.897217
41.268555,71.895264
41.249115,71.890274
41.243004,71.889435
41.203278,71.887772
41.197998,71.888885
41.194389,71.893326
41.189384,71.906372
41.187447,71.914154
41.186607,71.922211
41.193558,72.106369
41.196892,72.111099
41.201889,72.121918
41.204666,72.142212
41.204948,72.149429
41.201614,72.166931
41.199112,72.173599
41.196045,72.179153
41.192436,72.183594
41.183273,72.188034
41.059937,72.21666
41.054108,72.21666
41.047997,72.21582
41.041328,72.213608
41.0355,72.211105
41.006592,72.19548
41.032158,72.319153
41.040222,72.395264
41.018272,72.500549
41.015221,72.506104
40.953827,72.579712
40.931053,72.603592
40.926888,72.606934
40.92244,72.609146
40.906883,72.612762
40.89772,72.617203
40.889381,72.623596
40.885216,72.631653
40.879105,72.659988
40.870491,72.702209
40.869102,72.72554
40.867714,72.899429
40.868271,73.049149
40.84716,73.152481
40.844101,73.158035
40.832161,73.168869
40.822998,73.173035
40.817162,73.170258
40.799667,73.147217
40.778824,73.112198
40.771324,73.0961
40.712715,72.943588
40.693268,72.878036
40.688828,72.851929
40.677162,72.809708
40.67466,72.804428
40.671326,72.799713
40.584938,72.710541
40.543274,72.677475
40.537994,72.675812
40.532707,72.672485
40.528542,72.668594
40.521873,72.659149
40.516876,72.648605
40.51355,72.636383
40.513268,72.621918
40.518539,72.597214
40.521317,72.590546
40.527435,72.579712
40.61586,72.409515
40.617157,72.40332
40.616882,72.396103
40.614929,72.385468
40.60466,72.370255
40.598549,72.369431
40.592995,72.369431
40.531326,72.37886
40.521049,72.381088
40.507164,72.399719
40.498825,72.418045
40.489655,72.434418
40.486046,72.438583
40.477707,72.445251
40.464378,72.453049
40.452988,72.453049
40.433815,72.446365
40.404648,72.432755
40.388824,72.423599
40.386879,72.41748
40.392708,72.393875
40.40937,72.345261
40.431877,72.287766
40.445763,72.276382
40.44854,72.281662
40.452713,72.285812
40.458824,72.286652
40.462433,72.282486
40.465492,72.258041
40.464546,72.227051
40.464943,72.20694
40.463829,72.185532
40.46022,72.173599
40.433823,72.113876
40.430771,72.11026
40.334373,72.012772
40.266327,72.043869
40.250488,71.903595
40.199936,71.813873
40.191315,71.805817
40.183815,71.797211
40.17688,71.78804
40.171875,71.777481
40.149376,71.722214
40.145767,71.710541
40.147156,71.701935
40.215485,71.524155
40.223816,71.505554
40.232704,71.490265
40.23632,71.485809
40.240486,71.482483
40.244934,71.48027
40.259666,71.477203
40.267998,71.473038
40.272163,71.469711
40.275215,71.464432
40.30188,71.389984
40.309937,71.299149
40.287163,71.246643
40.277435,71.13916
40.277992,71.094147
40.277718,71.071655
40.277435,71.064148
40.270218,70.999146
40.267715,70.993866
40.262444,70.99054
40.244843,70.98204
40.244942,70.957764
40.242714,70.870529
40.239662,70.850815
40.228271,70.822495
40.219101,70.793045
40.210487,70.755554
40.20771,70.742203
40.203819,70.716095
40.204102,70.700821
40.20549,70.64888
40.206322,70.641098
40.210213,70.625809
40.213547,70.621368
40.228813,70.60582
40.237434,70.599991
40.255211,70.589432
40.349663,70.465271
40.351051,70.45665
40.376404,70.375534
40.430618,70.345169
40.444382,70.339981
40.449944,70.340546
40.458275,70.346649
40.468269,70.363876
40.47438,70.376083
40.491051,70.415268
40.55938,70.534988
40.673271,70.731094
40.676888,70.736923
40.706329,70.777481
40.725594,70.796799
40.744392,70.788879
40.752449,70.782211
40.755508,70.776657
40.760506,70.763611
40.762451,70.755829
40.769669,70.716934
40.771057,70.708038
40.827446,70.667206
40.870224,70.658035
40.97744,70.548599
41.030228,70.481094
41.03717,70.471924
41.04023,70.466385
41.03875,70.465149
41.043282,70.460815
41.048286,70.447479
41.050224,70.430542
41.049118,70.423874
41.046341,70.411377
41.04245,70.399429
41.039948,70.39415
41.036339,70.389435
41.027725,70.381653
41.02272,70.378586
41.010231,70.374146
41.004395,70.37442
40.99939,70.375809
40.976891,70.377197
40.964951,70.376648
40.958282,70.374695
40.947166,70.369141
40.937164,70.362762
40.932724,70.358871
40.904388,70.330276
40.894112,70.316666
40.860512,70.257767
40.855797,70.248032
40.769981,70.050262
40.754112,70
40.74749,69.978867
40.744713,69.966385
40.740273,69.939972
40.733879,69.900269
40.722488,69.847214
40.715546,69.823044
40.713051,69.817764
40.705826,69.808594
40.684433,69.789429
40.674995,69.782486
40.657768,69.767487
40.647217,69.753876
40.644997,69.74971
40.640549,69.738586
40.638603,69.732483
40.637497,69.726089
40.638603,69.709991
40.641663,69.693588
40.643608,69.685806
40.649994,69.675812
40.660545,69.662201
40.71888,69.593597
40.731102,69.583054
40.749161,69.573318
40.753326,69.569717
40.779434,69.539978
40.782211,69.534424
40.811104,69.459152
40.81221,69.450546
40.80999,69.437195
40.802216,69.406097
40.80027,69.400269
40.794716,69.389984
40.779434,69.365265
40.772491,69.356094
40.768883,69.351654
40.764717,69.348038
40.749718,69.339706
40.595543,69.269989
40.507217,69.257217
40.498329,69.262207
40.37471,69.328323
40.339157,69.338318
40.327774,69.339157
40.211937,69.321381
40.207497,69.31749
40.201385,69.308029
40.196655,69.296936
40.191101,69.249146
40.189713,69.23526
40.191376,69.218597
40.194153,69.201385
40.196938,69.18692
40.206383,69.140823
40.211105,69.127472
40.230171,69.078934
40.234718,69.061646
40.238884,69.039429
40.238602,69.032211
40.208046,68.768326
40.203606,68.734711
40.201385,68.7211
40.198875,68.708328
40.196098,68.695526
40.19471,68.689148
40.184067,68.641998
40.181381,68.612762
40.178329,68.600815
40.17305,68.597763
40.166939,68.598038
40.162766,68.601379
40.1586,68.60582
40.152489,68.614426
40.139992,68.636658
40.121933,68.681366
40.117714,68.702362
40.116386,68.713882
40.122215,68.762207
40.128159,68.791374
40.12949,68.799377
40.145271,68.868042
40.148048,68.873306
40.149994,68.878311
40.1511,68.885269
40.150826,68.900818
40.148331,68.984421
40.144157,68.988876
40.139992,68.993042
40.130821,68.998032
40.111938,69.007767
40.101105,69.00943
40.089714,69.009995
40.076103,69.007217
40.069992,68.997482
40.068329,68.991364
40.068054,68.984146
40.075272,68.932755
40.079994,68.825264
40.078327,68.822098
40.076328,68.81926
40.070549,68.785263
40.065269,68.783875
40.007774,68.808029
39.993881,68.815262
39.977768,68.829437
39.959991,68.850266
39.949715,68.863037
39.902489,68.906372
39.897774,68.908875
39.89138,68.909149
39.886383,68.905823
39.883049,68.901382
39.876938,68.890549
39.828606,68.767487
39.827492,68.760818
39.829437,68.753326
39.833054,68.748596
39.844437,68.736923
39.854164,68.734146
39.863327,68.729156
39.867767,68.726654
39.871376,68.722214
39.871933,68.714157
39.862495,68.656097
39.858238,68.64267
39.839432,68.637207
39.771103,68.628586
39.656097,68.629974
39.644997,68.625259
39.636383,68.617477
39.624161,68.606094
39.55471,68.540268
39.550545,68.52916
39.544998,68.511383
39.537498,68.473312
39.535553,68.38472
39.536659,68.353317
39.553604,68.175262
39.556656,68.14888
39.567215,68.082489
39.600548,67.907761
39.611382,67.863037
39.618324,67.844147
39.619987,67.83638
39.621376,67.827484
39.630547,67.759155
39.629158,67.729706
39.625824,67.709717
39.615273,67.681931
39.528877,67.50444
39.483582,67.441956
39.462494,67.442474
39.43721,67.439972
39.370544,67.432205
39.365273,67.430817
39.299164,67.410538
39.294716,67.407761
39.28878,67.365997
39.27166,67.3647
39.236656,67.366379
39.225266,67.367477
39.220268,67.369141
39.212494,67.376373
39.209717,67.381927
39.169441,67.510269
39.16777,67.517761
39.166664,67.526093
39.166939,67.533325
39.171661,67.566666
39.17305,67.588043
39.173325,67.603043
39.171936,67.617477
39.164993,67.63443
39.138046,67.690262
39.13472,67.694702
39.125549,67.699707
39.115547,67.702774
39.015991,67.695267
39.013054,67.696091
38.999435,67.703873
38.996658,67.709427
38.993607,67.725266
38.990273,67.750824
38.977768,67.848602
38.976936,67.855545
38.976654,67.863312
38.979156,67.875809
38.996941,67.934708
39.008049,67.984421
39.000275,68.107758
38.99749,68.113312
38.98555,68.123871
38.976379,68.12886
38.956657,68.135818
38.943878,68.14444
38.931381,68.15387
38.904709,68.180267
38.900826,68.183868
38.896103,68.186371
38.865829,68.195526
38.854439,68.196365
38.843323,68.19136
38.824165,68.178589
38.817215,68.169983
38.808601,68.154984
38.803879,68.14444
38.799995,68.133041
38.797493,68.120529
38.797218,68.113312
38.664711,68.074158
38.546387,68.070541
38.541382,68.07193
38.433052,68.121368
38.428329,68.123871
38.424438,68.127197
38.335548,68.211105
38.332214,68.215546
38.326385,68.226379
38.311104,68.261932
38.303047,68.27916
38.30027,68.284424
38.273323,68.331375
38.26194,68.342758
38.245827,68.358032
38.241936,68.361649
38.23777,68.36499
38.224434,68.372482
38.210274,68.37886
38.195541,68.384155
38.189987,68.38472
38.183601,68.384155
38.163879,68.380814
38.157211,68.37915
38.085548,68.35498
38.04615,68.337814
37.958885,68.277481
37.954437,68.27388
37.950829,68.269714
37.944992,68.252777
37.942146,68.238388
37.935822,68.180542
37.932213,68.161652
37.928047,68.150543
37.919441,68.1436
37.908882,68.138046
37.884438,68.129974
37.858887,68.123032
37.80999,68.099716
37.794716,68.091095
37.765274,68.073044
37.738884,68.051926
37.691101,68.006104
37.683876,67.997482
37.678329,67.987762
37.668327,67.974701
37.636108,67.937195
37.61721,67.917206
37.599716,67.903046
37.545547,67.862762
37.54055,67.859146
37.505829,67.838318
37.484993,67.827484
37.479156,67.825272
37.446098,67.81749
37.416382,67.81749
37.397774,67.826385
37.383606,67.832764
37.352493,67.84082
37.330551,67.843872
37.312492,67.843597
37.281662,67.84137
37.26194,67.838043
37.256104,67.836105
37.225822,67.818878
37.211662,67.809143
37.199432,67.798035
37.192215,67.789978
37.185822,67.779877
37.193604,67.77916
37.199715,67.777206
37.211937,67.770538
37.215546,67.765823
37.220543,67.755264
37.224709,67.743866
37.228874,67.725815
37.246101,67.649429
37.2686,67.526382
37.250549,67.456375
37.220543,67.40416
37.217491,67.397217
37.212494,67.380814
37.203285,67.304947
37.19632,67.295685
37.19249,67.289093
37.186935,67.274155
37.184715,67.25943
37.183876,67.252213
37.186104,67.239975
37.191933,67.229431
37.203049,67.222214
37.220268,67.219711
37.232491,67.212769
37.246658,67.200272
37.339966,67.096481
37.346581,67.087677
37.377213,67.021652
37.38221,67.004166
37.382492,66.970261
37.378876,66.926926
37.365829,66.858032
37.363609,66.83638
37.355553,66.7211
37.358604,66.62915
37.362495,66.617752
37.36805,66.586929
37.368324,66.573608
37.366379,66.537735
37.373047,66.528046
37.375809,66.525757
37.381104,66.521378
37.39444,66.515823
37.399437,66.515549
37.531937,66.516937
37.772766,66.538315
37.788887,66.541367
37.812492,66.550812
37.823883,66.557755
37.88472,66.616089
37.901382,66.633041
37.908325,66.642487
37.916382,66.651093
37.924995,66.659424
37.930275,66.66304
37.936653,66.666382
37.948044,66.670532
37.963882,66.672485
37.97332,66.670258
37.981636,66.666092
37.98999,66.658875
38.003052,66.643875
38.015549,66.620255
38.024437,66.600266
38.034996,66.570267
38.040833,66.541367
38.043327,66.520538
38.043053,66.49498
38.041107,66.489426
38.037216,66.459717
38.036942,66.453323
38.037773,66.446365
38.04361,66.423874
38.07888,66.332764
38.084717,66.319443
38.091934,66.310257
38.099434,66.302475
38.115829,66.289978
38.128601,66.281937
38.140831,66.272766
38.144714,66.26915
38.151932,66.260269
38.23027,66.084991
38.236107,66.071655
38.241104,66.055817
38.280823,65.895264
38.283051,65.880814
38.283051,65.87442
38.281105,65.862488
38.273605,65.840271
38.265274,65.818878
38.257217,65.803589
38.253609,65.798874
38.236656,65.782211
38.232208,65.771652
38.226379,65.748596
38.225266,65.729706
38.225822,65.716385
38.228043,65.695526
38.236382,65.657761
38.243607,65.627762
38.253883,65.597214
38.268326,65.564423
38.384995,65.336655
38.394714,65.319717
38.41082,65.292206
38.434715,65.256653
38.476936,65.198868
38.51194,65.151657
38.533333,65.123871
38.54805,65.106644
38.616661,65.003326
38.626656,64.987198
38.631935,64.976379
38.64888,64.935257
38.656097,64.911377
38.657494,64.90387
38.6661,64.874985
38.689987,64.798035
38.708328,64.746643
38.736107,64.677765
38.741936,64.665268
38.761383,64.631653
38.873878,64.464706
38.89138,64.44136
38.902489,64.428314
38.913879,64.416382
38.929436,64.401932
38.945541,64.388596
38.953125,64.383026
---
