-20.2541689999999,169.826904
-20.240555,169.770264
-20.234444,169.761932
-20.208611,169.738007
-20.203609,169.736084
-20.1863859999999,169.733307
-20.18,169.733032
-20.1677779999999,169.735229
-20.15361,169.742462
-20.149445,169.745514
-20.146389,169.74939
-20.143612,169.75415
-20.141945,169.75943
-20.138611,169.789703
-20.138054,169.796356
-20.1416659999999,169.829132
-20.142776,169.835785
-20.1458319999999,169.847473
-20.158611,169.869415
-20.170555,169.886658
-20.174168,169.889984
-20.179165,169.891937
-20.195831,169.894135
-20.202499,169.893585
-20.213612,169.890259
-20.22361,169.886108
-20.231667,169.879669
-20.245552,169.866364
-20.248055,169.861908
-20.2499999999999,169.856628
-20.252224,169.846069
---
-19.5600009999999,170.212463
-19.547779,170.203308
-19.529167,170.203583
-19.5250019999999,170.205231
-19.5238909999999,170.21109
-19.52417,170.232452
-19.543056,170.235229
-19.547779,170.234131
-19.551113,170.23053
-19.559444,170.217468
---
-19.658054,169.431366
-19.657776,169.424133
-19.6549989999999,169.397766
-19.636944,169.349701
-19.584446,169.279694
-19.5275,169.233856
-19.509167,169.224396
-19.5,169.219971
-19.4616659999999,169.202759
-19.456944,169.203857
-19.355835,169.23053
-19.350277,169.232452
-19.34639,169.235504
-19.3380549999999,169.248291
-19.3316689999999,169.263611
-19.320557,169.301361
-19.32,169.335785
-19.3313899999999,169.353577
-19.336945,169.354675
-19.482498,169.418854
-19.51778,169.479401
-19.531113,169.497742
-19.545002,169.498291
---
-19.276947,169.591064
-19.276669,169.585236
-19.273613,169.581085
-19.268612,169.579132
-19.2625009999999,169.578583
-19.25639,169.579681
-19.2372209999999,169.586639
-19.232498,169.589142
-19.2313879999999,169.594971
-19.2336079999999,169.599976
-19.2372209999999,169.600525
-19.257225,169.60025
-19.26889,169.597473
-19.273613,169.594971
---
-19,169.271088
-18.983055,169.236908
-18.938053,169.123016
-18.931667,169.107178
-18.8833309999999,168.994415
-18.8808329999999,168.989136
-18.8725009999999,168.983856
-18.8563879999999,168.979675
-18.849998,168.979401
-18.689442,168.982178
-18.683331,168.983307
-18.673054,168.987732
-18.6572229999999,169.000275
-18.639999,169.018585
-18.625832,169.039978
-18.623055,169.051086
-18.619999,169.089966
-18.61972,169.096619
-18.6325,169.133881
-18.637222,169.14386
-18.640278,169.148041
-18.644444,169.150818
-18.672222,169.164703
-18.7397189999999,169.184418
-18.7919459999999,169.193848
-18.7969469999999,169.195801
-18.809166,169.204681
-18.824444,169.217743
-18.828056,169.221344
-18.833332,169.23053
-18.834167,169.236908
-18.837502,169.248566
-18.861946,169.294128
-18.875278,169.309418
-18.8824999999999,169.316376
-18.889721,169.323303
-18.898335,169.328583
-18.904446,169.330536
-18.925556,169.336639
-18.93111,169.336365
-18.943611,169.334137
-18.9624979999999,169.324402
-18.978886,169.305237
---
-17.7124979999999,168.579407
-17.789169,168.547485
-17.793892,168.544983
-17.801945,168.538574
-17.821114,168.49469
-17.823055,168.48941
-17.821667,168.475525
-17.822224,168.431915
-17.830002,168.384155
-17.796669,168.36911
-17.713886,168.284424
-17.707222,168.276917
-17.694443,168.245514
-17.692776,168.239685
-17.698055,168.224121
-17.703888,168.21579
-17.724167,168.193573
-17.728886,168.191071
-17.739998,168.187469
-17.7477759999999,168.181366
-17.751392,168.170807
-17.7419429999999,168.161926
-17.719719,168.148041
-17.713612,168.148865
-17.65472,168.176361
-17.5816689999999,168.238861
-17.5461119999999,168.275818
-17.531391,168.311096
-17.534168,168.392487
-17.5377809999999,168.434418
-17.540001,168.439423
-17.543056,168.443573
-17.692776,168.574677
---
-16.7830579999999,168.404968
-16.7811129999999,168.409973
-16.774445,168.416382
-16.768612,168.424408
-16.766945,168.429688
-16.766666,168.436371
-16.767502,168.442749
-16.771667,168.453308
-16.77528,168.456909
-16.798611,168.4758
-16.840836,168.475525
-16.8469469999999,168.474396
-16.848888,168.471344
-16.804722,168.381897
-16.7905579999999,168.352173
-16.7888909999999,168.346344
-16.7880549999999,168.339966
-16.7880549999999,168.329132
-16.789169,168.309418
-16.791111,168.29776
-16.7947239999999,168.287476
-16.815277,168.251373
-16.823891,168.245789
-16.829445,168.24411
-16.831944,168.2258
-16.83028,168.221344
-16.8175009999999,168.190247
-16.808334,168.17276
-16.805279,168.168579
-16.778336,168.146088
-16.7122189999999,168.118835
-16.706665,168.117737
-16.672501,168.116058
-16.659443,168.117462
-16.580555,168.148315
-16.575832,168.178314
-16.576111,168.184143
-16.579723,168.187469
-16.5913889999999,168.19693
-16.5955539999999,168.199402
-16.680279,168.272217
-16.769447,168.360504
-16.772503,168.364685
-16.78278,168.399139
---
-16.5172229999999,168.22525
-16.516113,168.218567
-16.512222,168.208008
-16.506111,168.202454
-16.500557,168.201355
-16.494442,168.202454
-16.435555,168.221069
-16.429722,168.229401
-16.429165,168.242462
-16.430279,168.24884
-16.432499,168.253876
-16.435555,168.255829
-16.492496,168.243286
-16.503334,168.239685
-16.512779,168.23468
-16.516113,168.231079
---
-16.2499999999999,168.258026
-16.271667,168.301636
-16.2772249999999,168.310516
-16.2880549999999,168.320801
-16.2930559999999,168.322754
-16.304169,168.324982
-16.309723,168.324677
-16.315277,168.323029
-16.3199999999999,168.320526
-16.336113,168.308014
-16.339443,168.304138
-16.347221,168.284149
-16.351391,168.267212
-16.3527789999999,168.254974
-16.351665,168.248566
-16.349167,168.243561
-16.3475,168.237732
-16.346111,168.224121
-16.34639,168.217468
-16.349445,168.166656
-16.362221,168.144135
-16.344723,168.103302
-16.3300019999999,168.062195
-16.3238909999999,168.039978
-16.326111,168.02832
-16.3263889999999,168.021912
-16.265278,167.919708
-16.260281,167.917755
-16.236942,167.91275
-16.23,167.913025
-16.2199969999999,167.917206
-16.216663,167.921082
-16.2147219999999,167.926361
-16.193611,167.999115
-16.192776,168.004974
-16.195,168.033051
-16.194721,168.056366
-16.193611,168.062195
-16.178886,168.082458
-16.175556,168.086365
-16.137779,168.11969
-16.128887,168.125244
-16.118889,168.129395
-16.111946,168.129669
-16.1002769999999,168.132721
-16.0913889999999,168.138306
-16.089722,168.143311
-16.086113,168.16748
-16.090279,168.182465
-16.093334,168.186646
-16.1013909999999,168.192749
-16.174168,168.21524
---
-16.259167,167.621613
-16.3383329999999,167.743011
-16.340557,167.748016
-16.339443,167.753876
-16.423889,167.822754
-16.428333,167.825256
-16.4575,167.837189
-16.463055,167.838287
-16.467777,167.837463
-16.535,167.772491
-16.536945,167.731903
-16.5233349999999,167.72467
-16.5166659999999,167.717194
-16.502224,167.664978
-16.497776,167.60025
-16.593334,167.494965
-16.577778,167.462463
-16.542225,167.427185
-16.532223,167.41748
-16.3475,167.372192
-16.267223,167.381622
-16.190556,167.376068
-16.125278,167.32663
-16.120556,167.319702
-16.120834,167.313019
-16.127499,167.291931
-16.1300009999999,167.287201
-16.138611,167.281647
-16.1441649999999,167.279968
-16.148888,167.277466
-16.163887,167.250549
-16.168331,167.240784
-16.168888,167.227753
-16.168056,167.224976
-16.148335,167.181091
-16.145279,167.17691
-16.095001,167.151093
-16.085835,167.146637
-16.0744439999999,167.14444
-16.055557,167.143585
-15.9155559999999,167.172485
-15.9038889999999,167.175262
-15.899168,167.177765
-15.891945,167.184692
-15.8761099999999,167.21109
-15.873055,167.222198
-15.8774989999999,167.247742
-15.911667,167.327454
-15.9147219999999,167.331635
-16.0133359999999,167.38858
-16.01778,167.391083
-16.0288889999999,167.393311
-16.035278,167.393585
-16.040558,167.391937
-16.055,167.378021
-16.0600009999999,167.379669
-16.091667,167.399719
-16.110001,167.416656
---
-15.7561109999999,167.195526
-15.75528,167.188873
-15.7516669999999,167.17746
-15.745277,167.162201
-15.715,167.10553
-15.7072219999999,167.091644
-15.700277,167.083862
-15.693056,167.077179
-15.688889,167.074677
-15.678888,167.070801
-15.673056,167.069702
-15.660557,167.069122
-15.654446,167.070251
-15.64889,167.071899
-15.640278,167.077454
-15.633612,167.085236
-15.629166,167.092743
-15.625277,167.10968
-15.62361,167.128571
-15.624443,167.142761
-15.6325,167.210236
-15.6347239999999,167.223022
-15.637779,167.227173
-15.6455549999999,167.233307
-15.650557,167.234955
-15.656944,167.235504
-15.73361,167.236359
-15.738888,167.23468
-15.747778,167.229126
-15.7527789999999,167.220245
-15.755556,167.209137
---
-15.588333,167.251923
-15.586666,167.247742
-15.583611,167.243561
-15.5744439999999,167.239136
-15.546389,167.261108
-15.54389,167.265533
-15.544167,167.271362
-15.546112,167.276917
-15.548889,167.281097
-15.5575009999999,167.286377
-15.5674989999999,167.289978
-15.573889,167.288879
-15.581112,167.281921
-15.586111,167.273041
-15.588055,167.258606
---
-15.6113889999999,167.192749
-15.6075,167.138031
-15.6055549999999,167.128021
-15.601665,167.11969
-15.59861,167.115509
-15.594999,167.112183
-15.59,167.110229
-15.584444,167.112183
-15.5733339999999,167.122192
-15.5425,167.155243
-15.535833,167.16275
-15.533333,167.167206
-15.5297219999999,167.17746
-15.5291669999999,167.190521
-15.531668,167.195526
-15.534445,167.198303
-15.580278,167.21051
-15.5997219999999,167.208008
-15.6044449999999,167.205536
-15.6086099999999,167.202454
---
-15.998333,168.204407
-15.978333,168.183044
-15.890835,168.170258
-15.808056,168.156921
-15.798334,168.153046
-15.781668,168.141937
-15.774168,168.134979
-15.769167,168.133026
-15.738333,168.123291
-15.6819439999999,168.112183
-15.675556,168.111908
-15.6458339999999,168.11496
-15.5977779999999,168.125519
-15.492222,168.15332
-15.498333,168.17691
-15.5283339999999,168.203308
-15.533333,168.205231
-15.578333,168.203308
-15.589167,168.199707
-15.598888,168.194977
-15.604166,168.193298
-15.617498,168.19165
-15.62361,168.191925
-15.742222,168.222748
-15.751945,168.226624
-15.755556,168.22995
-15.768612,168.237732
-15.782778,168.244415
-15.7877789999999,168.246063
-15.859722,168.264435
-15.870832,168.266663
-15.9063889999999,168.268311
-15.929445,168.269135
-15.936388,168.268585
-15.973055,168.263031
-15.994722,168.242188
-15.996666,168.236908
-15.998055,168.210785
---
-15.490833,167.846924
-15.4869439999999,167.7258
-15.4861109999999,167.719421
-15.466944,167.675812
-15.4633329999999,167.672485
-15.4583339999999,167.670532
-15.446945,167.668304
-15.4416679999999,167.670258
-15.4205549999999,167.69165
-15.386389,167.728302
-15.329445,167.791351
-15.319445,167.80304
-15.315834,167.813293
-15.289722,167.904968
-15.286388,167.922485
-15.281389,167.968018
-15.280834,167.97467
-15.283056,167.987457
-15.290001,168.002197
-15.2944449999999,168.0047
-15.3030549999999,168.000824
-15.4188899999999,167.930542
-15.426945,167.924133
-15.444723,167.906647
-15.485832,167.855804
---
-15.266945,167.168579
-15.265278,167.163025
-15.259724,167.161926
-15.2541679999999,167.163605
-15.2516669999999,167.16803
-15.251945,167.171082
-15.2566679999999,167.179413
-15.2616669999999,167.181091
-15.2650009999999,167.180267
-15.2666659999999,167.175262
---
-14.9725,167.13858
-14.972221,167.134155
-14.9699989999999,167.129395
-14.964445,167.118835
-14.9475,167.101898
-14.943611,167.098572
-14.938612,167.096619
-14.932501,167.096344
-14.929167,167.10025
-14.930834,167.105804
-14.933332,167.110779
-14.957777,167.151093
-14.9616659999999,167.154419
-14.968889,167.148865
-14.971388,167.14444
---
-15.396667,168.135803
-15.352777,168.130524
-15.078611,168.106628
-14.951944,168.088867
-14.928333,168.093018
-14.9236109999999,168.09552
-14.9211119999999,168.099976
-14.92,168.105804
-14.9197219999999,168.112183
-14.9213889999999,168.118011
-14.9244439999999,168.122192
-14.933889,168.126617
-14.962778,168.13858
-15.2147219999999,168.190247
-15.238611,168.193298
-15.2516669999999,168.193298
-15.371387,168.192749
-15.3761099999999,168.190521
-15.395279,168.174133
-15.395834,168.169128
---
-15.165001,166.83551
-15.163612,166.907471
-15.163334,166.914154
-15.162222,166.919983
-15.160278,166.924988
-15.156389,166.928314
-15.118332,166.954407
-15.104166,166.961914
-15.087778,166.967194
-15.074722,166.968567
-15.062778,166.967194
-15.020834,166.962738
-14.9538879999999,166.963867
-14.94861,166.96579
-14.944445,166.968842
-14.936111,166.981628
-14.928057,166.994415
-14.9244439999999,167.0047
-14.9252779999999,167.011108
-14.932777,167.040802
-14.945,167.058868
-14.956944,167.049408
-14.9616659999999,167.046936
-14.966944,167.045258
-15.0849989999999,167.065247
-15.133612,167.085236
-15.142778,167.089691
-15.1438899999999,167.092468
-15.1380559999999,167.1008
-15.13389,167.104126
-15.123703,167.107819
-15.121387,167.116364
-15.127222,167.132446
-15.130278,167.136658
-15.13389,167.139984
-15.203565,167.156586
-15.240646,167.153
-15.248443,167.146042
-15.2676149999999,167.158051
-15.273094,167.167114
-15.302223,167.187469
-15.340277,167.171356
-15.4598779999999,167.205521
-15.483055,167.22525
-15.490328,167.241623
-15.500333,167.242065
-15.5242579999999,167.237717
-15.5264329999999,167.229019
-15.516945,167.194977
-15.520343,167.151154
-15.592777,167.087738
-15.595278,167.083313
-15.598055,167.071625
-15.59861,167.064972
-15.598055,167.057739
-15.594166,167.039429
-15.591944,167.034424
-15.588888,167.030273
-15.584444,167.027771
-15.581388,167.02359
-15.580555,166.982452
-15.58,166.941345
-15.579721,166.920258
-15.58,166.913879
-15.582777,166.902771
-15.626389,166.84079
-15.631111,166.838287
-15.642778,166.83551
-15.654446,166.834137
-15.657778,166.830261
-15.660278,166.825806
-15.663055,166.814697
-15.659166,166.796082
-15.655834,166.784698
-15.6463889999999,166.765259
-15.642778,166.761932
-15.433332,166.636658
-15.395555,166.619415
-15.390556,166.617737
-15.384445,166.617462
-15.378887,166.61911
-15.345278,166.62912
-15.325832,166.638306
-15.319721,166.639709
-15.313334,166.640808
-15.262222,166.648315
-15.249166,166.649994
-15.229166,166.650543
-15.015278,166.578308
-14.894445,166.535797
-14.88389,166.532745
-14.862778,166.526917
-14.845833,166.52359
-14.821388,166.521637
-14.7297209999999,166.529144
-14.718332,166.531921
-14.669722,166.545807
-14.658611,166.549408
-14.6538889999999,166.55191
-14.645,166.563873
-14.6244429999999,166.592743
-14.624166,166.599121
-14.6277769999999,166.602448
-14.6580559999999,166.620789
-14.6630549999999,166.622467
-14.679445,166.626617
-14.714167,166.639435
-14.768612,166.675537
-14.786945,166.693024
-14.810833,166.718842
-14.831667,166.732727
-14.86972,166.749695
-14.905834,166.761108
-15.032501,166.786102
-15.06889,166.7883
-15.091667,166.787476
-15.131943,166.794128
-15.137501,166.795258
-15.157501,166.802765
---
-14.326944,167.521088
-14.3244439999999,167.427765
-14.324167,167.421906
-14.321945,167.417206
-14.308056,167.394989
-14.3025,167.39386
-14.295555,167.39444
-14.2325,167.401642
-14.200277,167.405823
-14.183611,167.411102
-14.178888,167.413605
-14.1605569999999,167.444122
-14.1580559999999,167.448578
-14.153334,167.527191
-14.1705549999999,167.583588
-14.172777,167.588287
-14.1941659999999,167.598572
-14.219999,167.597748
-14.2261099999999,167.596619
-14.250278,167.591644
-14.261112,167.588013
-14.309723,167.558014
-14.317499,167.551636
-14.320833,167.548035
-14.3244439999999,167.539154
-14.326666,167.527466
---
-13.951111,167.468292
-13.8975009999999,167.457184
-13.8933329999999,167.454681
-13.886389,167.447205
-13.8561099999999,167.413025
-13.837221,167.38916
-13.833055,167.386658
-13.827223,167.385529
-13.7716669999999,167.387482
-13.766945,167.389709
-13.742222,167.407745
-13.734999,167.414703
-13.731667,167.418579
-13.724167,167.431641
-13.708611,167.464966
-13.706944,167.469971
-13.7066669999999,167.476624
-13.7099989999999,167.487732
-13.718611,167.506653
-13.7469439999999,167.524414
-13.8472209999999,167.577759
-13.860832,167.572754
-13.941668,167.486633
-13.945,167.483032
-13.948334,167.479126
---
-13.6974999999999,167.635254
-13.696945,167.628296
-13.695555,167.625519
-13.691944,167.623566
-13.686388,167.625244
-13.636667,167.667755
-13.6236099999999,167.682739
-13.6216659999999,167.687744
-13.6211109999999,167.700806
-13.6249999999999,167.711365
-13.6294439999999,167.713867
-13.657501,167.716644
-13.664446,167.716064
-13.672501,167.709961
-13.675001,167.705536
---
-13.5625,167.341339
-13.5544449999999,167.313873
-13.544167,167.30304
-13.540556,167.299713
-13.52639,167.293304
-13.513613,167.292755
-13.5083349999999,167.294434
-13.5041679999999,167.297485
-13.49111,167.312744
-13.486944,167.322205
-13.4863869999999,167.328857
-13.489166,167.348572
-13.491388,167.353577
-13.494999,167.356903
-13.525002,167.369415
-13.530001,167.371063
-13.540834,167.367737
-13.545834,167.365234
-13.5536119999999,167.358856
-13.556389,167.356079
-13.56139,167.347198
---
-13.455,166.673035
-13.454721,166.668579
-13.451666,166.664429
-13.425833,166.648865
-13.420834,166.647217
-13.414446,166.648315
-13.409723,166.650818
-13.405556,166.660248
-13.403055,166.678314
-13.405556,166.683319
-13.412222,166.690521
-13.415834,166.694122
-13.4202789999999,166.696625
-13.4308339999999,166.698029
-13.435556,166.695526
-13.449167,166.681091
-13.452499,166.67746
---
-13.381943,166.626617
-13.346111,166.597473
-13.334166,166.596069
-13.332222,166.601349
-13.335278,166.613281
-13.348888,166.635254
-13.3569429999999,166.641357
-13.359999,166.643036
-13.3655549999999,166.644135
-13.376389,166.640808
-13.379721,166.636932
-13.381388,166.631622
---
-13.274445,166.609131
-13.273335,166.602753
-13.2613909999999,166.579407
-13.255835,166.578308
-13.2402759999999,166.576355
-13.234999,166.578033
-13.22611,166.583862
-13.223055,166.587463
-13.221111,166.592743
-13.2174989999999,166.622742
-13.217777,166.629944
-13.219444,166.635529
-13.221666,166.638306
-13.227499,166.639435
-13.240555,166.639435
-13.253056,166.637207
-13.268333,166.62384
-13.2713889999999,166.620239
---
-13.188334,166.554688
-13.187778,166.548859
-13.183889,166.538574
-13.181389,166.5336
-13.1747229999999,166.526093
-13.148056,166.523041
-13.078611,166.516663
-13.073334,166.518311
-13.070555,166.521362
-13.072222,166.534973
-13.0755559999999,166.546082
-13.0780559999999,166.551086
-13.084166,166.559143
-13.091944,166.564972
-13.1216659999999,166.568848
-13.154446,166.571899
-13.183332,166.563599
-13.186388,166.559692
---
