8.64722100000012,106.592484
8.65055500000011,106.579712
8.65222199999999,106.577209
8.68055300000003,106.557747
8.68610999999993,106.555252
8.68888700000002,106.555817
8.70166400000011,106.566383
8.72888600000005,106.591087
8.7305530000001,106.593597
8.75110999999998,106.62915
8.75249899999994,106.631653
8.76388700000001,106.652206
8.76474000000007,106.659378
8.76222000000013,106.663597
8.75972200000001,106.665268
8.75694299999998,106.666382
8.75416600000005,106.665817
8.741941,106.660538
8.648888,106.603043
8.64777800000002,106.600273
---
9.30722000000009,103.49942
9.30166400000013,103.497208
9.29222100000004,103.490257
9.280554,103.477768
9.27833199999998,103.472214
9.27944399999996,103.469437
9.29416500000013,103.463318
9.29721999999992,103.462486
9.29999900000001,103.463608
9.30444299999999,103.467209
9.30972100000008,103.473877
9.31166500000001,103.477768
9.31109599999996,103.479713
9.31444400000009,103.495247
9.31360999999998,103.498596
---
9.528887,106.247467
9.53027700000013,106.24469
9.55638700000003,106.208588
9.56638700000002,106.198578
9.57305300000002,106.193298
9.64194300000003,106.146088
9.68138699999992,106.120796
9.75443799999999,106.088058
9.68583100000012,106.144974
9.63972100000001,106.184128
9.62777499999999,106.196083
9.61499800000007,106.211357
9.60277600000012,106.231918
9.59805299999994,106.247467
9.5949500000001,106.26535
9.59305400000005,106.274979
9.59027499999996,106.280533
9.58694299999996,106.285522
9.58102199999996,106.290047
9.57472000000007,106.29303
9.56305300000002,106.293297
9.55333099999996,106.290802
9.54583199999996,106.286362
9.53555499999999,106.276367
9.53194200000002,106.271637
9.528887,106.262756
---
9.82472000000007,106.540802
9.82527499999998,106.533859
9.82749699999994,106.52803
9.91610900000001,106.434692
9.92805500000009,106.42247
9.93444299999999,106.418579
9.93583100000006,106.421356
9.92611699999992,106.439911
9.925276,106.444122
9.9155540000001,106.466637
9.90222200000011,106.485786
9.85110900000001,106.535248
9.84277500000002,106.54274
9.83777600000008,106.546082
9.83472100000012,106.546921
9.83055300000001,106.546921
9.82777599999997,106.545517
9.82583000000005,106.543579
---
10.2538870000001,106.613861
10.2538870000001,106.617737
10.255833,106.623863
10.2558250000001,106.627167
10.2516650000001,106.64859
10.25,106.655243
10.2474980000001,106.660797
10.2458310000001,106.6633
10.243053,106.664413
10.240553,106.663589
10.239441,106.660797
10.239441,106.654968
10.246943,106.625793
10.2519440000001,106.614693
10.256943,106.586906
10.2572210000001,106.596626
---
10.269444,106.644699
10.270277,106.652191
10.274166,106.664413
10.2788870000001,106.675797
10.279165,106.683296
10.2641660000001,106.737473
10.2616650000001,106.743027
10.258055,106.747467
10.253611,106.751083
10.24472,106.754433
10.2408310000001,106.75415
10.2344420000001,106.752472
10.2319410000001,106.750809
10.2263870000001,106.744423
10.2216640000001,106.733032
10.2208310000001,106.729691
10.221386,106.726067
10.2489990000001,106.6763
10.260324,106.643349
10.26204,106.614868
10.2794440000001,106.537193
10.2872199999999,106.520523
10.29361,106.511642
10.2949980000001,106.51442
10.2963870000001,106.525253
10.2952770000001,106.532204
10.2919669999999,106.53717
10.2813869999999,106.555527
10.2780549999999,106.568588
10.2755550000001,106.582199
10.2738879999999,106.596916
10.269999,106.637192
---
10.249165,104.086906
10.245552,104.086357
10.2216640000001,104.078323
10.080276,104.026382
10.2130530000001,103.963043
10.243887,103.949417
10.273333,103.930267
10.2780549999999,103.926933
10.2836090000001,103.920532
10.2863860000001,103.915268
10.3005540000001,103.878593
10.3005540000001,103.87442
10.299166,103.867477
10.299999,103.864433
10.3108310000001,103.858871
10.362219,103.838043
10.365553,103.837196
10.3694420000001,103.837196
10.373608,103.841087
10.373608,103.848602
10.373608,103.858322
10.4336089999999,103.976913
10.439432,104.01239
10.4016649999999,104.055237
10.3911090000001,104.064682
10.3774970000001,104.075256
10.3677750000001,104.081917
10.3619420000001,104.083862
---
10.32111,107.089691
10.322775,107.087189
10.3272210000001,107.083588
10.3508300000001,107.071373
10.3774970000001,107.062737
10.3805520000001,107.062737
10.383333,107.063858
10.4234960000001,107.156517
10.4586090000001,107.160522
10.4630530000001,107.16275
10.464165,107.164688
10.464165,107.16803
10.4614320000001,107.17215
10.4461100000001,107.191071
10.4349980000001,107.204697
10.432775,107.20636
10.424047,107.206253
10.42222,107.205544
10.32222,107.092468
---
10.3705519999999,106.88858
10.371386,106.885246
10.3741650000001,106.88414
10.4205530000001,106.874969
10.4283310000001,106.874397
10.4802760000001,106.879143
10.503611,106.883873
10.5088880000001,106.884979
10.510555,106.887482
10.5166660000001,106.916924
10.518103,106.927437
10.517221,106.934692
10.516109,106.937469
10.5147210000001,106.940521
10.51111,106.944687
10.500277,106.949982
10.450076,106.940102
10.408888,106.979141
10.4061090000001,106.978027
10.40111,106.966919
10.372219,106.895248
---
10.5033319999999,108.943573
10.506109,108.934128
10.510277,108.930252
10.5136110000001,108.929413
10.538887,108.925522
10.5458320000001,108.926361
10.5502759999999,108.930252
10.5519520000001,108.942719
10.5524980000001,108.944412
10.5519430000001,108.948013
10.5491660000001,108.953308
10.541388,108.957748
10.5180550000001,108.970253
10.514999,108.971359
10.511944,108.971359
10.5091649999999,108.969704
10.506109,108.964691
10.5041660000001,108.958588
---
10.5194440000001,106.897751
10.520832,106.890808
10.5302770000001,106.875793
10.533888,106.871353
10.5383320000001,106.867737
10.5594430000001,106.853027
10.561943,106.851357
10.565275,106.850517
10.5715210000001,106.852837
10.583156,106.868835
10.5955190000001,106.871384
10.607154,106.869926
10.6191529999999,106.861198
10.6255530000001,106.852188
10.635277,106.873291
10.63722,106.87941
10.63611,106.882187
10.6299970000001,106.888031
10.6247200000001,106.890228
10.592775,106.92746
10.5869430000001,106.929138
10.548054,106.931084
10.544722,106.930252
10.5386099999999,106.924408
10.520832,106.904694
---
10.402222,106.841919
10.4027770000001,106.829971
10.4049989999999,106.824417
10.4083330000001,106.819427
10.4405540000001,106.787193
10.4530530000001,106.775528
10.4711090000001,106.761368
10.4813859999999,106.755539
10.490831,106.753036
10.498053,106.752197
10.5547199999999,106.749687
10.5624980000001,106.749977
10.566666,106.75386
10.5691640000001,106.759407
10.571157,106.783028
10.578066,106.786301
10.592609,106.783752
10.6104270000001,106.778664
10.6241650000001,106.77803
10.6449690000001,106.764847
10.6569680000001,106.751389
10.6609680000001,106.753212
10.66317,106.781723
10.6205520000001,106.827187
10.612608,106.8452
10.6038820000001,106.856476
10.5878830000001,106.861198
10.5798839999999,106.855385
10.5766120000001,106.839386
10.5697030000001,106.835747
10.5340689999999,106.85247
10.506109,106.873581
10.5024989999999,106.87413
10.496982,106.868111
10.4704380000001,106.865204
10.4573490000001,106.872833
10.4548030000001,106.86702
10.440259,106.859383
10.408888,106.859413
10.405554,106.858307
10.4036100000001,106.852188
---
12.181942,109.298866
12.1847210000001,109.284988
12.2049980000001,109.256378
12.208887,109.252213
12.2194420000001,109.246643
12.2247199999999,109.244141
12.227497,109.245247
12.2280539999999,109.248871
12.2277760000001,109.297493
12.2272209999999,109.301086
12.222775,109.323883
12.221088,109.331482
12.218054,109.337486
12.2002749999999,109.343597
12.196665,109.343872
12.1938880000001,109.342758
12.187777,109.332764
---
12.3491649999999,109.390823
12.34972,109.387207
12.3558310000001,109.384987
12.3669410000001,109.385269
12.3669410000001,109.388603
12.3652530000001,109.388947
12.364164,109.390549
12.356665,109.395538
12.353052,109.394989
12.3502750000001,109.3936
---
16.3463859999999,107.914146
16.346664,107.907211
16.3505520000001,107.887497
16.35944,107.866928
16.3633310000001,107.863037
16.545551,107.684143
16.572613,107.661217
16.5683289999999,107.671097
16.5655520000001,107.676376
16.551109,107.699417
16.4997180000001,107.768051
16.4902730000001,107.779427
16.3641620000001,107.920822
16.3577730000001,107.922493
16.3547170000001,107.922211
16.349442,107.919434
---
20.126942,107.726929
20.129162,107.713043
20.1319390000001,107.711647
20.13472,107.713043
20.138329,107.717758
20.1383970000001,107.719673
20.143887,107.731369
20.144997,107.734421
20.1444400000001,107.738312
20.140553,107.738312
20.130276,107.732208
20.127773,107.73027
---
20.7974970000001,107.375809
20.8099980000001,107.343323
20.8372189999999,107.333878
20.840275,107.333054
20.84444,107.333054
20.846664,107.334991
20.8474959999999,107.338318
20.8463860000001,107.34137
20.843937,107.342712
20.8241650000001,107.382477
20.820553,107.382751
20.801388,107.380257
20.7991640000001,107.378311
---
20.703884,107.04776
20.7322159999999,106.994431
20.7352710000001,106.989151
20.747494,106.972214
20.7944410000001,106.920532
20.8197170000001,106.909149
20.8252750000001,106.907494
20.8288840000001,106.907211
20.8322180000001,106.908043
20.834396,106.910599
20.836384,106.912773
20.839996,106.921921
20.8511090000001,106.963608
20.8574980000001,107.014427
20.8577730000001,107.026932
20.856106,107.033867
20.8544430000001,107.036377
20.8144420000001,107.087769
20.8016620000001,107.099716
20.797218,107.103317
20.7297169999999,107.069717
20.727493,107.068047
---
20.8522190000001,106.750549
20.8530500000001,106.747208
20.856915,106.741386
20.8577730000001,106.738586
20.8674960000001,106.719147
20.870831,106.719147
20.8733290000001,106.720833
20.8744390000001,106.731659
20.871109,106.741089
20.869442,106.743591
20.864998,106.747482
20.85722,106.751938
20.8541640000001,106.752777
---
20.78611,106.861649
20.7869420000001,106.854156
20.7902760000001,106.848877
20.794163,106.844711
20.81583,106.833878
20.821384,106.831383
20.840485,106.827797
20.8408319999999,106.814423
20.844162,106.791931
20.845829,106.781097
20.8472180000001,106.778053
20.852497,106.770828
20.8677750000001,106.761108
20.8705709999999,106.760239
20.8744390000001,106.760269
20.88055,106.762497
20.919994,106.779427
20.922497,106.781372
20.924717,106.787201
20.9241640000001,106.791092
20.918606,106.810806
20.916107,106.816673
20.9052730000001,106.830833
20.898331,106.83638
20.854603,106.854485
20.844162,106.863602
20.7994419999999,106.892761
20.7961079999999,106.8936
20.790554,106.886658
20.78722,106.873306
---
20.9341620000001,106.9422
20.934719,106.938309
20.936939,106.932213
20.9411050000001,106.92804
20.944717,106.927467
20.9466630000001,106.929703
20.9442670000001,106.940689
20.939438,106.947746
20.9363819999999,106.948029
---
20.821384,107.464706
20.864719,107.486366
20.964439,107.551376
20.9661060000001,107.554153
20.964439,107.556641
20.9582560000001,107.55835
20.940273,107.554428
20.918053,107.545532
20.839165,107.488586
---
20.9646720000001,106.894379
20.964718,106.897491
20.9605520000001,106.910263
20.9572180000001,106.915268
20.954441,106.916656
20.952774,106.913879
20.954441,106.905548
20.95694,106.899429
20.961105,106.891663
20.9655490000001,106.888046
20.966663,106.890823
20.9655490000001,106.893883
---
20.9422190000001,107.457207
20.943886,107.454712
20.9502720000001,107.454987
20.9674949999999,107.462196
20.9716340000001,107.467148
20.9733280000001,107.468872
20.9722180000001,107.476089
20.9697150000001,107.477768
20.9661060000001,107.478317
20.954441,107.473312
20.947495,107.468048
20.9422190000001,107.460823
---
20.95055,106.745529
20.9547160000001,106.695534
20.9566610000001,106.688873
20.9586070000001,106.68692
20.971107,106.681091
20.9774930000001,106.679428
20.980274,106.680542
20.9811060000001,106.684143
20.9799960000001,106.687187
20.979156,106.685287
20.9619410000001,106.742203
20.9586070000001,106.751663
20.9566610000001,106.753883
20.953606,106.75499
20.950829,106.753601
---
20.9344410000001,107.741364
20.9355510000001,107.737762
20.939163,107.737488
21.0005530000001,107.736649
21.007774,107.736649
21.0130540000001,107.7397
21.016991,107.743767
21.019165,107.747757
21.017498,107.753601
21.0008320000001,107.774429
20.9933280000001,107.783333
20.987217,107.789703
20.9844400000001,107.790817
20.9819370000001,107.790817
20.964439,107.777771
20.95055,107.766937
20.948605,107.764709
20.937218,107.746933
---
20.892773,107.40387
20.8930510000001,107.399719
20.8941610000001,107.396652
20.8966640000001,107.394989
20.8986049999999,107.395264
20.9261950000001,107.448944
20.9469830000001,107.476723
20.9731880000001,107.48423
21.012671,107.502403
21.0252760000001,107.52388
21.037777,107.550812
21.0380520000001,107.554428
21.033844,107.559563
20.926662,107.518333
20.922497,107.514427
20.918053,107.506378
20.913052,107.494713
20.9044420000001,107.469711
20.9030490000001,107.462769
---
21.0355530000001,107.861099
21.0322190000001,107.861923
21.0211110000001,107.862488
21.0186080000001,107.860809
20.99305,107.835274
20.9830510000001,107.824432
20.9811060000001,107.818047
20.9819370000001,107.814423
20.986938,107.806931
20.9902730000001,107.806091
20.9933280000001,107.806931
21.0086100000001,107.812187
21.011387,107.813599
21.034996,107.8311
21.036942,107.837486
21.036087,107.839256
21.0386090000001,107.845261
21.0391650000001,107.848602
21.0391650000001,107.856369
21.037777,107.859421
---
20.9730490000001,107.569992
20.973885,107.566673
20.975826,107.564423
20.9808270000001,107.561096
21.0205539999999,107.567207
21.0769419999999,107.58638
21.0852740000001,107.590271
21.0874980000001,107.592209
21.1178360000001,107.620743
21.0733300000001,107.608871
20.982494,107.581383
20.977219,107.578323
---
21.128052,107.510269
21.129997,107.508041
21.133331,107.509163
21.142773,107.51944
21.1430320000001,107.521149
21.1463850000001,107.525818
21.1469420000001,107.529427
21.145828,107.532211
21.1430510000001,107.531937
21.140553,107.530273
21.131107,107.518883
21.1283300000001,107.513321
---
21.04583,107.380257
21.050274,107.376373
21.0794409999999,107.375259
21.0830540000001,107.375809
21.235271,107.444702
21.27142,107.471947
21.2244380000001,107.523613
21.2197150000001,107.601089
21.2188840000001,107.604431
21.2161060000001,107.60582
21.2130510000001,107.60498
21.2052730000001,107.600273
21.1911050000001,107.584991
21.1557010000001,107.540405
21.1496960000001,107.511436
21.1293390000001,107.501778
21.0894389999999,107.463043
21.052219,107.40387
21.0463870000001,107.383881
---
21.3036080000001,107.710823
21.3052750000001,107.708328
21.3083310000001,107.709152
21.3124960000001,107.713608
21.3542100000001,107.794724
21.356663,107.795822
21.358608,107.798027
21.3613850000001,107.803589
21.3616640000001,107.810806
21.360828,107.814423
21.356384,107.818047
21.35305,107.818878
21.3502730000001,107.818604
21.347775,107.81694
21.3358309999999,107.795532
21.311108,107.748871
21.3088870000001,107.742752
---
21.3697170000001,107.950272
21.364162,107.933319
21.364162,107.89444
21.3686070000001,107.829163
21.371384,107.828598
21.375275,107.833054
21.3802759999999,107.844711
21.383053,107.854713
21.3855510000001,107.868874
21.3830070000001,107.870323
21.4005510000001,107.959427
21.4013860000001,107.975273
21.3991620000001,107.993591
21.3980520000001,107.996643
21.3947180000001,107.996643
---
23.054165,105.621643
23.0569420000001,105.627197
23.0624960000001,105.634163
23.065273,105.639977
23.0661090000001,105.647774
23.0238880000001,105.761932
23.016388,105.775269
23.004719,105.788879
22.9563830000001,105.835823
22.926662,105.859993
22.9138830000001,105.867477
22.910275,105.872482
22.9094390000001,105.879967
22.909996,105.884163
22.935829,105.987198
22.9405520000001,105.995529
22.946384,106.001938
22.9592360000001,106.009453
22.971107,106.008041
22.9788820000001,106.008614
22.983051,106.012497
22.9847179999999,106.015266
22.98555,106.0186
22.990829,106.075272
22.990829,106.079712
22.988605,106.13472
22.9769400000001,106.188026
22.974716,106.194427
22.9719390000001,106.199997
22.960274,106.217758
22.9508290000001,106.229431
22.9386060000001,106.237488
22.9149970000001,106.250816
22.908886,106.253052
22.9013860000001,106.253326
22.891384,106.251099
22.888329,106.24971
22.881107,106.248871
22.8741650000001,106.25
22.8719410000001,106.251663
22.866665,106.259163
22.864162,106.265266
22.8586080000001,106.284988
22.855553,106.303589
22.8533290000001,106.336929
22.8533290000001,106.345543
22.890553,106.473602
22.897495,106.496094
22.901939,106.5
22.904716,106.501389
22.9186060000001,106.503601
22.9277730000001,106.506653
22.932495,106.510269
22.934719,106.516388
22.9352720000001,106.520264
22.932774,106.530548
22.913609,106.592484
22.868885,106.698593
22.8649980000001,106.707207
22.821941,106.757492
22.8030510000001,106.77832
22.7638850000001,106.787491
22.63055,106.717484
22.6141620000001,106.638603
22.6155510000001,106.635536
22.615829,106.631653
22.614719,106.61998
22.612495,106.614151
22.606941,106.607208
22.6044430000001,106.605263
22.595829,106.601929
22.456821,106.551712
22.4313850000001,106.553307
22.4149509999999,106.557129
22.35722,106.560532
22.353886,106.561371
22.3458290000001,106.565536
22.3402750000001,106.572487
22.337498,106.578049
22.3333320000001,106.595261
22.3288840000001,106.616379
22.3286090000001,106.620819
22.331108,106.635536
22.331108,106.647491
22.3286090000001,106.653587
22.32444,106.658333
22.2224959999999,106.695824
22.2191619999999,106.695824
22.2127720000001,106.689697
22.2108270000001,106.687477
22.207771,106.67804
22.206661,106.670532
22.2027740000001,106.666382
22.1994400000001,106.665268
22.174717,106.668587
22.03083,106.693314
21.9997180000001,106.737488
21.97916,106.863312
21.970551,106.901657
21.941662,107.013046
21.9366610000001,107.02916
21.931664,107.036926
21.925827,107.04332
21.9208300000001,107.046654
21.9072189999999,107.049149
21.899998,107.048317
21.8941610000001,107.046097
21.8819389999999,107.037773
21.865273,107.021103
21.852776,107.015549
21.8463860000001,107.013611
21.8349949999999,107.013046
21.8288840000001,107.015266
21.822498,107.020264
21.8155520000001,107.030273
21.7147180000001,107.206383
21.708328,107.220833
21.705273,107.243591
21.706104,107.251389
21.7119410000001,107.258041
21.717495,107.260536
21.7222179999999,107.26416
21.726105,107.273041
21.7308269999999,107.289429
21.731663,107.293053
21.7311060000001,107.301376
21.7238850000001,107.310532
21.6852719999999,107.338043
21.677494,107.342758
21.6622160000001,107.348328
21.6052629999999,107.362732
21.5983310000001,107.38472
21.586384,107.527481
21.586384,107.536102
21.6099970000001,107.660263
21.624996,107.703873
21.62944,107.716377
21.6405530000001,107.734154
21.6488840000001,107.742477
21.652496,107.747208
21.6599960000001,107.764999
21.6669390000001,107.783051
21.653885,107.849152
21.6508289999999,107.858597
21.6474949999999,107.863876
21.6388850000001,107.871643
21.5888860000001,107.916656
21.5533290000001,107.938873
21.546108,107.943863
21.541943,107.948029
21.5363850000001,107.959152
21.5355530000001,107.966927
21.535831,107.970833
21.5424120000001,107.990021
21.539345,107.997849
21.5213850000001,108.0336
21.491383,108.068329
21.481937,108.060257
21.437775,107.937187
21.438606,107.930542
21.44194,107.920822
21.446941,107.917213
21.4533269999999,107.915817
21.463882,107.914429
21.468884,107.914429
21.4783290000001,107.925812
21.4805490000001,107.927467
21.484161,107.92804
21.493885,107.925812
21.517498,107.916656
21.5227740000001,107.914146
21.531666,107.89444
21.532776,107.891098
21.532497,107.887772
21.526108,107.856369
21.524998,107.853317
21.477219,107.794434
21.391941,107.704437
21.2952770000001,107.599991
21.291386,107.594711
21.2891650000001,107.584427
21.2894400000001,107.482483
21.290554,107.479156
21.295551,107.471649
21.3036080000001,107.467209
21.309719,107.465271
21.3136100000001,107.461113
21.325829,107.41832
21.3261070000001,107.414703
21.265274,107.366928
21.1883280000001,107.356369
21.185551,107.357758
21.1811070000001,107.361923
21.174438,107.375259
21.138885,107.382202
21.131107,107.382751
21.1041530000001,107.372063
21.0858820000001,107.368408
21.0576950000001,107.362663
21.029163,107.371368
21.0222210000001,107.36998
21.0163880000001,107.363602
21.0094410000001,107.353867
21.005554,107.344711
21.0038870000001,107.337769
21.0041660000001,107.311096
21.00222,107.262497
21.0008320000001,107.25499
20.993885,107.232208
20.9249950000001,107.154427
20.9452740000001,107.078873
20.9477730000001,107.073318
20.951939,107.069153
20.9580500000001,107.06694
20.964439,107.068878
20.981663,107.080551
20.9908290000001,107.088043
21.0105550000001,107.109421
21.0152740000001,107.117477
21.020832,107.132477
21.0338859999999,107.149147
21.0372200000001,107.149719
21.0394400000001,107.148331
21.0405540000001,107.144989
21.0363849999999,107.132477
20.9966620000001,107.037201
20.9505620000001,107.014648
20.9455490000001,106.977768
20.9533769999999,106.941467
20.9667470000001,106.908394
20.9913750000001,106.883759
20.9850430000001,106.86969
20.960413,106.870392
20.9498580000001,106.8908
20.934378,106.921059
20.904821,106.942871
20.9027120000001,106.882355
20.871109,106.86499
20.870831,106.862198
20.871662,106.858322
20.916784,106.835915
20.9357850000001,106.775391
20.961105,106.790817
20.960274,106.794144
20.960274,106.806931
20.9608269999999,106.810532
20.9622150000001,106.813309
20.968052,106.824158
20.9719390000001,106.828598
20.9774930000001,106.826103
21.0116650000001,106.809708
21.0252760000001,106.794708
21.0269430000001,106.78804
21.0244410000001,106.65332
21.0230520000001,106.646378
21.021385,106.643883
21.0174830000001,106.64357
21.0116650000001,106.662491
21.0049970000001,106.676651
21.0019420000001,106.682213
20.9822270000001,106.667023
20.9540809999999,106.679695
20.9442290000001,106.70784
20.9352720000001,106.758041
20.932495,106.75972
20.8865260000001,106.741615
20.876675,106.695877
20.840275,106.743042
20.799721,106.725273
20.740551,106.779984
20.6991620000001,106.776932
20.6413840000001,106.686096
20.6355510000001,106.675537
20.626385,106.650543
20.6255530000001,106.647491
20.6258280000001,106.643051
20.6325909999999,106.597214
20.590832,106.623032
20.347496,106.584991
20.337498,106.583054
20.2897190000001,106.569443
20.2838860000001,106.566673
20.2847210000001,106.562759
20.311951,106.523201
20.299667,106.495506
20.3011089999999,106.526657
20.299164,106.533051
20.296387,106.538589
20.292221,106.542763
20.2736090000001,106.557213
20.2705540000001,106.558029
20.2672200000001,106.556931
20.2419400000001,106.529984
20.2383270000001,106.525269
20.2255520000001,106.504707
20.2152710000001,106.481369
20.209995,106.466087
20.2072180000001,106.4561
20.1641619999999,106.344994
20.1497190000001,106.338882
20.1283300000001,106.324997
20.0094409999999,106.207489
19.989716,106.179428
19.9830510000001,106.169708
19.9786070000001,106.161377
19.975826,106.151657
19.9652710000001,106.111923
19.964996,106.108032
19.967773,106.102768
19.969994,106.100807
19.977219,106.099991
19.990551,106.103043
20.0288770000001,106.1119
19.966663,106.085274
19.9602740000001,106.079163
19.959438,106.075821
19.960552,106.068329
19.9855500000001,106.039146
19.9908940000001,106.033997
19.9908290000001,106.025269
19.9341620000001,105.964996
19.9277729999999,105.959152
19.9208300000001,105.954163
19.909439,105.948868
19.793053,105.912773
19.601109,105.808594
19.5727730000001,105.81749
19.566387,105.819153
19.551662,105.817757
19.45583,105.804153
19.402218,105.786926
19.3941610000001,105.782761
19.356384,105.789146
19.2742229999999,105.806427
19.2263830000001,105.742752
19.0699960000001,105.646652
19.059441,105.640823
19.0038870000001,105.610527
18.977219,105.613876
18.89555,105.633041
18.8905530000001,105.636383
18.8849950000001,105.643333
18.884163,105.644989
18.8833310000001,105.651657
18.8608280000001,105.689697
18.8524970000001,105.702209
18.785831,105.746368
18.769997,105.755257
18.760555,105.757767
18.6905520000001,105.758331
18.678883,105.757767
18.67305,105.755547
18.662495,105.74971
18.6724970000001,105.771378
18.6711080000001,105.794144
18.621384,105.813309
18.5927730000001,105.826103
18.563053,105.841087
18.518608,105.870247
18.499161,105.883614
18.4722180000001,105.908867
18.316109,106.056091
18.2941630000001,106.083054
18.270275,106.113037
18.2649990000001,106.142212
18.263332,106.157494
18.259998,106.166656
18.2147180000001,106.252487
18.19944,106.270264
18.0380520000001,106.443863
18.015274,106.457764
18.003887,106.466927
17.976383,106.489433
17.971939,106.493317
17.956112,106.509918
17.878609,106.457207
17.867218,106.450272
17.844997,106.444702
17.7416610000001,106.424988
17.6911050000001,106.49498
17.5527760000001,106.586647
17.466938,106.642761
17.3997190000001,106.698868
17.349163,106.747482
17.3374979999999,106.760269
17.288887,106.821663
17.2002720000001,106.939972
17.144997,107.018051
17.119717,107.054977
17.1133310000001,107.064987
17.108036,107.078964
17.106384,107.083328
17.088329,107.111099
17.0847210000001,107.115807
17.0780530000001,107.121368
17.0724980000001,107.123871
17.066109,107.125526
17.011944,107.129967
16.896664,107.179153
16.8747180000001,107.19165
16.7891650000001,107.342758
16.6891670000001,107.469711
16.6363830000001,107.544708
16.6216620000001,107.535538
16.6316640000001,107.516388
16.650551,107.476379
16.654716,107.463608
16.6558299999999,107.45665
16.655294,107.449112
16.64448,107.444435
16.639164,107.447197
16.6374970000001,107.449707
16.606106,107.500816
16.6030500000001,107.506378
16.6011090000001,107.512497
16.5949970000001,107.548599
16.5805510000001,107.594147
16.5149990000001,107.698318
16.513332,107.700821
16.384441,107.826103
16.374996,107.816673
16.384441,107.801086
16.3841629999999,107.794144
16.38055,107.789429
16.3733290000001,107.788589
16.3608280000001,107.790543
16.3152729999999,107.808594
16.312775,107.810257
16.304718,107.818604
16.293888,107.836929
16.278053,107.882751
16.278332,107.896378
16.2786100000001,107.900269
16.280552,107.906647
16.2888870000001,107.923027
16.2952769999999,107.928864
16.3036080000001,107.932747
16.310276,107.934143
16.3263850000001,107.934418
16.333885,107.969711
16.3241650000001,108.026657
16.311665,108.048027
16.2488819999999,108.087196
16.1991620000001,108.188583
16.1842990000001,108.164871
16.1599959999999,108.145828
16.1552730000001,108.142487
16.1469420000001,108.138321
16.136383,108.136658
16.1191640000001,108.13916
16.0002749999999,108.198318
15.9980530000001,108.200546
15.9991650000001,108.207489
16.0302730000001,108.235092
16.033941,108.238419
16.064775,108.230927
16.083885,108.236366
16.133884,108.232208
16.1513860000001,108.2397
16.154163,108.241089
16.1552730000001,108.243874
16.156662,108.261658
16.150829,108.329163
16.149998,108.332489
16.14555,108.33638
16.131664,108.342758
16.128609,108.343597
16.1224980000001,108.34137
16.1119419999999,108.318878
16.1058310000001,108.305542
16.106384,108.301651
16.1058310000001,108.298027
16.0999980000001,108.265266
16.095276,108.261658
16.0647180000001,108.264107
16.05772,108.263763
16.051052,108.264107
16.035053,108.267441
16.0295520000001,108.269104
16.02322,108.271439
15.9824980000001,108.283051
15.9677750000001,108.292763
15.9483320000001,108.305817
15.8061080000001,108.42276
15.637777,108.525818
15.4822200000001,108.624977
15.4111100000001,108.732758
15.39595,108.758904
15.427221,108.800262
15.423054,108.828049
15.4208320000001,108.830276
15.2813870000001,108.882751
15.132774,108.89415
15.0008320000001,108.928589
14.952221,108.948318
14.8980540000001,108.970543
14.8652740000001,108.986099
14.8363860000001,109.001663
14.8202759999999,109.011108
14.8183309999999,109.013046
14.7274970000001,109.076927
14.718887,109.080551
14.6783310000001,109.09166
14.666666,109.091927
14.641394,109.080276
14.5483320000001,109.078598
14.405832,109.123871
14.330276,109.157211
14.2958320000001,109.184143
14.285831,109.190262
14.237776,109.204437
14.120275,109.214157
14.028887,109.255257
14.0216659999999,109.258331
14.01222,109.261108
13.8644430000001,109.304428
13.8255540000001,109.306374
13.764444,109.30748
13.749441,109.30304
13.7466640000001,109.301651
13.7458310000001,109.298317
13.7508320000001,109.271652
13.7519439999999,109.268883
13.7541660000001,109.266663
13.756943,109.265549
13.810276,109.262497
13.81361,109.263611
13.82111,109.268333
13.8241650000001,109.268333
13.87583,109.260269
13.8783300000001,109.258614
13.889999,109.250267
13.891666,109.247757
13.892221,109.244141
13.8905540000001,109.241653
13.885555,109.238586
13.816109,109.218048
13.737219,109.224152
13.7230530000001,109.226089
13.709997,109.229156
13.697042,109.234512
13.6383319999999,109.236649
13.5552769999999,109.256653
13.4919410000001,109.251663
13.4908310000001,109.248871
13.48222,109.236923
13.4799980000001,109.235527
13.441942,109.22998
13.4086090000001,109.228867
13.1380540000001,109.301086
13.10972,109.312759
13.1072199999999,109.314423
13.0202770000001,109.373596
12.989719,109.395538
12.9802759999999,109.402481
12.972498,109.410812
12.969164,109.415817
12.9597210000001,109.426651
12.950275,109.437477
12.9094430000001,109.463318
12.8933320000001,109.466377
12.889999,109.466377
12.8772200000001,109.465271
12.858332,109.461929
12.8552760000001,109.461113
12.8530520000001,109.459152
12.842497,109.437187
12.8422200000001,109.433594
12.8430540000001,109.430267
12.8449969999999,109.428307
12.8622190000001,109.415543
12.821386,109.370529
12.6852759999999,109.231087
12.678055,109.226089
12.6333330000001,109.197479
12.629719,109.197197
12.5774970000001,109.196091
12.545277,109.206383
12.5022220000001,109.252777
12.460554,109.299149
12.397499,109.346649
12.394165,109.347488
12.390554,109.346939
12.373608,109.337486
12.3716640000001,109.335274
12.346109,109.304153
12.344997,109.301086
12.3455519999999,109.297493
12.356386,109.275543
12.3580530000001,109.273041
12.363331,109.270264
12.373331,109.2686
12.37583,109.266937
12.398609,109.24942
12.4288859999999,109.222763
12.432775,109.218872
12.4563870000001,109.185257
12.4577750000001,109.182213
12.459442,109.167763
12.4588870000001,109.164429
12.453609,109.157211
12.435555,109.145538
12.4322200000001,109.146103
12.424999,109.150818
12.400831,109.171371
12.3236080000001,109.216087
12.27861,109.211647
12.1066650000001,109.204712
12.0986080000001,109.204437
12.0852760000001,109.207207
11.892498,109.269989
11.934998,109.225807
11.9797190000001,109.225807
11.9830530000001,109.22554
11.9863850000001,109.224701
12.1172199999999,109.189972
12.1197189999999,109.188583
12.121386,109.186096
12.122498,109.183319
12.1227740000001,109.179153
12.1205519999999,109.173309
12.1169409999999,109.168869
12.108053,109.165268
12.101387,109.165543
12.050276,109.1772
12.0397209999999,109.182747
12.0244430000001,109.200272
12.013611,109.205261
12.003611,109.207207
11.9786090000001,109.209152
11.953331,109.201927
11.9377770000001,109.197197
11.9277760000001,109.190811
11.921387,109.184982
11.901388,109.164429
11.899443,109.158333
11.9019430000001,109.148041
11.899443,109.142212
11.8955540000001,109.138046
11.879442,109.129967
11.864719,109.12442
11.856941,109.123306
11.8482300000001,109.123367
11.792776,109.193314
11.756109,109.2211
11.7019419999999,109.209152
11.6311090000001,109.181374
11.62833,109.179977
11.567776,109.135536
11.5669420000001,109.133041
11.578331,109.079163
11.5805530000001,109.069153
11.583054,109.063309
11.586386,109.058594
11.5899980000001,109.054153
11.5944420000001,109.050537
11.603331,109.046944
11.5780540000001,109.037491
11.5147210000001,109.021927
11.4449980000001,109.017761
11.3983330000001,109.015549
11.388332,109.017487
11.376663,109.021652
11.364164,109.024986
11.36083,109.024986
11.357775,109.024147
11.353331,109.021103
11.344442,109.009987
11.318888,108.974991
11.31222,108.965271
11.3080540000001,108.957489
11.306665,108.950821
11.306942,108.938583
11.309721,108.929428
11.318609,108.905258
11.334713,108.867996
11.332499,108.854156
11.3183310000001,108.812759
11.3161089999999,108.806923
11.2824989999999,108.764687
11.1888870000001,108.671913
11.1883319999999,108.657204
11.1816650000001,108.583588
11.1547199999999,108.539413
11.1441650000001,108.525528
11.132219,108.513031
11.120552,108.5047
11.102497,108.493584
11.094721,108.48941
11.0830540000001,108.484703
10.9488870000001,108.251083
10.949165,108.238861
10.9477770000001,108.223862
10.9466650000001,108.216919
10.9258310000001,108.135529
10.918888,108.118301
10.913054,108.108017
10.9008309999999,108.091919
10.8886110000001,108.079971
10.8791640000001,108.073303
10.8447210000001,108.054962
10.807499,108.043297
10.76972,108.032753
10.736385,108.017197
10.709721,108.003311
10.6991650000001,107.997742
10.6983320000001,107.994423
10.7047200000001,107.959137
10.7066649999999,107.952759
10.7111090000001,107.944962
10.7169420000001,107.930527
10.718609,107.919968
10.71833,107.899979
10.717497,107.88887
10.7155530000001,107.878853
10.699442,107.834137
10.6947210000001,107.822197
10.685555,107.811081
10.66972,107.798859
10.6619430000001,107.790527
10.6516650000001,107.776367
10.6391660000001,107.756088
10.572388,107.586639
10.519999,107.538857
10.506943,107.52359
10.499165,107.511368
10.474165,107.459702
10.4680539999999,107.445801
10.465553,107.436081
10.4458310000001,107.328857
10.405487,107.28775
10.376129,107.26619
10.3973110000001,107.229034
10.4374980000001,107.212189
10.475721,107.172173
10.467546,107.132782
10.495275,107.053574
10.531111,107.034973
10.6066720000001,107.028023
10.6221670000001,107.025414
10.6241670000001,107.025085
10.6361670000001,107.022415
10.6388330000001,107.020248
10.6571660000001,106.999748
10.6571660000001,106.997749
10.654333,106.997253
10.6521660000001,106.99691
10.648167,106.997749
10.6213340000001,107.010078
10.591665,107.020813
10.588331,107.021637
10.5391650000001,107.0233
10.53722,107.022751
10.5336090000001,107.018311
10.5336090000001,107.011093
10.5402759999999,107.001373
10.543055,107.000259
10.569998,106.991638
10.5736080000001,106.992188
10.578331,106.995506
10.5838870000001,106.998016
10.6124970000001,106.998306
10.617775,106.996353
10.619442,106.993851
10.6197190000001,106.991074
10.617496,106.98941
10.6013870000001,106.985237
10.5691640000001,106.981918
10.5616650000001,106.981354
10.558036,106.981926
10.527498,106.995506
10.5136110000001,106.992462
10.498053,106.979691
10.4766200000001,106.974281
10.466075,106.961189
10.4791640000001,106.958862
10.507526,106.960464
10.529999,106.940247
10.5672210000001,106.93219
10.570831,106.931923
10.5769420000001,106.934128
10.581665,106.937469
10.5855470000001,106.941528
10.587498,106.943573
10.5902750000001,106.944122
10.5936090000001,106.943298
10.598331,106.939957
10.6313860000001,106.904137
10.645554,106.882736
10.646387,106.875237
10.66972,106.79274
10.6805520000001,106.763031
10.6699980000001,106.744133
10.668331,106.741638
10.666388,106.739693
10.660831,106.737183
10.657499,106.737183
10.651943,106.73941
10.6422210000001,106.749977
10.639843,106.754013
10.63722,106.756927
10.6344429999999,106.758034
10.5911080000001,106.770813
10.587498,106.770248
10.577338,106.749573
10.5606130000001,106.738304
10.541342,106.734665
10.513054,106.736359
10.51111,106.734131
10.497708,106.682671
10.4908000000001,106.662308
10.459997,106.631348
10.429691,106.591553
10.4372200000001,106.616913
10.4705520000001,106.729424
10.4713859999999,106.732468
10.4694420000001,106.738571
10.3958319999999,106.789688
10.386944,106.79274
10.3797190000001,106.793579
10.3141650000001,106.794693
10.3063870000001,106.794693
10.285276,106.789688
10.277498,106.784698
10.2755550000001,106.782471
10.272776,106.777191
10.271387,106.770813
10.290869,106.687622
10.279999,106.65303
10.2802770000001,106.649406
10.288887,106.573868
10.3052840000001,106.535927
10.301165,106.49543
10.308054,106.457748
10.311384,106.424316
10.309443,106.424973
10.2994420000001,106.438858
10.282499,106.46637
10.2738879999999,106.486359
10.2436079999999,106.578857
10.235554,106.603577
10.220276,106.65358
10.211388,106.689407
10.206108,106.702759
10.159443,106.790527
10.155832,106.794968
10.1533320000001,106.796631
10.1324980000001,106.803574
10.125275,106.803574
10.1222190000001,106.80275
10.116941,106.799973
10.0847210000001,106.779694
10.079998,106.776367
9.97083099999998,106.652473
9.96916400000009,106.649979
9.96832999999998,106.646927
9.97221900000005,106.613022
9.97444199999995,106.599136
9.97749699999997,106.590263
10.033888,106.48941
10.0402760000001,106.479691
10.055553,106.46637
10.14361,106.400528
10.155832,106.392754
10.176664,106.381638
10.201109,106.370239
10.2108309999999,106.363586
10.2216640000001,106.354424
10.2377760000001,106.338303
10.2449970000001,106.329422
10.2494409999999,106.32164
10.2552780000001,106.306923
10.256943,106.296631
10.256943,106.292473
10.2508320000001,106.290527
10.1263870000001,106.383034
10.1174960000001,106.390259
10.0524980000001,106.446907
10.007776,106.490799
10.000555,106.499687
9.9977760000001,106.504967
9.99333000000013,106.516647
9.99083100000013,106.526642
9.97472000000005,106.566933
9.91194300000012,106.670242
9.90860900000013,106.675247
9.89860900000014,106.685242
9.88916600000005,106.691643
9.88333300000005,106.694122
9.87277400000005,106.694412
9.86916400000013,106.693848
9.86360900000005,106.691353
9.84472100000011,106.678017
9.83972,106.670807
9.81138800000008,106.618027
9.80888700000008,106.612183
9.80833200000001,106.608856
9.8094430000001,106.602188
9.81194299999999,106.596359
9.81666599999994,106.589142
9.917642,106.486855
9.9392620000001,106.439491
9.97555399999993,106.385246
10.064999,106.293579
10.111664,106.254967
10.1438880000001,106.230797
10.1619430000001,106.212753
10.2072200000001,106.165527
10.2216640000001,106.147751
10.2374970000001,106.123016
10.2386090000001,106.120239
10.238331,106.117188
10.234068,106.114807
10.164165,106.164413
10.058054,106.273033
10.043888,106.287193
10.0352760000001,106.294418
10.023609,106.30275
10.0186100000001,106.306084
10.010487,106.308632
9.9977760000001,106.324417
9.87638700000002,106.453033
9.81944300000004,106.50415
9.74360800000005,106.568863
9.73916400000007,106.572479
9.72777600000001,106.577187
9.71666499999992,106.578033
9.67083200000002,106.580544
9.65610900000007,106.579147
9.64055400000001,106.574692
9.63249799999994,106.570534
9.58360899999997,106.54303
9.566666,106.525528
9.55360999999994,106.510246
9.54916599999996,106.502762
9.5463870000001,106.493301
9.53194200000002,106.421913
9.53083200000003,106.414978
9.53111100000001,106.403313
9.53360900000013,106.393593
9.62305300000008,106.256363
9.6391660000001,106.23497
9.78277600000007,106.075531
9.79138799999993,106.067749
9.82860900000014,106.035522
9.84555200000011,106.023857
9.86999700000013,106.008324
9.90472000000005,105.983032
9.91749800000002,105.971359
9.92948700000005,105.955109
9.96416499999998,105.914688
9.96860899999996,105.906921
10.003611,105.832748
10.006109,105.827187
10.004224,105.823715
10.0024990000001,105.820534
10.0000000000001,105.819702
9.99749800000001,105.821373
9.97472000000005,105.842743
9.93583100000006,105.884407
9.92404999999997,105.898918
9.91416500000008,105.911087
9.90305299999994,105.924133
9.85999700000013,105.96553
9.80805400000008,106.014977
9.7658330000001,106.05246
9.75944300000003,106.058006
9.74749800000006,106.066071
9.7280540000001,106.078857
9.55833200000006,106.185791
9.52277600000014,106.206093
9.51138899999995,106.210533
9.49166500000013,106.2108
9.36999700000007,106.194962
9.36694099999994,106.194122
9.36249699999996,106.190247
9.35416400000008,106.174683
9.35333100000008,106.171356
9.35360900000001,106.155243
9.35249699999997,106.144127
9.34860800000007,106.128021
9.30416500000013,105.995529
9.25138900000002,105.864433
9.24096099999997,105.843369
9.23416300000008,105.824997
9.1588880000001,105.619141
9.14027600000003,105.561371
9.13277399999998,105.540543
9.12610799999999,105.527206
9.12027499999999,105.520828
9.11249700000002,105.512772
9.05444300000005,105.454437
9.04361000000006,105.444977
9.000832,105.408333
8.99472000000003,105.406372
8.94222100000013,105.390823
8.85499800000008,105.358032
8.83833100000004,105.350807
8.816666,105.339981
8.80555299999992,105.331383
8.77944400000007,105.309418
8.77138700000012,105.301376
8.62888500000003,105.129433
8.62333100000001,105.119141
8.61916400000001,105.107208
8.59277500000007,105.021103
8.55972100000008,104.870819
8.55860900000005,104.863876
8.55888700000014,104.853043
8.585554,104.766937
8.60499800000014,104.742752
8.66194300000001,104.838882
8.69388800000007,104.890823
8.74055300000009,104.921371
8.74610900000005,104.923866
8.75361099999998,104.923599
8.80222099999992,104.916382
8.79777700000011,104.89888
8.79083300000002,104.886108
8.77360900000008,104.846939
8.76999899999998,104.838318
8.7683320000001,104.83194
8.76722100000001,104.824997
8.76749800000005,104.81749
8.773054,104.806931
8.78083199999998,104.802467
8.78916500000008,104.798866
8.79555299999998,104.797211
8.80333100000013,104.797211
9.01333200000005,104.808594
9.26027700000003,104.824158
9.31971900000008,104.828598
9.44499799999994,104.834991
9.53374500000001,104.834717
9.55666500000012,104.83638
9.56694199999993,104.838043
9.69249700000012,104.860527
9.76166499999999,104.8797
9.76722100000001,104.881363
9.79694400000011,104.891663
9.81083100000001,104.898323
9.81555399999996,104.901367
9.81944300000004,104.905533
9.92305399999998,105.032753
9.93138700000009,105.044968
9.93860999999993,105.062469
9.93944200000004,105.065521
9.93944200000004,105.073868
9.93777699999993,105.080261
9.93444299999999,105.084976
9.93222000000009,105.086639
9.90499900000003,105.09552
9.88888700000007,105.099701
9.88194099999998,105.100517
9.86638599999998,105.104973
9.85499800000008,105.10997
9.85305199999999,105.111908
9.85388600000005,105.114143
9.85722000000004,105.114967
9.94527599999992,105.107468
9.98971899999992,105.087479
10.0116649999999,105.073303
10.033888,105.055527
10.1011090000001,104.99025
10.105831,104.983032
10.108332,104.977188
10.109163,104.969971
10.1077750000001,104.963028
10.1011090000001,104.937469
10.0947210000001,104.919693
10.0919420000001,104.910248
10.0913870000001,104.902473
10.0927750000001,104.895523
10.102497,104.881348
10.1349980000001,104.853302
10.1636099999999,104.829422
10.1708320000001,104.824417
10.183609,104.8172
10.19722,104.810791
10.2072200000001,104.804138
10.2108309999999,104.799698
10.214443,104.791351
10.2299980000001,104.745796
10.233887,104.733582
10.2341630000001,104.7258
10.2322200000001,104.719704
10.229164,104.714981
10.203886,104.68718
10.168888,104.610237
10.228054,104.59552
10.2344420000001,104.593857
10.268332,104.583588
10.2730540000001,104.580261
10.388611,104.498016
10.4227389999999,104.445328
10.4227750000001,104.487747
10.4583320000001,104.545242
10.4688869999999,104.551071
10.4752750000001,104.55275
10.4947200000001,104.561081
10.5088880000001,104.571373
10.5316660000001,104.592743
10.533333,104.595253
10.534164,104.598587
10.537498,104.664413
10.536386,104.675247
10.5311850000001,104.701683
10.5284820000001,104.715469
10.5250000000001,104.733032
10.521944,104.770523
10.519999,104.801071
10.520832,104.844971
10.521944,104.856079
10.526388,104.871902
10.534443,104.883873
10.5399990000001,104.890533
10.548332,104.898323
10.5769420000001,104.918297
10.5936090000001,104.929688
10.611942,104.939133
10.6241650000001,104.947456
10.638332,104.961357
10.6505550000001,104.977463
10.656387,104.987747
10.68972,105.051643
10.6972200000001,105.068314
10.707499,105.090263
10.7111090000001,105.094704
10.7158320000001,105.098022
10.7222190000001,105.099701
10.726387,105.099701
10.74222,105.09552
10.750832,105.091919
10.823608,105.061081
10.843887,105.049133
10.8736080000001,105.038567
10.8799970000001,105.037193
10.883888,105.037193
10.8938880000001,105.039139
10.901388,105.043579
10.9069390000001,105.049957
10.9202770000001,105.061081
10.953053,105.096077
10.9555530000001,105.101913
10.9555530000001,105.109131
10.906118,105.191742
10.899443,105.206093
10.8897210000001,105.233856
10.8755530000001,105.300247
10.871664,105.358856
10.8897210000001,105.364967
10.897221,105.369423
10.903887,105.374969
10.9647200000001,105.427193
10.9669420000001,105.432739
10.966665,105.43663
10.9457659999999,105.524292
10.94722,105.527763
10.953053,105.554688
10.959713,105.588531
10.969997,105.635529
10.9911080000001,105.68718
10.9958310000001,105.694687
11.0063880000001,105.708588
11.0119439999999,105.719131
11.0141660000001,105.724983
11.017776,105.737473
11.0208320000001,105.7547
11.022776,105.779137
11.019165,105.783577
10.9166660000001,105.858307
10.8824980000001,105.959976
10.802776,106.082199
10.7705540000001,106.203308
10.870552,106.176643
10.9155540000001,106.145813
10.9233320000001,106.145523
10.9627760000001,106.148033
10.9694420000001,106.149406
10.9744420000001,106.152763
10.976942,106.15802
10.9777760000001,106.165802
10.9749980000001,106.18663
10.970087,106.20903
10.970831,106.21109
10.972775,106.213028
10.9755540000001,106.214417
11.0469440000001,106.192734
11.0530529999999,106.190804
11.0677760000001,106.181351
11.0938870000001,106.159126
11.0938870000001,106.151917
11.089165,106.132187
11.087776,106.129677
11.0841639999999,106.125237
11.0816649999999,106.123581
11.0838870000001,106.104424
11.2024969999999,105.948578
11.220276,105.929962
11.291388,105.871902
11.296944,105.86969
11.30722,105.871078
11.364164,105.883034
11.428886,105.899139
11.4383320000001,105.901642
11.445276,105.900528
11.5388869999999,105.883873
11.545277,105.881912
11.553053,105.877747
11.558609,105.871078
11.5940130000001,105.819077
11.617456,105.816437
11.6599979999999,105.851067
11.663887,105.85524
11.6702770000001,105.869133
11.670553,105.881073
11.669443,105.891922
11.665276,105.904419
11.661388,105.912483
11.653332,105.924683
11.6511100000001,105.926643
11.641943,105.941643
11.6402760000001,105.948303
11.6430549999999,105.961906
11.6447220000001,105.964417
11.6511100000001,105.97052
11.7144430000001,106.012192
11.7266640000001,106.016373
11.7458310000001,106.017197
11.75861,106.020523
11.7641659999999,106.023033
11.7708319999999,106.028313
11.7741659999999,106.03331
11.7763880000001,106.039139
11.777222,106.046356
11.777222,106.054688
11.773888,106.079971
11.7722210000001,106.086357
11.726387,106.260803
11.7227750000001,106.265533
11.71833,106.269417
11.703609,106.278847
11.684443,106.296356
11.680553,106.300247
11.6777760000001,106.305527
11.6777760000001,106.309692
11.6799980000001,106.323593
11.676109,106.417191
11.6658630000001,106.458214
11.709721,106.448303
11.7936100000001,106.437737
11.812777,106.446907
11.821665,106.450256
11.8849979999999,106.461357
11.965351,106.421173
11.9716639999999,106.418854
11.973608,106.420242
11.9819410000001,106.443573
11.9822200000001,106.447189
11.9755540000001,106.622467
11.9741650000001,106.62941
11.972219,106.631638
11.9622190000001,106.637756
11.9613880000001,106.640808
11.9627760000001,106.698578
11.9697190000001,106.719971
11.97583,106.730263
11.9799980000001,106.734131
12,106.747101
12.073462,106.7892
12.0672210000001,106.856934
12.064444,106.897774
12.063887,106.909714
12.0658319999999,106.924149
12.0747200000001,106.955833
12.078886,106.968048
12.0861090000001,106.981369
12.1394420000001,107.052757
12.177776,107.08194
12.215832,107.110809
12.26972,107.1586
12.277777,107.166931
12.2872200000001,107.189972
12.3036099999999,107.238586
12.3227750000001,107.296371
12.3330540000001,107.346367
12.3336090000001,107.350273
12.3319420000001,107.356644
12.328609,107.361649
12.3127770000001,107.378311
12.287777,107.397774
12.253494,107.423393
12.252371,107.430527
12.251944,107.434143
12.253611,107.440811
12.260277,107.450272
12.33861,107.534149
12.3536090000001,107.547493
12.356386,107.548866
12.373608,107.555817
12.554443,107.595261
12.603886,107.593048
12.795832,107.569443
12.8083320000001,107.565811
12.816109,107.561371
12.8230530000001,107.556091
12.8641640000001,107.519707
12.8794419999999,107.510818
12.888887,107.508041
12.9491649999999,107.493042
12.955832,107.491928
13.0205539999999,107.483322
13.3113369999999,107.606461
13.381664,107.636383
13.5333000000001,107.629646
13.542776,107.62886
13.5952760000001,107.588593
13.7943650000001,107.464188
13.841387,107.470261
13.931707,107.473495
14.0027770000001,107.385269
14.0063880000001,107.380814
14.0177760000001,107.371918
14.023054,107.369141
14.113331,107.34166
14.124441,107.34166
14.1308310000001,107.343323
14.1449990000001,107.349716
14.157499,107.357483
14.1719440000001,107.363876
14.2336080000001,107.383614
14.2474980000001,107.385818
14.2833330000001,107.389977
14.295277,107.389977
14.3077750000001,107.386658
14.328331,107.374687
14.3399980000001,107.37442
14.3527760000001,107.378036
14.4202770000001,107.409149
14.429443,107.416092
14.4397200000001,107.430817
14.440275,107.434418
14.438053,107.440811
14.4363860000001,107.443039
14.427221,107.446091
14.4247210000001,107.447746
14.4213870000001,107.452477
14.420553,107.459991
14.4222200000001,107.46666
14.4247210000001,107.472214
14.430832,107.478317
14.438053,107.483597
14.4486079999999,107.489151
14.4822199999999,107.50444
14.5449980000001,107.531372
14.55361,107.534714
14.556942,107.535538
14.651388,107.558319
14.6627770000001,107.558594
14.700275,107.553864
14.703331,107.552757
14.708618,107.5466
14.7244420000001,107.549423
14.8474980000001,107.551651
14.918055,107.541367
14.9197200000001,107.538879
14.9661080000001,107.482758
14.9736080000001,107.478043
14.979998,107.476379
15.0213870000001,107.468323
15.0250000000001,107.467758
15.0358250000001,107.473312
15.044165,107.584152
15.0469440000001,107.589432
15.06222,107.615257
15.0649990000001,107.616379
15.1280540000001,107.640549
15.2052760000001,107.670258
15.22648,107.68158
15.23472,107.684708
15.270832,107.695251
15.2886100000001,107.684708
15.3838880000001,107.596367
15.46833,107.517487
15.5033320000001,107.420258
15.5563870000001,107.361099
15.6477780000001,107.263046
15.7616650000001,107.185532
15.7691649999999,107.180542
15.777777,107.176933
15.784164,107.175537
15.7949980000001,107.174988
15.8044429999999,107.177757
15.8561080000001,107.199707
15.859997,107.203873
15.8636090000001,107.212486
15.865274,107.219437
15.866665,107.226089
15.8669410000001,107.233871
15.866665,107.237762
15.864164,107.243591
15.8558310000001,107.256104
15.856386,107.25972
15.857498,107.262772
15.913887,107.398331
15.923054,107.405548
16.003887,107.463608
16.021111,107.475273
16.0238880000001,107.476379
16.02734,107.475304
16.0786090000001,107.464706
16.0824969999999,107.460541
16.0822180000001,107.453323
16.067497,107.382477
16.0627750000001,107.362488
16.055275,107.341087
16.0569420000001,107.334152
16.160828,107.19165
16.179718,107.169144
16.187775,107.161102
16.2008290000001,107.153053
16.210827,107.151093
16.233086,107.148613
16.263332,107.147217
16.300819,107.093887
16.306385,107.030548
16.3074990000001,107.012497
16.3072200000001,107.008614
16.299721,106.987198
16.3372189999999,106.983871
16.517776,106.895264
16.5302770000001,106.887207
16.5361100000001,106.880539
16.539997,106.872208
16.541107,106.860527
16.53833,106.850807
16.5355530000001,106.845261
16.529163,106.839432
16.5263860000001,106.838043
16.506664,106.829163
16.4730490000001,106.813873
16.4344410000001,106.784714
16.43055,106.780273
16.421383,106.760536
16.419163,106.754707
16.4194409999999,106.750816
16.4397159999999,106.702209
16.4580500000001,106.685532
16.4605520000001,106.683868
16.6422200000001,106.575272
16.671108,106.56192
16.6774940000001,106.560257
16.6899950000001,106.558594
16.882774,106.555252
16.8947180000001,106.555252
16.9380490000001,106.555252
16.9969409999999,106.561096
16.971939,106.530273
16.9655490000001,106.520264
16.9655490000001,106.516663
16.966385,106.513611
16.987495,106.444427
16.991383,106.439972
17.0036090000001,106.436096
17.0113680000001,106.434196
17.06472,106.420532
17.1691630000001,106.34082
17.247494,106.260269
17.2455480000001,106.25
17.2455480000001,106.245529
17.247215,106.238876
17.2616650000001,106.211647
17.304718,106.151382
17.3519400000001,106.095543
17.361664,106.084717
17.406662,106.039146
17.4261050000001,106.021378
17.5291629999999,105.931931
17.5819400000001,105.893883
17.586941,105.890549
17.6186070000001,105.860809
17.6372180000001,105.838043
17.641941,105.830551
17.64444,105.824707
17.653328,105.795532
17.6683270000001,105.756378
17.669994,105.753883
17.6749950000001,105.750549
17.814442,105.681931
17.9875030000001,105.627243
18.048607,105.582207
18.168327,105.50444
18.169716,105.406097
18.1599960000001,105.403587
18.150551,105.396652
18.1499980000001,105.3936
18.1674960000001,105.358597
18.168884,105.356087
18.186108,105.332207
18.1966780000001,105.32193
18.239162,105.326393
18.246384,105.325272
18.255833,105.322487
18.259998,105.318604
18.2616650000001,105.316093
18.2616650000001,105.312759
18.2605550000001,105.309708
18.2552759999999,105.302467
18.246941,105.294434
18.247215,105.291656
18.2505530000001,105.275543
18.254444,105.258614
18.334442,105.183319
18.4311070000001,105.112198
18.438328,105.106934
18.4513850000001,105.103592
18.466938,105.103317
18.473606,105.104431
18.5097200000001,105.113037
18.525555,105.117477
18.5944400000001,105.146378
18.6016619999999,105.151382
18.604443,105.156937
18.609999,105.194138
18.6283300000001,105.196091
18.6424940000001,105.193863
18.647774,105.186653
18.6733280000001,105.146103
18.696663,105.105553
18.720829,105.029984
18.7441600000001,104.935257
18.795277,104.747757
18.797218,104.741364
18.8369410000001,104.672211
18.891941,104.58638
18.9005510000001,104.573318
18.9047160000001,104.569443
18.9147190000001,104.563026
18.9416620000001,104.549149
18.9677730000001,104.534149
18.976662,104.526382
19.1066630000001,104.292213
19.110554,104.283867
19.1130520000001,104.273613
19.1133310000001,104.265549
19.1113240000001,104.220757
19.141663,104.226646
19.1455500000001,104.226646
19.151386,104.224152
19.188049,104.17804
19.1930500000001,104.171097
19.237217,104.069153
19.2399940000001,104.059418
19.2399940000001,104.046654
19.2374950000001,104.015266
19.2366600000001,104.011932
19.2297170000001,104.001938
19.2297170000001,103.998596
19.29361,103.879433
19.3088870000001,103.874977
19.315552,103.876373
19.3199960000001,103.879967
19.388607,103.964706
19.3955500000001,103.978592
19.416939,104.02832
19.419994,104.03804
19.4194410000001,104.046371
19.4174960000001,104.052757
19.478607,104.103867
19.5136110000001,104.10582
19.5316660000001,104.106087
19.556385,104.102478
19.559719,104.101646
19.561943,104.099991
19.565552,104.095261
19.5680540000001,104.07666
19.5694430000001,104.074158
19.5736080000001,104.069717
19.5994420000001,104.050537
19.6202739999999,104.038879
19.665829,104.021652
19.6724050000001,104.021187
19.6929440000001,104.037247
19.694523,104.040413
19.6827740000001,104.058319
19.6672170000001,104.079987
19.6622159999999,104.09137
19.6605530000001,104.098328
19.6594390000001,104.135269
19.659996,104.13916
19.6630520000001,104.14415
19.6680530000001,104.147774
19.6816709999999,104.149994
19.6869390000001,104.157211
19.6880490000001,104.160263
19.7022170000001,104.215271
19.7041630000001,104.225807
19.7044409999999,104.246094
19.67194,104.420822
19.6677740000001,104.424698
19.6461070000001,104.448593
19.64444,104.451103
19.6061060000001,104.516098
19.6047170000001,104.523041
19.605553,104.568878
19.611942,104.640266
19.615551,104.644989
19.62722,104.651382
19.6413840000001,104.653587
19.6544420000001,104.656372
19.6858290000001,104.666656
19.688606,104.667763
19.7066609999999,104.678307
19.7091599999999,104.680267
19.746384,104.713318
19.7494390000001,104.718597
19.749718,104.722763
19.7569430000001,104.770264
19.7833330000001,104.827766
19.7888870000001,104.834717
19.794163,104.837769
19.8377760000001,104.850807
19.8477750000001,104.848602
19.853329,104.8461
19.8619420000001,104.837769
19.864719,104.83194
19.864998,104.823883
19.863884,104.812477
19.861385,104.8022
19.860554,104.794708
19.861385,104.786926
19.864998,104.781662
19.8674960000001,104.779984
19.874165,104.77887
19.8874969999999,104.785812
19.8963850000001,104.793587
19.9388850000001,104.842209
19.9733279999999,104.899429
19.9884070000001,104.962723
20.0000000000001,104.97554
20.0049970000001,104.979156
20.0108300000001,104.981087
20.0983310000001,104.984711
20.181385,104.943588
20.1855510000001,104.934982
20.2230490000001,104.851379
20.2255520000001,104.845261
20.2286070000001,104.831673
20.313053,104.714996
20.337498,104.711113
20.3455510000001,104.70694
20.4138830000001,104.621643
20.4166640000001,104.616089
20.4197160000001,104.602478
20.4186060000001,104.565262
20.416939,104.558319
20.412495,104.550262
20.408886,104.537201
20.406662,104.526382
20.407497,104.514427
20.424164,104.420532
20.4319380000001,104.39888
20.438606,104.388603
20.4447170000001,104.381927
20.4505500000001,104.37915
20.4605520000001,104.381363
20.462494,104.383614
20.5044440000001,104.454437
20.5172200000001,104.516098
20.5902750000001,104.60054
20.6186120000001,104.629974
20.636383,104.641098
20.6511080000001,104.646652
20.6552730000001,104.646652
20.6602750000001,104.6436
20.6636090000001,104.638321
20.6647190000001,104.631088
20.6647190000001,104.618317
20.6655500000001,104.610527
20.6702730000001,104.594147
20.674995,104.582207
20.710827,104.504707
20.7136080000001,104.499153
20.778332,104.409416
20.8344420000001,104.348038
20.844162,104.34082
20.8472180000001,104.339981
20.8544430000001,104.34082
20.861664,104.339981
20.872772,104.334717
20.881386,104.32666
20.8897170000001,104.314148
20.8988840000001,104.298317
20.9288829999999,104.23027
20.9433290000001,104.194427
20.977219,104.109154
20.977219,104.10498
20.9719390000001,104.092484
20.852497,103.856644
20.7844430000001,103.77887
20.737217,103.771378
20.672771,103.7397
20.6699939999999,103.738312
20.668327,103.735809
20.6572190000001,103.693588
20.6572190000001,103.689972
20.659439,103.684143
20.6644400000001,103.680542
20.6791610000001,103.674988
20.6838840000001,103.671654
20.714996,103.640549
20.720829,103.634163
20.7394370000001,103.606934
20.7411040000001,103.603867
20.793888,103.424988
20.802139,103.360207
20.805553,103.335274
20.8302760000001,103.218597
20.8441960000001,103.189087
20.842495,103.183037
20.8427730000001,103.179153
20.843609,103.175812
20.846664,103.170532
20.8866620000001,103.123306
20.8908310000001,103.119141
20.8955500000001,103.11554
20.901386,103.113312
20.9555510000001,103.088043
21.0380520000001,103.046654
21.0538860000001,103.037491
21.156662,102.946091
21.1630520000001,102.940262
21.1661070000001,102.934982
21.1674960000001,102.927757
21.168053,102.914436
21.222496,102.920258
21.2261050000001,102.920532
21.232494,102.918869
21.23444,102.916656
21.2494390000001,102.89415
21.2549970000001,102.883041
21.381939,102.904709
21.4402730000001,102.904984
21.428883,102.878593
21.4299960000001,102.875526
21.4327740000001,102.874977
21.4633290000001,102.88916
21.468884,102.892212
21.5286100000001,102.944427
21.5502740000001,102.963882
21.560829,102.974152
21.5733300000001,102.986366
21.5752749999999,102.988586
21.6069410000001,102.990807
21.707218,102.988876
21.710552,102.988586
21.725826,102.983322
21.739437,102.976089
21.74416,102.972763
21.7480510000001,102.968323
21.7488820000001,102.964996
21.718327,102.861366
21.6741640000001,102.759987
21.6688840000001,102.752777
21.6655500000001,102.743317
21.656105,102.680542
21.65583,102.676651
21.659718,102.672493
21.6624950000001,102.671097
21.7311060000001,102.65387
21.7386050000001,102.654427
21.7605550000001,102.660538
21.7830540000001,102.661926
21.7905539999999,102.661377
21.849998,102.648331
21.856106,102.646103
21.925552,102.607758
21.931385,102.601089
21.9352720000001,102.592484
21.938328,102.578598
21.9405520000001,102.555252
21.9447170000001,102.534149
21.9508289999999,102.51915
21.962215,102.505547
21.971382,102.498032
22.0669399999999,102.448029
22.110828,102.426086
22.1205520000001,102.419434
22.2016600000001,102.31749
22.2086070000001,102.307747
22.2138820000001,102.299988
22.2163850000001,102.294144
22.2169380000001,102.290268
22.2147179999999,102.279709
22.214161,102.272217
22.2177730000001,102.267487
22.242493,102.238312
22.2958300000001,102.187759
22.300552,102.183868
22.3094410000001,102.180267
22.316109,102.178864
22.319996,102.178864
22.332775,102.181931
22.3355520000001,102.180817
22.3811070000001,102.156372
22.3883290000001,102.151093
22.396286,102.140747
22.4233280000001,102.16748
22.491661,102.269707
22.609161,102.388893
22.688328,102.426086
22.739716,102.447746
22.7516630000001,102.451927
22.7594410000001,102.45665
22.7641640000001,102.459991
22.76833,102.464432
22.771385,102.469437
22.7738879999999,102.479713
22.7738879999999,102.484154
22.7730520000001,102.495819
22.770554,102.506104
22.7649990000001,102.521378
22.6841620000001,102.702477
22.60722,102.851929
22.601387,102.862762
22.5977750000001,102.867752
22.59333,102.871643
22.5886080000001,102.875259
22.5830539999999,102.877762
22.563885,102.87886
22.5533290000001,102.880257
22.5502740000001,102.881653
22.4866600000001,102.924988
22.481937,102.928589
22.4802740000001,102.931091
22.4383280000001,103.020538
22.4372180000001,103.023613
22.435551,103.030548
22.4349940000001,103.046944
22.4383280000001,103.060806
22.4433289999999,103.068604
22.5380520000001,103.16304
22.5469440000001,103.170822
22.7905540000001,103.324997
22.7949980000001,103.328873
22.7963870000001,103.33638
22.7961080000001,103.344437
22.79472,103.351929
22.7894400000001,103.367477
22.7802770000001,103.383614
22.771664,103.395828
22.767776,103.400269
22.7274929999999,103.427757
22.719162,103.423866
22.7080500000001,103.423866
22.7011070000001,103.425262
22.6955490000001,103.42804
22.6424940000001,103.45694
22.6358300000001,103.462769
22.610275,103.486923
22.594162,103.503883
22.5888860000001,103.511383
22.584362,103.522423
22.5836070000001,103.531662
22.5844420000001,103.535263
22.590832,103.541092
22.641384,103.582764
22.6441610000001,103.584152
22.651386,103.584991
22.6574970000001,103.583054
22.6736070000001,103.574158
22.688328,103.564148
22.6944390000001,103.562477
22.701385,103.563599
22.70694,103.566673
22.776665,103.612488
22.779999,103.617752
22.7805519999999,103.621094
22.783241,103.652367
22.782497,103.655258
22.651386,103.794144
22.6108280000001,103.823608
22.6047170000001,103.830276
22.577221,103.861099
22.5377770000001,103.909416
22.506386,103.953049
22.499111,103.964432
22.504997,103.978592
22.5222510000001,104.007423
22.524235,104.009743
22.547218,104.016937
22.5502740000001,104.017761
22.553886,104.017212
22.5591620000001,104.01416
22.5677760000001,104.010818
22.5786090000001,104.011932
22.672497,104.029709
22.6852720000001,104.033051
22.693886,104.036377
22.734718,104.056931
22.746384,104.066093
22.792221,104.102478
22.7983320000001,104.109154
22.7997210000001,104.111649
22.802219,104.121918
22.831108,104.247757
22.8319399999999,104.259987
22.829193,104.267227
22.8192980000001,104.261673
22.7897189999999,104.255257
22.770832,104.254173
22.76722,104.25444
22.7377740000001,104.261932
22.733883,104.266388
22.687267,104.358994
22.685829,104.36998
22.689163,104.379433
22.74194,104.461113
22.764721,104.488037
22.7772219999999,104.500549
22.809162,104.539429
22.829998,104.573608
22.8291630000001,104.638603
22.828884,104.645264
22.8249969999999,104.658043
22.8216629999999,104.663307
22.81361,104.671921
22.812496,104.674988
22.8149989999999,104.724152
22.8166660000001,104.731369
22.8183289999999,104.733871
22.82222,104.738312
22.9583280000001,104.854156
22.966663,104.850273
23.0749970000001,104.82666
23.091663,104.823036
23.09972,104.823036
23.103329,104.823608
23.1061060000001,104.824997
23.1802750000001,104.907494
23.304443,105.258041
23.3347210000001,105.353867
23.3252749999999,105.356644
23.3183290000001,105.362198
23.281666,105.398041
23.2797199999999,105.400269
23.183071,105.527397
23.1727710000001,105.541931
23.1647189999999,105.550537
23.160275,105.554428
23.151939,105.558319
23.1347200000001,105.561371
23.1105540000001,105.565262
23.096779,105.565689
23.0802760000001,105.565811
23.0672190000001,105.568878
23.062218,105.57222
23.0602760000001,105.574432
23.0591620000001,105.577477
---
